,0,1,2
0,72.0,77.0,2225.0
1,72.0,77.0,2737.0
2,72.0,77.0,2993.0
3,72.0,77.0,3249.0
4,72.0,77.0,3505.0
5,72.0,77.0,3761.0
6,73.0,77.0,2225.0
7,73.0,77.0,2228.0
8,73.0,77.0,2229.0
9,73.0,77.0,2737.0
10,73.0,77.0,2993.0
11,73.0,77.0,3249.0
12,73.0,77.0,3505.0
13,73.0,77.0,3761.0
14,73.0,78.0,2228.0
15,73.0,78.0,2229.0
16,74.0,76.0,2226.0
17,74.0,76.0,2738.0
18,74.0,76.0,2994.0
19,74.0,76.0,3250.0
20,74.0,76.0,3506.0
21,74.0,76.0,3762.0
22,74.0,77.0,2225.0
23,74.0,77.0,2226.0
24,74.0,77.0,2227.0
25,74.0,77.0,2737.0
26,74.0,77.0,2738.0
27,74.0,77.0,2739.0
28,74.0,77.0,2993.0
29,74.0,77.0,2994.0
30,74.0,77.0,2995.0
31,74.0,77.0,3249.0
32,74.0,77.0,3250.0
33,74.0,77.0,3251.0
34,74.0,77.0,3505.0
35,74.0,77.0,3506.0
36,74.0,77.0,3507.0
37,74.0,77.0,3761.0
38,74.0,77.0,3762.0
39,74.0,77.0,3763.0
40,75.0,98.0,2227.0
41,75.0,98.0,2228.0
42,75.0,98.0,2483.0
43,75.0,98.0,2484.0
44,75.0,98.0,2739.0
45,75.0,98.0,2740.0
46,75.0,98.0,2995.0
47,75.0,98.0,2996.0
48,75.0,98.0,3251.0
49,75.0,98.0,3252.0
50,75.0,98.0,3507.0
51,75.0,98.0,3508.0
52,75.0,98.0,3763.0
53,75.0,98.0,3764.0
54,76.0,80.0,2224.0
55,76.0,80.0,2225.0
56,76.0,80.0,2226.0
57,76.0,97.0,2230.0
58,76.0,97.0,2486.0
59,76.0,97.0,2742.0
60,76.0,97.0,2998.0
61,76.0,97.0,3254.0
62,76.0,97.0,3510.0
63,76.0,97.0,3766.0
64,76.0,98.0,2227.0
65,76.0,98.0,2228.0
66,76.0,98.0,2483.0
67,76.0,98.0,2484.0
68,76.0,98.0,2739.0
69,76.0,98.0,2740.0
70,76.0,98.0,2995.0
71,76.0,98.0,2996.0
72,76.0,98.0,3251.0
73,76.0,98.0,3252.0
74,76.0,98.0,3507.0
75,76.0,98.0,3508.0
76,76.0,98.0,3763.0
77,76.0,98.0,3764.0
78,77.0,49.0,2216.0
79,77.0,49.0,2217.0
80,77.0,80.0,2224.0
81,77.0,80.0,2225.0
82,77.0,80.0,2226.0
83,77.0,97.0,2230.0
84,77.0,97.0,2486.0
85,77.0,97.0,2742.0
86,77.0,97.0,2998.0
87,77.0,97.0,3254.0
88,77.0,97.0,3510.0
89,77.0,97.0,3766.0
90,78.0,73.0,2228.0
91,78.0,73.0,2229.0
92,78.0,73.0,2740.0
93,78.0,73.0,2741.0
94,78.0,73.0,2996.0
95,78.0,73.0,2997.0
96,78.0,73.0,3252.0
97,78.0,73.0,3253.0
98,78.0,73.0,3764.0
99,78.0,73.0,3765.0
100,78.0,78.0,2232.0
101,78.0,78.0,2488.0
102,78.0,78.0,2744.0
103,78.0,78.0,3000.0
104,78.0,78.0,3256.0
105,78.0,78.0,3512.0
106,78.0,78.0,3768.0
107,78.0,79.0,2231.0
108,78.0,79.0,2487.0
109,78.0,79.0,2743.0
110,78.0,79.0,2999.0
111,78.0,79.0,3255.0
112,78.0,79.0,3511.0
113,78.0,79.0,3767.0
114,78.0,80.0,2224.0
115,78.0,80.0,2225.0
116,78.0,80.0,2226.0
117,78.0,90.0,2230.0
118,79.0,55.0,2225.0
119,79.0,55.0,2226.0
120,79.0,63.0,2226.0
121,79.0,63.0,2227.0
122,79.0,63.0,2482.0
123,79.0,63.0,2483.0
124,79.0,63.0,2738.0
125,79.0,63.0,2739.0
126,79.0,63.0,2994.0
127,79.0,63.0,2995.0
128,79.0,63.0,3250.0
129,79.0,63.0,3251.0
130,79.0,63.0,3506.0
131,79.0,63.0,3507.0
132,79.0,63.0,3762.0
133,79.0,63.0,3763.0
134,79.0,73.0,2228.0
135,79.0,73.0,2229.0
136,79.0,73.0,2740.0
137,79.0,73.0,2741.0
138,79.0,73.0,2996.0
139,79.0,73.0,2997.0
140,79.0,73.0,3252.0
141,79.0,73.0,3253.0
142,79.0,73.0,3764.0
143,79.0,73.0,3765.0
144,79.0,74.0,2226.0
145,79.0,74.0,2738.0
146,79.0,74.0,2994.0
147,79.0,74.0,3250.0
148,79.0,74.0,3762.0
149,79.0,78.0,2231.0
150,79.0,78.0,2232.0
151,79.0,78.0,2487.0
152,79.0,78.0,2488.0
153,79.0,78.0,2743.0
154,79.0,78.0,2744.0
155,79.0,78.0,2999.0
156,79.0,78.0,3000.0
157,79.0,78.0,3255.0
158,79.0,78.0,3256.0
159,79.0,78.0,3511.0
160,79.0,78.0,3512.0
161,79.0,78.0,3767.0
162,79.0,78.0,3768.0
163,79.0,79.0,2231.0
164,79.0,79.0,2487.0
165,79.0,79.0,2743.0
166,79.0,79.0,2999.0
167,79.0,79.0,3255.0
168,79.0,79.0,3511.0
169,79.0,79.0,3767.0
170,80.0,63.0,2225.0
171,80.0,63.0,2226.0
172,80.0,63.0,2227.0
173,80.0,63.0,2481.0
174,80.0,63.0,2482.0
175,80.0,63.0,2483.0
176,80.0,63.0,2737.0
177,80.0,63.0,2738.0
178,80.0,63.0,2739.0
179,80.0,63.0,2993.0
180,80.0,63.0,2994.0
181,80.0,63.0,2995.0
182,80.0,63.0,3249.0
183,80.0,63.0,3250.0
184,80.0,63.0,3251.0
185,80.0,63.0,3505.0
186,80.0,63.0,3506.0
187,80.0,63.0,3507.0
188,80.0,63.0,3761.0
189,80.0,63.0,3762.0
190,80.0,63.0,3763.0
191,80.0,69.0,2232.0
192,80.0,69.0,2488.0
193,80.0,69.0,2744.0
194,80.0,69.0,3000.0
195,80.0,69.0,3256.0
196,80.0,69.0,3512.0
197,80.0,69.0,3768.0
198,80.0,73.0,2228.0
199,80.0,73.0,2229.0
200,80.0,73.0,2740.0
201,80.0,73.0,2741.0
202,80.0,73.0,2996.0
203,80.0,73.0,2997.0
204,80.0,73.0,3252.0
205,80.0,73.0,3253.0
206,80.0,73.0,3764.0
207,80.0,73.0,3765.0
208,80.0,78.0,2231.0
209,80.0,78.0,2232.0
210,80.0,78.0,2487.0
211,80.0,78.0,2488.0
212,80.0,78.0,2743.0
213,80.0,78.0,2744.0
214,80.0,78.0,2999.0
215,80.0,78.0,3000.0
216,80.0,78.0,3255.0
217,80.0,78.0,3256.0
218,80.0,78.0,3511.0
219,80.0,78.0,3512.0
220,80.0,78.0,3767.0
221,80.0,78.0,3768.0
222,80.0,79.0,2229.0
223,80.0,79.0,2230.0
224,80.0,79.0,2231.0
225,80.0,79.0,2485.0
226,80.0,79.0,2486.0
227,80.0,79.0,2487.0
228,80.0,79.0,2741.0
229,80.0,79.0,2742.0
230,80.0,79.0,2743.0
231,80.0,79.0,2997.0
232,80.0,79.0,2998.0
233,80.0,79.0,2999.0
234,80.0,79.0,3253.0
235,80.0,79.0,3254.0
236,80.0,79.0,3255.0
237,80.0,79.0,3509.0
238,80.0,79.0,3510.0
239,80.0,79.0,3511.0
240,80.0,79.0,3765.0
241,80.0,79.0,3766.0
242,80.0,79.0,3767.0
243,80.0,88.0,2228.0
244,80.0,88.0,2229.0
245,80.0,88.0,2230.0
246,80.0,88.0,2484.0
247,80.0,88.0,2485.0
248,80.0,88.0,2486.0
249,80.0,88.0,2740.0
250,80.0,88.0,2741.0
251,80.0,88.0,2742.0
252,80.0,88.0,2996.0
253,80.0,88.0,2997.0
254,80.0,88.0,2998.0
255,80.0,88.0,3252.0
256,80.0,88.0,3253.0
257,80.0,88.0,3254.0
258,80.0,88.0,3508.0
259,80.0,88.0,3509.0
260,80.0,88.0,3510.0
261,80.0,88.0,3764.0
262,80.0,88.0,3765.0
263,80.0,88.0,3766.0
264,80.0,89.0,2227.0
265,80.0,89.0,2228.0
266,80.0,89.0,2483.0
267,80.0,89.0,2484.0
268,80.0,89.0,2739.0
269,80.0,89.0,2740.0
270,80.0,89.0,2995.0
271,80.0,89.0,2996.0
272,80.0,89.0,3251.0
273,80.0,89.0,3252.0
274,80.0,89.0,3507.0
275,80.0,89.0,3508.0
276,80.0,89.0,3763.0
277,80.0,89.0,3764.0
278,81.0,55.0,2227.0
279,81.0,56.0,2226.0
280,81.0,63.0,2225.0
281,81.0,63.0,2226.0
282,81.0,63.0,2227.0
283,81.0,63.0,2481.0
284,81.0,63.0,2482.0
285,81.0,63.0,2483.0
286,81.0,63.0,2737.0
287,81.0,63.0,2738.0
288,81.0,63.0,2739.0
289,81.0,63.0,2993.0
290,81.0,63.0,2994.0
291,81.0,63.0,2995.0
292,81.0,63.0,3249.0
293,81.0,63.0,3250.0
294,81.0,63.0,3251.0
295,81.0,63.0,3505.0
296,81.0,63.0,3506.0
297,81.0,63.0,3507.0
298,81.0,63.0,3761.0
299,81.0,63.0,3762.0
300,81.0,63.0,3763.0
301,81.0,64.0,2223.0
302,81.0,64.0,2224.0
303,81.0,64.0,2479.0
304,81.0,64.0,2480.0
305,81.0,64.0,2735.0
306,81.0,64.0,2736.0
307,81.0,64.0,2991.0
308,81.0,64.0,2992.0
309,81.0,64.0,3247.0
310,81.0,64.0,3248.0
311,81.0,64.0,3503.0
312,81.0,64.0,3504.0
313,81.0,64.0,3759.0
314,81.0,64.0,3760.0
315,81.0,69.0,2232.0
316,81.0,69.0,2488.0
317,81.0,69.0,2744.0
318,81.0,69.0,3000.0
319,81.0,69.0,3256.0
320,81.0,69.0,3512.0
321,81.0,69.0,3768.0
322,81.0,78.0,2231.0
323,81.0,78.0,2232.0
324,81.0,78.0,2487.0
325,81.0,78.0,2488.0
326,81.0,78.0,2743.0
327,81.0,78.0,2744.0
328,81.0,78.0,2999.0
329,81.0,78.0,3000.0
330,81.0,78.0,3255.0
331,81.0,78.0,3256.0
332,81.0,78.0,3511.0
333,81.0,78.0,3512.0
334,81.0,78.0,3767.0
335,81.0,78.0,3768.0
336,81.0,79.0,2231.0
337,81.0,79.0,2487.0
338,81.0,79.0,2743.0
339,81.0,79.0,2999.0
340,81.0,79.0,3255.0
341,81.0,79.0,3511.0
342,81.0,79.0,3767.0
343,81.0,80.0,2226.0
344,81.0,81.0,2225.0
345,81.0,88.0,2227.0
346,81.0,88.0,2229.0
347,81.0,88.0,2230.0
348,81.0,88.0,2485.0
349,81.0,88.0,2486.0
350,81.0,88.0,2741.0
351,81.0,88.0,2742.0
352,81.0,88.0,2997.0
353,81.0,88.0,2998.0
354,81.0,88.0,3253.0
355,81.0,88.0,3254.0
356,81.0,88.0,3509.0
357,81.0,88.0,3510.0
358,81.0,88.0,3765.0
359,81.0,88.0,3766.0
360,81.0,100.0,2223.0
361,81.0,100.0,2224.0
362,82.0,63.0,2225.0
363,82.0,63.0,2226.0
364,82.0,63.0,2227.0
365,82.0,63.0,2481.0
366,82.0,63.0,2482.0
367,82.0,63.0,2483.0
368,82.0,63.0,2737.0
369,82.0,63.0,2738.0
370,82.0,63.0,2739.0
371,82.0,63.0,2993.0
372,82.0,63.0,2994.0
373,82.0,63.0,2995.0
374,82.0,63.0,3249.0
375,82.0,63.0,3250.0
376,82.0,63.0,3251.0
377,82.0,63.0,3505.0
378,82.0,63.0,3506.0
379,82.0,63.0,3507.0
380,82.0,63.0,3761.0
381,82.0,63.0,3762.0
382,82.0,63.0,3763.0
383,82.0,68.0,2237.0
384,82.0,68.0,2238.0
385,82.0,68.0,2493.0
386,82.0,68.0,2494.0
387,82.0,68.0,2749.0
388,82.0,68.0,2750.0
389,82.0,68.0,3005.0
390,82.0,68.0,3006.0
391,82.0,68.0,3261.0
392,82.0,68.0,3262.0
393,82.0,68.0,3517.0
394,82.0,68.0,3518.0
395,82.0,68.0,3773.0
396,82.0,68.0,3774.0
397,82.0,69.0,2232.0
398,82.0,69.0,2488.0
399,82.0,69.0,2744.0
400,82.0,69.0,3000.0
401,82.0,69.0,3256.0
402,82.0,69.0,3512.0
403,82.0,69.0,3768.0
404,82.0,70.0,2231.0
405,82.0,70.0,2232.0
406,82.0,70.0,2233.0
407,82.0,70.0,2487.0
408,82.0,70.0,2488.0
409,82.0,70.0,2489.0
410,82.0,70.0,2743.0
411,82.0,70.0,2744.0
412,82.0,70.0,2745.0
413,82.0,70.0,2999.0
414,82.0,70.0,3000.0
415,82.0,70.0,3001.0
416,82.0,70.0,3255.0
417,82.0,70.0,3256.0
418,82.0,70.0,3257.0
419,82.0,70.0,3511.0
420,82.0,70.0,3512.0
421,82.0,70.0,3513.0
422,82.0,70.0,3767.0
423,82.0,70.0,3768.0
424,82.0,70.0,3769.0
425,82.0,77.0,2230.0
426,82.0,77.0,2231.0
427,82.0,77.0,2486.0
428,82.0,77.0,2487.0
429,82.0,77.0,2742.0
430,82.0,77.0,2743.0
431,82.0,77.0,2998.0
432,82.0,77.0,2999.0
433,82.0,77.0,3254.0
434,82.0,77.0,3255.0
435,82.0,77.0,3510.0
436,82.0,77.0,3511.0
437,82.0,77.0,3766.0
438,82.0,77.0,3767.0
439,82.0,78.0,2230.0
440,82.0,78.0,2231.0
441,82.0,78.0,2232.0
442,82.0,78.0,2486.0
443,82.0,78.0,2487.0
444,82.0,78.0,2488.0
445,82.0,78.0,2742.0
446,82.0,78.0,2743.0
447,82.0,78.0,2744.0
448,82.0,78.0,2998.0
449,82.0,78.0,2999.0
450,82.0,78.0,3000.0
451,82.0,78.0,3254.0
452,82.0,78.0,3255.0
453,82.0,78.0,3256.0
454,82.0,78.0,3510.0
455,82.0,78.0,3511.0
456,82.0,78.0,3512.0
457,82.0,78.0,3766.0
458,82.0,78.0,3767.0
459,82.0,78.0,3768.0
460,82.0,80.0,2226.0
461,82.0,81.0,2225.0
462,82.0,83.0,2223.0
463,82.0,83.0,2224.0
464,82.0,88.0,2228.0
465,82.0,88.0,2229.0
466,82.0,88.0,2230.0
467,82.0,88.0,2484.0
468,82.0,88.0,2485.0
469,82.0,88.0,2486.0
470,82.0,88.0,2740.0
471,82.0,88.0,2741.0
472,82.0,88.0,2742.0
473,82.0,88.0,2996.0
474,82.0,88.0,2997.0
475,82.0,88.0,2998.0
476,82.0,88.0,3252.0
477,82.0,88.0,3253.0
478,82.0,88.0,3254.0
479,82.0,88.0,3508.0
480,82.0,88.0,3509.0
481,82.0,88.0,3510.0
482,82.0,88.0,3764.0
483,82.0,88.0,3765.0
484,82.0,88.0,3766.0
485,82.0,100.0,2224.0
486,83.0,63.0,2225.0
487,83.0,63.0,2226.0
488,83.0,63.0,2227.0
489,83.0,63.0,2481.0
490,83.0,63.0,2482.0
491,83.0,63.0,2483.0
492,83.0,63.0,2737.0
493,83.0,63.0,2738.0
494,83.0,63.0,2739.0
495,83.0,63.0,2993.0
496,83.0,63.0,2994.0
497,83.0,63.0,2995.0
498,83.0,63.0,3249.0
499,83.0,63.0,3250.0
500,83.0,63.0,3251.0
501,83.0,63.0,3505.0
502,83.0,63.0,3506.0
503,83.0,63.0,3507.0
504,83.0,63.0,3761.0
505,83.0,63.0,3762.0
506,83.0,63.0,3763.0
507,83.0,67.0,2237.0
508,83.0,67.0,2238.0
509,83.0,67.0,2493.0
510,83.0,67.0,2494.0
511,83.0,67.0,2749.0
512,83.0,67.0,2750.0
513,83.0,67.0,3005.0
514,83.0,67.0,3006.0
515,83.0,67.0,3261.0
516,83.0,67.0,3262.0
517,83.0,67.0,3517.0
518,83.0,67.0,3518.0
519,83.0,67.0,3773.0
520,83.0,67.0,3774.0
521,83.0,68.0,2237.0
522,83.0,68.0,2238.0
523,83.0,68.0,2493.0
524,83.0,68.0,2494.0
525,83.0,68.0,2749.0
526,83.0,68.0,2750.0
527,83.0,68.0,3005.0
528,83.0,68.0,3006.0
529,83.0,68.0,3261.0
530,83.0,68.0,3262.0
531,83.0,68.0,3517.0
532,83.0,68.0,3518.0
533,83.0,68.0,3773.0
534,83.0,68.0,3774.0
535,83.0,69.0,2232.0
536,83.0,69.0,2235.0
537,83.0,69.0,2488.0
538,83.0,69.0,2491.0
539,83.0,69.0,2744.0
540,83.0,69.0,2747.0
541,83.0,69.0,3000.0
542,83.0,69.0,3003.0
543,83.0,69.0,3256.0
544,83.0,69.0,3259.0
545,83.0,69.0,3512.0
546,83.0,69.0,3515.0
547,83.0,69.0,3768.0
548,83.0,69.0,3771.0
549,83.0,70.0,2229.0
550,83.0,70.0,2230.0
551,83.0,70.0,2485.0
552,83.0,70.0,2486.0
553,83.0,70.0,2741.0
554,83.0,70.0,2742.0
555,83.0,70.0,2997.0
556,83.0,70.0,2998.0
557,83.0,70.0,3253.0
558,83.0,70.0,3254.0
559,83.0,70.0,3509.0
560,83.0,70.0,3510.0
561,83.0,70.0,3765.0
562,83.0,70.0,3766.0
563,83.0,77.0,2230.0
564,83.0,77.0,2231.0
565,83.0,77.0,2486.0
566,83.0,77.0,2487.0
567,83.0,77.0,2742.0
568,83.0,77.0,2743.0
569,83.0,77.0,2998.0
570,83.0,77.0,2999.0
571,83.0,77.0,3254.0
572,83.0,77.0,3255.0
573,83.0,77.0,3510.0
574,83.0,77.0,3511.0
575,83.0,77.0,3766.0
576,83.0,77.0,3767.0
577,83.0,78.0,2228.0
578,83.0,78.0,2229.0
579,83.0,78.0,2230.0
580,83.0,78.0,2231.0
581,83.0,78.0,2484.0
582,83.0,78.0,2485.0
583,83.0,78.0,2486.0
584,83.0,78.0,2487.0
585,83.0,78.0,2740.0
586,83.0,78.0,2741.0
587,83.0,78.0,2742.0
588,83.0,78.0,2743.0
589,83.0,78.0,2996.0
590,83.0,78.0,2997.0
591,83.0,78.0,2998.0
592,83.0,78.0,2999.0
593,83.0,78.0,3252.0
594,83.0,78.0,3253.0
595,83.0,78.0,3254.0
596,83.0,78.0,3255.0
597,83.0,78.0,3508.0
598,83.0,78.0,3509.0
599,83.0,78.0,3510.0
600,83.0,78.0,3511.0
601,83.0,78.0,3764.0
602,83.0,78.0,3765.0
603,83.0,78.0,3766.0
604,83.0,78.0,3767.0
605,83.0,82.0,2225.0
606,83.0,82.0,2226.0
607,83.0,82.0,2227.0
608,83.0,83.0,2227.0
609,83.0,87.0,2228.0
610,83.0,87.0,2229.0
611,83.0,87.0,2230.0
612,83.0,87.0,2231.0
613,83.0,87.0,2484.0
614,83.0,87.0,2485.0
615,83.0,87.0,2486.0
616,83.0,87.0,2487.0
617,83.0,87.0,2740.0
618,83.0,87.0,2741.0
619,83.0,87.0,2742.0
620,83.0,87.0,2743.0
621,83.0,87.0,2996.0
622,83.0,87.0,2997.0
623,83.0,87.0,2998.0
624,83.0,87.0,2999.0
625,83.0,87.0,3252.0
626,83.0,87.0,3253.0
627,83.0,87.0,3254.0
628,83.0,87.0,3255.0
629,83.0,87.0,3508.0
630,83.0,87.0,3509.0
631,83.0,87.0,3510.0
632,83.0,87.0,3511.0
633,83.0,87.0,3764.0
634,83.0,87.0,3765.0
635,83.0,87.0,3766.0
636,83.0,87.0,3767.0
637,83.0,88.0,2228.0
638,83.0,88.0,2229.0
639,83.0,88.0,2230.0
640,83.0,88.0,2484.0
641,83.0,88.0,2485.0
642,83.0,88.0,2486.0
643,83.0,88.0,2740.0
644,83.0,88.0,2741.0
645,83.0,88.0,2742.0
646,83.0,88.0,2996.0
647,83.0,88.0,2997.0
648,83.0,88.0,2998.0
649,83.0,88.0,3252.0
650,83.0,88.0,3253.0
651,83.0,88.0,3254.0
652,83.0,88.0,3508.0
653,83.0,88.0,3509.0
654,83.0,88.0,3510.0
655,83.0,88.0,3764.0
656,83.0,88.0,3765.0
657,83.0,88.0,3766.0
658,83.0,98.0,2227.0
659,83.0,100.0,2226.0
660,83.0,104.0,2227.0
661,83.0,104.0,2483.0
662,83.0,104.0,2739.0
663,83.0,104.0,2995.0
664,83.0,104.0,3251.0
665,83.0,104.0,3507.0
666,83.0,104.0,3763.0
667,83.0,105.0,2225.0
668,83.0,105.0,2226.0
669,83.0,105.0,2227.0
670,83.0,105.0,2481.0
671,83.0,105.0,2482.0
672,83.0,105.0,2483.0
673,83.0,105.0,2737.0
674,83.0,105.0,2738.0
675,83.0,105.0,2739.0
676,83.0,105.0,2993.0
677,83.0,105.0,2994.0
678,83.0,105.0,2995.0
679,83.0,105.0,3249.0
680,83.0,105.0,3250.0
681,83.0,105.0,3251.0
682,83.0,105.0,3505.0
683,83.0,105.0,3506.0
684,83.0,105.0,3507.0
685,83.0,105.0,3761.0
686,83.0,105.0,3762.0
687,83.0,105.0,3763.0
688,84.0,43.0,2205.0
689,84.0,43.0,2206.0
690,84.0,43.0,2717.0
691,84.0,43.0,2718.0
692,84.0,43.0,2973.0
693,84.0,43.0,2974.0
694,84.0,43.0,3229.0
695,84.0,43.0,3230.0
696,84.0,43.0,3485.0
697,84.0,43.0,3486.0
698,84.0,43.0,3741.0
699,84.0,43.0,3742.0
700,84.0,48.0,2212.0
701,84.0,48.0,2213.0
702,84.0,48.0,2468.0
703,84.0,48.0,2469.0
704,84.0,48.0,2724.0
705,84.0,48.0,2725.0
706,84.0,48.0,2980.0
707,84.0,48.0,2981.0
708,84.0,48.0,3236.0
709,84.0,48.0,3237.0
710,84.0,48.0,3492.0
711,84.0,48.0,3493.0
712,84.0,48.0,3748.0
713,84.0,48.0,3749.0
714,84.0,55.0,2219.0
715,84.0,62.0,2226.0
716,84.0,62.0,2482.0
717,84.0,62.0,2738.0
718,84.0,62.0,2994.0
719,84.0,62.0,3250.0
720,84.0,62.0,3506.0
721,84.0,62.0,3762.0
722,84.0,63.0,2225.0
723,84.0,63.0,2226.0
724,84.0,63.0,2481.0
725,84.0,63.0,2482.0
726,84.0,63.0,2737.0
727,84.0,63.0,2738.0
728,84.0,63.0,2993.0
729,84.0,63.0,2994.0
730,84.0,63.0,3249.0
731,84.0,63.0,3250.0
732,84.0,63.0,3505.0
733,84.0,63.0,3506.0
734,84.0,63.0,3761.0
735,84.0,63.0,3762.0
736,84.0,67.0,2237.0
737,84.0,67.0,2238.0
738,84.0,67.0,2493.0
739,84.0,67.0,2494.0
740,84.0,67.0,2749.0
741,84.0,67.0,2750.0
742,84.0,67.0,3005.0
743,84.0,67.0,3006.0
744,84.0,67.0,3261.0
745,84.0,67.0,3262.0
746,84.0,67.0,3517.0
747,84.0,67.0,3518.0
748,84.0,67.0,3773.0
749,84.0,67.0,3774.0
750,84.0,68.0,2237.0
751,84.0,68.0,2238.0
752,84.0,68.0,2493.0
753,84.0,68.0,2494.0
754,84.0,68.0,2749.0
755,84.0,68.0,2750.0
756,84.0,68.0,3005.0
757,84.0,68.0,3006.0
758,84.0,68.0,3261.0
759,84.0,68.0,3262.0
760,84.0,68.0,3517.0
761,84.0,68.0,3518.0
762,84.0,68.0,3773.0
763,84.0,68.0,3774.0
764,84.0,69.0,2232.0
765,84.0,69.0,2235.0
766,84.0,69.0,2488.0
767,84.0,69.0,2491.0
768,84.0,69.0,2744.0
769,84.0,69.0,2747.0
770,84.0,69.0,3000.0
771,84.0,69.0,3003.0
772,84.0,69.0,3256.0
773,84.0,69.0,3259.0
774,84.0,69.0,3512.0
775,84.0,69.0,3515.0
776,84.0,69.0,3768.0
777,84.0,69.0,3771.0
778,84.0,77.0,2230.0
779,84.0,77.0,2231.0
780,84.0,77.0,2486.0
781,84.0,77.0,2487.0
782,84.0,77.0,2742.0
783,84.0,77.0,2743.0
784,84.0,77.0,2998.0
785,84.0,77.0,2999.0
786,84.0,77.0,3254.0
787,84.0,77.0,3255.0
788,84.0,77.0,3510.0
789,84.0,77.0,3511.0
790,84.0,77.0,3766.0
791,84.0,77.0,3767.0
792,84.0,78.0,2230.0
793,84.0,78.0,2231.0
794,84.0,78.0,2486.0
795,84.0,78.0,2487.0
796,84.0,78.0,2742.0
797,84.0,78.0,2743.0
798,84.0,78.0,2998.0
799,84.0,78.0,2999.0
800,84.0,78.0,3254.0
801,84.0,78.0,3255.0
802,84.0,78.0,3510.0
803,84.0,78.0,3511.0
804,84.0,78.0,3766.0
805,84.0,78.0,3767.0
806,84.0,82.0,2227.0
807,84.0,83.0,2226.0
808,84.0,83.0,2227.0
809,84.0,87.0,2230.0
810,84.0,87.0,2231.0
811,84.0,87.0,2486.0
812,84.0,87.0,2487.0
813,84.0,87.0,2742.0
814,84.0,87.0,2743.0
815,84.0,87.0,2998.0
816,84.0,87.0,2999.0
817,84.0,87.0,3254.0
818,84.0,87.0,3255.0
819,84.0,87.0,3510.0
820,84.0,87.0,3511.0
821,84.0,87.0,3766.0
822,84.0,87.0,3767.0
823,84.0,88.0,2228.0
824,84.0,88.0,2484.0
825,84.0,88.0,2740.0
826,84.0,88.0,2996.0
827,84.0,88.0,3252.0
828,84.0,88.0,3508.0
829,84.0,88.0,3764.0
830,84.0,89.0,2226.0
831,84.0,89.0,2227.0
832,84.0,89.0,2228.0
833,84.0,90.0,2234.0
834,84.0,98.0,2227.0
835,84.0,98.0,2228.0
836,84.0,99.0,2227.0
837,84.0,101.0,2225.0
838,84.0,101.0,2226.0
839,84.0,104.0,2227.0
840,84.0,104.0,2228.0
841,84.0,104.0,2483.0
842,84.0,104.0,2484.0
843,84.0,104.0,2739.0
844,84.0,104.0,2740.0
845,84.0,104.0,2995.0
846,84.0,104.0,2996.0
847,84.0,104.0,3251.0
848,84.0,104.0,3252.0
849,84.0,104.0,3507.0
850,84.0,104.0,3508.0
851,84.0,104.0,3763.0
852,84.0,104.0,3764.0
853,84.0,105.0,2225.0
854,84.0,105.0,2226.0
855,84.0,105.0,2227.0
856,84.0,105.0,2481.0
857,84.0,105.0,2482.0
858,84.0,105.0,2483.0
859,84.0,105.0,2737.0
860,84.0,105.0,2738.0
861,84.0,105.0,2739.0
862,84.0,105.0,2993.0
863,84.0,105.0,2994.0
864,84.0,105.0,2995.0
865,84.0,105.0,3249.0
866,84.0,105.0,3250.0
867,84.0,105.0,3251.0
868,84.0,105.0,3505.0
869,84.0,105.0,3506.0
870,84.0,105.0,3507.0
871,84.0,105.0,3761.0
872,84.0,105.0,3762.0
873,84.0,105.0,3763.0
874,84.0,108.0,2227.0
875,84.0,108.0,2228.0
876,85.0,43.0,2205.0
877,85.0,43.0,2206.0
878,85.0,43.0,2717.0
879,85.0,43.0,2718.0
880,85.0,43.0,2973.0
881,85.0,43.0,2974.0
882,85.0,43.0,3229.0
883,85.0,43.0,3230.0
884,85.0,43.0,3485.0
885,85.0,43.0,3486.0
886,85.0,43.0,3741.0
887,85.0,43.0,3742.0
888,85.0,46.0,2216.0
889,85.0,46.0,2472.0
890,85.0,46.0,2728.0
891,85.0,46.0,2984.0
892,85.0,46.0,3240.0
893,85.0,46.0,3496.0
894,85.0,46.0,3752.0
895,85.0,48.0,2212.0
896,85.0,48.0,2213.0
897,85.0,48.0,2214.0
898,85.0,48.0,2468.0
899,85.0,48.0,2469.0
900,85.0,48.0,2470.0
901,85.0,48.0,2724.0
902,85.0,48.0,2725.0
903,85.0,48.0,2726.0
904,85.0,48.0,2980.0
905,85.0,48.0,2981.0
906,85.0,48.0,2982.0
907,85.0,48.0,3236.0
908,85.0,48.0,3237.0
909,85.0,48.0,3238.0
910,85.0,48.0,3492.0
911,85.0,48.0,3493.0
912,85.0,48.0,3494.0
913,85.0,48.0,3748.0
914,85.0,48.0,3749.0
915,85.0,48.0,3750.0
916,85.0,55.0,2219.0
917,85.0,60.0,2198.0
918,85.0,61.0,2197.0
919,85.0,62.0,2226.0
920,85.0,62.0,2482.0
921,85.0,62.0,2738.0
922,85.0,62.0,2994.0
923,85.0,62.0,3250.0
924,85.0,62.0,3506.0
925,85.0,62.0,3762.0
926,85.0,63.0,2225.0
927,85.0,63.0,2226.0
928,85.0,63.0,2481.0
929,85.0,63.0,2482.0
930,85.0,63.0,2737.0
931,85.0,63.0,2738.0
932,85.0,63.0,2993.0
933,85.0,63.0,2994.0
934,85.0,63.0,3249.0
935,85.0,63.0,3250.0
936,85.0,63.0,3505.0
937,85.0,63.0,3506.0
938,85.0,63.0,3761.0
939,85.0,63.0,3762.0
940,85.0,67.0,2237.0
941,85.0,67.0,2238.0
942,85.0,67.0,2493.0
943,85.0,67.0,2494.0
944,85.0,67.0,2749.0
945,85.0,67.0,2750.0
946,85.0,67.0,3005.0
947,85.0,67.0,3006.0
948,85.0,67.0,3261.0
949,85.0,67.0,3262.0
950,85.0,67.0,3517.0
951,85.0,67.0,3518.0
952,85.0,67.0,3773.0
953,85.0,67.0,3774.0
954,85.0,68.0,2234.0
955,85.0,68.0,2237.0
956,85.0,68.0,2238.0
957,85.0,68.0,2490.0
958,85.0,68.0,2493.0
959,85.0,68.0,2494.0
960,85.0,68.0,2746.0
961,85.0,68.0,2749.0
962,85.0,68.0,2750.0
963,85.0,68.0,3002.0
964,85.0,68.0,3005.0
965,85.0,68.0,3006.0
966,85.0,68.0,3258.0
967,85.0,68.0,3261.0
968,85.0,68.0,3262.0
969,85.0,68.0,3514.0
970,85.0,68.0,3517.0
971,85.0,68.0,3518.0
972,85.0,68.0,3770.0
973,85.0,68.0,3773.0
974,85.0,68.0,3774.0
975,85.0,69.0,2232.0
976,85.0,69.0,2233.0
977,85.0,69.0,2488.0
978,85.0,69.0,2489.0
979,85.0,69.0,2744.0
980,85.0,69.0,2745.0
981,85.0,69.0,3000.0
982,85.0,69.0,3001.0
983,85.0,69.0,3256.0
984,85.0,69.0,3257.0
985,85.0,69.0,3512.0
986,85.0,69.0,3513.0
987,85.0,69.0,3768.0
988,85.0,69.0,3769.0
989,85.0,70.0,2229.0
990,85.0,70.0,2230.0
991,85.0,70.0,2231.0
992,85.0,70.0,2232.0
993,85.0,70.0,2485.0
994,85.0,70.0,2486.0
995,85.0,70.0,2487.0
996,85.0,70.0,2488.0
997,85.0,70.0,2741.0
998,85.0,70.0,2742.0
999,85.0,70.0,2743.0
1000,85.0,70.0,2744.0
1001,85.0,70.0,2997.0
1002,85.0,70.0,2998.0
1003,85.0,70.0,2999.0
1004,85.0,70.0,3000.0
1005,85.0,70.0,3253.0
1006,85.0,70.0,3254.0
1007,85.0,70.0,3255.0
1008,85.0,70.0,3256.0
1009,85.0,70.0,3509.0
1010,85.0,70.0,3510.0
1011,85.0,70.0,3511.0
1012,85.0,70.0,3512.0
1013,85.0,70.0,3765.0
1014,85.0,70.0,3766.0
1015,85.0,70.0,3767.0
1016,85.0,70.0,3768.0
1017,85.0,83.0,2226.0
1018,85.0,83.0,2227.0
1019,85.0,86.0,2230.0
1020,85.0,86.0,2231.0
1021,85.0,86.0,2486.0
1022,85.0,86.0,2487.0
1023,85.0,86.0,2742.0
1024,85.0,86.0,2743.0
1025,85.0,86.0,2998.0
1026,85.0,86.0,2999.0
1027,85.0,86.0,3254.0
1028,85.0,86.0,3255.0
1029,85.0,86.0,3510.0
1030,85.0,86.0,3511.0
1031,85.0,86.0,3766.0
1032,85.0,86.0,3767.0
1033,85.0,87.0,2228.0
1034,85.0,87.0,2229.0
1035,85.0,87.0,2230.0
1036,85.0,87.0,2231.0
1037,85.0,87.0,2484.0
1038,85.0,87.0,2485.0
1039,85.0,87.0,2486.0
1040,85.0,87.0,2487.0
1041,85.0,87.0,2740.0
1042,85.0,87.0,2741.0
1043,85.0,87.0,2742.0
1044,85.0,87.0,2743.0
1045,85.0,87.0,2996.0
1046,85.0,87.0,2997.0
1047,85.0,87.0,2998.0
1048,85.0,87.0,2999.0
1049,85.0,87.0,3252.0
1050,85.0,87.0,3253.0
1051,85.0,87.0,3254.0
1052,85.0,87.0,3255.0
1053,85.0,87.0,3508.0
1054,85.0,87.0,3509.0
1055,85.0,87.0,3510.0
1056,85.0,87.0,3511.0
1057,85.0,87.0,3764.0
1058,85.0,87.0,3765.0
1059,85.0,87.0,3766.0
1060,85.0,87.0,3767.0
1061,85.0,89.0,2226.0
1062,85.0,89.0,2227.0
1063,85.0,89.0,2228.0
1064,85.0,91.0,2232.0
1065,85.0,91.0,2233.0
1066,85.0,91.0,2234.0
1067,85.0,100.0,2228.0
1068,85.0,100.0,2229.0
1069,85.0,101.0,2228.0
1070,85.0,101.0,2229.0
1071,85.0,103.0,2234.0
1072,85.0,103.0,2235.0
1073,85.0,104.0,2228.0
1074,85.0,104.0,2484.0
1075,85.0,104.0,2740.0
1076,85.0,104.0,2996.0
1077,85.0,104.0,3252.0
1078,85.0,104.0,3508.0
1079,85.0,104.0,3764.0
1080,85.0,105.0,2227.0
1081,85.0,105.0,2483.0
1082,85.0,105.0,2739.0
1083,85.0,105.0,2995.0
1084,85.0,105.0,3251.0
1085,85.0,105.0,3507.0
1086,85.0,105.0,3763.0
1087,86.0,27.0,2203.0
1088,86.0,43.0,2205.0
1089,86.0,43.0,2206.0
1090,86.0,43.0,2717.0
1091,86.0,43.0,2718.0
1092,86.0,43.0,2973.0
1093,86.0,43.0,2974.0
1094,86.0,43.0,3229.0
1095,86.0,43.0,3230.0
1096,86.0,43.0,3485.0
1097,86.0,43.0,3486.0
1098,86.0,43.0,3741.0
1099,86.0,43.0,3742.0
1100,86.0,44.0,2205.0
1101,86.0,44.0,2717.0
1102,86.0,44.0,2973.0
1103,86.0,44.0,3229.0
1104,86.0,44.0,3485.0
1105,86.0,44.0,3741.0
1106,86.0,46.0,2216.0
1107,86.0,46.0,2217.0
1108,86.0,46.0,2218.0
1109,86.0,46.0,2472.0
1110,86.0,46.0,2473.0
1111,86.0,46.0,2474.0
1112,86.0,46.0,2728.0
1113,86.0,46.0,2729.0
1114,86.0,46.0,2730.0
1115,86.0,46.0,2984.0
1116,86.0,46.0,2985.0
1117,86.0,46.0,2986.0
1118,86.0,46.0,3240.0
1119,86.0,46.0,3241.0
1120,86.0,46.0,3242.0
1121,86.0,46.0,3496.0
1122,86.0,46.0,3497.0
1123,86.0,46.0,3498.0
1124,86.0,46.0,3752.0
1125,86.0,46.0,3753.0
1126,86.0,46.0,3754.0
1127,86.0,48.0,2212.0
1128,86.0,48.0,2213.0
1129,86.0,48.0,2214.0
1130,86.0,48.0,2468.0
1131,86.0,48.0,2469.0
1132,86.0,48.0,2470.0
1133,86.0,48.0,2724.0
1134,86.0,48.0,2725.0
1135,86.0,48.0,2726.0
1136,86.0,48.0,2980.0
1137,86.0,48.0,2981.0
1138,86.0,48.0,2982.0
1139,86.0,48.0,3236.0
1140,86.0,48.0,3237.0
1141,86.0,48.0,3238.0
1142,86.0,48.0,3492.0
1143,86.0,48.0,3493.0
1144,86.0,48.0,3494.0
1145,86.0,48.0,3748.0
1146,86.0,48.0,3749.0
1147,86.0,48.0,3750.0
1148,86.0,52.0,2209.0
1149,86.0,52.0,2721.0
1150,86.0,52.0,2977.0
1151,86.0,52.0,3233.0
1152,86.0,52.0,3489.0
1153,86.0,52.0,3745.0
1154,86.0,53.0,2208.0
1155,86.0,53.0,2720.0
1156,86.0,53.0,2976.0
1157,86.0,53.0,3232.0
1158,86.0,53.0,3488.0
1159,86.0,53.0,3744.0
1160,86.0,57.0,2198.0
1161,86.0,57.0,2199.0
1162,86.0,60.0,2243.0
1163,86.0,60.0,2244.0
1164,86.0,60.0,2499.0
1165,86.0,60.0,2500.0
1166,86.0,60.0,2755.0
1167,86.0,60.0,2756.0
1168,86.0,60.0,3011.0
1169,86.0,60.0,3012.0
1170,86.0,60.0,3267.0
1171,86.0,60.0,3268.0
1172,86.0,60.0,3523.0
1173,86.0,60.0,3524.0
1174,86.0,60.0,3779.0
1175,86.0,60.0,3780.0
1176,86.0,61.0,2242.0
1177,86.0,61.0,2243.0
1178,86.0,61.0,2498.0
1179,86.0,61.0,2499.0
1180,86.0,61.0,2754.0
1181,86.0,61.0,2755.0
1182,86.0,61.0,3010.0
1183,86.0,61.0,3011.0
1184,86.0,61.0,3266.0
1185,86.0,61.0,3267.0
1186,86.0,61.0,3522.0
1187,86.0,61.0,3523.0
1188,86.0,61.0,3778.0
1189,86.0,61.0,3779.0
1190,86.0,62.0,2226.0
1191,86.0,62.0,2482.0
1192,86.0,62.0,2738.0
1193,86.0,62.0,2994.0
1194,86.0,62.0,3250.0
1195,86.0,62.0,3506.0
1196,86.0,62.0,3762.0
1197,86.0,67.0,2237.0
1198,86.0,67.0,2238.0
1199,86.0,67.0,2493.0
1200,86.0,67.0,2494.0
1201,86.0,67.0,2749.0
1202,86.0,67.0,2750.0
1203,86.0,67.0,3005.0
1204,86.0,67.0,3006.0
1205,86.0,67.0,3261.0
1206,86.0,67.0,3262.0
1207,86.0,67.0,3517.0
1208,86.0,67.0,3518.0
1209,86.0,67.0,3773.0
1210,86.0,67.0,3774.0
1211,86.0,68.0,2232.0
1212,86.0,68.0,2233.0
1213,86.0,68.0,2234.0
1214,86.0,68.0,2237.0
1215,86.0,68.0,2238.0
1216,86.0,68.0,2488.0
1217,86.0,68.0,2489.0
1218,86.0,68.0,2490.0
1219,86.0,68.0,2493.0
1220,86.0,68.0,2494.0
1221,86.0,68.0,2744.0
1222,86.0,68.0,2745.0
1223,86.0,68.0,2746.0
1224,86.0,68.0,2749.0
1225,86.0,68.0,2750.0
1226,86.0,68.0,3000.0
1227,86.0,68.0,3001.0
1228,86.0,68.0,3002.0
1229,86.0,68.0,3005.0
1230,86.0,68.0,3006.0
1231,86.0,68.0,3256.0
1232,86.0,68.0,3257.0
1233,86.0,68.0,3258.0
1234,86.0,68.0,3261.0
1235,86.0,68.0,3262.0
1236,86.0,68.0,3512.0
1237,86.0,68.0,3513.0
1238,86.0,68.0,3514.0
1239,86.0,68.0,3517.0
1240,86.0,68.0,3518.0
1241,86.0,68.0,3768.0
1242,86.0,68.0,3769.0
1243,86.0,68.0,3770.0
1244,86.0,68.0,3773.0
1245,86.0,68.0,3774.0
1246,86.0,69.0,2231.0
1247,86.0,69.0,2232.0
1248,86.0,69.0,2233.0
1249,86.0,69.0,2487.0
1250,86.0,69.0,2488.0
1251,86.0,69.0,2489.0
1252,86.0,69.0,2743.0
1253,86.0,69.0,2744.0
1254,86.0,69.0,2745.0
1255,86.0,69.0,2999.0
1256,86.0,69.0,3000.0
1257,86.0,69.0,3001.0
1258,86.0,69.0,3255.0
1259,86.0,69.0,3256.0
1260,86.0,69.0,3257.0
1261,86.0,69.0,3511.0
1262,86.0,69.0,3512.0
1263,86.0,69.0,3513.0
1264,86.0,69.0,3767.0
1265,86.0,69.0,3768.0
1266,86.0,69.0,3769.0
1267,86.0,70.0,2229.0
1268,86.0,70.0,2230.0
1269,86.0,70.0,2485.0
1270,86.0,70.0,2486.0
1271,86.0,70.0,2741.0
1272,86.0,70.0,2742.0
1273,86.0,70.0,2997.0
1274,86.0,70.0,2998.0
1275,86.0,70.0,3253.0
1276,86.0,70.0,3254.0
1277,86.0,70.0,3509.0
1278,86.0,70.0,3510.0
1279,86.0,70.0,3765.0
1280,86.0,70.0,3766.0
1281,86.0,84.0,2231.0
1282,86.0,84.0,2232.0
1283,86.0,85.0,2231.0
1284,86.0,85.0,2487.0
1285,86.0,85.0,2743.0
1286,86.0,85.0,2999.0
1287,86.0,85.0,3255.0
1288,86.0,85.0,3511.0
1289,86.0,85.0,3767.0
1290,86.0,86.0,2230.0
1291,86.0,86.0,2231.0
1292,86.0,86.0,2486.0
1293,86.0,86.0,2487.0
1294,86.0,86.0,2742.0
1295,86.0,86.0,2743.0
1296,86.0,86.0,2998.0
1297,86.0,86.0,2999.0
1298,86.0,86.0,3254.0
1299,86.0,86.0,3255.0
1300,86.0,86.0,3510.0
1301,86.0,86.0,3511.0
1302,86.0,86.0,3766.0
1303,86.0,86.0,3767.0
1304,86.0,87.0,2228.0
1305,86.0,87.0,2229.0
1306,86.0,87.0,2230.0
1307,86.0,87.0,2231.0
1308,86.0,87.0,2484.0
1309,86.0,87.0,2485.0
1310,86.0,87.0,2486.0
1311,86.0,87.0,2487.0
1312,86.0,87.0,2740.0
1313,86.0,87.0,2741.0
1314,86.0,87.0,2742.0
1315,86.0,87.0,2743.0
1316,86.0,87.0,2996.0
1317,86.0,87.0,2997.0
1318,86.0,87.0,2998.0
1319,86.0,87.0,2999.0
1320,86.0,87.0,3252.0
1321,86.0,87.0,3253.0
1322,86.0,87.0,3254.0
1323,86.0,87.0,3255.0
1324,86.0,87.0,3508.0
1325,86.0,87.0,3509.0
1326,86.0,87.0,3510.0
1327,86.0,87.0,3511.0
1328,86.0,87.0,3764.0
1329,86.0,87.0,3765.0
1330,86.0,87.0,3766.0
1331,86.0,87.0,3767.0
1332,86.0,101.0,2228.0
1333,86.0,101.0,2229.0
1334,86.0,103.0,2229.0
1335,86.0,103.0,2230.0
1336,86.0,103.0,2485.0
1337,86.0,103.0,2486.0
1338,86.0,103.0,2741.0
1339,86.0,103.0,2742.0
1340,86.0,103.0,2997.0
1341,86.0,103.0,2998.0
1342,86.0,103.0,3253.0
1343,86.0,103.0,3254.0
1344,86.0,103.0,3509.0
1345,86.0,103.0,3510.0
1346,86.0,103.0,3765.0
1347,86.0,103.0,3766.0
1348,87.0,29.0,2214.0
1349,87.0,29.0,2470.0
1350,87.0,29.0,2726.0
1351,87.0,29.0,2982.0
1352,87.0,29.0,3238.0
1353,87.0,29.0,3494.0
1354,87.0,29.0,3750.0
1355,87.0,30.0,2213.0
1356,87.0,30.0,2214.0
1357,87.0,30.0,2469.0
1358,87.0,30.0,2470.0
1359,87.0,30.0,2725.0
1360,87.0,30.0,2726.0
1361,87.0,30.0,2981.0
1362,87.0,30.0,2982.0
1363,87.0,30.0,3237.0
1364,87.0,30.0,3238.0
1365,87.0,30.0,3493.0
1366,87.0,30.0,3494.0
1367,87.0,30.0,3749.0
1368,87.0,30.0,3750.0
1369,87.0,31.0,2211.0
1370,87.0,31.0,2212.0
1371,87.0,31.0,2467.0
1372,87.0,31.0,2468.0
1373,87.0,31.0,2723.0
1374,87.0,31.0,2724.0
1375,87.0,31.0,2979.0
1376,87.0,31.0,2980.0
1377,87.0,31.0,3235.0
1378,87.0,31.0,3236.0
1379,87.0,31.0,3491.0
1380,87.0,31.0,3492.0
1381,87.0,31.0,3747.0
1382,87.0,31.0,3748.0
1383,87.0,40.0,2201.0
1384,87.0,40.0,2202.0
1385,87.0,41.0,2201.0
1386,87.0,41.0,2202.0
1387,87.0,41.0,2205.0
1388,87.0,41.0,2461.0
1389,87.0,41.0,2717.0
1390,87.0,41.0,2973.0
1391,87.0,41.0,3229.0
1392,87.0,41.0,3485.0
1393,87.0,41.0,3741.0
1394,87.0,42.0,2202.0
1395,87.0,42.0,2203.0
1396,87.0,42.0,2204.0
1397,87.0,42.0,2458.0
1398,87.0,42.0,2459.0
1399,87.0,42.0,2460.0
1400,87.0,42.0,2714.0
1401,87.0,42.0,2715.0
1402,87.0,42.0,2716.0
1403,87.0,42.0,2970.0
1404,87.0,42.0,2971.0
1405,87.0,42.0,2972.0
1406,87.0,42.0,3226.0
1407,87.0,42.0,3227.0
1408,87.0,42.0,3228.0
1409,87.0,42.0,3482.0
1410,87.0,42.0,3483.0
1411,87.0,42.0,3484.0
1412,87.0,42.0,3738.0
1413,87.0,42.0,3739.0
1414,87.0,42.0,3740.0
1415,87.0,44.0,2205.0
1416,87.0,44.0,2717.0
1417,87.0,44.0,2973.0
1418,87.0,44.0,3229.0
1419,87.0,44.0,3485.0
1420,87.0,44.0,3741.0
1421,87.0,45.0,2217.0
1422,87.0,45.0,2473.0
1423,87.0,45.0,2729.0
1424,87.0,45.0,2985.0
1425,87.0,45.0,3241.0
1426,87.0,45.0,3497.0
1427,87.0,45.0,3753.0
1428,87.0,46.0,2216.0
1429,87.0,46.0,2217.0
1430,87.0,46.0,2218.0
1431,87.0,46.0,2472.0
1432,87.0,46.0,2473.0
1433,87.0,46.0,2474.0
1434,87.0,46.0,2728.0
1435,87.0,46.0,2729.0
1436,87.0,46.0,2730.0
1437,87.0,46.0,2984.0
1438,87.0,46.0,2985.0
1439,87.0,46.0,2986.0
1440,87.0,46.0,3240.0
1441,87.0,46.0,3241.0
1442,87.0,46.0,3242.0
1443,87.0,46.0,3496.0
1444,87.0,46.0,3497.0
1445,87.0,46.0,3498.0
1446,87.0,46.0,3752.0
1447,87.0,46.0,3753.0
1448,87.0,46.0,3754.0
1449,87.0,47.0,2214.0
1450,87.0,47.0,2215.0
1451,87.0,47.0,2470.0
1452,87.0,47.0,2471.0
1453,87.0,47.0,2726.0
1454,87.0,47.0,2727.0
1455,87.0,47.0,2982.0
1456,87.0,47.0,2983.0
1457,87.0,47.0,3238.0
1458,87.0,47.0,3239.0
1459,87.0,47.0,3494.0
1460,87.0,47.0,3495.0
1461,87.0,47.0,3750.0
1462,87.0,47.0,3751.0
1463,87.0,51.0,2192.0
1464,87.0,52.0,2209.0
1465,87.0,52.0,2721.0
1466,87.0,52.0,2977.0
1467,87.0,52.0,3233.0
1468,87.0,52.0,3489.0
1469,87.0,52.0,3745.0
1470,87.0,53.0,2208.0
1471,87.0,53.0,2720.0
1472,87.0,53.0,2976.0
1473,87.0,53.0,3232.0
1474,87.0,53.0,3488.0
1475,87.0,53.0,3744.0
1476,87.0,54.0,2215.0
1477,87.0,54.0,2216.0
1478,87.0,54.0,2217.0
1479,87.0,54.0,2727.0
1480,87.0,54.0,2728.0
1481,87.0,54.0,2729.0
1482,87.0,54.0,2983.0
1483,87.0,54.0,2984.0
1484,87.0,54.0,2985.0
1485,87.0,54.0,3239.0
1486,87.0,54.0,3240.0
1487,87.0,54.0,3241.0
1488,87.0,54.0,3751.0
1489,87.0,54.0,3752.0
1490,87.0,54.0,3753.0
1491,87.0,56.0,2195.0
1492,87.0,56.0,2196.0
1493,87.0,57.0,2197.0
1494,87.0,57.0,2453.0
1495,87.0,57.0,2709.0
1496,87.0,57.0,2965.0
1497,87.0,57.0,3221.0
1498,87.0,57.0,3477.0
1499,87.0,57.0,3733.0
1500,87.0,58.0,2196.0
1501,87.0,58.0,2197.0
1502,87.0,58.0,2452.0
1503,87.0,58.0,2453.0
1504,87.0,58.0,2708.0
1505,87.0,58.0,2709.0
1506,87.0,58.0,2964.0
1507,87.0,58.0,2965.0
1508,87.0,58.0,3220.0
1509,87.0,58.0,3221.0
1510,87.0,58.0,3476.0
1511,87.0,58.0,3477.0
1512,87.0,58.0,3732.0
1513,87.0,58.0,3733.0
1514,87.0,60.0,2243.0
1515,87.0,60.0,2244.0
1516,87.0,60.0,2499.0
1517,87.0,60.0,2500.0
1518,87.0,60.0,2755.0
1519,87.0,60.0,2756.0
1520,87.0,60.0,3011.0
1521,87.0,60.0,3012.0
1522,87.0,60.0,3267.0
1523,87.0,60.0,3268.0
1524,87.0,60.0,3523.0
1525,87.0,60.0,3524.0
1526,87.0,60.0,3779.0
1527,87.0,60.0,3780.0
1528,87.0,61.0,2242.0
1529,87.0,61.0,2243.0
1530,87.0,61.0,2244.0
1531,87.0,61.0,2498.0
1532,87.0,61.0,2499.0
1533,87.0,61.0,2500.0
1534,87.0,61.0,2754.0
1535,87.0,61.0,2755.0
1536,87.0,61.0,2756.0
1537,87.0,61.0,3010.0
1538,87.0,61.0,3011.0
1539,87.0,61.0,3012.0
1540,87.0,61.0,3266.0
1541,87.0,61.0,3267.0
1542,87.0,61.0,3268.0
1543,87.0,61.0,3522.0
1544,87.0,61.0,3523.0
1545,87.0,61.0,3524.0
1546,87.0,61.0,3778.0
1547,87.0,61.0,3779.0
1548,87.0,61.0,3780.0
1549,87.0,62.0,2241.0
1550,87.0,62.0,2497.0
1551,87.0,62.0,2753.0
1552,87.0,62.0,3009.0
1553,87.0,62.0,3265.0
1554,87.0,62.0,3521.0
1555,87.0,62.0,3777.0
1556,87.0,67.0,2237.0
1557,87.0,67.0,2238.0
1558,87.0,67.0,2493.0
1559,87.0,67.0,2494.0
1560,87.0,67.0,2749.0
1561,87.0,67.0,2750.0
1562,87.0,67.0,3005.0
1563,87.0,67.0,3006.0
1564,87.0,67.0,3261.0
1565,87.0,67.0,3262.0
1566,87.0,67.0,3517.0
1567,87.0,67.0,3518.0
1568,87.0,67.0,3773.0
1569,87.0,67.0,3774.0
1570,87.0,68.0,2232.0
1571,87.0,68.0,2233.0
1572,87.0,68.0,2234.0
1573,87.0,68.0,2237.0
1574,87.0,68.0,2238.0
1575,87.0,68.0,2488.0
1576,87.0,68.0,2489.0
1577,87.0,68.0,2490.0
1578,87.0,68.0,2493.0
1579,87.0,68.0,2494.0
1580,87.0,68.0,2744.0
1581,87.0,68.0,2745.0
1582,87.0,68.0,2746.0
1583,87.0,68.0,2749.0
1584,87.0,68.0,2750.0
1585,87.0,68.0,3000.0
1586,87.0,68.0,3001.0
1587,87.0,68.0,3002.0
1588,87.0,68.0,3005.0
1589,87.0,68.0,3006.0
1590,87.0,68.0,3256.0
1591,87.0,68.0,3257.0
1592,87.0,68.0,3258.0
1593,87.0,68.0,3261.0
1594,87.0,68.0,3262.0
1595,87.0,68.0,3512.0
1596,87.0,68.0,3513.0
1597,87.0,68.0,3514.0
1598,87.0,68.0,3517.0
1599,87.0,68.0,3518.0
1600,87.0,68.0,3768.0
1601,87.0,68.0,3769.0
1602,87.0,68.0,3770.0
1603,87.0,68.0,3773.0
1604,87.0,68.0,3774.0
1605,87.0,69.0,2231.0
1606,87.0,69.0,2232.0
1607,87.0,69.0,2233.0
1608,87.0,69.0,2235.0
1609,87.0,69.0,2487.0
1610,87.0,69.0,2488.0
1611,87.0,69.0,2489.0
1612,87.0,69.0,2491.0
1613,87.0,69.0,2743.0
1614,87.0,69.0,2744.0
1615,87.0,69.0,2745.0
1616,87.0,69.0,2747.0
1617,87.0,69.0,2999.0
1618,87.0,69.0,3000.0
1619,87.0,69.0,3001.0
1620,87.0,69.0,3003.0
1621,87.0,69.0,3255.0
1622,87.0,69.0,3256.0
1623,87.0,69.0,3257.0
1624,87.0,69.0,3259.0
1625,87.0,69.0,3511.0
1626,87.0,69.0,3512.0
1627,87.0,69.0,3513.0
1628,87.0,69.0,3515.0
1629,87.0,69.0,3767.0
1630,87.0,69.0,3768.0
1631,87.0,69.0,3769.0
1632,87.0,69.0,3771.0
1633,87.0,70.0,2236.0
1634,87.0,70.0,2237.0
1635,87.0,71.0,2223.0
1636,87.0,72.0,2222.0
1637,87.0,75.0,2233.0
1638,87.0,75.0,2489.0
1639,87.0,75.0,2745.0
1640,87.0,75.0,3001.0
1641,87.0,75.0,3257.0
1642,87.0,75.0,3513.0
1643,87.0,75.0,3769.0
1644,87.0,76.0,2230.0
1645,87.0,76.0,2231.0
1646,87.0,76.0,2232.0
1647,87.0,76.0,2233.0
1648,87.0,76.0,2486.0
1649,87.0,76.0,2487.0
1650,87.0,76.0,2488.0
1651,87.0,76.0,2489.0
1652,87.0,76.0,2742.0
1653,87.0,76.0,2743.0
1654,87.0,76.0,2744.0
1655,87.0,76.0,2745.0
1656,87.0,76.0,2998.0
1657,87.0,76.0,2999.0
1658,87.0,76.0,3000.0
1659,87.0,76.0,3001.0
1660,87.0,76.0,3254.0
1661,87.0,76.0,3255.0
1662,87.0,76.0,3256.0
1663,87.0,76.0,3257.0
1664,87.0,76.0,3510.0
1665,87.0,76.0,3511.0
1666,87.0,76.0,3512.0
1667,87.0,76.0,3513.0
1668,87.0,76.0,3766.0
1669,87.0,76.0,3767.0
1670,87.0,76.0,3768.0
1671,87.0,76.0,3769.0
1672,87.0,83.0,2224.0
1673,87.0,83.0,2225.0
1674,87.0,86.0,2230.0
1675,87.0,86.0,2231.0
1676,87.0,86.0,2486.0
1677,87.0,86.0,2487.0
1678,87.0,86.0,2742.0
1679,87.0,86.0,2743.0
1680,87.0,86.0,2998.0
1681,87.0,86.0,2999.0
1682,87.0,86.0,3254.0
1683,87.0,86.0,3255.0
1684,87.0,86.0,3510.0
1685,87.0,86.0,3511.0
1686,87.0,86.0,3766.0
1687,87.0,86.0,3767.0
1688,87.0,103.0,2229.0
1689,87.0,103.0,2230.0
1690,87.0,103.0,2485.0
1691,87.0,103.0,2486.0
1692,87.0,103.0,2741.0
1693,87.0,103.0,2742.0
1694,87.0,103.0,2997.0
1695,87.0,103.0,2998.0
1696,87.0,103.0,3253.0
1697,87.0,103.0,3254.0
1698,87.0,103.0,3509.0
1699,87.0,103.0,3510.0
1700,87.0,103.0,3765.0
1701,87.0,103.0,3766.0
1702,87.0,104.0,2229.0
1703,87.0,104.0,2485.0
1704,87.0,104.0,2741.0
1705,87.0,104.0,2997.0
1706,87.0,104.0,3253.0
1707,87.0,104.0,3509.0
1708,87.0,104.0,3765.0
1709,87.0,108.0,2226.0
1710,87.0,108.0,2227.0
1711,87.0,109.0,2225.0
1712,88.0,29.0,2214.0
1713,88.0,29.0,2470.0
1714,88.0,29.0,2726.0
1715,88.0,29.0,2982.0
1716,88.0,29.0,3238.0
1717,88.0,29.0,3494.0
1718,88.0,29.0,3750.0
1719,88.0,30.0,2213.0
1720,88.0,30.0,2214.0
1721,88.0,30.0,2469.0
1722,88.0,30.0,2470.0
1723,88.0,30.0,2725.0
1724,88.0,30.0,2726.0
1725,88.0,30.0,2981.0
1726,88.0,30.0,2982.0
1727,88.0,30.0,3237.0
1728,88.0,30.0,3238.0
1729,88.0,30.0,3493.0
1730,88.0,30.0,3494.0
1731,88.0,30.0,3749.0
1732,88.0,30.0,3750.0
1733,88.0,31.0,2211.0
1734,88.0,31.0,2212.0
1735,88.0,31.0,2467.0
1736,88.0,31.0,2468.0
1737,88.0,31.0,2723.0
1738,88.0,31.0,2724.0
1739,88.0,31.0,2979.0
1740,88.0,31.0,2980.0
1741,88.0,31.0,3235.0
1742,88.0,31.0,3236.0
1743,88.0,31.0,3491.0
1744,88.0,31.0,3492.0
1745,88.0,31.0,3747.0
1746,88.0,31.0,3748.0
1747,88.0,32.0,2210.0
1748,88.0,32.0,2211.0
1749,88.0,32.0,2466.0
1750,88.0,32.0,2467.0
1751,88.0,32.0,2722.0
1752,88.0,32.0,2723.0
1753,88.0,32.0,2978.0
1754,88.0,32.0,2979.0
1755,88.0,32.0,3234.0
1756,88.0,32.0,3235.0
1757,88.0,32.0,3490.0
1758,88.0,32.0,3491.0
1759,88.0,32.0,3746.0
1760,88.0,32.0,3747.0
1761,88.0,34.0,2204.0
1762,88.0,35.0,2203.0
1763,88.0,36.0,2201.0
1764,88.0,36.0,2202.0
1765,88.0,41.0,2203.0
1766,88.0,41.0,2219.0
1767,88.0,41.0,2220.0
1768,88.0,41.0,2459.0
1769,88.0,41.0,2715.0
1770,88.0,41.0,2971.0
1771,88.0,41.0,3227.0
1772,88.0,41.0,3483.0
1773,88.0,41.0,3739.0
1774,88.0,42.0,2202.0
1775,88.0,42.0,2203.0
1776,88.0,42.0,2458.0
1777,88.0,42.0,2459.0
1778,88.0,42.0,2714.0
1779,88.0,42.0,2715.0
1780,88.0,42.0,2970.0
1781,88.0,42.0,2971.0
1782,88.0,42.0,3226.0
1783,88.0,42.0,3227.0
1784,88.0,42.0,3482.0
1785,88.0,42.0,3483.0
1786,88.0,42.0,3738.0
1787,88.0,42.0,3739.0
1788,88.0,43.0,2200.0
1789,88.0,43.0,2201.0
1790,88.0,43.0,2202.0
1791,88.0,43.0,2203.0
1792,88.0,43.0,2456.0
1793,88.0,43.0,2457.0
1794,88.0,43.0,2458.0
1795,88.0,43.0,2459.0
1796,88.0,43.0,2712.0
1797,88.0,43.0,2713.0
1798,88.0,43.0,2714.0
1799,88.0,43.0,2715.0
1800,88.0,43.0,2968.0
1801,88.0,43.0,2969.0
1802,88.0,43.0,2970.0
1803,88.0,43.0,2971.0
1804,88.0,43.0,3224.0
1805,88.0,43.0,3225.0
1806,88.0,43.0,3226.0
1807,88.0,43.0,3227.0
1808,88.0,43.0,3480.0
1809,88.0,43.0,3481.0
1810,88.0,43.0,3482.0
1811,88.0,43.0,3483.0
1812,88.0,43.0,3736.0
1813,88.0,43.0,3737.0
1814,88.0,43.0,3738.0
1815,88.0,43.0,3739.0
1816,88.0,44.0,2218.0
1817,88.0,44.0,2219.0
1818,88.0,45.0,2217.0
1819,88.0,45.0,2473.0
1820,88.0,45.0,2729.0
1821,88.0,45.0,2985.0
1822,88.0,45.0,3241.0
1823,88.0,45.0,3497.0
1824,88.0,45.0,3753.0
1825,88.0,46.0,2216.0
1826,88.0,46.0,2217.0
1827,88.0,46.0,2218.0
1828,88.0,46.0,2472.0
1829,88.0,46.0,2473.0
1830,88.0,46.0,2474.0
1831,88.0,46.0,2728.0
1832,88.0,46.0,2729.0
1833,88.0,46.0,2730.0
1834,88.0,46.0,2984.0
1835,88.0,46.0,2985.0
1836,88.0,46.0,2986.0
1837,88.0,46.0,3240.0
1838,88.0,46.0,3241.0
1839,88.0,46.0,3242.0
1840,88.0,46.0,3496.0
1841,88.0,46.0,3497.0
1842,88.0,46.0,3498.0
1843,88.0,46.0,3752.0
1844,88.0,46.0,3753.0
1845,88.0,46.0,3754.0
1846,88.0,47.0,2214.0
1847,88.0,47.0,2215.0
1848,88.0,47.0,2470.0
1849,88.0,47.0,2471.0
1850,88.0,47.0,2726.0
1851,88.0,47.0,2727.0
1852,88.0,47.0,2982.0
1853,88.0,47.0,2983.0
1854,88.0,47.0,3238.0
1855,88.0,47.0,3239.0
1856,88.0,47.0,3494.0
1857,88.0,47.0,3495.0
1858,88.0,47.0,3750.0
1859,88.0,47.0,3751.0
1860,88.0,51.0,2192.0
1861,88.0,52.0,2207.0
1862,88.0,52.0,2208.0
1863,88.0,52.0,2209.0
1864,88.0,52.0,2719.0
1865,88.0,52.0,2720.0
1866,88.0,52.0,2721.0
1867,88.0,52.0,2975.0
1868,88.0,52.0,2976.0
1869,88.0,52.0,2977.0
1870,88.0,52.0,3231.0
1871,88.0,52.0,3232.0
1872,88.0,52.0,3233.0
1873,88.0,52.0,3487.0
1874,88.0,52.0,3488.0
1875,88.0,52.0,3489.0
1876,88.0,52.0,3743.0
1877,88.0,52.0,3744.0
1878,88.0,52.0,3745.0
1879,88.0,53.0,2208.0
1880,88.0,53.0,2720.0
1881,88.0,53.0,2976.0
1882,88.0,53.0,3232.0
1883,88.0,53.0,3488.0
1884,88.0,53.0,3744.0
1885,88.0,54.0,2215.0
1886,88.0,54.0,2216.0
1887,88.0,54.0,2217.0
1888,88.0,54.0,2727.0
1889,88.0,54.0,2728.0
1890,88.0,54.0,2729.0
1891,88.0,54.0,2983.0
1892,88.0,54.0,2984.0
1893,88.0,54.0,2985.0
1894,88.0,54.0,3239.0
1895,88.0,54.0,3240.0
1896,88.0,54.0,3241.0
1897,88.0,54.0,3751.0
1898,88.0,54.0,3752.0
1899,88.0,54.0,3753.0
1900,88.0,55.0,2201.0
1901,88.0,55.0,2202.0
1902,88.0,55.0,2216.0
1903,88.0,55.0,2457.0
1904,88.0,55.0,2458.0
1905,88.0,55.0,2713.0
1906,88.0,55.0,2714.0
1907,88.0,55.0,2728.0
1908,88.0,55.0,2969.0
1909,88.0,55.0,2970.0
1910,88.0,55.0,2984.0
1911,88.0,55.0,3225.0
1912,88.0,55.0,3226.0
1913,88.0,55.0,3240.0
1914,88.0,55.0,3481.0
1915,88.0,55.0,3482.0
1916,88.0,55.0,3737.0
1917,88.0,55.0,3738.0
1918,88.0,55.0,3752.0
1919,88.0,57.0,2197.0
1920,88.0,57.0,2198.0
1921,88.0,57.0,2199.0
1922,88.0,57.0,2453.0
1923,88.0,57.0,2454.0
1924,88.0,57.0,2455.0
1925,88.0,57.0,2709.0
1926,88.0,57.0,2710.0
1927,88.0,57.0,2711.0
1928,88.0,57.0,2965.0
1929,88.0,57.0,2966.0
1930,88.0,57.0,2967.0
1931,88.0,57.0,3221.0
1932,88.0,57.0,3222.0
1933,88.0,57.0,3223.0
1934,88.0,57.0,3477.0
1935,88.0,57.0,3478.0
1936,88.0,57.0,3479.0
1937,88.0,57.0,3733.0
1938,88.0,57.0,3734.0
1939,88.0,57.0,3735.0
1940,88.0,58.0,2196.0
1941,88.0,58.0,2197.0
1942,88.0,58.0,2452.0
1943,88.0,58.0,2453.0
1944,88.0,58.0,2708.0
1945,88.0,58.0,2709.0
1946,88.0,58.0,2964.0
1947,88.0,58.0,2965.0
1948,88.0,58.0,3220.0
1949,88.0,58.0,3221.0
1950,88.0,58.0,3476.0
1951,88.0,58.0,3477.0
1952,88.0,58.0,3732.0
1953,88.0,58.0,3733.0
1954,88.0,59.0,2196.0
1955,88.0,59.0,2197.0
1956,88.0,59.0,2198.0
1957,88.0,59.0,2452.0
1958,88.0,59.0,2453.0
1959,88.0,59.0,2454.0
1960,88.0,59.0,2708.0
1961,88.0,59.0,2709.0
1962,88.0,59.0,2710.0
1963,88.0,59.0,2964.0
1964,88.0,59.0,2965.0
1965,88.0,59.0,2966.0
1966,88.0,59.0,3220.0
1967,88.0,59.0,3221.0
1968,88.0,59.0,3222.0
1969,88.0,59.0,3476.0
1970,88.0,59.0,3477.0
1971,88.0,59.0,3478.0
1972,88.0,59.0,3732.0
1973,88.0,59.0,3733.0
1974,88.0,59.0,3734.0
1975,88.0,60.0,2197.0
1976,88.0,60.0,2243.0
1977,88.0,60.0,2244.0
1978,88.0,60.0,2453.0
1979,88.0,60.0,2499.0
1980,88.0,60.0,2500.0
1981,88.0,60.0,2709.0
1982,88.0,60.0,2755.0
1983,88.0,60.0,2756.0
1984,88.0,60.0,2965.0
1985,88.0,60.0,3011.0
1986,88.0,60.0,3012.0
1987,88.0,60.0,3221.0
1988,88.0,60.0,3267.0
1989,88.0,60.0,3268.0
1990,88.0,60.0,3477.0
1991,88.0,60.0,3523.0
1992,88.0,60.0,3524.0
1993,88.0,60.0,3733.0
1994,88.0,60.0,3779.0
1995,88.0,60.0,3780.0
1996,88.0,61.0,2242.0
1997,88.0,61.0,2243.0
1998,88.0,61.0,2244.0
1999,88.0,61.0,2498.0
2000,88.0,61.0,2499.0
2001,88.0,61.0,2500.0
2002,88.0,61.0,2754.0
2003,88.0,61.0,2755.0
2004,88.0,61.0,2756.0
2005,88.0,61.0,3010.0
2006,88.0,61.0,3011.0
2007,88.0,61.0,3012.0
2008,88.0,61.0,3266.0
2009,88.0,61.0,3267.0
2010,88.0,61.0,3268.0
2011,88.0,61.0,3522.0
2012,88.0,61.0,3523.0
2013,88.0,61.0,3524.0
2014,88.0,61.0,3778.0
2015,88.0,61.0,3779.0
2016,88.0,61.0,3780.0
2017,88.0,62.0,2241.0
2018,88.0,62.0,2497.0
2019,88.0,62.0,2753.0
2020,88.0,62.0,3009.0
2021,88.0,62.0,3265.0
2022,88.0,62.0,3521.0
2023,88.0,62.0,3777.0
2024,88.0,68.0,2232.0
2025,88.0,68.0,2233.0
2026,88.0,68.0,2234.0
2027,88.0,68.0,2488.0
2028,88.0,68.0,2489.0
2029,88.0,68.0,2490.0
2030,88.0,68.0,2744.0
2031,88.0,68.0,2745.0
2032,88.0,68.0,2746.0
2033,88.0,68.0,3000.0
2034,88.0,68.0,3001.0
2035,88.0,68.0,3002.0
2036,88.0,68.0,3256.0
2037,88.0,68.0,3257.0
2038,88.0,68.0,3258.0
2039,88.0,68.0,3512.0
2040,88.0,68.0,3513.0
2041,88.0,68.0,3514.0
2042,88.0,68.0,3768.0
2043,88.0,68.0,3769.0
2044,88.0,68.0,3770.0
2045,88.0,69.0,2230.0
2046,88.0,69.0,2233.0
2047,88.0,69.0,2486.0
2048,88.0,69.0,2489.0
2049,88.0,69.0,2742.0
2050,88.0,69.0,2745.0
2051,88.0,69.0,2998.0
2052,88.0,69.0,3001.0
2053,88.0,69.0,3254.0
2054,88.0,69.0,3257.0
2055,88.0,69.0,3510.0
2056,88.0,69.0,3513.0
2057,88.0,69.0,3766.0
2058,88.0,69.0,3769.0
2059,88.0,71.0,2236.0
2060,88.0,75.0,2231.0
2061,88.0,75.0,2232.0
2062,88.0,75.0,2233.0
2063,88.0,75.0,2487.0
2064,88.0,75.0,2488.0
2065,88.0,75.0,2489.0
2066,88.0,75.0,2743.0
2067,88.0,75.0,2744.0
2068,88.0,75.0,2745.0
2069,88.0,75.0,2999.0
2070,88.0,75.0,3000.0
2071,88.0,75.0,3001.0
2072,88.0,75.0,3255.0
2073,88.0,75.0,3256.0
2074,88.0,75.0,3257.0
2075,88.0,75.0,3511.0
2076,88.0,75.0,3512.0
2077,88.0,75.0,3513.0
2078,88.0,75.0,3767.0
2079,88.0,75.0,3768.0
2080,88.0,75.0,3769.0
2081,88.0,76.0,2230.0
2082,88.0,76.0,2231.0
2083,88.0,76.0,2232.0
2084,88.0,76.0,2486.0
2085,88.0,76.0,2487.0
2086,88.0,76.0,2488.0
2087,88.0,76.0,2742.0
2088,88.0,76.0,2743.0
2089,88.0,76.0,2744.0
2090,88.0,76.0,2998.0
2091,88.0,76.0,2999.0
2092,88.0,76.0,3000.0
2093,88.0,76.0,3254.0
2094,88.0,76.0,3255.0
2095,88.0,76.0,3256.0
2096,88.0,76.0,3510.0
2097,88.0,76.0,3511.0
2098,88.0,76.0,3512.0
2099,88.0,76.0,3766.0
2100,88.0,76.0,3767.0
2101,88.0,76.0,3768.0
2102,88.0,82.0,2227.0
2103,88.0,83.0,2226.0
2104,88.0,94.0,2235.0
2105,88.0,95.0,2234.0
2106,88.0,100.0,2235.0
2107,88.0,100.0,2236.0
2108,88.0,100.0,2491.0
2109,88.0,100.0,2492.0
2110,88.0,100.0,2747.0
2111,88.0,100.0,2748.0
2112,88.0,100.0,3003.0
2113,88.0,100.0,3004.0
2114,88.0,100.0,3259.0
2115,88.0,100.0,3260.0
2116,88.0,100.0,3515.0
2117,88.0,100.0,3516.0
2118,88.0,100.0,3771.0
2119,88.0,100.0,3772.0
2120,88.0,103.0,2229.0
2121,88.0,103.0,2230.0
2122,88.0,103.0,2485.0
2123,88.0,103.0,2486.0
2124,88.0,103.0,2741.0
2125,88.0,103.0,2742.0
2126,88.0,103.0,2997.0
2127,88.0,103.0,2998.0
2128,88.0,103.0,3253.0
2129,88.0,103.0,3254.0
2130,88.0,103.0,3509.0
2131,88.0,103.0,3510.0
2132,88.0,103.0,3765.0
2133,88.0,103.0,3766.0
2134,88.0,104.0,2229.0
2135,88.0,104.0,2485.0
2136,88.0,104.0,2741.0
2137,88.0,104.0,2997.0
2138,88.0,104.0,3253.0
2139,88.0,104.0,3509.0
2140,88.0,104.0,3765.0
2141,88.0,108.0,2227.0
2142,89.0,31.0,2210.0
2143,89.0,31.0,2466.0
2144,89.0,31.0,2722.0
2145,89.0,31.0,2978.0
2146,89.0,31.0,3234.0
2147,89.0,31.0,3490.0
2148,89.0,31.0,3746.0
2149,89.0,32.0,2203.0
2150,89.0,32.0,2209.0
2151,89.0,32.0,2210.0
2152,89.0,32.0,2211.0
2153,89.0,32.0,2459.0
2154,89.0,32.0,2465.0
2155,89.0,32.0,2466.0
2156,89.0,32.0,2467.0
2157,89.0,32.0,2715.0
2158,89.0,32.0,2721.0
2159,89.0,32.0,2722.0
2160,89.0,32.0,2723.0
2161,89.0,32.0,2971.0
2162,89.0,32.0,2977.0
2163,89.0,32.0,2978.0
2164,89.0,32.0,2979.0
2165,89.0,32.0,3227.0
2166,89.0,32.0,3233.0
2167,89.0,32.0,3234.0
2168,89.0,32.0,3235.0
2169,89.0,32.0,3483.0
2170,89.0,32.0,3489.0
2171,89.0,32.0,3490.0
2172,89.0,32.0,3491.0
2173,89.0,32.0,3739.0
2174,89.0,32.0,3745.0
2175,89.0,32.0,3746.0
2176,89.0,32.0,3747.0
2177,89.0,33.0,2202.0
2178,89.0,33.0,2203.0
2179,89.0,33.0,2458.0
2180,89.0,33.0,2459.0
2181,89.0,33.0,2714.0
2182,89.0,33.0,2715.0
2183,89.0,33.0,2970.0
2184,89.0,33.0,2971.0
2185,89.0,33.0,3226.0
2186,89.0,33.0,3227.0
2187,89.0,33.0,3482.0
2188,89.0,33.0,3483.0
2189,89.0,33.0,3738.0
2190,89.0,33.0,3739.0
2191,89.0,35.0,2203.0
2192,89.0,35.0,2204.0
2193,89.0,35.0,2205.0
2194,89.0,35.0,2459.0
2195,89.0,35.0,2460.0
2196,89.0,35.0,2461.0
2197,89.0,35.0,2715.0
2198,89.0,35.0,2716.0
2199,89.0,35.0,2717.0
2200,89.0,35.0,2971.0
2201,89.0,35.0,2972.0
2202,89.0,35.0,2973.0
2203,89.0,35.0,3227.0
2204,89.0,35.0,3228.0
2205,89.0,35.0,3229.0
2206,89.0,35.0,3483.0
2207,89.0,35.0,3484.0
2208,89.0,35.0,3485.0
2209,89.0,35.0,3739.0
2210,89.0,35.0,3740.0
2211,89.0,35.0,3741.0
2212,89.0,36.0,2203.0
2213,89.0,36.0,2204.0
2214,89.0,36.0,2459.0
2215,89.0,36.0,2460.0
2216,89.0,36.0,2715.0
2217,89.0,36.0,2716.0
2218,89.0,36.0,2971.0
2219,89.0,36.0,2972.0
2220,89.0,36.0,3227.0
2221,89.0,36.0,3228.0
2222,89.0,36.0,3483.0
2223,89.0,36.0,3484.0
2224,89.0,36.0,3739.0
2225,89.0,36.0,3740.0
2226,89.0,43.0,2200.0
2227,89.0,43.0,2201.0
2228,89.0,43.0,2209.0
2229,89.0,43.0,2456.0
2230,89.0,43.0,2457.0
2231,89.0,43.0,2465.0
2232,89.0,43.0,2712.0
2233,89.0,43.0,2713.0
2234,89.0,43.0,2721.0
2235,89.0,43.0,2968.0
2236,89.0,43.0,2969.0
2237,89.0,43.0,2977.0
2238,89.0,43.0,3224.0
2239,89.0,43.0,3225.0
2240,89.0,43.0,3233.0
2241,89.0,43.0,3480.0
2242,89.0,43.0,3481.0
2243,89.0,43.0,3489.0
2244,89.0,43.0,3736.0
2245,89.0,43.0,3737.0
2246,89.0,43.0,3745.0
2247,89.0,44.0,2199.0
2248,89.0,44.0,2200.0
2249,89.0,44.0,2206.0
2250,89.0,44.0,2207.0
2251,89.0,44.0,2218.0
2252,89.0,44.0,2219.0
2253,89.0,44.0,2455.0
2254,89.0,44.0,2456.0
2255,89.0,44.0,2462.0
2256,89.0,44.0,2463.0
2257,89.0,44.0,2711.0
2258,89.0,44.0,2712.0
2259,89.0,44.0,2718.0
2260,89.0,44.0,2719.0
2261,89.0,44.0,2967.0
2262,89.0,44.0,2968.0
2263,89.0,44.0,2974.0
2264,89.0,44.0,2975.0
2265,89.0,44.0,3223.0
2266,89.0,44.0,3224.0
2267,89.0,44.0,3230.0
2268,89.0,44.0,3231.0
2269,89.0,44.0,3479.0
2270,89.0,44.0,3480.0
2271,89.0,44.0,3486.0
2272,89.0,44.0,3487.0
2273,89.0,44.0,3735.0
2274,89.0,44.0,3736.0
2275,89.0,44.0,3742.0
2276,89.0,44.0,3743.0
2277,89.0,46.0,2217.0
2278,89.0,46.0,2218.0
2279,89.0,46.0,2473.0
2280,89.0,46.0,2474.0
2281,89.0,46.0,2729.0
2282,89.0,46.0,2730.0
2283,89.0,46.0,2985.0
2284,89.0,46.0,2986.0
2285,89.0,46.0,3241.0
2286,89.0,46.0,3242.0
2287,89.0,46.0,3497.0
2288,89.0,46.0,3498.0
2289,89.0,46.0,3753.0
2290,89.0,46.0,3754.0
2291,89.0,48.0,2199.0
2292,89.0,48.0,2455.0
2293,89.0,48.0,2711.0
2294,89.0,48.0,2967.0
2295,89.0,48.0,3223.0
2296,89.0,48.0,3479.0
2297,89.0,48.0,3735.0
2298,89.0,49.0,2196.0
2299,89.0,49.0,2197.0
2300,89.0,49.0,2198.0
2301,89.0,49.0,2199.0
2302,89.0,49.0,2200.0
2303,89.0,49.0,2452.0
2304,89.0,49.0,2453.0
2305,89.0,49.0,2454.0
2306,89.0,49.0,2455.0
2307,89.0,49.0,2456.0
2308,89.0,49.0,2708.0
2309,89.0,49.0,2709.0
2310,89.0,49.0,2710.0
2311,89.0,49.0,2711.0
2312,89.0,49.0,2712.0
2313,89.0,49.0,2964.0
2314,89.0,49.0,2965.0
2315,89.0,49.0,2966.0
2316,89.0,49.0,2967.0
2317,89.0,49.0,2968.0
2318,89.0,49.0,3220.0
2319,89.0,49.0,3221.0
2320,89.0,49.0,3222.0
2321,89.0,49.0,3223.0
2322,89.0,49.0,3224.0
2323,89.0,49.0,3476.0
2324,89.0,49.0,3477.0
2325,89.0,49.0,3478.0
2326,89.0,49.0,3479.0
2327,89.0,49.0,3480.0
2328,89.0,49.0,3732.0
2329,89.0,49.0,3733.0
2330,89.0,49.0,3734.0
2331,89.0,49.0,3735.0
2332,89.0,49.0,3736.0
2333,89.0,50.0,2196.0
2334,89.0,50.0,2197.0
2335,89.0,50.0,2201.0
2336,89.0,50.0,2202.0
2337,89.0,50.0,2203.0
2338,89.0,50.0,2204.0
2339,89.0,50.0,2452.0
2340,89.0,50.0,2453.0
2341,89.0,50.0,2708.0
2342,89.0,50.0,2709.0
2343,89.0,50.0,2964.0
2344,89.0,50.0,2965.0
2345,89.0,50.0,3220.0
2346,89.0,50.0,3221.0
2347,89.0,50.0,3476.0
2348,89.0,50.0,3477.0
2349,89.0,50.0,3732.0
2350,89.0,50.0,3733.0
2351,89.0,51.0,2192.0
2352,89.0,51.0,2202.0
2353,89.0,51.0,2207.0
2354,89.0,51.0,2208.0
2355,89.0,51.0,2719.0
2356,89.0,51.0,2720.0
2357,89.0,51.0,2975.0
2358,89.0,51.0,2976.0
2359,89.0,51.0,3231.0
2360,89.0,51.0,3232.0
2361,89.0,51.0,3487.0
2362,89.0,51.0,3488.0
2363,89.0,51.0,3743.0
2364,89.0,51.0,3744.0
2365,89.0,52.0,2207.0
2366,89.0,52.0,2208.0
2367,89.0,52.0,2719.0
2368,89.0,52.0,2720.0
2369,89.0,52.0,2975.0
2370,89.0,52.0,2976.0
2371,89.0,52.0,3231.0
2372,89.0,52.0,3232.0
2373,89.0,52.0,3487.0
2374,89.0,52.0,3488.0
2375,89.0,52.0,3743.0
2376,89.0,52.0,3744.0
2377,89.0,53.0,2202.0
2378,89.0,53.0,2458.0
2379,89.0,53.0,2714.0
2380,89.0,53.0,2970.0
2381,89.0,53.0,3226.0
2382,89.0,53.0,3482.0
2383,89.0,53.0,3738.0
2384,89.0,54.0,2201.0
2385,89.0,54.0,2202.0
2386,89.0,54.0,2216.0
2387,89.0,54.0,2217.0
2388,89.0,54.0,2457.0
2389,89.0,54.0,2458.0
2390,89.0,54.0,2713.0
2391,89.0,54.0,2714.0
2392,89.0,54.0,2728.0
2393,89.0,54.0,2729.0
2394,89.0,54.0,2969.0
2395,89.0,54.0,2970.0
2396,89.0,54.0,2984.0
2397,89.0,54.0,2985.0
2398,89.0,54.0,3225.0
2399,89.0,54.0,3226.0
2400,89.0,54.0,3240.0
2401,89.0,54.0,3241.0
2402,89.0,54.0,3481.0
2403,89.0,54.0,3482.0
2404,89.0,54.0,3737.0
2405,89.0,54.0,3738.0
2406,89.0,54.0,3752.0
2407,89.0,54.0,3753.0
2408,89.0,55.0,2201.0
2409,89.0,55.0,2202.0
2410,89.0,55.0,2216.0
2411,89.0,55.0,2457.0
2412,89.0,55.0,2458.0
2413,89.0,55.0,2713.0
2414,89.0,55.0,2714.0
2415,89.0,55.0,2728.0
2416,89.0,55.0,2969.0
2417,89.0,55.0,2970.0
2418,89.0,55.0,2984.0
2419,89.0,55.0,3225.0
2420,89.0,55.0,3226.0
2421,89.0,55.0,3240.0
2422,89.0,55.0,3481.0
2423,89.0,55.0,3482.0
2424,89.0,55.0,3737.0
2425,89.0,55.0,3738.0
2426,89.0,55.0,3752.0
2427,89.0,61.0,2242.0
2428,89.0,61.0,2498.0
2429,89.0,61.0,2754.0
2430,89.0,61.0,3010.0
2431,89.0,61.0,3266.0
2432,89.0,61.0,3522.0
2433,89.0,61.0,3778.0
2434,89.0,62.0,2241.0
2435,89.0,62.0,2497.0
2436,89.0,62.0,2753.0
2437,89.0,62.0,3009.0
2438,89.0,62.0,3265.0
2439,89.0,62.0,3521.0
2440,89.0,62.0,3777.0
2441,89.0,68.0,2232.0
2442,89.0,68.0,2233.0
2443,89.0,68.0,2488.0
2444,89.0,68.0,2489.0
2445,89.0,68.0,2744.0
2446,89.0,68.0,2745.0
2447,89.0,68.0,3000.0
2448,89.0,68.0,3001.0
2449,89.0,68.0,3256.0
2450,89.0,68.0,3257.0
2451,89.0,68.0,3512.0
2452,89.0,68.0,3513.0
2453,89.0,68.0,3768.0
2454,89.0,68.0,3769.0
2455,89.0,69.0,2230.0
2456,89.0,69.0,2486.0
2457,89.0,69.0,2742.0
2458,89.0,69.0,2998.0
2459,89.0,69.0,3254.0
2460,89.0,69.0,3510.0
2461,89.0,69.0,3766.0
2462,89.0,71.0,2236.0
2463,89.0,75.0,2231.0
2464,89.0,75.0,2232.0
2465,89.0,75.0,2233.0
2466,89.0,75.0,2487.0
2467,89.0,75.0,2488.0
2468,89.0,75.0,2489.0
2469,89.0,75.0,2743.0
2470,89.0,75.0,2744.0
2471,89.0,75.0,2745.0
2472,89.0,75.0,2999.0
2473,89.0,75.0,3000.0
2474,89.0,75.0,3001.0
2475,89.0,75.0,3255.0
2476,89.0,75.0,3256.0
2477,89.0,75.0,3257.0
2478,89.0,75.0,3511.0
2479,89.0,75.0,3512.0
2480,89.0,75.0,3513.0
2481,89.0,75.0,3767.0
2482,89.0,75.0,3768.0
2483,89.0,75.0,3769.0
2484,89.0,82.0,2227.0
2485,89.0,83.0,2226.0
2486,89.0,94.0,2235.0
2487,89.0,95.0,2234.0
2488,89.0,100.0,2235.0
2489,89.0,100.0,2236.0
2490,89.0,100.0,2491.0
2491,89.0,100.0,2492.0
2492,89.0,100.0,2747.0
2493,89.0,100.0,2748.0
2494,89.0,100.0,3003.0
2495,89.0,100.0,3004.0
2496,89.0,100.0,3259.0
2497,89.0,100.0,3260.0
2498,89.0,100.0,3515.0
2499,89.0,100.0,3516.0
2500,89.0,100.0,3771.0
2501,89.0,100.0,3772.0
2502,89.0,101.0,2233.0
2503,89.0,101.0,2489.0
2504,89.0,101.0,2745.0
2505,89.0,101.0,3001.0
2506,89.0,101.0,3257.0
2507,89.0,101.0,3513.0
2508,89.0,101.0,3769.0
2509,90.0,29.0,2215.0
2510,90.0,29.0,2216.0
2511,90.0,29.0,2727.0
2512,90.0,29.0,2728.0
2513,90.0,29.0,2983.0
2514,90.0,29.0,2984.0
2515,90.0,29.0,3239.0
2516,90.0,29.0,3240.0
2517,90.0,29.0,3495.0
2518,90.0,29.0,3496.0
2519,90.0,29.0,3751.0
2520,90.0,29.0,3752.0
2521,90.0,32.0,2205.0
2522,90.0,32.0,2210.0
2523,90.0,32.0,2461.0
2524,90.0,32.0,2466.0
2525,90.0,32.0,2717.0
2526,90.0,32.0,2722.0
2527,90.0,32.0,2973.0
2528,90.0,32.0,2978.0
2529,90.0,32.0,3229.0
2530,90.0,32.0,3234.0
2531,90.0,32.0,3485.0
2532,90.0,32.0,3490.0
2533,90.0,32.0,3741.0
2534,90.0,32.0,3746.0
2535,90.0,33.0,2202.0
2536,90.0,33.0,2203.0
2537,90.0,33.0,2209.0
2538,90.0,33.0,2210.0
2539,90.0,33.0,2458.0
2540,90.0,33.0,2459.0
2541,90.0,33.0,2465.0
2542,90.0,33.0,2466.0
2543,90.0,33.0,2714.0
2544,90.0,33.0,2715.0
2545,90.0,33.0,2721.0
2546,90.0,33.0,2722.0
2547,90.0,33.0,2970.0
2548,90.0,33.0,2971.0
2549,90.0,33.0,2977.0
2550,90.0,33.0,2978.0
2551,90.0,33.0,3226.0
2552,90.0,33.0,3227.0
2553,90.0,33.0,3233.0
2554,90.0,33.0,3234.0
2555,90.0,33.0,3482.0
2556,90.0,33.0,3483.0
2557,90.0,33.0,3489.0
2558,90.0,33.0,3490.0
2559,90.0,33.0,3738.0
2560,90.0,33.0,3739.0
2561,90.0,33.0,3745.0
2562,90.0,33.0,3746.0
2563,90.0,34.0,2202.0
2564,90.0,35.0,2201.0
2565,90.0,35.0,2202.0
2566,90.0,36.0,2203.0
2567,90.0,36.0,2459.0
2568,90.0,36.0,2715.0
2569,90.0,36.0,2971.0
2570,90.0,36.0,3227.0
2571,90.0,36.0,3483.0
2572,90.0,36.0,3739.0
2573,90.0,37.0,2202.0
2574,90.0,37.0,2203.0
2575,90.0,37.0,2458.0
2576,90.0,37.0,2459.0
2577,90.0,37.0,2714.0
2578,90.0,37.0,2715.0
2579,90.0,37.0,2970.0
2580,90.0,37.0,2971.0
2581,90.0,37.0,3226.0
2582,90.0,37.0,3227.0
2583,90.0,37.0,3482.0
2584,90.0,37.0,3483.0
2585,90.0,37.0,3738.0
2586,90.0,37.0,3739.0
2587,90.0,41.0,2213.0
2588,90.0,41.0,2214.0
2589,90.0,41.0,2219.0
2590,90.0,41.0,2220.0
2591,90.0,43.0,2193.0
2592,90.0,43.0,2194.0
2593,90.0,43.0,2199.0
2594,90.0,43.0,2207.0
2595,90.0,43.0,2208.0
2596,90.0,43.0,2209.0
2597,90.0,43.0,2217.0
2598,90.0,43.0,2455.0
2599,90.0,43.0,2463.0
2600,90.0,43.0,2464.0
2601,90.0,43.0,2465.0
2602,90.0,43.0,2711.0
2603,90.0,43.0,2719.0
2604,90.0,43.0,2720.0
2605,90.0,43.0,2721.0
2606,90.0,43.0,2967.0
2607,90.0,43.0,2975.0
2608,90.0,43.0,2976.0
2609,90.0,43.0,2977.0
2610,90.0,43.0,3223.0
2611,90.0,43.0,3231.0
2612,90.0,43.0,3232.0
2613,90.0,43.0,3233.0
2614,90.0,43.0,3479.0
2615,90.0,43.0,3487.0
2616,90.0,43.0,3488.0
2617,90.0,43.0,3489.0
2618,90.0,43.0,3735.0
2619,90.0,43.0,3743.0
2620,90.0,43.0,3744.0
2621,90.0,43.0,3745.0
2622,90.0,44.0,2193.0
2623,90.0,44.0,2198.0
2624,90.0,44.0,2199.0
2625,90.0,44.0,2200.0
2626,90.0,44.0,2201.0
2627,90.0,44.0,2202.0
2628,90.0,44.0,2206.0
2629,90.0,44.0,2207.0
2630,90.0,44.0,2218.0
2631,90.0,44.0,2219.0
2632,90.0,44.0,2454.0
2633,90.0,44.0,2455.0
2634,90.0,44.0,2456.0
2635,90.0,44.0,2457.0
2636,90.0,44.0,2458.0
2637,90.0,44.0,2462.0
2638,90.0,44.0,2463.0
2639,90.0,44.0,2710.0
2640,90.0,44.0,2711.0
2641,90.0,44.0,2712.0
2642,90.0,44.0,2713.0
2643,90.0,44.0,2714.0
2644,90.0,44.0,2718.0
2645,90.0,44.0,2719.0
2646,90.0,44.0,2966.0
2647,90.0,44.0,2967.0
2648,90.0,44.0,2968.0
2649,90.0,44.0,2969.0
2650,90.0,44.0,2970.0
2651,90.0,44.0,2974.0
2652,90.0,44.0,2975.0
2653,90.0,44.0,3222.0
2654,90.0,44.0,3223.0
2655,90.0,44.0,3224.0
2656,90.0,44.0,3225.0
2657,90.0,44.0,3226.0
2658,90.0,44.0,3230.0
2659,90.0,44.0,3231.0
2660,90.0,44.0,3478.0
2661,90.0,44.0,3479.0
2662,90.0,44.0,3480.0
2663,90.0,44.0,3481.0
2664,90.0,44.0,3482.0
2665,90.0,44.0,3486.0
2666,90.0,44.0,3487.0
2667,90.0,44.0,3734.0
2668,90.0,44.0,3735.0
2669,90.0,44.0,3736.0
2670,90.0,44.0,3737.0
2671,90.0,44.0,3738.0
2672,90.0,44.0,3742.0
2673,90.0,44.0,3743.0
2674,90.0,45.0,2191.0
2675,90.0,45.0,2192.0
2676,90.0,45.0,2193.0
2677,90.0,49.0,2199.0
2678,90.0,49.0,2200.0
2679,90.0,49.0,2203.0
2680,90.0,49.0,2204.0
2681,90.0,49.0,2205.0
2682,90.0,49.0,2455.0
2683,90.0,49.0,2456.0
2684,90.0,49.0,2711.0
2685,90.0,49.0,2712.0
2686,90.0,49.0,2967.0
2687,90.0,49.0,2968.0
2688,90.0,49.0,3223.0
2689,90.0,49.0,3224.0
2690,90.0,49.0,3479.0
2691,90.0,49.0,3480.0
2692,90.0,49.0,3735.0
2693,90.0,49.0,3736.0
2694,90.0,52.0,2204.0
2695,90.0,52.0,2460.0
2696,90.0,52.0,2716.0
2697,90.0,52.0,2972.0
2698,90.0,52.0,3228.0
2699,90.0,52.0,3484.0
2700,90.0,52.0,3740.0
2701,90.0,53.0,2200.0
2702,90.0,53.0,2201.0
2703,90.0,53.0,2202.0
2704,90.0,53.0,2203.0
2705,90.0,53.0,2456.0
2706,90.0,53.0,2457.0
2707,90.0,53.0,2458.0
2708,90.0,53.0,2459.0
2709,90.0,53.0,2712.0
2710,90.0,53.0,2713.0
2711,90.0,53.0,2714.0
2712,90.0,53.0,2715.0
2713,90.0,53.0,2968.0
2714,90.0,53.0,2969.0
2715,90.0,53.0,2970.0
2716,90.0,53.0,2971.0
2717,90.0,53.0,3224.0
2718,90.0,53.0,3225.0
2719,90.0,53.0,3226.0
2720,90.0,53.0,3227.0
2721,90.0,53.0,3480.0
2722,90.0,53.0,3481.0
2723,90.0,53.0,3482.0
2724,90.0,53.0,3483.0
2725,90.0,53.0,3736.0
2726,90.0,53.0,3737.0
2727,90.0,53.0,3738.0
2728,90.0,53.0,3739.0
2729,90.0,54.0,2201.0
2730,90.0,54.0,2202.0
2731,90.0,54.0,2457.0
2732,90.0,54.0,2458.0
2733,90.0,54.0,2713.0
2734,90.0,54.0,2714.0
2735,90.0,54.0,2969.0
2736,90.0,54.0,2970.0
2737,90.0,54.0,3225.0
2738,90.0,54.0,3226.0
2739,90.0,54.0,3481.0
2740,90.0,54.0,3482.0
2741,90.0,54.0,3737.0
2742,90.0,54.0,3738.0
2743,90.0,55.0,2213.0
2744,90.0,55.0,2214.0
2745,90.0,57.0,2228.0
2746,90.0,61.0,2242.0
2747,90.0,61.0,2498.0
2748,90.0,61.0,2754.0
2749,90.0,61.0,3010.0
2750,90.0,61.0,3266.0
2751,90.0,61.0,3522.0
2752,90.0,61.0,3778.0
2753,90.0,62.0,2239.0
2754,90.0,62.0,2240.0
2755,90.0,62.0,2241.0
2756,90.0,62.0,2495.0
2757,90.0,62.0,2496.0
2758,90.0,62.0,2497.0
2759,90.0,62.0,2751.0
2760,90.0,62.0,2752.0
2761,90.0,62.0,2753.0
2762,90.0,62.0,3007.0
2763,90.0,62.0,3008.0
2764,90.0,62.0,3009.0
2765,90.0,62.0,3263.0
2766,90.0,62.0,3264.0
2767,90.0,62.0,3265.0
2768,90.0,62.0,3519.0
2769,90.0,62.0,3520.0
2770,90.0,62.0,3521.0
2771,90.0,62.0,3775.0
2772,90.0,62.0,3776.0
2773,90.0,62.0,3777.0
2774,90.0,67.0,2232.0
2775,90.0,67.0,2233.0
2776,90.0,67.0,2488.0
2777,90.0,67.0,2489.0
2778,90.0,67.0,2744.0
2779,90.0,67.0,2745.0
2780,90.0,67.0,3000.0
2781,90.0,67.0,3001.0
2782,90.0,67.0,3256.0
2783,90.0,67.0,3257.0
2784,90.0,67.0,3512.0
2785,90.0,67.0,3513.0
2786,90.0,67.0,3768.0
2787,90.0,67.0,3769.0
2788,90.0,68.0,2232.0
2789,90.0,68.0,2233.0
2790,90.0,68.0,2488.0
2791,90.0,68.0,2489.0
2792,90.0,68.0,2744.0
2793,90.0,68.0,2745.0
2794,90.0,68.0,3000.0
2795,90.0,68.0,3001.0
2796,90.0,68.0,3256.0
2797,90.0,68.0,3257.0
2798,90.0,68.0,3512.0
2799,90.0,68.0,3513.0
2800,90.0,68.0,3768.0
2801,90.0,68.0,3769.0
2802,90.0,69.0,2230.0
2803,90.0,69.0,2486.0
2804,90.0,69.0,2742.0
2805,90.0,69.0,2998.0
2806,90.0,69.0,3254.0
2807,90.0,69.0,3510.0
2808,90.0,69.0,3766.0
2809,90.0,75.0,2233.0
2810,90.0,75.0,2489.0
2811,90.0,75.0,2745.0
2812,90.0,75.0,3001.0
2813,90.0,75.0,3257.0
2814,90.0,75.0,3513.0
2815,90.0,75.0,3769.0
2816,90.0,79.0,2231.0
2817,90.0,79.0,2232.0
2818,90.0,95.0,2235.0
2819,90.0,95.0,2236.0
2820,90.0,100.0,2235.0
2821,90.0,100.0,2236.0
2822,90.0,100.0,2244.0
2823,90.0,100.0,2245.0
2824,90.0,100.0,2246.0
2825,90.0,100.0,2491.0
2826,90.0,100.0,2492.0
2827,90.0,100.0,2500.0
2828,90.0,100.0,2501.0
2829,90.0,100.0,2502.0
2830,90.0,100.0,2747.0
2831,90.0,100.0,2748.0
2832,90.0,100.0,2756.0
2833,90.0,100.0,2757.0
2834,90.0,100.0,2758.0
2835,90.0,100.0,3003.0
2836,90.0,100.0,3004.0
2837,90.0,100.0,3012.0
2838,90.0,100.0,3013.0
2839,90.0,100.0,3014.0
2840,90.0,100.0,3259.0
2841,90.0,100.0,3260.0
2842,90.0,100.0,3268.0
2843,90.0,100.0,3269.0
2844,90.0,100.0,3270.0
2845,90.0,100.0,3515.0
2846,90.0,100.0,3516.0
2847,90.0,100.0,3524.0
2848,90.0,100.0,3525.0
2849,90.0,100.0,3526.0
2850,90.0,100.0,3771.0
2851,90.0,100.0,3772.0
2852,90.0,100.0,3780.0
2853,90.0,100.0,3781.0
2854,90.0,100.0,3782.0
2855,90.0,101.0,2233.0
2856,90.0,101.0,2235.0
2857,90.0,101.0,2242.0
2858,90.0,101.0,2245.0
2859,90.0,101.0,2489.0
2860,90.0,101.0,2491.0
2861,90.0,101.0,2498.0
2862,90.0,101.0,2501.0
2863,90.0,101.0,2745.0
2864,90.0,101.0,2747.0
2865,90.0,101.0,2754.0
2866,90.0,101.0,2757.0
2867,90.0,101.0,3001.0
2868,90.0,101.0,3003.0
2869,90.0,101.0,3010.0
2870,90.0,101.0,3013.0
2871,90.0,101.0,3257.0
2872,90.0,101.0,3259.0
2873,90.0,101.0,3266.0
2874,90.0,101.0,3269.0
2875,90.0,101.0,3513.0
2876,90.0,101.0,3515.0
2877,90.0,101.0,3522.0
2878,90.0,101.0,3525.0
2879,90.0,101.0,3769.0
2880,90.0,101.0,3771.0
2881,90.0,101.0,3778.0
2882,90.0,101.0,3781.0
2883,90.0,102.0,2231.0
2884,90.0,102.0,2232.0
2885,90.0,102.0,2487.0
2886,90.0,102.0,2488.0
2887,90.0,102.0,2743.0
2888,90.0,102.0,2744.0
2889,90.0,102.0,2999.0
2890,90.0,102.0,3000.0
2891,90.0,102.0,3255.0
2892,90.0,102.0,3256.0
2893,90.0,102.0,3511.0
2894,90.0,102.0,3512.0
2895,90.0,102.0,3767.0
2896,90.0,102.0,3768.0
2897,90.0,103.0,2231.0
2898,90.0,103.0,2232.0
2899,90.0,103.0,2487.0
2900,90.0,103.0,2488.0
2901,90.0,103.0,2743.0
2902,90.0,103.0,2744.0
2903,90.0,103.0,2999.0
2904,90.0,103.0,3000.0
2905,90.0,103.0,3255.0
2906,90.0,103.0,3256.0
2907,90.0,103.0,3511.0
2908,90.0,103.0,3512.0
2909,90.0,103.0,3767.0
2910,90.0,103.0,3768.0
2911,90.0,104.0,2218.0
2912,90.0,104.0,2219.0
2913,90.0,104.0,2229.0
2914,90.0,104.0,2233.0
2915,90.0,104.0,2485.0
2916,90.0,104.0,2489.0
2917,90.0,104.0,2741.0
2918,90.0,104.0,2745.0
2919,90.0,104.0,2997.0
2920,90.0,104.0,3001.0
2921,90.0,104.0,3253.0
2922,90.0,104.0,3257.0
2923,90.0,104.0,3509.0
2924,90.0,104.0,3513.0
2925,90.0,104.0,3765.0
2926,90.0,104.0,3769.0
2927,91.0,29.0,2216.0
2928,91.0,29.0,2728.0
2929,91.0,29.0,2984.0
2930,91.0,29.0,3240.0
2931,91.0,29.0,3496.0
2932,91.0,29.0,3752.0
2933,91.0,30.0,2215.0
2934,91.0,30.0,2216.0
2935,91.0,30.0,2727.0
2936,91.0,30.0,2728.0
2937,91.0,30.0,2983.0
2938,91.0,30.0,2984.0
2939,91.0,30.0,3239.0
2940,91.0,30.0,3240.0
2941,91.0,30.0,3495.0
2942,91.0,30.0,3496.0
2943,91.0,30.0,3751.0
2944,91.0,30.0,3752.0
2945,91.0,37.0,2202.0
2946,91.0,37.0,2203.0
2947,91.0,37.0,2458.0
2948,91.0,37.0,2459.0
2949,91.0,37.0,2714.0
2950,91.0,37.0,2715.0
2951,91.0,37.0,2970.0
2952,91.0,37.0,2971.0
2953,91.0,37.0,3226.0
2954,91.0,37.0,3227.0
2955,91.0,37.0,3482.0
2956,91.0,37.0,3483.0
2957,91.0,37.0,3738.0
2958,91.0,37.0,3739.0
2959,91.0,38.0,2202.0
2960,91.0,38.0,2203.0
2961,91.0,38.0,2458.0
2962,91.0,38.0,2459.0
2963,91.0,38.0,2714.0
2964,91.0,38.0,2715.0
2965,91.0,38.0,2970.0
2966,91.0,38.0,2971.0
2967,91.0,38.0,3226.0
2968,91.0,38.0,3227.0
2969,91.0,38.0,3482.0
2970,91.0,38.0,3483.0
2971,91.0,38.0,3738.0
2972,91.0,38.0,3739.0
2973,91.0,39.0,2200.0
2974,91.0,39.0,2201.0
2975,91.0,39.0,2202.0
2976,91.0,39.0,2456.0
2977,91.0,39.0,2457.0
2978,91.0,39.0,2458.0
2979,91.0,39.0,2712.0
2980,91.0,39.0,2713.0
2981,91.0,39.0,2714.0
2982,91.0,39.0,2968.0
2983,91.0,39.0,2969.0
2984,91.0,39.0,2970.0
2985,91.0,39.0,3224.0
2986,91.0,39.0,3225.0
2987,91.0,39.0,3226.0
2988,91.0,39.0,3480.0
2989,91.0,39.0,3481.0
2990,91.0,39.0,3482.0
2991,91.0,39.0,3736.0
2992,91.0,39.0,3737.0
2993,91.0,39.0,3738.0
2994,91.0,40.0,2198.0
2995,91.0,40.0,2199.0
2996,91.0,40.0,2200.0
2997,91.0,40.0,2454.0
2998,91.0,40.0,2455.0
2999,91.0,40.0,2456.0
3000,91.0,40.0,2710.0
3001,91.0,40.0,2711.0
3002,91.0,40.0,2712.0
3003,91.0,40.0,2966.0
3004,91.0,40.0,2967.0
3005,91.0,40.0,2968.0
3006,91.0,40.0,3222.0
3007,91.0,40.0,3223.0
3008,91.0,40.0,3224.0
3009,91.0,40.0,3478.0
3010,91.0,40.0,3479.0
3011,91.0,40.0,3480.0
3012,91.0,40.0,3734.0
3013,91.0,40.0,3735.0
3014,91.0,40.0,3736.0
3015,91.0,41.0,2212.0
3016,91.0,41.0,2468.0
3017,91.0,41.0,2724.0
3018,91.0,41.0,2980.0
3019,91.0,41.0,3236.0
3020,91.0,41.0,3492.0
3021,91.0,41.0,3748.0
3022,91.0,43.0,2209.0
3023,91.0,43.0,2217.0
3024,91.0,43.0,2465.0
3025,91.0,43.0,2721.0
3026,91.0,43.0,2977.0
3027,91.0,43.0,3233.0
3028,91.0,43.0,3489.0
3029,91.0,43.0,3745.0
3030,91.0,44.0,2198.0
3031,91.0,44.0,2199.0
3032,91.0,44.0,2200.0
3033,91.0,44.0,2201.0
3034,91.0,44.0,2202.0
3035,91.0,44.0,2208.0
3036,91.0,44.0,2209.0
3037,91.0,44.0,2454.0
3038,91.0,44.0,2455.0
3039,91.0,44.0,2456.0
3040,91.0,44.0,2457.0
3041,91.0,44.0,2458.0
3042,91.0,44.0,2464.0
3043,91.0,44.0,2465.0
3044,91.0,44.0,2710.0
3045,91.0,44.0,2711.0
3046,91.0,44.0,2712.0
3047,91.0,44.0,2713.0
3048,91.0,44.0,2714.0
3049,91.0,44.0,2720.0
3050,91.0,44.0,2721.0
3051,91.0,44.0,2966.0
3052,91.0,44.0,2967.0
3053,91.0,44.0,2968.0
3054,91.0,44.0,2969.0
3055,91.0,44.0,2970.0
3056,91.0,44.0,2976.0
3057,91.0,44.0,2977.0
3058,91.0,44.0,3222.0
3059,91.0,44.0,3223.0
3060,91.0,44.0,3224.0
3061,91.0,44.0,3225.0
3062,91.0,44.0,3226.0
3063,91.0,44.0,3232.0
3064,91.0,44.0,3233.0
3065,91.0,44.0,3478.0
3066,91.0,44.0,3479.0
3067,91.0,44.0,3480.0
3068,91.0,44.0,3481.0
3069,91.0,44.0,3482.0
3070,91.0,44.0,3488.0
3071,91.0,44.0,3489.0
3072,91.0,44.0,3734.0
3073,91.0,44.0,3735.0
3074,91.0,44.0,3736.0
3075,91.0,44.0,3737.0
3076,91.0,44.0,3738.0
3077,91.0,44.0,3744.0
3078,91.0,44.0,3745.0
3079,91.0,45.0,2199.0
3080,91.0,45.0,2200.0
3081,91.0,45.0,2455.0
3082,91.0,45.0,2456.0
3083,91.0,45.0,2711.0
3084,91.0,45.0,2712.0
3085,91.0,45.0,2967.0
3086,91.0,45.0,2968.0
3087,91.0,45.0,3223.0
3088,91.0,45.0,3224.0
3089,91.0,45.0,3479.0
3090,91.0,45.0,3480.0
3091,91.0,45.0,3735.0
3092,91.0,45.0,3736.0
3093,91.0,52.0,2202.0
3094,91.0,52.0,2203.0
3095,91.0,52.0,2204.0
3096,91.0,52.0,2458.0
3097,91.0,52.0,2459.0
3098,91.0,52.0,2460.0
3099,91.0,52.0,2714.0
3100,91.0,52.0,2715.0
3101,91.0,52.0,2716.0
3102,91.0,52.0,2970.0
3103,91.0,52.0,2971.0
3104,91.0,52.0,2972.0
3105,91.0,52.0,3226.0
3106,91.0,52.0,3227.0
3107,91.0,52.0,3228.0
3108,91.0,52.0,3482.0
3109,91.0,52.0,3483.0
3110,91.0,52.0,3484.0
3111,91.0,52.0,3738.0
3112,91.0,52.0,3739.0
3113,91.0,52.0,3740.0
3114,91.0,53.0,2203.0
3115,91.0,53.0,2459.0
3116,91.0,53.0,2715.0
3117,91.0,53.0,2971.0
3118,91.0,53.0,3227.0
3119,91.0,53.0,3483.0
3120,91.0,53.0,3739.0
3121,91.0,56.0,2228.0
3122,91.0,57.0,2227.0
3123,91.0,57.0,2228.0
3124,91.0,62.0,2239.0
3125,91.0,62.0,2240.0
3126,91.0,62.0,2495.0
3127,91.0,62.0,2496.0
3128,91.0,62.0,2751.0
3129,91.0,62.0,2752.0
3130,91.0,62.0,3007.0
3131,91.0,62.0,3008.0
3132,91.0,62.0,3263.0
3133,91.0,62.0,3264.0
3134,91.0,62.0,3519.0
3135,91.0,62.0,3520.0
3136,91.0,62.0,3775.0
3137,91.0,62.0,3776.0
3138,91.0,63.0,2239.0
3139,91.0,63.0,2240.0
3140,91.0,63.0,2495.0
3141,91.0,63.0,2496.0
3142,91.0,63.0,2751.0
3143,91.0,63.0,2752.0
3144,91.0,63.0,3007.0
3145,91.0,63.0,3008.0
3146,91.0,63.0,3263.0
3147,91.0,63.0,3264.0
3148,91.0,63.0,3519.0
3149,91.0,63.0,3520.0
3150,91.0,63.0,3775.0
3151,91.0,63.0,3776.0
3152,91.0,67.0,2232.0
3153,91.0,67.0,2233.0
3154,91.0,67.0,2488.0
3155,91.0,67.0,2489.0
3156,91.0,67.0,2744.0
3157,91.0,67.0,2745.0
3158,91.0,67.0,3000.0
3159,91.0,67.0,3001.0
3160,91.0,67.0,3256.0
3161,91.0,67.0,3257.0
3162,91.0,67.0,3512.0
3163,91.0,67.0,3513.0
3164,91.0,67.0,3768.0
3165,91.0,67.0,3769.0
3166,91.0,68.0,2232.0
3167,91.0,68.0,2233.0
3168,91.0,68.0,2488.0
3169,91.0,68.0,2489.0
3170,91.0,68.0,2744.0
3171,91.0,68.0,2745.0
3172,91.0,68.0,3000.0
3173,91.0,68.0,3001.0
3174,91.0,68.0,3256.0
3175,91.0,68.0,3257.0
3176,91.0,68.0,3512.0
3177,91.0,68.0,3513.0
3178,91.0,68.0,3768.0
3179,91.0,68.0,3769.0
3180,91.0,69.0,2230.0
3181,91.0,69.0,2486.0
3182,91.0,69.0,2742.0
3183,91.0,69.0,2998.0
3184,91.0,69.0,3254.0
3185,91.0,69.0,3510.0
3186,91.0,69.0,3766.0
3187,91.0,75.0,2228.0
3188,91.0,75.0,2484.0
3189,91.0,75.0,2740.0
3190,91.0,75.0,2996.0
3191,91.0,75.0,3252.0
3192,91.0,75.0,3508.0
3193,91.0,75.0,3764.0
3194,91.0,76.0,2227.0
3195,91.0,76.0,2483.0
3196,91.0,76.0,2739.0
3197,91.0,76.0,2995.0
3198,91.0,76.0,3251.0
3199,91.0,76.0,3507.0
3200,91.0,76.0,3763.0
3201,91.0,99.0,2237.0
3202,91.0,99.0,2238.0
3203,91.0,99.0,2244.0
3204,91.0,99.0,2245.0
3205,91.0,99.0,2493.0
3206,91.0,99.0,2494.0
3207,91.0,99.0,2500.0
3208,91.0,99.0,2501.0
3209,91.0,99.0,2749.0
3210,91.0,99.0,2750.0
3211,91.0,99.0,2756.0
3212,91.0,99.0,2757.0
3213,91.0,99.0,3005.0
3214,91.0,99.0,3006.0
3215,91.0,99.0,3012.0
3216,91.0,99.0,3013.0
3217,91.0,99.0,3261.0
3218,91.0,99.0,3262.0
3219,91.0,99.0,3268.0
3220,91.0,99.0,3269.0
3221,91.0,99.0,3517.0
3222,91.0,99.0,3518.0
3223,91.0,99.0,3524.0
3224,91.0,99.0,3525.0
3225,91.0,99.0,3773.0
3226,91.0,99.0,3774.0
3227,91.0,99.0,3780.0
3228,91.0,99.0,3781.0
3229,91.0,100.0,2234.0
3230,91.0,100.0,2235.0
3231,91.0,100.0,2236.0
3232,91.0,100.0,2242.0
3233,91.0,100.0,2243.0
3234,91.0,100.0,2244.0
3235,91.0,100.0,2245.0
3236,91.0,100.0,2490.0
3237,91.0,100.0,2491.0
3238,91.0,100.0,2492.0
3239,91.0,100.0,2498.0
3240,91.0,100.0,2499.0
3241,91.0,100.0,2500.0
3242,91.0,100.0,2501.0
3243,91.0,100.0,2746.0
3244,91.0,100.0,2747.0
3245,91.0,100.0,2748.0
3246,91.0,100.0,2754.0
3247,91.0,100.0,2755.0
3248,91.0,100.0,2756.0
3249,91.0,100.0,2757.0
3250,91.0,100.0,3002.0
3251,91.0,100.0,3003.0
3252,91.0,100.0,3004.0
3253,91.0,100.0,3010.0
3254,91.0,100.0,3011.0
3255,91.0,100.0,3012.0
3256,91.0,100.0,3013.0
3257,91.0,100.0,3258.0
3258,91.0,100.0,3259.0
3259,91.0,100.0,3260.0
3260,91.0,100.0,3266.0
3261,91.0,100.0,3267.0
3262,91.0,100.0,3268.0
3263,91.0,100.0,3269.0
3264,91.0,100.0,3514.0
3265,91.0,100.0,3515.0
3266,91.0,100.0,3516.0
3267,91.0,100.0,3522.0
3268,91.0,100.0,3523.0
3269,91.0,100.0,3524.0
3270,91.0,100.0,3525.0
3271,91.0,100.0,3770.0
3272,91.0,100.0,3771.0
3273,91.0,100.0,3772.0
3274,91.0,100.0,3778.0
3275,91.0,100.0,3779.0
3276,91.0,100.0,3780.0
3277,91.0,100.0,3781.0
3278,91.0,101.0,2242.0
3279,91.0,101.0,2498.0
3280,91.0,101.0,2754.0
3281,91.0,101.0,3010.0
3282,91.0,101.0,3266.0
3283,91.0,101.0,3522.0
3284,91.0,101.0,3778.0
3285,91.0,102.0,2231.0
3286,91.0,102.0,2232.0
3287,91.0,102.0,2487.0
3288,91.0,102.0,2488.0
3289,91.0,102.0,2743.0
3290,91.0,102.0,2744.0
3291,91.0,102.0,2999.0
3292,91.0,102.0,3000.0
3293,91.0,102.0,3255.0
3294,91.0,102.0,3256.0
3295,91.0,102.0,3511.0
3296,91.0,102.0,3512.0
3297,91.0,102.0,3767.0
3298,91.0,102.0,3768.0
3299,91.0,103.0,2231.0
3300,91.0,103.0,2232.0
3301,91.0,103.0,2233.0
3302,91.0,103.0,2487.0
3303,91.0,103.0,2488.0
3304,91.0,103.0,2489.0
3305,91.0,103.0,2743.0
3306,91.0,103.0,2744.0
3307,91.0,103.0,2745.0
3308,91.0,103.0,2999.0
3309,91.0,103.0,3000.0
3310,91.0,103.0,3001.0
3311,91.0,103.0,3255.0
3312,91.0,103.0,3256.0
3313,91.0,103.0,3257.0
3314,91.0,103.0,3511.0
3315,91.0,103.0,3512.0
3316,91.0,103.0,3513.0
3317,91.0,103.0,3767.0
3318,91.0,103.0,3768.0
3319,91.0,103.0,3769.0
3320,91.0,104.0,2218.0
3321,91.0,104.0,2219.0
3322,91.0,104.0,2229.0
3323,91.0,104.0,2230.0
3324,91.0,104.0,2231.0
3325,91.0,104.0,2232.0
3326,91.0,104.0,2233.0
3327,91.0,104.0,2485.0
3328,91.0,104.0,2486.0
3329,91.0,104.0,2487.0
3330,91.0,104.0,2488.0
3331,91.0,104.0,2489.0
3332,91.0,104.0,2741.0
3333,91.0,104.0,2742.0
3334,91.0,104.0,2743.0
3335,91.0,104.0,2744.0
3336,91.0,104.0,2745.0
3337,91.0,104.0,2997.0
3338,91.0,104.0,2998.0
3339,91.0,104.0,2999.0
3340,91.0,104.0,3000.0
3341,91.0,104.0,3001.0
3342,91.0,104.0,3253.0
3343,91.0,104.0,3254.0
3344,91.0,104.0,3255.0
3345,91.0,104.0,3256.0
3346,91.0,104.0,3257.0
3347,91.0,104.0,3509.0
3348,91.0,104.0,3510.0
3349,91.0,104.0,3511.0
3350,91.0,104.0,3512.0
3351,91.0,104.0,3513.0
3352,91.0,104.0,3765.0
3353,91.0,104.0,3766.0
3354,91.0,104.0,3767.0
3355,91.0,104.0,3768.0
3356,91.0,104.0,3769.0
3357,92.0,31.0,2213.0
3358,92.0,31.0,2214.0
3359,92.0,31.0,2215.0
3360,92.0,36.0,2206.0
3361,92.0,39.0,2201.0
3362,92.0,39.0,2202.0
3363,92.0,39.0,2457.0
3364,92.0,39.0,2458.0
3365,92.0,39.0,2713.0
3366,92.0,39.0,2714.0
3367,92.0,39.0,2969.0
3368,92.0,39.0,2970.0
3369,92.0,39.0,3225.0
3370,92.0,39.0,3226.0
3371,92.0,39.0,3481.0
3372,92.0,39.0,3482.0
3373,92.0,39.0,3737.0
3374,92.0,39.0,3738.0
3375,92.0,40.0,2198.0
3376,92.0,40.0,2199.0
3377,92.0,40.0,2200.0
3378,92.0,40.0,2201.0
3379,92.0,40.0,2202.0
3380,92.0,40.0,2454.0
3381,92.0,40.0,2455.0
3382,92.0,40.0,2456.0
3383,92.0,40.0,2457.0
3384,92.0,40.0,2458.0
3385,92.0,40.0,2710.0
3386,92.0,40.0,2711.0
3387,92.0,40.0,2712.0
3388,92.0,40.0,2713.0
3389,92.0,40.0,2714.0
3390,92.0,40.0,2966.0
3391,92.0,40.0,2967.0
3392,92.0,40.0,2968.0
3393,92.0,40.0,2969.0
3394,92.0,40.0,2970.0
3395,92.0,40.0,3222.0
3396,92.0,40.0,3223.0
3397,92.0,40.0,3224.0
3398,92.0,40.0,3225.0
3399,92.0,40.0,3226.0
3400,92.0,40.0,3478.0
3401,92.0,40.0,3479.0
3402,92.0,40.0,3480.0
3403,92.0,40.0,3481.0
3404,92.0,40.0,3482.0
3405,92.0,40.0,3734.0
3406,92.0,40.0,3735.0
3407,92.0,40.0,3736.0
3408,92.0,40.0,3737.0
3409,92.0,40.0,3738.0
3410,92.0,41.0,2198.0
3411,92.0,41.0,2199.0
3412,92.0,41.0,2212.0
3413,92.0,41.0,2454.0
3414,92.0,41.0,2455.0
3415,92.0,41.0,2468.0
3416,92.0,41.0,2710.0
3417,92.0,41.0,2711.0
3418,92.0,41.0,2724.0
3419,92.0,41.0,2966.0
3420,92.0,41.0,2967.0
3421,92.0,41.0,2980.0
3422,92.0,41.0,3222.0
3423,92.0,41.0,3223.0
3424,92.0,41.0,3236.0
3425,92.0,41.0,3478.0
3426,92.0,41.0,3479.0
3427,92.0,41.0,3492.0
3428,92.0,41.0,3734.0
3429,92.0,41.0,3735.0
3430,92.0,41.0,3748.0
3431,92.0,43.0,2209.0
3432,92.0,43.0,2465.0
3433,92.0,43.0,2721.0
3434,92.0,43.0,2977.0
3435,92.0,43.0,3233.0
3436,92.0,43.0,3489.0
3437,92.0,43.0,3745.0
3438,92.0,44.0,2208.0
3439,92.0,44.0,2209.0
3440,92.0,44.0,2464.0
3441,92.0,44.0,2465.0
3442,92.0,44.0,2720.0
3443,92.0,44.0,2721.0
3444,92.0,44.0,2976.0
3445,92.0,44.0,2977.0
3446,92.0,44.0,3232.0
3447,92.0,44.0,3233.0
3448,92.0,44.0,3488.0
3449,92.0,44.0,3489.0
3450,92.0,44.0,3744.0
3451,92.0,44.0,3745.0
3452,92.0,49.0,2234.0
3453,92.0,50.0,2211.0
3454,92.0,50.0,2467.0
3455,92.0,50.0,2723.0
3456,92.0,50.0,2979.0
3457,92.0,50.0,3235.0
3458,92.0,50.0,3491.0
3459,92.0,50.0,3747.0
3460,92.0,51.0,2212.0
3461,92.0,51.0,2213.0
3462,92.0,51.0,2468.0
3463,92.0,51.0,2469.0
3464,92.0,51.0,2724.0
3465,92.0,51.0,2725.0
3466,92.0,51.0,2980.0
3467,92.0,51.0,2981.0
3468,92.0,51.0,3236.0
3469,92.0,51.0,3237.0
3470,92.0,51.0,3492.0
3471,92.0,51.0,3493.0
3472,92.0,51.0,3748.0
3473,92.0,51.0,3749.0
3474,92.0,53.0,2225.0
3475,92.0,53.0,2226.0
3476,92.0,54.0,2223.0
3477,92.0,54.0,2225.0
3478,92.0,54.0,2226.0
3479,92.0,57.0,2206.0
3480,92.0,58.0,2205.0
3481,92.0,62.0,2239.0
3482,92.0,62.0,2240.0
3483,92.0,62.0,2495.0
3484,92.0,62.0,2496.0
3485,92.0,62.0,2751.0
3486,92.0,62.0,2752.0
3487,92.0,62.0,3007.0
3488,92.0,62.0,3008.0
3489,92.0,62.0,3263.0
3490,92.0,62.0,3264.0
3491,92.0,62.0,3519.0
3492,92.0,62.0,3520.0
3493,92.0,62.0,3775.0
3494,92.0,62.0,3776.0
3495,92.0,63.0,2237.0
3496,92.0,63.0,2238.0
3497,92.0,63.0,2493.0
3498,92.0,63.0,2494.0
3499,92.0,63.0,2749.0
3500,92.0,63.0,2750.0
3501,92.0,63.0,3005.0
3502,92.0,63.0,3006.0
3503,92.0,63.0,3261.0
3504,92.0,63.0,3262.0
3505,92.0,63.0,3517.0
3506,92.0,63.0,3518.0
3507,92.0,63.0,3773.0
3508,92.0,63.0,3774.0
3509,92.0,74.0,2233.0
3510,92.0,74.0,2234.0
3511,92.0,74.0,2489.0
3512,92.0,74.0,2490.0
3513,92.0,74.0,2745.0
3514,92.0,74.0,2746.0
3515,92.0,74.0,3001.0
3516,92.0,74.0,3002.0
3517,92.0,74.0,3257.0
3518,92.0,74.0,3258.0
3519,92.0,74.0,3513.0
3520,92.0,74.0,3514.0
3521,92.0,74.0,3769.0
3522,92.0,74.0,3770.0
3523,92.0,75.0,2226.0
3524,92.0,75.0,2227.0
3525,92.0,75.0,2228.0
3526,92.0,75.0,2482.0
3527,92.0,75.0,2483.0
3528,92.0,75.0,2484.0
3529,92.0,75.0,2738.0
3530,92.0,75.0,2739.0
3531,92.0,75.0,2740.0
3532,92.0,75.0,2994.0
3533,92.0,75.0,2995.0
3534,92.0,75.0,2996.0
3535,92.0,75.0,3250.0
3536,92.0,75.0,3251.0
3537,92.0,75.0,3252.0
3538,92.0,75.0,3506.0
3539,92.0,75.0,3507.0
3540,92.0,75.0,3508.0
3541,92.0,75.0,3762.0
3542,92.0,75.0,3763.0
3543,92.0,75.0,3764.0
3544,92.0,76.0,2227.0
3545,92.0,76.0,2483.0
3546,92.0,76.0,2739.0
3547,92.0,76.0,2995.0
3548,92.0,76.0,3251.0
3549,92.0,76.0,3507.0
3550,92.0,76.0,3763.0
3551,92.0,78.0,2252.0
3552,92.0,78.0,2253.0
3553,92.0,78.0,2764.0
3554,92.0,78.0,2765.0
3555,92.0,78.0,3020.0
3556,92.0,78.0,3021.0
3557,92.0,78.0,3276.0
3558,92.0,78.0,3277.0
3559,92.0,78.0,3532.0
3560,92.0,78.0,3533.0
3561,92.0,78.0,3788.0
3562,92.0,78.0,3789.0
3563,92.0,79.0,2253.0
3564,92.0,79.0,2765.0
3565,92.0,79.0,3021.0
3566,92.0,79.0,3277.0
3567,92.0,79.0,3533.0
3568,92.0,79.0,3789.0
3569,92.0,88.0,2248.0
3570,92.0,88.0,2249.0
3571,92.0,88.0,2504.0
3572,92.0,88.0,2505.0
3573,92.0,88.0,2760.0
3574,92.0,88.0,2761.0
3575,92.0,88.0,3016.0
3576,92.0,88.0,3017.0
3577,92.0,88.0,3272.0
3578,92.0,88.0,3273.0
3579,92.0,88.0,3528.0
3580,92.0,88.0,3529.0
3581,92.0,88.0,3784.0
3582,92.0,88.0,3785.0
3583,92.0,99.0,2236.0
3584,92.0,99.0,2237.0
3585,92.0,99.0,2238.0
3586,92.0,99.0,2242.0
3587,92.0,99.0,2243.0
3588,92.0,99.0,2492.0
3589,92.0,99.0,2493.0
3590,92.0,99.0,2494.0
3591,92.0,99.0,2498.0
3592,92.0,99.0,2499.0
3593,92.0,99.0,2748.0
3594,92.0,99.0,2749.0
3595,92.0,99.0,2750.0
3596,92.0,99.0,2754.0
3597,92.0,99.0,2755.0
3598,92.0,99.0,3004.0
3599,92.0,99.0,3005.0
3600,92.0,99.0,3006.0
3601,92.0,99.0,3010.0
3602,92.0,99.0,3011.0
3603,92.0,99.0,3260.0
3604,92.0,99.0,3261.0
3605,92.0,99.0,3262.0
3606,92.0,99.0,3266.0
3607,92.0,99.0,3267.0
3608,92.0,99.0,3516.0
3609,92.0,99.0,3517.0
3610,92.0,99.0,3518.0
3611,92.0,99.0,3522.0
3612,92.0,99.0,3523.0
3613,92.0,99.0,3772.0
3614,92.0,99.0,3773.0
3615,92.0,99.0,3774.0
3616,92.0,99.0,3778.0
3617,92.0,99.0,3779.0
3618,92.0,100.0,2242.0
3619,92.0,100.0,2243.0
3620,92.0,100.0,2498.0
3621,92.0,100.0,2499.0
3622,92.0,100.0,2754.0
3623,92.0,100.0,2755.0
3624,92.0,100.0,3010.0
3625,92.0,100.0,3011.0
3626,92.0,100.0,3266.0
3627,92.0,100.0,3267.0
3628,92.0,100.0,3522.0
3629,92.0,100.0,3523.0
3630,92.0,100.0,3778.0
3631,92.0,100.0,3779.0
3632,92.0,103.0,2231.0
3633,92.0,103.0,2232.0
3634,92.0,103.0,2235.0
3635,92.0,103.0,2487.0
3636,92.0,103.0,2488.0
3637,92.0,103.0,2491.0
3638,92.0,103.0,2743.0
3639,92.0,103.0,2744.0
3640,92.0,103.0,2747.0
3641,92.0,103.0,2999.0
3642,92.0,103.0,3000.0
3643,92.0,103.0,3003.0
3644,92.0,103.0,3255.0
3645,92.0,103.0,3256.0
3646,92.0,103.0,3259.0
3647,92.0,103.0,3511.0
3648,92.0,103.0,3512.0
3649,92.0,103.0,3515.0
3650,92.0,103.0,3767.0
3651,92.0,103.0,3768.0
3652,92.0,103.0,3771.0
3653,92.0,104.0,2232.0
3654,92.0,104.0,2233.0
3655,92.0,104.0,2234.0
3656,92.0,104.0,2488.0
3657,92.0,104.0,2489.0
3658,92.0,104.0,2490.0
3659,92.0,104.0,2744.0
3660,92.0,104.0,2745.0
3661,92.0,104.0,2746.0
3662,92.0,104.0,3000.0
3663,92.0,104.0,3001.0
3664,92.0,104.0,3002.0
3665,92.0,104.0,3256.0
3666,92.0,104.0,3257.0
3667,92.0,104.0,3258.0
3668,92.0,104.0,3512.0
3669,92.0,104.0,3513.0
3670,92.0,104.0,3514.0
3671,92.0,104.0,3768.0
3672,92.0,104.0,3769.0
3673,92.0,104.0,3770.0
3674,92.0,105.0,2246.0
3675,92.0,106.0,2245.0
3676,93.0,36.0,2207.0
3677,93.0,37.0,2206.0
3678,93.0,37.0,2207.0
3679,93.0,37.0,2208.0
3680,93.0,41.0,2212.0
3681,93.0,41.0,2468.0
3682,93.0,41.0,2724.0
3683,93.0,41.0,2980.0
3684,93.0,41.0,3236.0
3685,93.0,41.0,3492.0
3686,93.0,41.0,3748.0
3687,93.0,42.0,2212.0
3688,93.0,42.0,2213.0
3689,93.0,42.0,2468.0
3690,93.0,42.0,2469.0
3691,93.0,42.0,2724.0
3692,93.0,42.0,2725.0
3693,93.0,42.0,2980.0
3694,93.0,42.0,2981.0
3695,93.0,42.0,3236.0
3696,93.0,42.0,3237.0
3697,93.0,42.0,3492.0
3698,93.0,42.0,3493.0
3699,93.0,42.0,3748.0
3700,93.0,42.0,3749.0
3701,93.0,44.0,2208.0
3702,93.0,44.0,2209.0
3703,93.0,44.0,2215.0
3704,93.0,44.0,2216.0
3705,93.0,44.0,2464.0
3706,93.0,44.0,2465.0
3707,93.0,44.0,2720.0
3708,93.0,44.0,2721.0
3709,93.0,44.0,2727.0
3710,93.0,44.0,2728.0
3711,93.0,44.0,2976.0
3712,93.0,44.0,2977.0
3713,93.0,44.0,2983.0
3714,93.0,44.0,2984.0
3715,93.0,44.0,3232.0
3716,93.0,44.0,3233.0
3717,93.0,44.0,3239.0
3718,93.0,44.0,3240.0
3719,93.0,44.0,3488.0
3720,93.0,44.0,3489.0
3721,93.0,44.0,3744.0
3722,93.0,44.0,3745.0
3723,93.0,44.0,3751.0
3724,93.0,44.0,3752.0
3725,93.0,45.0,2206.0
3726,93.0,45.0,2207.0
3727,93.0,45.0,2208.0
3728,93.0,45.0,2209.0
3729,93.0,45.0,2462.0
3730,93.0,45.0,2463.0
3731,93.0,45.0,2464.0
3732,93.0,45.0,2465.0
3733,93.0,45.0,2718.0
3734,93.0,45.0,2719.0
3735,93.0,45.0,2720.0
3736,93.0,45.0,2721.0
3737,93.0,45.0,2974.0
3738,93.0,45.0,2975.0
3739,93.0,45.0,2976.0
3740,93.0,45.0,2977.0
3741,93.0,45.0,3230.0
3742,93.0,45.0,3231.0
3743,93.0,45.0,3232.0
3744,93.0,45.0,3233.0
3745,93.0,45.0,3486.0
3746,93.0,45.0,3487.0
3747,93.0,45.0,3488.0
3748,93.0,45.0,3489.0
3749,93.0,45.0,3742.0
3750,93.0,45.0,3743.0
3751,93.0,45.0,3744.0
3752,93.0,45.0,3745.0
3753,93.0,46.0,2206.0
3754,93.0,46.0,2462.0
3755,93.0,46.0,2718.0
3756,93.0,46.0,2974.0
3757,93.0,46.0,3230.0
3758,93.0,46.0,3486.0
3759,93.0,46.0,3742.0
3760,93.0,47.0,2216.0
3761,93.0,47.0,2472.0
3762,93.0,47.0,2728.0
3763,93.0,47.0,2984.0
3764,93.0,47.0,3240.0
3765,93.0,47.0,3496.0
3766,93.0,47.0,3752.0
3767,93.0,48.0,2213.0
3768,93.0,48.0,2214.0
3769,93.0,48.0,2215.0
3770,93.0,48.0,2469.0
3771,93.0,48.0,2470.0
3772,93.0,48.0,2471.0
3773,93.0,48.0,2725.0
3774,93.0,48.0,2726.0
3775,93.0,48.0,2727.0
3776,93.0,48.0,2981.0
3777,93.0,48.0,2982.0
3778,93.0,48.0,2983.0
3779,93.0,48.0,3237.0
3780,93.0,48.0,3238.0
3781,93.0,48.0,3239.0
3782,93.0,48.0,3493.0
3783,93.0,48.0,3494.0
3784,93.0,48.0,3495.0
3785,93.0,48.0,3749.0
3786,93.0,48.0,3750.0
3787,93.0,48.0,3751.0
3788,93.0,50.0,2211.0
3789,93.0,50.0,2212.0
3790,93.0,50.0,2467.0
3791,93.0,50.0,2468.0
3792,93.0,50.0,2723.0
3793,93.0,50.0,2724.0
3794,93.0,50.0,2979.0
3795,93.0,50.0,2980.0
3796,93.0,50.0,3235.0
3797,93.0,50.0,3236.0
3798,93.0,50.0,3491.0
3799,93.0,50.0,3492.0
3800,93.0,50.0,3747.0
3801,93.0,50.0,3748.0
3802,93.0,51.0,2211.0
3803,93.0,51.0,2212.0
3804,93.0,51.0,2213.0
3805,93.0,51.0,2231.0
3806,93.0,51.0,2232.0
3807,93.0,51.0,2467.0
3808,93.0,51.0,2468.0
3809,93.0,51.0,2469.0
3810,93.0,51.0,2487.0
3811,93.0,51.0,2488.0
3812,93.0,51.0,2723.0
3813,93.0,51.0,2724.0
3814,93.0,51.0,2725.0
3815,93.0,51.0,2743.0
3816,93.0,51.0,2744.0
3817,93.0,51.0,2979.0
3818,93.0,51.0,2980.0
3819,93.0,51.0,2981.0
3820,93.0,51.0,2999.0
3821,93.0,51.0,3000.0
3822,93.0,51.0,3235.0
3823,93.0,51.0,3236.0
3824,93.0,51.0,3237.0
3825,93.0,51.0,3255.0
3826,93.0,51.0,3256.0
3827,93.0,51.0,3491.0
3828,93.0,51.0,3492.0
3829,93.0,51.0,3493.0
3830,93.0,51.0,3511.0
3831,93.0,51.0,3512.0
3832,93.0,51.0,3747.0
3833,93.0,51.0,3748.0
3834,93.0,51.0,3749.0
3835,93.0,51.0,3767.0
3836,93.0,51.0,3768.0
3837,93.0,56.0,2209.0
3838,93.0,56.0,2210.0
3839,93.0,56.0,2211.0
3840,93.0,56.0,2212.0
3841,93.0,56.0,2213.0
3842,93.0,56.0,2465.0
3843,93.0,56.0,2466.0
3844,93.0,56.0,2467.0
3845,93.0,56.0,2721.0
3846,93.0,56.0,2722.0
3847,93.0,56.0,2723.0
3848,93.0,56.0,2977.0
3849,93.0,56.0,2978.0
3850,93.0,56.0,2979.0
3851,93.0,56.0,3233.0
3852,93.0,56.0,3234.0
3853,93.0,56.0,3235.0
3854,93.0,56.0,3489.0
3855,93.0,56.0,3490.0
3856,93.0,56.0,3491.0
3857,93.0,56.0,3745.0
3858,93.0,56.0,3746.0
3859,93.0,56.0,3747.0
3860,93.0,57.0,2207.0
3861,93.0,57.0,2208.0
3862,93.0,57.0,2463.0
3863,93.0,57.0,2464.0
3864,93.0,57.0,2719.0
3865,93.0,57.0,2720.0
3866,93.0,57.0,2975.0
3867,93.0,57.0,2976.0
3868,93.0,57.0,3231.0
3869,93.0,57.0,3232.0
3870,93.0,57.0,3487.0
3871,93.0,57.0,3488.0
3872,93.0,57.0,3743.0
3873,93.0,57.0,3744.0
3874,93.0,62.0,2239.0
3875,93.0,62.0,2240.0
3876,93.0,62.0,2495.0
3877,93.0,62.0,2496.0
3878,93.0,62.0,2751.0
3879,93.0,62.0,2752.0
3880,93.0,62.0,3007.0
3881,93.0,62.0,3008.0
3882,93.0,62.0,3263.0
3883,93.0,62.0,3264.0
3884,93.0,62.0,3519.0
3885,93.0,62.0,3520.0
3886,93.0,62.0,3775.0
3887,93.0,62.0,3776.0
3888,93.0,63.0,2236.0
3889,93.0,63.0,2237.0
3890,93.0,63.0,2238.0
3891,93.0,63.0,2492.0
3892,93.0,63.0,2493.0
3893,93.0,63.0,2494.0
3894,93.0,63.0,2748.0
3895,93.0,63.0,2749.0
3896,93.0,63.0,2750.0
3897,93.0,63.0,3004.0
3898,93.0,63.0,3005.0
3899,93.0,63.0,3006.0
3900,93.0,63.0,3260.0
3901,93.0,63.0,3261.0
3902,93.0,63.0,3262.0
3903,93.0,63.0,3516.0
3904,93.0,63.0,3517.0
3905,93.0,63.0,3518.0
3906,93.0,63.0,3772.0
3907,93.0,63.0,3773.0
3908,93.0,63.0,3774.0
3909,93.0,64.0,2235.0
3910,93.0,64.0,2491.0
3911,93.0,64.0,2747.0
3912,93.0,64.0,3003.0
3913,93.0,64.0,3259.0
3914,93.0,64.0,3515.0
3915,93.0,64.0,3771.0
3916,93.0,65.0,2233.0
3917,93.0,65.0,2234.0
3918,93.0,65.0,2235.0
3919,93.0,66.0,2234.0
3920,93.0,69.0,2226.0
3921,93.0,69.0,2227.0
3922,93.0,69.0,2482.0
3923,93.0,69.0,2483.0
3924,93.0,69.0,2738.0
3925,93.0,69.0,2739.0
3926,93.0,69.0,2994.0
3927,93.0,69.0,2995.0
3928,93.0,69.0,3250.0
3929,93.0,69.0,3251.0
3930,93.0,69.0,3506.0
3931,93.0,69.0,3507.0
3932,93.0,69.0,3762.0
3933,93.0,69.0,3763.0
3934,93.0,70.0,2224.0
3935,93.0,70.0,2225.0
3936,93.0,70.0,2480.0
3937,93.0,70.0,2481.0
3938,93.0,70.0,2736.0
3939,93.0,70.0,2737.0
3940,93.0,70.0,2992.0
3941,93.0,70.0,2993.0
3942,93.0,70.0,3248.0
3943,93.0,70.0,3249.0
3944,93.0,70.0,3504.0
3945,93.0,70.0,3505.0
3946,93.0,70.0,3760.0
3947,93.0,70.0,3761.0
3948,93.0,72.0,2234.0
3949,93.0,72.0,2235.0
3950,93.0,72.0,2236.0
3951,93.0,72.0,2490.0
3952,93.0,72.0,2491.0
3953,93.0,72.0,2492.0
3954,93.0,72.0,2746.0
3955,93.0,72.0,2747.0
3956,93.0,72.0,2748.0
3957,93.0,72.0,3002.0
3958,93.0,72.0,3003.0
3959,93.0,72.0,3004.0
3960,93.0,72.0,3258.0
3961,93.0,72.0,3259.0
3962,93.0,72.0,3260.0
3963,93.0,72.0,3514.0
3964,93.0,72.0,3515.0
3965,93.0,72.0,3516.0
3966,93.0,72.0,3770.0
3967,93.0,72.0,3771.0
3968,93.0,72.0,3772.0
3969,93.0,73.0,2232.0
3970,93.0,73.0,2233.0
3971,93.0,73.0,2234.0
3972,93.0,73.0,2235.0
3973,93.0,73.0,2488.0
3974,93.0,73.0,2489.0
3975,93.0,73.0,2490.0
3976,93.0,73.0,2491.0
3977,93.0,73.0,2744.0
3978,93.0,73.0,2745.0
3979,93.0,73.0,2746.0
3980,93.0,73.0,2747.0
3981,93.0,73.0,3000.0
3982,93.0,73.0,3001.0
3983,93.0,73.0,3002.0
3984,93.0,73.0,3003.0
3985,93.0,73.0,3256.0
3986,93.0,73.0,3257.0
3987,93.0,73.0,3258.0
3988,93.0,73.0,3259.0
3989,93.0,73.0,3512.0
3990,93.0,73.0,3513.0
3991,93.0,73.0,3514.0
3992,93.0,73.0,3515.0
3993,93.0,73.0,3768.0
3994,93.0,73.0,3769.0
3995,93.0,73.0,3770.0
3996,93.0,73.0,3771.0
3997,93.0,74.0,2233.0
3998,93.0,74.0,2234.0
3999,93.0,74.0,2247.0
4000,93.0,74.0,2248.0
4001,93.0,74.0,2249.0
4002,93.0,74.0,2489.0
4003,93.0,74.0,2490.0
4004,93.0,74.0,2745.0
4005,93.0,74.0,2746.0
4006,93.0,74.0,2759.0
4007,93.0,74.0,2760.0
4008,93.0,74.0,2761.0
4009,93.0,74.0,3001.0
4010,93.0,74.0,3002.0
4011,93.0,74.0,3015.0
4012,93.0,74.0,3016.0
4013,93.0,74.0,3017.0
4014,93.0,74.0,3257.0
4015,93.0,74.0,3258.0
4016,93.0,74.0,3271.0
4017,93.0,74.0,3272.0
4018,93.0,74.0,3273.0
4019,93.0,74.0,3513.0
4020,93.0,74.0,3514.0
4021,93.0,74.0,3769.0
4022,93.0,74.0,3770.0
4023,93.0,74.0,3783.0
4024,93.0,74.0,3784.0
4025,93.0,74.0,3785.0
4026,93.0,75.0,2226.0
4027,93.0,75.0,2227.0
4028,93.0,75.0,2246.0
4029,93.0,75.0,2482.0
4030,93.0,75.0,2483.0
4031,93.0,75.0,2738.0
4032,93.0,75.0,2739.0
4033,93.0,75.0,2758.0
4034,93.0,75.0,2994.0
4035,93.0,75.0,2995.0
4036,93.0,75.0,3014.0
4037,93.0,75.0,3250.0
4038,93.0,75.0,3251.0
4039,93.0,75.0,3270.0
4040,93.0,75.0,3506.0
4041,93.0,75.0,3507.0
4042,93.0,75.0,3762.0
4043,93.0,75.0,3763.0
4044,93.0,75.0,3782.0
4045,93.0,77.0,2253.0
4046,93.0,77.0,2765.0
4047,93.0,77.0,3021.0
4048,93.0,77.0,3277.0
4049,93.0,77.0,3533.0
4050,93.0,77.0,3789.0
4051,93.0,78.0,2231.0
4052,93.0,78.0,2232.0
4053,93.0,78.0,2252.0
4054,93.0,78.0,2253.0
4055,93.0,78.0,2487.0
4056,93.0,78.0,2488.0
4057,93.0,78.0,2743.0
4058,93.0,78.0,2744.0
4059,93.0,78.0,2764.0
4060,93.0,78.0,2765.0
4061,93.0,78.0,2999.0
4062,93.0,78.0,3000.0
4063,93.0,78.0,3020.0
4064,93.0,78.0,3021.0
4065,93.0,78.0,3255.0
4066,93.0,78.0,3256.0
4067,93.0,78.0,3276.0
4068,93.0,78.0,3277.0
4069,93.0,78.0,3511.0
4070,93.0,78.0,3512.0
4071,93.0,78.0,3532.0
4072,93.0,78.0,3533.0
4073,93.0,78.0,3767.0
4074,93.0,78.0,3768.0
4075,93.0,78.0,3788.0
4076,93.0,78.0,3789.0
4077,93.0,88.0,2247.0
4078,93.0,88.0,2248.0
4079,93.0,88.0,2249.0
4080,93.0,88.0,2503.0
4081,93.0,88.0,2504.0
4082,93.0,88.0,2505.0
4083,93.0,88.0,2759.0
4084,93.0,88.0,2760.0
4085,93.0,88.0,2761.0
4086,93.0,88.0,3015.0
4087,93.0,88.0,3016.0
4088,93.0,88.0,3017.0
4089,93.0,88.0,3271.0
4090,93.0,88.0,3272.0
4091,93.0,88.0,3273.0
4092,93.0,88.0,3527.0
4093,93.0,88.0,3528.0
4094,93.0,88.0,3529.0
4095,93.0,88.0,3783.0
4096,93.0,88.0,3784.0
4097,93.0,88.0,3785.0
4098,93.0,98.0,2236.0
4099,93.0,98.0,2237.0
4100,93.0,98.0,2242.0
4101,93.0,98.0,2492.0
4102,93.0,98.0,2493.0
4103,93.0,98.0,2498.0
4104,93.0,98.0,2748.0
4105,93.0,98.0,2749.0
4106,93.0,98.0,2754.0
4107,93.0,98.0,3004.0
4108,93.0,98.0,3005.0
4109,93.0,98.0,3010.0
4110,93.0,98.0,3260.0
4111,93.0,98.0,3261.0
4112,93.0,98.0,3266.0
4113,93.0,98.0,3516.0
4114,93.0,98.0,3517.0
4115,93.0,98.0,3522.0
4116,93.0,98.0,3772.0
4117,93.0,98.0,3773.0
4118,93.0,98.0,3778.0
4119,93.0,99.0,2236.0
4120,93.0,99.0,2241.0
4121,93.0,99.0,2242.0
4122,93.0,99.0,2243.0
4123,93.0,99.0,2492.0
4124,93.0,99.0,2497.0
4125,93.0,99.0,2498.0
4126,93.0,99.0,2499.0
4127,93.0,99.0,2748.0
4128,93.0,99.0,2753.0
4129,93.0,99.0,2754.0
4130,93.0,99.0,2755.0
4131,93.0,99.0,3004.0
4132,93.0,99.0,3009.0
4133,93.0,99.0,3010.0
4134,93.0,99.0,3011.0
4135,93.0,99.0,3260.0
4136,93.0,99.0,3265.0
4137,93.0,99.0,3266.0
4138,93.0,99.0,3267.0
4139,93.0,99.0,3516.0
4140,93.0,99.0,3521.0
4141,93.0,99.0,3522.0
4142,93.0,99.0,3523.0
4143,93.0,99.0,3772.0
4144,93.0,99.0,3777.0
4145,93.0,99.0,3778.0
4146,93.0,99.0,3779.0
4147,93.0,104.0,2230.0
4148,93.0,104.0,2231.0
4149,93.0,104.0,2486.0
4150,93.0,104.0,2487.0
4151,93.0,104.0,2742.0
4152,93.0,104.0,2743.0
4153,93.0,104.0,2998.0
4154,93.0,104.0,2999.0
4155,93.0,104.0,3254.0
4156,93.0,104.0,3255.0
4157,93.0,104.0,3510.0
4158,93.0,104.0,3511.0
4159,93.0,104.0,3766.0
4160,93.0,104.0,3767.0
4161,93.0,105.0,2244.0
4162,93.0,105.0,2245.0
4163,93.0,105.0,2500.0
4164,93.0,105.0,2501.0
4165,93.0,105.0,2756.0
4166,93.0,105.0,2757.0
4167,93.0,105.0,3012.0
4168,93.0,105.0,3013.0
4169,93.0,105.0,3268.0
4170,93.0,105.0,3269.0
4171,93.0,105.0,3524.0
4172,93.0,105.0,3525.0
4173,93.0,105.0,3780.0
4174,93.0,105.0,3781.0
4175,93.0,113.0,2233.0
4176,93.0,116.0,2231.0
4177,93.0,116.0,2232.0
4178,94.0,33.0,2192.0
4179,94.0,33.0,2193.0
4180,94.0,33.0,2194.0
4181,94.0,34.0,2197.0
4182,94.0,34.0,2199.0
4183,94.0,34.0,2201.0
4184,94.0,34.0,2455.0
4185,94.0,34.0,2457.0
4186,94.0,34.0,2711.0
4187,94.0,34.0,2713.0
4188,94.0,34.0,2967.0
4189,94.0,34.0,2969.0
4190,94.0,34.0,3223.0
4191,94.0,34.0,3225.0
4192,94.0,34.0,3479.0
4193,94.0,34.0,3481.0
4194,94.0,34.0,3735.0
4195,94.0,34.0,3737.0
4196,94.0,35.0,2198.0
4197,94.0,35.0,2199.0
4198,94.0,35.0,2200.0
4199,94.0,35.0,2454.0
4200,94.0,35.0,2455.0
4201,94.0,35.0,2456.0
4202,94.0,35.0,2710.0
4203,94.0,35.0,2711.0
4204,94.0,35.0,2712.0
4205,94.0,35.0,2966.0
4206,94.0,35.0,2967.0
4207,94.0,35.0,2968.0
4208,94.0,35.0,3222.0
4209,94.0,35.0,3223.0
4210,94.0,35.0,3224.0
4211,94.0,35.0,3478.0
4212,94.0,35.0,3479.0
4213,94.0,35.0,3480.0
4214,94.0,35.0,3734.0
4215,94.0,35.0,3735.0
4216,94.0,35.0,3736.0
4217,94.0,42.0,2211.0
4218,94.0,42.0,2212.0
4219,94.0,42.0,2213.0
4220,94.0,42.0,2467.0
4221,94.0,42.0,2468.0
4222,94.0,42.0,2469.0
4223,94.0,42.0,2723.0
4224,94.0,42.0,2724.0
4225,94.0,42.0,2725.0
4226,94.0,42.0,2979.0
4227,94.0,42.0,2980.0
4228,94.0,42.0,2981.0
4229,94.0,42.0,3235.0
4230,94.0,42.0,3236.0
4231,94.0,42.0,3237.0
4232,94.0,42.0,3491.0
4233,94.0,42.0,3492.0
4234,94.0,42.0,3493.0
4235,94.0,42.0,3747.0
4236,94.0,42.0,3748.0
4237,94.0,42.0,3749.0
4238,94.0,43.0,2216.0
4239,94.0,43.0,2728.0
4240,94.0,43.0,2984.0
4241,94.0,43.0,3240.0
4242,94.0,43.0,3752.0
4243,94.0,44.0,2208.0
4244,94.0,44.0,2209.0
4245,94.0,44.0,2215.0
4246,94.0,44.0,2216.0
4247,94.0,44.0,2464.0
4248,94.0,44.0,2465.0
4249,94.0,44.0,2720.0
4250,94.0,44.0,2721.0
4251,94.0,44.0,2727.0
4252,94.0,44.0,2728.0
4253,94.0,44.0,2976.0
4254,94.0,44.0,2977.0
4255,94.0,44.0,2983.0
4256,94.0,44.0,2984.0
4257,94.0,44.0,3232.0
4258,94.0,44.0,3233.0
4259,94.0,44.0,3239.0
4260,94.0,44.0,3240.0
4261,94.0,44.0,3488.0
4262,94.0,44.0,3489.0
4263,94.0,44.0,3744.0
4264,94.0,44.0,3745.0
4265,94.0,44.0,3751.0
4266,94.0,44.0,3752.0
4267,94.0,45.0,2206.0
4268,94.0,45.0,2207.0
4269,94.0,45.0,2208.0
4270,94.0,45.0,2209.0
4271,94.0,45.0,2462.0
4272,94.0,45.0,2463.0
4273,94.0,45.0,2464.0
4274,94.0,45.0,2465.0
4275,94.0,45.0,2718.0
4276,94.0,45.0,2719.0
4277,94.0,45.0,2720.0
4278,94.0,45.0,2721.0
4279,94.0,45.0,2974.0
4280,94.0,45.0,2975.0
4281,94.0,45.0,2976.0
4282,94.0,45.0,2977.0
4283,94.0,45.0,3230.0
4284,94.0,45.0,3231.0
4285,94.0,45.0,3232.0
4286,94.0,45.0,3233.0
4287,94.0,45.0,3486.0
4288,94.0,45.0,3487.0
4289,94.0,45.0,3488.0
4290,94.0,45.0,3489.0
4291,94.0,45.0,3742.0
4292,94.0,45.0,3743.0
4293,94.0,45.0,3744.0
4294,94.0,45.0,3745.0
4295,94.0,46.0,2206.0
4296,94.0,46.0,2207.0
4297,94.0,46.0,2208.0
4298,94.0,46.0,2462.0
4299,94.0,46.0,2463.0
4300,94.0,46.0,2464.0
4301,94.0,46.0,2718.0
4302,94.0,46.0,2719.0
4303,94.0,46.0,2720.0
4304,94.0,46.0,2974.0
4305,94.0,46.0,2975.0
4306,94.0,46.0,2976.0
4307,94.0,46.0,3230.0
4308,94.0,46.0,3231.0
4309,94.0,46.0,3232.0
4310,94.0,46.0,3486.0
4311,94.0,46.0,3487.0
4312,94.0,46.0,3488.0
4313,94.0,46.0,3742.0
4314,94.0,46.0,3743.0
4315,94.0,46.0,3744.0
4316,94.0,48.0,2201.0
4317,94.0,48.0,2215.0
4318,94.0,48.0,2216.0
4319,94.0,48.0,2471.0
4320,94.0,48.0,2472.0
4321,94.0,48.0,2727.0
4322,94.0,48.0,2728.0
4323,94.0,48.0,2983.0
4324,94.0,48.0,2984.0
4325,94.0,48.0,3239.0
4326,94.0,48.0,3240.0
4327,94.0,48.0,3495.0
4328,94.0,48.0,3496.0
4329,94.0,48.0,3751.0
4330,94.0,48.0,3752.0
4331,94.0,49.0,2201.0
4332,94.0,49.0,2202.0
4333,94.0,50.0,2201.0
4334,94.0,50.0,2202.0
4335,94.0,50.0,2211.0
4336,94.0,50.0,2212.0
4337,94.0,50.0,2467.0
4338,94.0,50.0,2468.0
4339,94.0,50.0,2723.0
4340,94.0,50.0,2724.0
4341,94.0,50.0,2979.0
4342,94.0,50.0,2980.0
4343,94.0,50.0,3235.0
4344,94.0,50.0,3236.0
4345,94.0,50.0,3491.0
4346,94.0,50.0,3492.0
4347,94.0,50.0,3747.0
4348,94.0,50.0,3748.0
4349,94.0,51.0,2211.0
4350,94.0,51.0,2231.0
4351,94.0,51.0,2232.0
4352,94.0,51.0,2467.0
4353,94.0,51.0,2487.0
4354,94.0,51.0,2488.0
4355,94.0,51.0,2723.0
4356,94.0,51.0,2743.0
4357,94.0,51.0,2744.0
4358,94.0,51.0,2979.0
4359,94.0,51.0,2999.0
4360,94.0,51.0,3000.0
4361,94.0,51.0,3235.0
4362,94.0,51.0,3255.0
4363,94.0,51.0,3256.0
4364,94.0,51.0,3491.0
4365,94.0,51.0,3511.0
4366,94.0,51.0,3512.0
4367,94.0,51.0,3747.0
4368,94.0,51.0,3767.0
4369,94.0,51.0,3768.0
4370,94.0,53.0,2222.0
4371,94.0,53.0,2223.0
4372,94.0,53.0,2478.0
4373,94.0,53.0,2479.0
4374,94.0,53.0,2734.0
4375,94.0,53.0,2735.0
4376,94.0,53.0,2990.0
4377,94.0,53.0,2991.0
4378,94.0,53.0,3246.0
4379,94.0,53.0,3247.0
4380,94.0,53.0,3502.0
4381,94.0,53.0,3503.0
4382,94.0,53.0,3758.0
4383,94.0,53.0,3759.0
4384,94.0,55.0,2219.0
4385,94.0,55.0,2220.0
4386,94.0,55.0,2475.0
4387,94.0,55.0,2476.0
4388,94.0,55.0,2731.0
4389,94.0,55.0,2732.0
4390,94.0,55.0,2987.0
4391,94.0,55.0,2988.0
4392,94.0,55.0,3243.0
4393,94.0,55.0,3244.0
4394,94.0,55.0,3499.0
4395,94.0,55.0,3500.0
4396,94.0,55.0,3755.0
4397,94.0,55.0,3756.0
4398,94.0,56.0,2209.0
4399,94.0,56.0,2210.0
4400,94.0,56.0,2465.0
4401,94.0,56.0,2466.0
4402,94.0,56.0,2721.0
4403,94.0,56.0,2722.0
4404,94.0,56.0,2977.0
4405,94.0,56.0,2978.0
4406,94.0,56.0,3233.0
4407,94.0,56.0,3234.0
4408,94.0,56.0,3489.0
4409,94.0,56.0,3490.0
4410,94.0,56.0,3745.0
4411,94.0,56.0,3746.0
4412,94.0,57.0,2210.0
4413,94.0,57.0,2219.0
4414,94.0,57.0,2220.0
4415,94.0,57.0,2221.0
4416,94.0,57.0,2466.0
4417,94.0,57.0,2475.0
4418,94.0,57.0,2476.0
4419,94.0,57.0,2477.0
4420,94.0,57.0,2722.0
4421,94.0,57.0,2731.0
4422,94.0,57.0,2732.0
4423,94.0,57.0,2733.0
4424,94.0,57.0,2978.0
4425,94.0,57.0,2987.0
4426,94.0,57.0,2988.0
4427,94.0,57.0,2989.0
4428,94.0,57.0,3234.0
4429,94.0,57.0,3243.0
4430,94.0,57.0,3244.0
4431,94.0,57.0,3245.0
4432,94.0,57.0,3490.0
4433,94.0,57.0,3499.0
4434,94.0,57.0,3500.0
4435,94.0,57.0,3501.0
4436,94.0,57.0,3746.0
4437,94.0,57.0,3755.0
4438,94.0,57.0,3756.0
4439,94.0,57.0,3757.0
4440,94.0,58.0,2199.0
4441,94.0,59.0,2199.0
4442,94.0,59.0,2200.0
4443,94.0,61.0,2223.0
4444,94.0,61.0,2225.0
4445,94.0,61.0,2226.0
4446,94.0,61.0,2227.0
4447,94.0,61.0,2479.0
4448,94.0,61.0,2481.0
4449,94.0,61.0,2482.0
4450,94.0,61.0,2483.0
4451,94.0,61.0,2735.0
4452,94.0,61.0,2737.0
4453,94.0,61.0,2738.0
4454,94.0,61.0,2739.0
4455,94.0,61.0,2991.0
4456,94.0,61.0,2993.0
4457,94.0,61.0,2994.0
4458,94.0,61.0,2995.0
4459,94.0,61.0,3247.0
4460,94.0,61.0,3249.0
4461,94.0,61.0,3250.0
4462,94.0,61.0,3251.0
4463,94.0,61.0,3503.0
4464,94.0,61.0,3505.0
4465,94.0,61.0,3506.0
4466,94.0,61.0,3507.0
4467,94.0,61.0,3759.0
4468,94.0,61.0,3761.0
4469,94.0,61.0,3762.0
4470,94.0,61.0,3763.0
4471,94.0,62.0,2222.0
4472,94.0,62.0,2223.0
4473,94.0,62.0,2224.0
4474,94.0,62.0,2237.0
4475,94.0,62.0,2238.0
4476,94.0,62.0,2478.0
4477,94.0,62.0,2479.0
4478,94.0,62.0,2480.0
4479,94.0,62.0,2493.0
4480,94.0,62.0,2494.0
4481,94.0,62.0,2734.0
4482,94.0,62.0,2735.0
4483,94.0,62.0,2736.0
4484,94.0,62.0,2749.0
4485,94.0,62.0,2750.0
4486,94.0,62.0,2990.0
4487,94.0,62.0,2991.0
4488,94.0,62.0,2992.0
4489,94.0,62.0,3005.0
4490,94.0,62.0,3006.0
4491,94.0,62.0,3246.0
4492,94.0,62.0,3247.0
4493,94.0,62.0,3248.0
4494,94.0,62.0,3261.0
4495,94.0,62.0,3262.0
4496,94.0,62.0,3502.0
4497,94.0,62.0,3503.0
4498,94.0,62.0,3504.0
4499,94.0,62.0,3517.0
4500,94.0,62.0,3518.0
4501,94.0,62.0,3758.0
4502,94.0,62.0,3759.0
4503,94.0,62.0,3760.0
4504,94.0,62.0,3773.0
4505,94.0,62.0,3774.0
4506,94.0,63.0,2236.0
4507,94.0,63.0,2237.0
4508,94.0,63.0,2238.0
4509,94.0,63.0,2492.0
4510,94.0,63.0,2493.0
4511,94.0,63.0,2494.0
4512,94.0,63.0,2748.0
4513,94.0,63.0,2749.0
4514,94.0,63.0,2750.0
4515,94.0,63.0,3004.0
4516,94.0,63.0,3005.0
4517,94.0,63.0,3006.0
4518,94.0,63.0,3260.0
4519,94.0,63.0,3261.0
4520,94.0,63.0,3262.0
4521,94.0,63.0,3516.0
4522,94.0,63.0,3517.0
4523,94.0,63.0,3518.0
4524,94.0,63.0,3772.0
4525,94.0,63.0,3773.0
4526,94.0,63.0,3774.0
4527,94.0,64.0,2235.0
4528,94.0,64.0,2237.0
4529,94.0,64.0,2491.0
4530,94.0,64.0,2493.0
4531,94.0,64.0,2747.0
4532,94.0,64.0,2749.0
4533,94.0,64.0,3003.0
4534,94.0,64.0,3005.0
4535,94.0,64.0,3259.0
4536,94.0,64.0,3261.0
4537,94.0,64.0,3515.0
4538,94.0,64.0,3517.0
4539,94.0,64.0,3771.0
4540,94.0,64.0,3773.0
4541,94.0,65.0,2233.0
4542,94.0,65.0,2234.0
4543,94.0,66.0,2225.0
4544,94.0,66.0,2232.0
4545,94.0,66.0,2233.0
4546,94.0,67.0,2224.0
4547,94.0,68.0,2223.0
4548,94.0,68.0,2245.0
4549,94.0,68.0,2246.0
4550,94.0,69.0,2225.0
4551,94.0,69.0,2226.0
4552,94.0,69.0,2227.0
4553,94.0,69.0,2481.0
4554,94.0,69.0,2482.0
4555,94.0,69.0,2483.0
4556,94.0,69.0,2737.0
4557,94.0,69.0,2738.0
4558,94.0,69.0,2739.0
4559,94.0,69.0,2993.0
4560,94.0,69.0,2994.0
4561,94.0,69.0,2995.0
4562,94.0,69.0,3249.0
4563,94.0,69.0,3250.0
4564,94.0,69.0,3251.0
4565,94.0,69.0,3505.0
4566,94.0,69.0,3506.0
4567,94.0,69.0,3507.0
4568,94.0,69.0,3761.0
4569,94.0,69.0,3762.0
4570,94.0,69.0,3763.0
4571,94.0,72.0,2236.0
4572,94.0,72.0,2492.0
4573,94.0,72.0,2748.0
4574,94.0,72.0,3004.0
4575,94.0,72.0,3260.0
4576,94.0,72.0,3516.0
4577,94.0,72.0,3772.0
4578,94.0,73.0,2232.0
4579,94.0,73.0,2233.0
4580,94.0,73.0,2234.0
4581,94.0,73.0,2235.0
4582,94.0,73.0,2236.0
4583,94.0,73.0,2488.0
4584,94.0,73.0,2489.0
4585,94.0,73.0,2490.0
4586,94.0,73.0,2491.0
4587,94.0,73.0,2492.0
4588,94.0,73.0,2744.0
4589,94.0,73.0,2745.0
4590,94.0,73.0,2746.0
4591,94.0,73.0,2747.0
4592,94.0,73.0,2748.0
4593,94.0,73.0,3000.0
4594,94.0,73.0,3001.0
4595,94.0,73.0,3002.0
4596,94.0,73.0,3003.0
4597,94.0,73.0,3004.0
4598,94.0,73.0,3256.0
4599,94.0,73.0,3257.0
4600,94.0,73.0,3258.0
4601,94.0,73.0,3259.0
4602,94.0,73.0,3260.0
4603,94.0,73.0,3512.0
4604,94.0,73.0,3513.0
4605,94.0,73.0,3514.0
4606,94.0,73.0,3515.0
4607,94.0,73.0,3516.0
4608,94.0,73.0,3768.0
4609,94.0,73.0,3769.0
4610,94.0,73.0,3770.0
4611,94.0,73.0,3771.0
4612,94.0,73.0,3772.0
4613,94.0,74.0,2233.0
4614,94.0,74.0,2234.0
4615,94.0,74.0,2247.0
4616,94.0,74.0,2248.0
4617,94.0,74.0,2249.0
4618,94.0,74.0,2489.0
4619,94.0,74.0,2490.0
4620,94.0,74.0,2745.0
4621,94.0,74.0,2746.0
4622,94.0,74.0,2759.0
4623,94.0,74.0,2760.0
4624,94.0,74.0,2761.0
4625,94.0,74.0,3001.0
4626,94.0,74.0,3002.0
4627,94.0,74.0,3015.0
4628,94.0,74.0,3016.0
4629,94.0,74.0,3017.0
4630,94.0,74.0,3257.0
4631,94.0,74.0,3258.0
4632,94.0,74.0,3271.0
4633,94.0,74.0,3272.0
4634,94.0,74.0,3273.0
4635,94.0,74.0,3513.0
4636,94.0,74.0,3514.0
4637,94.0,74.0,3769.0
4638,94.0,74.0,3770.0
4639,94.0,74.0,3783.0
4640,94.0,74.0,3784.0
4641,94.0,74.0,3785.0
4642,94.0,75.0,2228.0
4643,94.0,75.0,2231.0
4644,94.0,75.0,2232.0
4645,94.0,75.0,2233.0
4646,94.0,75.0,2235.0
4647,94.0,75.0,2246.0
4648,94.0,75.0,2484.0
4649,94.0,75.0,2487.0
4650,94.0,75.0,2488.0
4651,94.0,75.0,2489.0
4652,94.0,75.0,2491.0
4653,94.0,75.0,2740.0
4654,94.0,75.0,2743.0
4655,94.0,75.0,2744.0
4656,94.0,75.0,2745.0
4657,94.0,75.0,2747.0
4658,94.0,75.0,2758.0
4659,94.0,75.0,2996.0
4660,94.0,75.0,2999.0
4661,94.0,75.0,3000.0
4662,94.0,75.0,3001.0
4663,94.0,75.0,3003.0
4664,94.0,75.0,3014.0
4665,94.0,75.0,3252.0
4666,94.0,75.0,3255.0
4667,94.0,75.0,3256.0
4668,94.0,75.0,3257.0
4669,94.0,75.0,3259.0
4670,94.0,75.0,3270.0
4671,94.0,75.0,3508.0
4672,94.0,75.0,3511.0
4673,94.0,75.0,3512.0
4674,94.0,75.0,3513.0
4675,94.0,75.0,3515.0
4676,94.0,75.0,3764.0
4677,94.0,75.0,3767.0
4678,94.0,75.0,3768.0
4679,94.0,75.0,3769.0
4680,94.0,75.0,3771.0
4681,94.0,75.0,3782.0
4682,94.0,78.0,2230.0
4683,94.0,78.0,2231.0
4684,94.0,78.0,2232.0
4685,94.0,78.0,2486.0
4686,94.0,78.0,2487.0
4687,94.0,78.0,2488.0
4688,94.0,78.0,2742.0
4689,94.0,78.0,2743.0
4690,94.0,78.0,2744.0
4691,94.0,78.0,2998.0
4692,94.0,78.0,2999.0
4693,94.0,78.0,3000.0
4694,94.0,78.0,3254.0
4695,94.0,78.0,3255.0
4696,94.0,78.0,3256.0
4697,94.0,78.0,3510.0
4698,94.0,78.0,3511.0
4699,94.0,78.0,3512.0
4700,94.0,78.0,3766.0
4701,94.0,78.0,3767.0
4702,94.0,78.0,3768.0
4703,94.0,79.0,2249.0
4704,94.0,79.0,2761.0
4705,94.0,79.0,3017.0
4706,94.0,79.0,3273.0
4707,94.0,79.0,3529.0
4708,94.0,79.0,3785.0
4709,94.0,80.0,2248.0
4710,94.0,80.0,2760.0
4711,94.0,80.0,3016.0
4712,94.0,80.0,3272.0
4713,94.0,80.0,3528.0
4714,94.0,80.0,3784.0
4715,94.0,88.0,2247.0
4716,94.0,88.0,2248.0
4717,94.0,88.0,2249.0
4718,94.0,88.0,2503.0
4719,94.0,88.0,2504.0
4720,94.0,88.0,2505.0
4721,94.0,88.0,2759.0
4722,94.0,88.0,2760.0
4723,94.0,88.0,2761.0
4724,94.0,88.0,3015.0
4725,94.0,88.0,3016.0
4726,94.0,88.0,3017.0
4727,94.0,88.0,3271.0
4728,94.0,88.0,3272.0
4729,94.0,88.0,3273.0
4730,94.0,88.0,3527.0
4731,94.0,88.0,3528.0
4732,94.0,88.0,3529.0
4733,94.0,88.0,3783.0
4734,94.0,88.0,3784.0
4735,94.0,88.0,3785.0
4736,94.0,98.0,2236.0
4737,94.0,98.0,2237.0
4738,94.0,98.0,2492.0
4739,94.0,98.0,2493.0
4740,94.0,98.0,2748.0
4741,94.0,98.0,2749.0
4742,94.0,98.0,3004.0
4743,94.0,98.0,3005.0
4744,94.0,98.0,3260.0
4745,94.0,98.0,3261.0
4746,94.0,98.0,3516.0
4747,94.0,98.0,3517.0
4748,94.0,98.0,3772.0
4749,94.0,98.0,3773.0
4750,94.0,99.0,2236.0
4751,94.0,99.0,2492.0
4752,94.0,99.0,2748.0
4753,94.0,99.0,3004.0
4754,94.0,99.0,3260.0
4755,94.0,99.0,3516.0
4756,94.0,99.0,3772.0
4757,94.0,102.0,2212.0
4758,94.0,102.0,2213.0
4759,94.0,102.0,2233.0
4760,94.0,102.0,2234.0
4761,94.0,102.0,2240.0
4762,94.0,102.0,2241.0
4763,94.0,102.0,2489.0
4764,94.0,102.0,2490.0
4765,94.0,102.0,2745.0
4766,94.0,102.0,2746.0
4767,94.0,102.0,3001.0
4768,94.0,102.0,3002.0
4769,94.0,102.0,3257.0
4770,94.0,102.0,3258.0
4771,94.0,102.0,3513.0
4772,94.0,102.0,3514.0
4773,94.0,102.0,3769.0
4774,94.0,102.0,3770.0
4775,94.0,103.0,2230.0
4776,94.0,103.0,2231.0
4777,94.0,103.0,2232.0
4778,94.0,103.0,2233.0
4779,94.0,103.0,2234.0
4780,94.0,103.0,2238.0
4781,94.0,103.0,2239.0
4782,94.0,103.0,2241.0
4783,94.0,103.0,2243.0
4784,94.0,103.0,2244.0
4785,94.0,103.0,2486.0
4786,94.0,103.0,2487.0
4787,94.0,103.0,2488.0
4788,94.0,103.0,2489.0
4789,94.0,103.0,2490.0
4790,94.0,103.0,2742.0
4791,94.0,103.0,2743.0
4792,94.0,103.0,2744.0
4793,94.0,103.0,2745.0
4794,94.0,103.0,2746.0
4795,94.0,103.0,2998.0
4796,94.0,103.0,2999.0
4797,94.0,103.0,3000.0
4798,94.0,103.0,3001.0
4799,94.0,103.0,3002.0
4800,94.0,103.0,3254.0
4801,94.0,103.0,3255.0
4802,94.0,103.0,3256.0
4803,94.0,103.0,3257.0
4804,94.0,103.0,3258.0
4805,94.0,103.0,3510.0
4806,94.0,103.0,3511.0
4807,94.0,103.0,3512.0
4808,94.0,103.0,3513.0
4809,94.0,103.0,3514.0
4810,94.0,103.0,3766.0
4811,94.0,103.0,3767.0
4812,94.0,103.0,3768.0
4813,94.0,103.0,3769.0
4814,94.0,103.0,3770.0
4815,94.0,104.0,2229.0
4816,94.0,104.0,2230.0
4817,94.0,104.0,2231.0
4818,94.0,104.0,2244.0
4819,94.0,104.0,2245.0
4820,94.0,104.0,2485.0
4821,94.0,104.0,2486.0
4822,94.0,104.0,2487.0
4823,94.0,104.0,2500.0
4824,94.0,104.0,2501.0
4825,94.0,104.0,2741.0
4826,94.0,104.0,2742.0
4827,94.0,104.0,2743.0
4828,94.0,104.0,2756.0
4829,94.0,104.0,2757.0
4830,94.0,104.0,2997.0
4831,94.0,104.0,2998.0
4832,94.0,104.0,2999.0
4833,94.0,104.0,3012.0
4834,94.0,104.0,3013.0
4835,94.0,104.0,3253.0
4836,94.0,104.0,3254.0
4837,94.0,104.0,3255.0
4838,94.0,104.0,3268.0
4839,94.0,104.0,3269.0
4840,94.0,104.0,3509.0
4841,94.0,104.0,3510.0
4842,94.0,104.0,3511.0
4843,94.0,104.0,3524.0
4844,94.0,104.0,3525.0
4845,94.0,104.0,3765.0
4846,94.0,104.0,3766.0
4847,94.0,104.0,3767.0
4848,94.0,104.0,3780.0
4849,94.0,104.0,3781.0
4850,94.0,105.0,2244.0
4851,94.0,105.0,2245.0
4852,94.0,105.0,2500.0
4853,94.0,105.0,2501.0
4854,94.0,105.0,2756.0
4855,94.0,105.0,2757.0
4856,94.0,105.0,3012.0
4857,94.0,105.0,3013.0
4858,94.0,105.0,3268.0
4859,94.0,105.0,3269.0
4860,94.0,105.0,3524.0
4861,94.0,105.0,3525.0
4862,94.0,105.0,3780.0
4863,94.0,105.0,3781.0
4864,94.0,106.0,2242.0
4865,94.0,106.0,2498.0
4866,94.0,106.0,2754.0
4867,94.0,106.0,3010.0
4868,94.0,106.0,3266.0
4869,94.0,106.0,3522.0
4870,94.0,106.0,3778.0
4871,94.0,108.0,2233.0
4872,95.0,30.0,2191.0
4873,95.0,30.0,2192.0
4874,95.0,30.0,2703.0
4875,95.0,30.0,2704.0
4876,95.0,30.0,2959.0
4877,95.0,30.0,2960.0
4878,95.0,30.0,3215.0
4879,95.0,30.0,3216.0
4880,95.0,30.0,3471.0
4881,95.0,30.0,3472.0
4882,95.0,30.0,3727.0
4883,95.0,30.0,3728.0
4884,95.0,31.0,2191.0
4885,95.0,31.0,2192.0
4886,95.0,31.0,2703.0
4887,95.0,31.0,2704.0
4888,95.0,31.0,2959.0
4889,95.0,31.0,2960.0
4890,95.0,31.0,3215.0
4891,95.0,31.0,3216.0
4892,95.0,31.0,3471.0
4893,95.0,31.0,3472.0
4894,95.0,31.0,3727.0
4895,95.0,31.0,3728.0
4896,95.0,33.0,2197.0
4897,95.0,33.0,2198.0
4898,95.0,33.0,2200.0
4899,95.0,33.0,2201.0
4900,95.0,33.0,2206.0
4901,95.0,33.0,2462.0
4902,95.0,33.0,2718.0
4903,95.0,33.0,2974.0
4904,95.0,33.0,3230.0
4905,95.0,33.0,3486.0
4906,95.0,33.0,3742.0
4907,95.0,34.0,2199.0
4908,95.0,34.0,2205.0
4909,95.0,34.0,2455.0
4910,95.0,34.0,2461.0
4911,95.0,34.0,2711.0
4912,95.0,34.0,2717.0
4913,95.0,34.0,2967.0
4914,95.0,34.0,2973.0
4915,95.0,34.0,3223.0
4916,95.0,34.0,3229.0
4917,95.0,34.0,3479.0
4918,95.0,34.0,3485.0
4919,95.0,34.0,3735.0
4920,95.0,34.0,3741.0
4921,95.0,35.0,2198.0
4922,95.0,35.0,2199.0
4923,95.0,35.0,2200.0
4924,95.0,35.0,2203.0
4925,95.0,35.0,2204.0
4926,95.0,35.0,2454.0
4927,95.0,35.0,2455.0
4928,95.0,35.0,2456.0
4929,95.0,35.0,2459.0
4930,95.0,35.0,2460.0
4931,95.0,35.0,2710.0
4932,95.0,35.0,2711.0
4933,95.0,35.0,2712.0
4934,95.0,35.0,2715.0
4935,95.0,35.0,2716.0
4936,95.0,35.0,2966.0
4937,95.0,35.0,2967.0
4938,95.0,35.0,2968.0
4939,95.0,35.0,2971.0
4940,95.0,35.0,2972.0
4941,95.0,35.0,3222.0
4942,95.0,35.0,3223.0
4943,95.0,35.0,3224.0
4944,95.0,35.0,3227.0
4945,95.0,35.0,3228.0
4946,95.0,35.0,3478.0
4947,95.0,35.0,3479.0
4948,95.0,35.0,3480.0
4949,95.0,35.0,3483.0
4950,95.0,35.0,3484.0
4951,95.0,35.0,3734.0
4952,95.0,35.0,3735.0
4953,95.0,35.0,3736.0
4954,95.0,35.0,3739.0
4955,95.0,35.0,3740.0
4956,95.0,36.0,2203.0
4957,95.0,36.0,2204.0
4958,95.0,36.0,2459.0
4959,95.0,36.0,2460.0
4960,95.0,36.0,2715.0
4961,95.0,36.0,2716.0
4962,95.0,36.0,2971.0
4963,95.0,36.0,2972.0
4964,95.0,36.0,3227.0
4965,95.0,36.0,3228.0
4966,95.0,36.0,3483.0
4967,95.0,36.0,3484.0
4968,95.0,36.0,3739.0
4969,95.0,36.0,3740.0
4970,95.0,43.0,2210.0
4971,95.0,43.0,2216.0
4972,95.0,43.0,2466.0
4973,95.0,43.0,2722.0
4974,95.0,43.0,2728.0
4975,95.0,43.0,2978.0
4976,95.0,43.0,2984.0
4977,95.0,43.0,3234.0
4978,95.0,43.0,3240.0
4979,95.0,43.0,3490.0
4980,95.0,43.0,3746.0
4981,95.0,43.0,3752.0
4982,95.0,44.0,2215.0
4983,95.0,44.0,2216.0
4984,95.0,44.0,2727.0
4985,95.0,44.0,2728.0
4986,95.0,44.0,2983.0
4987,95.0,44.0,2984.0
4988,95.0,44.0,3239.0
4989,95.0,44.0,3240.0
4990,95.0,44.0,3751.0
4991,95.0,44.0,3752.0
4992,95.0,45.0,2207.0
4993,95.0,45.0,2463.0
4994,95.0,45.0,2719.0
4995,95.0,45.0,2975.0
4996,95.0,45.0,3231.0
4997,95.0,45.0,3487.0
4998,95.0,45.0,3743.0
4999,95.0,46.0,2206.0
5000,95.0,46.0,2207.0
5001,95.0,46.0,2208.0
5002,95.0,46.0,2247.0
5003,95.0,46.0,2248.0
5004,95.0,46.0,2462.0
5005,95.0,46.0,2463.0
5006,95.0,46.0,2464.0
5007,95.0,46.0,2503.0
5008,95.0,46.0,2504.0
5009,95.0,46.0,2718.0
5010,95.0,46.0,2719.0
5011,95.0,46.0,2720.0
5012,95.0,46.0,2759.0
5013,95.0,46.0,2760.0
5014,95.0,46.0,2974.0
5015,95.0,46.0,2975.0
5016,95.0,46.0,2976.0
5017,95.0,46.0,3015.0
5018,95.0,46.0,3016.0
5019,95.0,46.0,3230.0
5020,95.0,46.0,3231.0
5021,95.0,46.0,3232.0
5022,95.0,46.0,3271.0
5023,95.0,46.0,3272.0
5024,95.0,46.0,3486.0
5025,95.0,46.0,3487.0
5026,95.0,46.0,3488.0
5027,95.0,46.0,3527.0
5028,95.0,46.0,3528.0
5029,95.0,46.0,3742.0
5030,95.0,46.0,3743.0
5031,95.0,46.0,3744.0
5032,95.0,46.0,3783.0
5033,95.0,46.0,3784.0
5034,95.0,47.0,2204.0
5035,95.0,47.0,2205.0
5036,95.0,47.0,2460.0
5037,95.0,47.0,2461.0
5038,95.0,47.0,2716.0
5039,95.0,47.0,2717.0
5040,95.0,47.0,2972.0
5041,95.0,47.0,2973.0
5042,95.0,47.0,3228.0
5043,95.0,47.0,3229.0
5044,95.0,47.0,3484.0
5045,95.0,47.0,3485.0
5046,95.0,47.0,3740.0
5047,95.0,47.0,3741.0
5048,95.0,48.0,2202.0
5049,95.0,48.0,2203.0
5050,95.0,48.0,2229.0
5051,95.0,48.0,2230.0
5052,95.0,48.0,2458.0
5053,95.0,48.0,2459.0
5054,95.0,48.0,2485.0
5055,95.0,48.0,2486.0
5056,95.0,48.0,2714.0
5057,95.0,48.0,2715.0
5058,95.0,48.0,2741.0
5059,95.0,48.0,2742.0
5060,95.0,48.0,2970.0
5061,95.0,48.0,2971.0
5062,95.0,48.0,2997.0
5063,95.0,48.0,2998.0
5064,95.0,48.0,3226.0
5065,95.0,48.0,3227.0
5066,95.0,48.0,3253.0
5067,95.0,48.0,3254.0
5068,95.0,48.0,3482.0
5069,95.0,48.0,3483.0
5070,95.0,48.0,3509.0
5071,95.0,48.0,3510.0
5072,95.0,48.0,3738.0
5073,95.0,48.0,3739.0
5074,95.0,48.0,3765.0
5075,95.0,48.0,3766.0
5076,95.0,49.0,2218.0
5077,95.0,49.0,2219.0
5078,95.0,49.0,2227.0
5079,95.0,49.0,2228.0
5080,95.0,49.0,2483.0
5081,95.0,49.0,2484.0
5082,95.0,49.0,2739.0
5083,95.0,49.0,2740.0
5084,95.0,49.0,2995.0
5085,95.0,49.0,2996.0
5086,95.0,49.0,3251.0
5087,95.0,49.0,3252.0
5088,95.0,49.0,3507.0
5089,95.0,49.0,3508.0
5090,95.0,49.0,3763.0
5091,95.0,49.0,3764.0
5092,95.0,50.0,2233.0
5093,95.0,50.0,2234.0
5094,95.0,50.0,2489.0
5095,95.0,50.0,2490.0
5096,95.0,50.0,2745.0
5097,95.0,50.0,2746.0
5098,95.0,50.0,3001.0
5099,95.0,50.0,3002.0
5100,95.0,50.0,3257.0
5101,95.0,50.0,3258.0
5102,95.0,50.0,3513.0
5103,95.0,50.0,3514.0
5104,95.0,50.0,3769.0
5105,95.0,50.0,3770.0
5106,95.0,51.0,2219.0
5107,95.0,51.0,2220.0
5108,95.0,51.0,2231.0
5109,95.0,51.0,2232.0
5110,95.0,51.0,2487.0
5111,95.0,51.0,2488.0
5112,95.0,51.0,2743.0
5113,95.0,51.0,2744.0
5114,95.0,51.0,2999.0
5115,95.0,51.0,3000.0
5116,95.0,51.0,3255.0
5117,95.0,51.0,3256.0
5118,95.0,51.0,3511.0
5119,95.0,51.0,3512.0
5120,95.0,51.0,3767.0
5121,95.0,51.0,3768.0
5122,95.0,52.0,2224.0
5123,95.0,52.0,2225.0
5124,95.0,52.0,2480.0
5125,95.0,52.0,2481.0
5126,95.0,52.0,2736.0
5127,95.0,52.0,2737.0
5128,95.0,52.0,2992.0
5129,95.0,52.0,2993.0
5130,95.0,52.0,3248.0
5131,95.0,52.0,3249.0
5132,95.0,52.0,3504.0
5133,95.0,52.0,3505.0
5134,95.0,52.0,3760.0
5135,95.0,52.0,3761.0
5136,95.0,53.0,2222.0
5137,95.0,53.0,2223.0
5138,95.0,53.0,2224.0
5139,95.0,53.0,2478.0
5140,95.0,53.0,2479.0
5141,95.0,53.0,2480.0
5142,95.0,53.0,2734.0
5143,95.0,53.0,2735.0
5144,95.0,53.0,2736.0
5145,95.0,53.0,2990.0
5146,95.0,53.0,2991.0
5147,95.0,53.0,2992.0
5148,95.0,53.0,3246.0
5149,95.0,53.0,3247.0
5150,95.0,53.0,3248.0
5151,95.0,53.0,3502.0
5152,95.0,53.0,3503.0
5153,95.0,53.0,3504.0
5154,95.0,53.0,3758.0
5155,95.0,53.0,3759.0
5156,95.0,53.0,3760.0
5157,95.0,54.0,2219.0
5158,95.0,54.0,2475.0
5159,95.0,54.0,2731.0
5160,95.0,54.0,2987.0
5161,95.0,54.0,3243.0
5162,95.0,54.0,3499.0
5163,95.0,54.0,3755.0
5164,95.0,55.0,2218.0
5165,95.0,55.0,2219.0
5166,95.0,55.0,2220.0
5167,95.0,55.0,2474.0
5168,95.0,55.0,2475.0
5169,95.0,55.0,2476.0
5170,95.0,55.0,2730.0
5171,95.0,55.0,2731.0
5172,95.0,55.0,2732.0
5173,95.0,55.0,2986.0
5174,95.0,55.0,2987.0
5175,95.0,55.0,2988.0
5176,95.0,55.0,3242.0
5177,95.0,55.0,3243.0
5178,95.0,55.0,3244.0
5179,95.0,55.0,3498.0
5180,95.0,55.0,3499.0
5181,95.0,55.0,3500.0
5182,95.0,55.0,3754.0
5183,95.0,55.0,3755.0
5184,95.0,55.0,3756.0
5185,95.0,56.0,2219.0
5186,95.0,56.0,2220.0
5187,95.0,56.0,2475.0
5188,95.0,56.0,2476.0
5189,95.0,56.0,2731.0
5190,95.0,56.0,2732.0
5191,95.0,56.0,2987.0
5192,95.0,56.0,2988.0
5193,95.0,56.0,3243.0
5194,95.0,56.0,3244.0
5195,95.0,56.0,3499.0
5196,95.0,56.0,3500.0
5197,95.0,56.0,3755.0
5198,95.0,56.0,3756.0
5199,95.0,57.0,2201.0
5200,95.0,57.0,2207.0
5201,95.0,57.0,2208.0
5202,95.0,57.0,2210.0
5203,95.0,57.0,2219.0
5204,95.0,57.0,2457.0
5205,95.0,57.0,2466.0
5206,95.0,57.0,2475.0
5207,95.0,57.0,2713.0
5208,95.0,57.0,2722.0
5209,95.0,57.0,2731.0
5210,95.0,57.0,2969.0
5211,95.0,57.0,2978.0
5212,95.0,57.0,2987.0
5213,95.0,57.0,3225.0
5214,95.0,57.0,3234.0
5215,95.0,57.0,3243.0
5216,95.0,57.0,3481.0
5217,95.0,57.0,3490.0
5218,95.0,57.0,3499.0
5219,95.0,57.0,3737.0
5220,95.0,57.0,3746.0
5221,95.0,57.0,3755.0
5222,95.0,58.0,2200.0
5223,95.0,58.0,2456.0
5224,95.0,58.0,2712.0
5225,95.0,58.0,2968.0
5226,95.0,58.0,3224.0
5227,95.0,58.0,3480.0
5228,95.0,58.0,3736.0
5229,95.0,61.0,2226.0
5230,95.0,61.0,2227.0
5231,95.0,61.0,2482.0
5232,95.0,61.0,2483.0
5233,95.0,61.0,2738.0
5234,95.0,61.0,2739.0
5235,95.0,61.0,2994.0
5236,95.0,61.0,2995.0
5237,95.0,61.0,3250.0
5238,95.0,61.0,3251.0
5239,95.0,61.0,3506.0
5240,95.0,61.0,3507.0
5241,95.0,61.0,3762.0
5242,95.0,61.0,3763.0
5243,95.0,62.0,2237.0
5244,95.0,62.0,2238.0
5245,95.0,62.0,2493.0
5246,95.0,62.0,2494.0
5247,95.0,62.0,2749.0
5248,95.0,62.0,2750.0
5249,95.0,62.0,3005.0
5250,95.0,62.0,3006.0
5251,95.0,62.0,3261.0
5252,95.0,62.0,3262.0
5253,95.0,62.0,3517.0
5254,95.0,62.0,3518.0
5255,95.0,62.0,3773.0
5256,95.0,62.0,3774.0
5257,95.0,63.0,2236.0
5258,95.0,63.0,2237.0
5259,95.0,63.0,2238.0
5260,95.0,63.0,2492.0
5261,95.0,63.0,2493.0
5262,95.0,63.0,2494.0
5263,95.0,63.0,2748.0
5264,95.0,63.0,2749.0
5265,95.0,63.0,2750.0
5266,95.0,63.0,3004.0
5267,95.0,63.0,3005.0
5268,95.0,63.0,3006.0
5269,95.0,63.0,3260.0
5270,95.0,63.0,3261.0
5271,95.0,63.0,3262.0
5272,95.0,63.0,3516.0
5273,95.0,63.0,3517.0
5274,95.0,63.0,3518.0
5275,95.0,63.0,3772.0
5276,95.0,63.0,3773.0
5277,95.0,63.0,3774.0
5278,95.0,64.0,2235.0
5279,95.0,64.0,2237.0
5280,95.0,64.0,2491.0
5281,95.0,64.0,2493.0
5282,95.0,64.0,2747.0
5283,95.0,64.0,2749.0
5284,95.0,64.0,3003.0
5285,95.0,64.0,3005.0
5286,95.0,64.0,3259.0
5287,95.0,64.0,3261.0
5288,95.0,64.0,3515.0
5289,95.0,64.0,3517.0
5290,95.0,64.0,3771.0
5291,95.0,64.0,3773.0
5292,95.0,68.0,2223.0
5293,95.0,68.0,2245.0
5294,95.0,68.0,2246.0
5295,95.0,69.0,2225.0
5296,95.0,69.0,2226.0
5297,95.0,69.0,2227.0
5298,95.0,69.0,2245.0
5299,95.0,69.0,2246.0
5300,95.0,69.0,2481.0
5301,95.0,69.0,2482.0
5302,95.0,69.0,2483.0
5303,95.0,69.0,2737.0
5304,95.0,69.0,2738.0
5305,95.0,69.0,2739.0
5306,95.0,69.0,2993.0
5307,95.0,69.0,2994.0
5308,95.0,69.0,2995.0
5309,95.0,69.0,3249.0
5310,95.0,69.0,3250.0
5311,95.0,69.0,3251.0
5312,95.0,69.0,3505.0
5313,95.0,69.0,3506.0
5314,95.0,69.0,3507.0
5315,95.0,69.0,3761.0
5316,95.0,69.0,3762.0
5317,95.0,69.0,3763.0
5318,95.0,72.0,2236.0
5319,95.0,72.0,2492.0
5320,95.0,72.0,2748.0
5321,95.0,72.0,3004.0
5322,95.0,72.0,3260.0
5323,95.0,72.0,3516.0
5324,95.0,72.0,3772.0
5325,95.0,73.0,2234.0
5326,95.0,73.0,2235.0
5327,95.0,73.0,2236.0
5328,95.0,73.0,2490.0
5329,95.0,73.0,2491.0
5330,95.0,73.0,2492.0
5331,95.0,73.0,2746.0
5332,95.0,73.0,2747.0
5333,95.0,73.0,2748.0
5334,95.0,73.0,3002.0
5335,95.0,73.0,3003.0
5336,95.0,73.0,3004.0
5337,95.0,73.0,3258.0
5338,95.0,73.0,3259.0
5339,95.0,73.0,3260.0
5340,95.0,73.0,3514.0
5341,95.0,73.0,3515.0
5342,95.0,73.0,3516.0
5343,95.0,73.0,3770.0
5344,95.0,73.0,3771.0
5345,95.0,73.0,3772.0
5346,95.0,74.0,2231.0
5347,95.0,74.0,2232.0
5348,95.0,74.0,2233.0
5349,95.0,74.0,2234.0
5350,95.0,74.0,2487.0
5351,95.0,74.0,2488.0
5352,95.0,74.0,2489.0
5353,95.0,74.0,2490.0
5354,95.0,74.0,2743.0
5355,95.0,74.0,2744.0
5356,95.0,74.0,2745.0
5357,95.0,74.0,2746.0
5358,95.0,74.0,2999.0
5359,95.0,74.0,3000.0
5360,95.0,74.0,3001.0
5361,95.0,74.0,3002.0
5362,95.0,74.0,3255.0
5363,95.0,74.0,3256.0
5364,95.0,74.0,3257.0
5365,95.0,74.0,3258.0
5366,95.0,74.0,3511.0
5367,95.0,74.0,3512.0
5368,95.0,74.0,3513.0
5369,95.0,74.0,3514.0
5370,95.0,74.0,3767.0
5371,95.0,74.0,3768.0
5372,95.0,74.0,3769.0
5373,95.0,74.0,3770.0
5374,95.0,75.0,2226.0
5375,95.0,75.0,2227.0
5376,95.0,75.0,2228.0
5377,95.0,75.0,2231.0
5378,95.0,75.0,2232.0
5379,95.0,75.0,2233.0
5380,95.0,75.0,2234.0
5381,95.0,75.0,2235.0
5382,95.0,75.0,2482.0
5383,95.0,75.0,2483.0
5384,95.0,75.0,2484.0
5385,95.0,75.0,2487.0
5386,95.0,75.0,2488.0
5387,95.0,75.0,2489.0
5388,95.0,75.0,2490.0
5389,95.0,75.0,2491.0
5390,95.0,75.0,2738.0
5391,95.0,75.0,2739.0
5392,95.0,75.0,2740.0
5393,95.0,75.0,2743.0
5394,95.0,75.0,2744.0
5395,95.0,75.0,2745.0
5396,95.0,75.0,2746.0
5397,95.0,75.0,2747.0
5398,95.0,75.0,2994.0
5399,95.0,75.0,2995.0
5400,95.0,75.0,2996.0
5401,95.0,75.0,2999.0
5402,95.0,75.0,3000.0
5403,95.0,75.0,3001.0
5404,95.0,75.0,3002.0
5405,95.0,75.0,3003.0
5406,95.0,75.0,3250.0
5407,95.0,75.0,3251.0
5408,95.0,75.0,3252.0
5409,95.0,75.0,3255.0
5410,95.0,75.0,3256.0
5411,95.0,75.0,3257.0
5412,95.0,75.0,3258.0
5413,95.0,75.0,3259.0
5414,95.0,75.0,3506.0
5415,95.0,75.0,3507.0
5416,95.0,75.0,3508.0
5417,95.0,75.0,3511.0
5418,95.0,75.0,3512.0
5419,95.0,75.0,3513.0
5420,95.0,75.0,3514.0
5421,95.0,75.0,3515.0
5422,95.0,75.0,3762.0
5423,95.0,75.0,3763.0
5424,95.0,75.0,3764.0
5425,95.0,75.0,3767.0
5426,95.0,75.0,3768.0
5427,95.0,75.0,3769.0
5428,95.0,75.0,3770.0
5429,95.0,75.0,3771.0
5430,95.0,77.0,2232.0
5431,95.0,77.0,2233.0
5432,95.0,77.0,2488.0
5433,95.0,77.0,2489.0
5434,95.0,77.0,2744.0
5435,95.0,77.0,2745.0
5436,95.0,77.0,3000.0
5437,95.0,77.0,3001.0
5438,95.0,77.0,3256.0
5439,95.0,77.0,3257.0
5440,95.0,77.0,3512.0
5441,95.0,77.0,3513.0
5442,95.0,77.0,3768.0
5443,95.0,77.0,3769.0
5444,95.0,78.0,2230.0
5445,95.0,78.0,2231.0
5446,95.0,78.0,2232.0
5447,95.0,78.0,2486.0
5448,95.0,78.0,2487.0
5449,95.0,78.0,2488.0
5450,95.0,78.0,2742.0
5451,95.0,78.0,2743.0
5452,95.0,78.0,2744.0
5453,95.0,78.0,2998.0
5454,95.0,78.0,2999.0
5455,95.0,78.0,3000.0
5456,95.0,78.0,3254.0
5457,95.0,78.0,3255.0
5458,95.0,78.0,3256.0
5459,95.0,78.0,3510.0
5460,95.0,78.0,3511.0
5461,95.0,78.0,3512.0
5462,95.0,78.0,3766.0
5463,95.0,78.0,3767.0
5464,95.0,78.0,3768.0
5465,95.0,79.0,2249.0
5466,95.0,79.0,2761.0
5467,95.0,79.0,3017.0
5468,95.0,79.0,3273.0
5469,95.0,79.0,3529.0
5470,95.0,79.0,3785.0
5471,95.0,80.0,2246.0
5472,95.0,80.0,2247.0
5473,95.0,80.0,2248.0
5474,95.0,80.0,2249.0
5475,95.0,80.0,2250.0
5476,95.0,80.0,2758.0
5477,95.0,80.0,2759.0
5478,95.0,80.0,2760.0
5479,95.0,80.0,2761.0
5480,95.0,80.0,2762.0
5481,95.0,80.0,3014.0
5482,95.0,80.0,3015.0
5483,95.0,80.0,3016.0
5484,95.0,80.0,3017.0
5485,95.0,80.0,3018.0
5486,95.0,80.0,3270.0
5487,95.0,80.0,3271.0
5488,95.0,80.0,3272.0
5489,95.0,80.0,3273.0
5490,95.0,80.0,3274.0
5491,95.0,80.0,3526.0
5492,95.0,80.0,3527.0
5493,95.0,80.0,3528.0
5494,95.0,80.0,3529.0
5495,95.0,80.0,3530.0
5496,95.0,80.0,3782.0
5497,95.0,80.0,3783.0
5498,95.0,80.0,3784.0
5499,95.0,80.0,3785.0
5500,95.0,80.0,3786.0
5501,95.0,82.0,2229.0
5502,95.0,82.0,2485.0
5503,95.0,82.0,2741.0
5504,95.0,82.0,2997.0
5505,95.0,82.0,3253.0
5506,95.0,82.0,3509.0
5507,95.0,82.0,3765.0
5508,95.0,83.0,2225.0
5509,95.0,83.0,2226.0
5510,95.0,83.0,2227.0
5511,95.0,83.0,2228.0
5512,95.0,83.0,2481.0
5513,95.0,83.0,2482.0
5514,95.0,83.0,2483.0
5515,95.0,83.0,2484.0
5516,95.0,83.0,2737.0
5517,95.0,83.0,2738.0
5518,95.0,83.0,2739.0
5519,95.0,83.0,2740.0
5520,95.0,83.0,2993.0
5521,95.0,83.0,2994.0
5522,95.0,83.0,2995.0
5523,95.0,83.0,2996.0
5524,95.0,83.0,3249.0
5525,95.0,83.0,3250.0
5526,95.0,83.0,3251.0
5527,95.0,83.0,3252.0
5528,95.0,83.0,3505.0
5529,95.0,83.0,3506.0
5530,95.0,83.0,3507.0
5531,95.0,83.0,3508.0
5532,95.0,83.0,3761.0
5533,95.0,83.0,3762.0
5534,95.0,83.0,3763.0
5535,95.0,83.0,3764.0
5536,95.0,87.0,2232.0
5537,95.0,87.0,2233.0
5538,95.0,87.0,2234.0
5539,95.0,87.0,2488.0
5540,95.0,87.0,2489.0
5541,95.0,87.0,2490.0
5542,95.0,87.0,2744.0
5543,95.0,87.0,2745.0
5544,95.0,87.0,2746.0
5545,95.0,87.0,3000.0
5546,95.0,87.0,3001.0
5547,95.0,87.0,3002.0
5548,95.0,87.0,3256.0
5549,95.0,87.0,3257.0
5550,95.0,87.0,3258.0
5551,95.0,87.0,3512.0
5552,95.0,87.0,3513.0
5553,95.0,87.0,3514.0
5554,95.0,87.0,3768.0
5555,95.0,87.0,3769.0
5556,95.0,87.0,3770.0
5557,95.0,88.0,2247.0
5558,95.0,88.0,2248.0
5559,95.0,88.0,2249.0
5560,95.0,88.0,2503.0
5561,95.0,88.0,2504.0
5562,95.0,88.0,2505.0
5563,95.0,88.0,2759.0
5564,95.0,88.0,2760.0
5565,95.0,88.0,2761.0
5566,95.0,88.0,3015.0
5567,95.0,88.0,3016.0
5568,95.0,88.0,3017.0
5569,95.0,88.0,3271.0
5570,95.0,88.0,3272.0
5571,95.0,88.0,3273.0
5572,95.0,88.0,3527.0
5573,95.0,88.0,3528.0
5574,95.0,88.0,3529.0
5575,95.0,88.0,3783.0
5576,95.0,88.0,3784.0
5577,95.0,88.0,3785.0
5578,95.0,95.0,2234.0
5579,95.0,95.0,2235.0
5580,95.0,95.0,2236.0
5581,95.0,96.0,2237.0
5582,95.0,96.0,2238.0
5583,95.0,96.0,2493.0
5584,95.0,96.0,2494.0
5585,95.0,96.0,2749.0
5586,95.0,96.0,2750.0
5587,95.0,96.0,3005.0
5588,95.0,96.0,3006.0
5589,95.0,96.0,3261.0
5590,95.0,96.0,3262.0
5591,95.0,96.0,3517.0
5592,95.0,96.0,3518.0
5593,95.0,96.0,3773.0
5594,95.0,96.0,3774.0
5595,95.0,97.0,2236.0
5596,95.0,97.0,2237.0
5597,95.0,97.0,2492.0
5598,95.0,97.0,2493.0
5599,95.0,97.0,2748.0
5600,95.0,97.0,2749.0
5601,95.0,97.0,3004.0
5602,95.0,97.0,3005.0
5603,95.0,97.0,3260.0
5604,95.0,97.0,3261.0
5605,95.0,97.0,3516.0
5606,95.0,97.0,3517.0
5607,95.0,97.0,3772.0
5608,95.0,97.0,3773.0
5609,95.0,98.0,2235.0
5610,95.0,98.0,2236.0
5611,95.0,98.0,2237.0
5612,95.0,98.0,2491.0
5613,95.0,98.0,2492.0
5614,95.0,98.0,2493.0
5615,95.0,98.0,2747.0
5616,95.0,98.0,2748.0
5617,95.0,98.0,2749.0
5618,95.0,98.0,3003.0
5619,95.0,98.0,3004.0
5620,95.0,98.0,3005.0
5621,95.0,98.0,3259.0
5622,95.0,98.0,3260.0
5623,95.0,98.0,3261.0
5624,95.0,98.0,3515.0
5625,95.0,98.0,3516.0
5626,95.0,98.0,3517.0
5627,95.0,98.0,3771.0
5628,95.0,98.0,3772.0
5629,95.0,98.0,3773.0
5630,95.0,99.0,2234.0
5631,95.0,99.0,2490.0
5632,95.0,99.0,2746.0
5633,95.0,99.0,3002.0
5634,95.0,99.0,3258.0
5635,95.0,99.0,3514.0
5636,95.0,99.0,3770.0
5637,95.0,101.0,2234.0
5638,95.0,101.0,2241.0
5639,95.0,101.0,2490.0
5640,95.0,101.0,2746.0
5641,95.0,101.0,2753.0
5642,95.0,101.0,3002.0
5643,95.0,101.0,3009.0
5644,95.0,101.0,3258.0
5645,95.0,101.0,3265.0
5646,95.0,101.0,3514.0
5647,95.0,101.0,3521.0
5648,95.0,101.0,3770.0
5649,95.0,101.0,3777.0
5650,95.0,102.0,2212.0
5651,95.0,102.0,2213.0
5652,95.0,102.0,2214.0
5653,95.0,102.0,2215.0
5654,95.0,102.0,2231.0
5655,95.0,102.0,2232.0
5656,95.0,102.0,2233.0
5657,95.0,102.0,2234.0
5658,95.0,102.0,2241.0
5659,95.0,102.0,2242.0
5660,95.0,102.0,2487.0
5661,95.0,102.0,2488.0
5662,95.0,102.0,2489.0
5663,95.0,102.0,2490.0
5664,95.0,102.0,2743.0
5665,95.0,102.0,2744.0
5666,95.0,102.0,2745.0
5667,95.0,102.0,2746.0
5668,95.0,102.0,2999.0
5669,95.0,102.0,3000.0
5670,95.0,102.0,3001.0
5671,95.0,102.0,3002.0
5672,95.0,102.0,3255.0
5673,95.0,102.0,3256.0
5674,95.0,102.0,3257.0
5675,95.0,102.0,3258.0
5676,95.0,102.0,3511.0
5677,95.0,102.0,3512.0
5678,95.0,102.0,3513.0
5679,95.0,102.0,3514.0
5680,95.0,102.0,3767.0
5681,95.0,102.0,3768.0
5682,95.0,102.0,3769.0
5683,95.0,102.0,3770.0
5684,95.0,103.0,2229.0
5685,95.0,103.0,2230.0
5686,95.0,103.0,2231.0
5687,95.0,103.0,2232.0
5688,95.0,103.0,2238.0
5689,95.0,103.0,2239.0
5690,95.0,103.0,2485.0
5691,95.0,103.0,2486.0
5692,95.0,103.0,2487.0
5693,95.0,103.0,2488.0
5694,95.0,103.0,2741.0
5695,95.0,103.0,2742.0
5696,95.0,103.0,2743.0
5697,95.0,103.0,2744.0
5698,95.0,103.0,2997.0
5699,95.0,103.0,2998.0
5700,95.0,103.0,2999.0
5701,95.0,103.0,3000.0
5702,95.0,103.0,3253.0
5703,95.0,103.0,3254.0
5704,95.0,103.0,3255.0
5705,95.0,103.0,3256.0
5706,95.0,103.0,3509.0
5707,95.0,103.0,3510.0
5708,95.0,103.0,3511.0
5709,95.0,103.0,3512.0
5710,95.0,103.0,3765.0
5711,95.0,103.0,3766.0
5712,95.0,103.0,3767.0
5713,95.0,103.0,3768.0
5714,95.0,104.0,2227.0
5715,95.0,104.0,2228.0
5716,95.0,104.0,2229.0
5717,95.0,104.0,2230.0
5718,95.0,104.0,2231.0
5719,95.0,104.0,2483.0
5720,95.0,104.0,2484.0
5721,95.0,104.0,2485.0
5722,95.0,104.0,2486.0
5723,95.0,104.0,2487.0
5724,95.0,104.0,2739.0
5725,95.0,104.0,2740.0
5726,95.0,104.0,2741.0
5727,95.0,104.0,2742.0
5728,95.0,104.0,2743.0
5729,95.0,104.0,2995.0
5730,95.0,104.0,2996.0
5731,95.0,104.0,2997.0
5732,95.0,104.0,2998.0
5733,95.0,104.0,2999.0
5734,95.0,104.0,3251.0
5735,95.0,104.0,3252.0
5736,95.0,104.0,3253.0
5737,95.0,104.0,3254.0
5738,95.0,104.0,3255.0
5739,95.0,104.0,3507.0
5740,95.0,104.0,3508.0
5741,95.0,104.0,3509.0
5742,95.0,104.0,3510.0
5743,95.0,104.0,3511.0
5744,95.0,104.0,3763.0
5745,95.0,104.0,3764.0
5746,95.0,104.0,3765.0
5747,95.0,104.0,3766.0
5748,95.0,104.0,3767.0
5749,95.0,108.0,2231.0
5750,95.0,108.0,2232.0
5751,96.0,31.0,2191.0
5752,96.0,31.0,2192.0
5753,96.0,31.0,2193.0
5754,96.0,31.0,2703.0
5755,96.0,31.0,2704.0
5756,96.0,31.0,2705.0
5757,96.0,31.0,2959.0
5758,96.0,31.0,2960.0
5759,96.0,31.0,2961.0
5760,96.0,31.0,3215.0
5761,96.0,31.0,3216.0
5762,96.0,31.0,3217.0
5763,96.0,31.0,3471.0
5764,96.0,31.0,3472.0
5765,96.0,31.0,3473.0
5766,96.0,31.0,3727.0
5767,96.0,31.0,3728.0
5768,96.0,31.0,3729.0
5769,96.0,32.0,2192.0
5770,96.0,32.0,2197.0
5771,96.0,32.0,2198.0
5772,96.0,32.0,2704.0
5773,96.0,32.0,2960.0
5774,96.0,32.0,3216.0
5775,96.0,32.0,3472.0
5776,96.0,32.0,3728.0
5777,96.0,33.0,2206.0
5778,96.0,33.0,2462.0
5779,96.0,33.0,2718.0
5780,96.0,33.0,2974.0
5781,96.0,33.0,3230.0
5782,96.0,33.0,3486.0
5783,96.0,33.0,3742.0
5784,96.0,34.0,2203.0
5785,96.0,34.0,2204.0
5786,96.0,34.0,2205.0
5787,96.0,34.0,2459.0
5788,96.0,34.0,2460.0
5789,96.0,34.0,2461.0
5790,96.0,34.0,2715.0
5791,96.0,34.0,2716.0
5792,96.0,34.0,2717.0
5793,96.0,34.0,2971.0
5794,96.0,34.0,2972.0
5795,96.0,34.0,2973.0
5796,96.0,34.0,3227.0
5797,96.0,34.0,3228.0
5798,96.0,34.0,3229.0
5799,96.0,34.0,3483.0
5800,96.0,34.0,3484.0
5801,96.0,34.0,3485.0
5802,96.0,34.0,3739.0
5803,96.0,34.0,3740.0
5804,96.0,34.0,3741.0
5805,96.0,35.0,2203.0
5806,96.0,35.0,2204.0
5807,96.0,35.0,2459.0
5808,96.0,35.0,2460.0
5809,96.0,35.0,2715.0
5810,96.0,35.0,2716.0
5811,96.0,35.0,2971.0
5812,96.0,35.0,2972.0
5813,96.0,35.0,3227.0
5814,96.0,35.0,3228.0
5815,96.0,35.0,3483.0
5816,96.0,35.0,3484.0
5817,96.0,35.0,3739.0
5818,96.0,35.0,3740.0
5819,96.0,36.0,2202.0
5820,96.0,36.0,2203.0
5821,96.0,36.0,2204.0
5822,96.0,36.0,2458.0
5823,96.0,36.0,2459.0
5824,96.0,36.0,2460.0
5825,96.0,36.0,2714.0
5826,96.0,36.0,2715.0
5827,96.0,36.0,2716.0
5828,96.0,36.0,2970.0
5829,96.0,36.0,2971.0
5830,96.0,36.0,2972.0
5831,96.0,36.0,3226.0
5832,96.0,36.0,3227.0
5833,96.0,36.0,3228.0
5834,96.0,36.0,3482.0
5835,96.0,36.0,3483.0
5836,96.0,36.0,3484.0
5837,96.0,36.0,3738.0
5838,96.0,36.0,3739.0
5839,96.0,36.0,3740.0
5840,96.0,37.0,2202.0
5841,96.0,37.0,2203.0
5842,96.0,37.0,2458.0
5843,96.0,37.0,2459.0
5844,96.0,37.0,2714.0
5845,96.0,37.0,2715.0
5846,96.0,37.0,2970.0
5847,96.0,37.0,2971.0
5848,96.0,37.0,3226.0
5849,96.0,37.0,3227.0
5850,96.0,37.0,3482.0
5851,96.0,37.0,3483.0
5852,96.0,37.0,3738.0
5853,96.0,37.0,3739.0
5854,96.0,38.0,2202.0
5855,96.0,38.0,2203.0
5856,96.0,38.0,2458.0
5857,96.0,38.0,2459.0
5858,96.0,38.0,2714.0
5859,96.0,38.0,2715.0
5860,96.0,38.0,2970.0
5861,96.0,38.0,2971.0
5862,96.0,38.0,3226.0
5863,96.0,38.0,3227.0
5864,96.0,38.0,3482.0
5865,96.0,38.0,3483.0
5866,96.0,38.0,3738.0
5867,96.0,38.0,3739.0
5868,96.0,39.0,2191.0
5869,96.0,39.0,2447.0
5870,96.0,39.0,2703.0
5871,96.0,39.0,2959.0
5872,96.0,39.0,3215.0
5873,96.0,39.0,3471.0
5874,96.0,39.0,3727.0
5875,96.0,40.0,2201.0
5876,96.0,43.0,2210.0
5877,96.0,43.0,2211.0
5878,96.0,43.0,2466.0
5879,96.0,43.0,2467.0
5880,96.0,43.0,2722.0
5881,96.0,43.0,2723.0
5882,96.0,43.0,2978.0
5883,96.0,43.0,2979.0
5884,96.0,43.0,3234.0
5885,96.0,43.0,3235.0
5886,96.0,43.0,3490.0
5887,96.0,43.0,3491.0
5888,96.0,43.0,3746.0
5889,96.0,43.0,3747.0
5890,96.0,44.0,2215.0
5891,96.0,44.0,2216.0
5892,96.0,44.0,2727.0
5893,96.0,44.0,2728.0
5894,96.0,44.0,2983.0
5895,96.0,44.0,2984.0
5896,96.0,44.0,3239.0
5897,96.0,44.0,3240.0
5898,96.0,44.0,3751.0
5899,96.0,44.0,3752.0
5900,96.0,45.0,2250.0
5901,96.0,45.0,2251.0
5902,96.0,45.0,2506.0
5903,96.0,45.0,2507.0
5904,96.0,45.0,2762.0
5905,96.0,45.0,2763.0
5906,96.0,45.0,3018.0
5907,96.0,45.0,3019.0
5908,96.0,45.0,3274.0
5909,96.0,45.0,3275.0
5910,96.0,45.0,3530.0
5911,96.0,45.0,3531.0
5912,96.0,45.0,3786.0
5913,96.0,45.0,3787.0
5914,96.0,46.0,2247.0
5915,96.0,46.0,2248.0
5916,96.0,46.0,2249.0
5917,96.0,46.0,2503.0
5918,96.0,46.0,2504.0
5919,96.0,46.0,2505.0
5920,96.0,46.0,2759.0
5921,96.0,46.0,2760.0
5922,96.0,46.0,2761.0
5923,96.0,46.0,3015.0
5924,96.0,46.0,3016.0
5925,96.0,46.0,3017.0
5926,96.0,46.0,3271.0
5927,96.0,46.0,3272.0
5928,96.0,46.0,3273.0
5929,96.0,46.0,3527.0
5930,96.0,46.0,3528.0
5931,96.0,46.0,3529.0
5932,96.0,46.0,3783.0
5933,96.0,46.0,3784.0
5934,96.0,46.0,3785.0
5935,96.0,47.0,2204.0
5936,96.0,47.0,2205.0
5937,96.0,47.0,2248.0
5938,96.0,47.0,2460.0
5939,96.0,47.0,2461.0
5940,96.0,47.0,2504.0
5941,96.0,47.0,2716.0
5942,96.0,47.0,2717.0
5943,96.0,47.0,2760.0
5944,96.0,47.0,2972.0
5945,96.0,47.0,2973.0
5946,96.0,47.0,3016.0
5947,96.0,47.0,3228.0
5948,96.0,47.0,3229.0
5949,96.0,47.0,3272.0
5950,96.0,47.0,3484.0
5951,96.0,47.0,3485.0
5952,96.0,47.0,3528.0
5953,96.0,47.0,3740.0
5954,96.0,47.0,3741.0
5955,96.0,47.0,3784.0
5956,96.0,48.0,2229.0
5957,96.0,48.0,2230.0
5958,96.0,48.0,2485.0
5959,96.0,48.0,2486.0
5960,96.0,48.0,2741.0
5961,96.0,48.0,2742.0
5962,96.0,48.0,2997.0
5963,96.0,48.0,2998.0
5964,96.0,48.0,3253.0
5965,96.0,48.0,3254.0
5966,96.0,48.0,3509.0
5967,96.0,48.0,3510.0
5968,96.0,48.0,3765.0
5969,96.0,48.0,3766.0
5970,96.0,49.0,2219.0
5971,96.0,49.0,2227.0
5972,96.0,49.0,2228.0
5973,96.0,49.0,2483.0
5974,96.0,49.0,2484.0
5975,96.0,49.0,2739.0
5976,96.0,49.0,2740.0
5977,96.0,49.0,2995.0
5978,96.0,49.0,2996.0
5979,96.0,49.0,3251.0
5980,96.0,49.0,3252.0
5981,96.0,49.0,3507.0
5982,96.0,49.0,3508.0
5983,96.0,49.0,3763.0
5984,96.0,49.0,3764.0
5985,96.0,50.0,2231.0
5986,96.0,50.0,2232.0
5987,96.0,50.0,2233.0
5988,96.0,50.0,2234.0
5989,96.0,50.0,2487.0
5990,96.0,50.0,2488.0
5991,96.0,50.0,2489.0
5992,96.0,50.0,2490.0
5993,96.0,50.0,2743.0
5994,96.0,50.0,2744.0
5995,96.0,50.0,2745.0
5996,96.0,50.0,2746.0
5997,96.0,50.0,2999.0
5998,96.0,50.0,3000.0
5999,96.0,50.0,3001.0
6000,96.0,50.0,3002.0
6001,96.0,50.0,3255.0
6002,96.0,50.0,3256.0
6003,96.0,50.0,3257.0
6004,96.0,50.0,3258.0
6005,96.0,50.0,3511.0
6006,96.0,50.0,3512.0
6007,96.0,50.0,3513.0
6008,96.0,50.0,3514.0
6009,96.0,50.0,3767.0
6010,96.0,50.0,3768.0
6011,96.0,50.0,3769.0
6012,96.0,50.0,3770.0
6013,96.0,51.0,2228.0
6014,96.0,51.0,2229.0
6015,96.0,51.0,2484.0
6016,96.0,51.0,2485.0
6017,96.0,51.0,2740.0
6018,96.0,51.0,2741.0
6019,96.0,51.0,2996.0
6020,96.0,51.0,2997.0
6021,96.0,51.0,3252.0
6022,96.0,51.0,3253.0
6023,96.0,51.0,3508.0
6024,96.0,51.0,3509.0
6025,96.0,51.0,3764.0
6026,96.0,51.0,3765.0
6027,96.0,52.0,2219.0
6028,96.0,54.0,2219.0
6029,96.0,54.0,2475.0
6030,96.0,54.0,2731.0
6031,96.0,54.0,2987.0
6032,96.0,54.0,3243.0
6033,96.0,54.0,3499.0
6034,96.0,54.0,3755.0
6035,96.0,55.0,2218.0
6036,96.0,55.0,2474.0
6037,96.0,55.0,2730.0
6038,96.0,55.0,2986.0
6039,96.0,55.0,3242.0
6040,96.0,55.0,3498.0
6041,96.0,55.0,3754.0
6042,96.0,56.0,2202.0
6043,96.0,56.0,2203.0
6044,96.0,56.0,2458.0
6045,96.0,56.0,2459.0
6046,96.0,56.0,2714.0
6047,96.0,56.0,2715.0
6048,96.0,56.0,2970.0
6049,96.0,56.0,2971.0
6050,96.0,56.0,3226.0
6051,96.0,56.0,3227.0
6052,96.0,56.0,3482.0
6053,96.0,56.0,3483.0
6054,96.0,56.0,3738.0
6055,96.0,56.0,3739.0
6056,96.0,57.0,2201.0
6057,96.0,57.0,2202.0
6058,96.0,57.0,2203.0
6059,96.0,57.0,2457.0
6060,96.0,57.0,2458.0
6061,96.0,57.0,2459.0
6062,96.0,57.0,2713.0
6063,96.0,57.0,2714.0
6064,96.0,57.0,2715.0
6065,96.0,57.0,2969.0
6066,96.0,57.0,2970.0
6067,96.0,57.0,2971.0
6068,96.0,57.0,3225.0
6069,96.0,57.0,3226.0
6070,96.0,57.0,3227.0
6071,96.0,57.0,3481.0
6072,96.0,57.0,3482.0
6073,96.0,57.0,3483.0
6074,96.0,57.0,3737.0
6075,96.0,57.0,3738.0
6076,96.0,57.0,3739.0
6077,96.0,58.0,2200.0
6078,96.0,58.0,2456.0
6079,96.0,58.0,2712.0
6080,96.0,58.0,2968.0
6081,96.0,58.0,3224.0
6082,96.0,58.0,3480.0
6083,96.0,58.0,3736.0
6084,96.0,59.0,2208.0
6085,96.0,59.0,2209.0
6086,96.0,63.0,2236.0
6087,96.0,63.0,2237.0
6088,96.0,63.0,2492.0
6089,96.0,63.0,2493.0
6090,96.0,63.0,2748.0
6091,96.0,63.0,2749.0
6092,96.0,63.0,3004.0
6093,96.0,63.0,3005.0
6094,96.0,63.0,3260.0
6095,96.0,63.0,3261.0
6096,96.0,63.0,3516.0
6097,96.0,63.0,3517.0
6098,96.0,63.0,3772.0
6099,96.0,63.0,3773.0
6100,96.0,64.0,2231.0
6101,96.0,64.0,2232.0
6102,96.0,64.0,2233.0
6103,96.0,64.0,2234.0
6104,96.0,64.0,2235.0
6105,96.0,64.0,2487.0
6106,96.0,64.0,2488.0
6107,96.0,64.0,2489.0
6108,96.0,64.0,2490.0
6109,96.0,64.0,2491.0
6110,96.0,64.0,2743.0
6111,96.0,64.0,2744.0
6112,96.0,64.0,2745.0
6113,96.0,64.0,2746.0
6114,96.0,64.0,2747.0
6115,96.0,64.0,2999.0
6116,96.0,64.0,3000.0
6117,96.0,64.0,3001.0
6118,96.0,64.0,3002.0
6119,96.0,64.0,3003.0
6120,96.0,64.0,3255.0
6121,96.0,64.0,3256.0
6122,96.0,64.0,3257.0
6123,96.0,64.0,3258.0
6124,96.0,64.0,3259.0
6125,96.0,64.0,3511.0
6126,96.0,64.0,3512.0
6127,96.0,64.0,3513.0
6128,96.0,64.0,3514.0
6129,96.0,64.0,3515.0
6130,96.0,64.0,3767.0
6131,96.0,64.0,3768.0
6132,96.0,64.0,3769.0
6133,96.0,64.0,3770.0
6134,96.0,64.0,3771.0
6135,96.0,65.0,2233.0
6136,96.0,65.0,2234.0
6137,96.0,65.0,2489.0
6138,96.0,65.0,2490.0
6139,96.0,65.0,2745.0
6140,96.0,65.0,2746.0
6141,96.0,65.0,3001.0
6142,96.0,65.0,3002.0
6143,96.0,65.0,3257.0
6144,96.0,65.0,3258.0
6145,96.0,65.0,3513.0
6146,96.0,65.0,3514.0
6147,96.0,65.0,3769.0
6148,96.0,65.0,3770.0
6149,96.0,68.0,2243.0
6150,96.0,68.0,2499.0
6151,96.0,68.0,2755.0
6152,96.0,68.0,3011.0
6153,96.0,68.0,3267.0
6154,96.0,68.0,3523.0
6155,96.0,68.0,3779.0
6156,96.0,69.0,2242.0
6157,96.0,69.0,2243.0
6158,96.0,69.0,2244.0
6159,96.0,69.0,2498.0
6160,96.0,69.0,2499.0
6161,96.0,69.0,2500.0
6162,96.0,69.0,2754.0
6163,96.0,69.0,2755.0
6164,96.0,69.0,2756.0
6165,96.0,69.0,3010.0
6166,96.0,69.0,3011.0
6167,96.0,69.0,3012.0
6168,96.0,69.0,3266.0
6169,96.0,69.0,3267.0
6170,96.0,69.0,3268.0
6171,96.0,69.0,3522.0
6172,96.0,69.0,3523.0
6173,96.0,69.0,3524.0
6174,96.0,69.0,3778.0
6175,96.0,69.0,3779.0
6176,96.0,69.0,3780.0
6177,96.0,72.0,2236.0
6178,96.0,72.0,2492.0
6179,96.0,72.0,2748.0
6180,96.0,72.0,3004.0
6181,96.0,72.0,3260.0
6182,96.0,72.0,3516.0
6183,96.0,72.0,3772.0
6184,96.0,73.0,2235.0
6185,96.0,73.0,2236.0
6186,96.0,73.0,2491.0
6187,96.0,73.0,2492.0
6188,96.0,73.0,2747.0
6189,96.0,73.0,2748.0
6190,96.0,73.0,3003.0
6191,96.0,73.0,3004.0
6192,96.0,73.0,3259.0
6193,96.0,73.0,3260.0
6194,96.0,73.0,3515.0
6195,96.0,73.0,3516.0
6196,96.0,73.0,3771.0
6197,96.0,73.0,3772.0
6198,96.0,74.0,2231.0
6199,96.0,74.0,2232.0
6200,96.0,74.0,2234.0
6201,96.0,74.0,2487.0
6202,96.0,74.0,2488.0
6203,96.0,74.0,2490.0
6204,96.0,74.0,2743.0
6205,96.0,74.0,2744.0
6206,96.0,74.0,2746.0
6207,96.0,74.0,2999.0
6208,96.0,74.0,3000.0
6209,96.0,74.0,3002.0
6210,96.0,74.0,3255.0
6211,96.0,74.0,3256.0
6212,96.0,74.0,3258.0
6213,96.0,74.0,3511.0
6214,96.0,74.0,3512.0
6215,96.0,74.0,3514.0
6216,96.0,74.0,3767.0
6217,96.0,74.0,3768.0
6218,96.0,74.0,3770.0
6219,96.0,75.0,2226.0
6220,96.0,75.0,2227.0
6221,96.0,75.0,2228.0
6222,96.0,75.0,2231.0
6223,96.0,75.0,2233.0
6224,96.0,75.0,2234.0
6225,96.0,75.0,2482.0
6226,96.0,75.0,2483.0
6227,96.0,75.0,2484.0
6228,96.0,75.0,2487.0
6229,96.0,75.0,2489.0
6230,96.0,75.0,2490.0
6231,96.0,75.0,2738.0
6232,96.0,75.0,2739.0
6233,96.0,75.0,2740.0
6234,96.0,75.0,2743.0
6235,96.0,75.0,2745.0
6236,96.0,75.0,2746.0
6237,96.0,75.0,2994.0
6238,96.0,75.0,2995.0
6239,96.0,75.0,2996.0
6240,96.0,75.0,2999.0
6241,96.0,75.0,3001.0
6242,96.0,75.0,3002.0
6243,96.0,75.0,3250.0
6244,96.0,75.0,3251.0
6245,96.0,75.0,3252.0
6246,96.0,75.0,3255.0
6247,96.0,75.0,3257.0
6248,96.0,75.0,3258.0
6249,96.0,75.0,3506.0
6250,96.0,75.0,3507.0
6251,96.0,75.0,3508.0
6252,96.0,75.0,3511.0
6253,96.0,75.0,3513.0
6254,96.0,75.0,3514.0
6255,96.0,75.0,3762.0
6256,96.0,75.0,3763.0
6257,96.0,75.0,3764.0
6258,96.0,75.0,3767.0
6259,96.0,75.0,3769.0
6260,96.0,75.0,3770.0
6261,96.0,76.0,2227.0
6262,96.0,76.0,2244.0
6263,96.0,76.0,2245.0
6264,96.0,76.0,2483.0
6265,96.0,76.0,2739.0
6266,96.0,76.0,2995.0
6267,96.0,76.0,3251.0
6268,96.0,76.0,3507.0
6269,96.0,76.0,3763.0
6270,96.0,77.0,2231.0
6271,96.0,77.0,2234.0
6272,96.0,77.0,2235.0
6273,96.0,77.0,2236.0
6274,96.0,77.0,2242.0
6275,96.0,77.0,2487.0
6276,96.0,77.0,2490.0
6277,96.0,77.0,2491.0
6278,96.0,77.0,2492.0
6279,96.0,77.0,2743.0
6280,96.0,77.0,2746.0
6281,96.0,77.0,2747.0
6282,96.0,77.0,2748.0
6283,96.0,77.0,2999.0
6284,96.0,77.0,3002.0
6285,96.0,77.0,3003.0
6286,96.0,77.0,3004.0
6287,96.0,77.0,3255.0
6288,96.0,77.0,3258.0
6289,96.0,77.0,3259.0
6290,96.0,77.0,3260.0
6291,96.0,77.0,3511.0
6292,96.0,77.0,3514.0
6293,96.0,77.0,3515.0
6294,96.0,77.0,3516.0
6295,96.0,77.0,3767.0
6296,96.0,77.0,3770.0
6297,96.0,77.0,3771.0
6298,96.0,77.0,3772.0
6299,96.0,78.0,2229.0
6300,96.0,78.0,2230.0
6301,96.0,78.0,2235.0
6302,96.0,78.0,2485.0
6303,96.0,78.0,2486.0
6304,96.0,78.0,2491.0
6305,96.0,78.0,2741.0
6306,96.0,78.0,2742.0
6307,96.0,78.0,2747.0
6308,96.0,78.0,2997.0
6309,96.0,78.0,2998.0
6310,96.0,78.0,3003.0
6311,96.0,78.0,3253.0
6312,96.0,78.0,3254.0
6313,96.0,78.0,3259.0
6314,96.0,78.0,3509.0
6315,96.0,78.0,3510.0
6316,96.0,78.0,3515.0
6317,96.0,78.0,3765.0
6318,96.0,78.0,3766.0
6319,96.0,78.0,3771.0
6320,96.0,79.0,2249.0
6321,96.0,79.0,2761.0
6322,96.0,79.0,3017.0
6323,96.0,79.0,3273.0
6324,96.0,79.0,3529.0
6325,96.0,79.0,3785.0
6326,96.0,80.0,2248.0
6327,96.0,80.0,2760.0
6328,96.0,80.0,3016.0
6329,96.0,80.0,3272.0
6330,96.0,80.0,3528.0
6331,96.0,80.0,3784.0
6332,96.0,83.0,2225.0
6333,96.0,83.0,2226.0
6334,96.0,83.0,2227.0
6335,96.0,83.0,2481.0
6336,96.0,83.0,2482.0
6337,96.0,83.0,2483.0
6338,96.0,83.0,2737.0
6339,96.0,83.0,2738.0
6340,96.0,83.0,2739.0
6341,96.0,83.0,2993.0
6342,96.0,83.0,2994.0
6343,96.0,83.0,2995.0
6344,96.0,83.0,3249.0
6345,96.0,83.0,3250.0
6346,96.0,83.0,3251.0
6347,96.0,83.0,3505.0
6348,96.0,83.0,3506.0
6349,96.0,83.0,3507.0
6350,96.0,83.0,3761.0
6351,96.0,83.0,3762.0
6352,96.0,83.0,3763.0
6353,96.0,84.0,2231.0
6354,96.0,84.0,2232.0
6355,96.0,84.0,2487.0
6356,96.0,84.0,2488.0
6357,96.0,84.0,2743.0
6358,96.0,84.0,2744.0
6359,96.0,84.0,2999.0
6360,96.0,84.0,3000.0
6361,96.0,84.0,3255.0
6362,96.0,84.0,3256.0
6363,96.0,84.0,3511.0
6364,96.0,84.0,3512.0
6365,96.0,84.0,3767.0
6366,96.0,84.0,3768.0
6367,96.0,85.0,2227.0
6368,96.0,85.0,2228.0
6369,96.0,85.0,2231.0
6370,96.0,85.0,2487.0
6371,96.0,85.0,2743.0
6372,96.0,85.0,2999.0
6373,96.0,85.0,3255.0
6374,96.0,85.0,3511.0
6375,96.0,85.0,3767.0
6376,96.0,87.0,2229.0
6377,96.0,87.0,2232.0
6378,96.0,87.0,2233.0
6379,96.0,87.0,2234.0
6380,96.0,87.0,2248.0
6381,96.0,87.0,2488.0
6382,96.0,87.0,2489.0
6383,96.0,87.0,2490.0
6384,96.0,87.0,2504.0
6385,96.0,87.0,2744.0
6386,96.0,87.0,2745.0
6387,96.0,87.0,2746.0
6388,96.0,87.0,2760.0
6389,96.0,87.0,3000.0
6390,96.0,87.0,3001.0
6391,96.0,87.0,3002.0
6392,96.0,87.0,3016.0
6393,96.0,87.0,3256.0
6394,96.0,87.0,3257.0
6395,96.0,87.0,3258.0
6396,96.0,87.0,3272.0
6397,96.0,87.0,3512.0
6398,96.0,87.0,3513.0
6399,96.0,87.0,3514.0
6400,96.0,87.0,3528.0
6401,96.0,87.0,3768.0
6402,96.0,87.0,3769.0
6403,96.0,87.0,3770.0
6404,96.0,87.0,3784.0
6405,96.0,88.0,2231.0
6406,96.0,88.0,2232.0
6407,96.0,88.0,2233.0
6408,96.0,88.0,2234.0
6409,96.0,88.0,2245.0
6410,96.0,88.0,2246.0
6411,96.0,88.0,2247.0
6412,96.0,88.0,2248.0
6413,96.0,88.0,2487.0
6414,96.0,88.0,2488.0
6415,96.0,88.0,2489.0
6416,96.0,88.0,2490.0
6417,96.0,88.0,2501.0
6418,96.0,88.0,2502.0
6419,96.0,88.0,2503.0
6420,96.0,88.0,2504.0
6421,96.0,88.0,2743.0
6422,96.0,88.0,2744.0
6423,96.0,88.0,2745.0
6424,96.0,88.0,2746.0
6425,96.0,88.0,2757.0
6426,96.0,88.0,2758.0
6427,96.0,88.0,2759.0
6428,96.0,88.0,2760.0
6429,96.0,88.0,2999.0
6430,96.0,88.0,3000.0
6431,96.0,88.0,3001.0
6432,96.0,88.0,3002.0
6433,96.0,88.0,3013.0
6434,96.0,88.0,3014.0
6435,96.0,88.0,3015.0
6436,96.0,88.0,3016.0
6437,96.0,88.0,3255.0
6438,96.0,88.0,3256.0
6439,96.0,88.0,3257.0
6440,96.0,88.0,3258.0
6441,96.0,88.0,3269.0
6442,96.0,88.0,3270.0
6443,96.0,88.0,3271.0
6444,96.0,88.0,3272.0
6445,96.0,88.0,3511.0
6446,96.0,88.0,3512.0
6447,96.0,88.0,3513.0
6448,96.0,88.0,3514.0
6449,96.0,88.0,3525.0
6450,96.0,88.0,3526.0
6451,96.0,88.0,3527.0
6452,96.0,88.0,3528.0
6453,96.0,88.0,3767.0
6454,96.0,88.0,3768.0
6455,96.0,88.0,3769.0
6456,96.0,88.0,3770.0
6457,96.0,88.0,3781.0
6458,96.0,88.0,3782.0
6459,96.0,88.0,3783.0
6460,96.0,88.0,3784.0
6461,96.0,92.0,2233.0
6462,96.0,92.0,2234.0
6463,96.0,92.0,2489.0
6464,96.0,92.0,2490.0
6465,96.0,92.0,2745.0
6466,96.0,92.0,2746.0
6467,96.0,92.0,3001.0
6468,96.0,92.0,3002.0
6469,96.0,92.0,3257.0
6470,96.0,92.0,3258.0
6471,96.0,92.0,3513.0
6472,96.0,92.0,3514.0
6473,96.0,92.0,3769.0
6474,96.0,92.0,3770.0
6475,96.0,93.0,2233.0
6476,96.0,93.0,2234.0
6477,96.0,93.0,2235.0
6478,96.0,93.0,2236.0
6479,96.0,93.0,2237.0
6480,96.0,93.0,2489.0
6481,96.0,93.0,2490.0
6482,96.0,93.0,2491.0
6483,96.0,93.0,2492.0
6484,96.0,93.0,2493.0
6485,96.0,93.0,2745.0
6486,96.0,93.0,2746.0
6487,96.0,93.0,2747.0
6488,96.0,93.0,2748.0
6489,96.0,93.0,2749.0
6490,96.0,93.0,3001.0
6491,96.0,93.0,3002.0
6492,96.0,93.0,3003.0
6493,96.0,93.0,3004.0
6494,96.0,93.0,3005.0
6495,96.0,93.0,3257.0
6496,96.0,93.0,3258.0
6497,96.0,93.0,3259.0
6498,96.0,93.0,3260.0
6499,96.0,93.0,3261.0
6500,96.0,93.0,3513.0
6501,96.0,93.0,3514.0
6502,96.0,93.0,3515.0
6503,96.0,93.0,3516.0
6504,96.0,93.0,3517.0
6505,96.0,93.0,3769.0
6506,96.0,93.0,3770.0
6507,96.0,93.0,3771.0
6508,96.0,93.0,3772.0
6509,96.0,93.0,3773.0
6510,96.0,94.0,2231.0
6511,96.0,94.0,2234.0
6512,96.0,94.0,2235.0
6513,96.0,94.0,2236.0
6514,96.0,94.0,2487.0
6515,96.0,94.0,2490.0
6516,96.0,94.0,2491.0
6517,96.0,94.0,2492.0
6518,96.0,94.0,2743.0
6519,96.0,94.0,2746.0
6520,96.0,94.0,2747.0
6521,96.0,94.0,2748.0
6522,96.0,94.0,2999.0
6523,96.0,94.0,3002.0
6524,96.0,94.0,3003.0
6525,96.0,94.0,3004.0
6526,96.0,94.0,3255.0
6527,96.0,94.0,3258.0
6528,96.0,94.0,3259.0
6529,96.0,94.0,3260.0
6530,96.0,94.0,3511.0
6531,96.0,94.0,3514.0
6532,96.0,94.0,3515.0
6533,96.0,94.0,3516.0
6534,96.0,94.0,3767.0
6535,96.0,94.0,3770.0
6536,96.0,94.0,3771.0
6537,96.0,94.0,3772.0
6538,96.0,96.0,2234.0
6539,96.0,96.0,2236.0
6540,96.0,96.0,2237.0
6541,96.0,96.0,2238.0
6542,96.0,96.0,2244.0
6543,96.0,96.0,2245.0
6544,96.0,96.0,2490.0
6545,96.0,96.0,2492.0
6546,96.0,96.0,2493.0
6547,96.0,96.0,2494.0
6548,96.0,96.0,2500.0
6549,96.0,96.0,2501.0
6550,96.0,96.0,2746.0
6551,96.0,96.0,2748.0
6552,96.0,96.0,2749.0
6553,96.0,96.0,2750.0
6554,96.0,96.0,2756.0
6555,96.0,96.0,2757.0
6556,96.0,96.0,3002.0
6557,96.0,96.0,3004.0
6558,96.0,96.0,3005.0
6559,96.0,96.0,3006.0
6560,96.0,96.0,3012.0
6561,96.0,96.0,3013.0
6562,96.0,96.0,3258.0
6563,96.0,96.0,3260.0
6564,96.0,96.0,3261.0
6565,96.0,96.0,3262.0
6566,96.0,96.0,3268.0
6567,96.0,96.0,3269.0
6568,96.0,96.0,3514.0
6569,96.0,96.0,3516.0
6570,96.0,96.0,3517.0
6571,96.0,96.0,3518.0
6572,96.0,96.0,3524.0
6573,96.0,96.0,3525.0
6574,96.0,96.0,3770.0
6575,96.0,96.0,3772.0
6576,96.0,96.0,3773.0
6577,96.0,96.0,3774.0
6578,96.0,96.0,3780.0
6579,96.0,96.0,3781.0
6580,96.0,97.0,2235.0
6581,96.0,97.0,2236.0
6582,96.0,97.0,2237.0
6583,96.0,97.0,2491.0
6584,96.0,97.0,2492.0
6585,96.0,97.0,2493.0
6586,96.0,97.0,2747.0
6587,96.0,97.0,2748.0
6588,96.0,97.0,2749.0
6589,96.0,97.0,3003.0
6590,96.0,97.0,3004.0
6591,96.0,97.0,3005.0
6592,96.0,97.0,3259.0
6593,96.0,97.0,3260.0
6594,96.0,97.0,3261.0
6595,96.0,97.0,3515.0
6596,96.0,97.0,3516.0
6597,96.0,97.0,3517.0
6598,96.0,97.0,3771.0
6599,96.0,97.0,3772.0
6600,96.0,97.0,3773.0
6601,96.0,100.0,2241.0
6602,96.0,100.0,2753.0
6603,96.0,100.0,3009.0
6604,96.0,100.0,3265.0
6605,96.0,100.0,3521.0
6606,96.0,100.0,3777.0
6607,96.0,101.0,2231.0
6608,96.0,101.0,2234.0
6609,96.0,101.0,2240.0
6610,96.0,101.0,2241.0
6611,96.0,101.0,2487.0
6612,96.0,101.0,2490.0
6613,96.0,101.0,2743.0
6614,96.0,101.0,2746.0
6615,96.0,101.0,2752.0
6616,96.0,101.0,2753.0
6617,96.0,101.0,2999.0
6618,96.0,101.0,3002.0
6619,96.0,101.0,3008.0
6620,96.0,101.0,3009.0
6621,96.0,101.0,3255.0
6622,96.0,101.0,3258.0
6623,96.0,101.0,3264.0
6624,96.0,101.0,3265.0
6625,96.0,101.0,3511.0
6626,96.0,101.0,3514.0
6627,96.0,101.0,3520.0
6628,96.0,101.0,3521.0
6629,96.0,101.0,3767.0
6630,96.0,101.0,3770.0
6631,96.0,101.0,3776.0
6632,96.0,101.0,3777.0
6633,96.0,102.0,2214.0
6634,96.0,102.0,2215.0
6635,96.0,102.0,2228.0
6636,96.0,102.0,2229.0
6637,96.0,102.0,2230.0
6638,96.0,102.0,2231.0
6639,96.0,102.0,2232.0
6640,96.0,102.0,2484.0
6641,96.0,102.0,2485.0
6642,96.0,102.0,2486.0
6643,96.0,102.0,2487.0
6644,96.0,102.0,2488.0
6645,96.0,102.0,2740.0
6646,96.0,102.0,2741.0
6647,96.0,102.0,2742.0
6648,96.0,102.0,2743.0
6649,96.0,102.0,2744.0
6650,96.0,102.0,2996.0
6651,96.0,102.0,2997.0
6652,96.0,102.0,2998.0
6653,96.0,102.0,2999.0
6654,96.0,102.0,3000.0
6655,96.0,102.0,3252.0
6656,96.0,102.0,3253.0
6657,96.0,102.0,3254.0
6658,96.0,102.0,3255.0
6659,96.0,102.0,3256.0
6660,96.0,102.0,3508.0
6661,96.0,102.0,3509.0
6662,96.0,102.0,3510.0
6663,96.0,102.0,3511.0
6664,96.0,102.0,3512.0
6665,96.0,102.0,3764.0
6666,96.0,102.0,3765.0
6667,96.0,102.0,3766.0
6668,96.0,102.0,3767.0
6669,96.0,102.0,3768.0
6670,96.0,103.0,2218.0
6671,96.0,103.0,2228.0
6672,96.0,103.0,2229.0
6673,96.0,103.0,2230.0
6674,96.0,103.0,2484.0
6675,96.0,103.0,2485.0
6676,96.0,103.0,2486.0
6677,96.0,103.0,2740.0
6678,96.0,103.0,2741.0
6679,96.0,103.0,2742.0
6680,96.0,103.0,2996.0
6681,96.0,103.0,2997.0
6682,96.0,103.0,2998.0
6683,96.0,103.0,3252.0
6684,96.0,103.0,3253.0
6685,96.0,103.0,3254.0
6686,96.0,103.0,3508.0
6687,96.0,103.0,3509.0
6688,96.0,103.0,3510.0
6689,96.0,103.0,3764.0
6690,96.0,103.0,3765.0
6691,96.0,103.0,3766.0
6692,96.0,104.0,2217.0
6693,96.0,104.0,2219.0
6694,96.0,104.0,2227.0
6695,96.0,104.0,2228.0
6696,96.0,104.0,2229.0
6697,96.0,104.0,2483.0
6698,96.0,104.0,2484.0
6699,96.0,104.0,2485.0
6700,96.0,104.0,2739.0
6701,96.0,104.0,2740.0
6702,96.0,104.0,2741.0
6703,96.0,104.0,2995.0
6704,96.0,104.0,2996.0
6705,96.0,104.0,2997.0
6706,96.0,104.0,3251.0
6707,96.0,104.0,3252.0
6708,96.0,104.0,3253.0
6709,96.0,104.0,3507.0
6710,96.0,104.0,3508.0
6711,96.0,104.0,3509.0
6712,96.0,104.0,3763.0
6713,96.0,104.0,3764.0
6714,96.0,104.0,3765.0
6715,96.0,105.0,2227.0
6716,96.0,105.0,2228.0
6717,96.0,105.0,2229.0
6718,96.0,105.0,2483.0
6719,96.0,105.0,2484.0
6720,96.0,105.0,2485.0
6721,96.0,105.0,2739.0
6722,96.0,105.0,2740.0
6723,96.0,105.0,2741.0
6724,96.0,105.0,2995.0
6725,96.0,105.0,2996.0
6726,96.0,105.0,2997.0
6727,96.0,105.0,3251.0
6728,96.0,105.0,3252.0
6729,96.0,105.0,3253.0
6730,96.0,105.0,3507.0
6731,96.0,105.0,3508.0
6732,96.0,105.0,3509.0
6733,96.0,105.0,3763.0
6734,96.0,105.0,3764.0
6735,96.0,105.0,3765.0
6736,96.0,106.0,2225.0
6737,96.0,106.0,2226.0
6738,96.0,106.0,2227.0
6739,96.0,106.0,2481.0
6740,96.0,106.0,2482.0
6741,96.0,106.0,2483.0
6742,96.0,106.0,2737.0
6743,96.0,106.0,2738.0
6744,96.0,106.0,2739.0
6745,96.0,106.0,2993.0
6746,96.0,106.0,2994.0
6747,96.0,106.0,2995.0
6748,96.0,106.0,3249.0
6749,96.0,106.0,3250.0
6750,96.0,106.0,3251.0
6751,96.0,106.0,3505.0
6752,96.0,106.0,3506.0
6753,96.0,106.0,3507.0
6754,96.0,106.0,3761.0
6755,96.0,106.0,3762.0
6756,96.0,106.0,3763.0
6757,96.0,107.0,2231.0
6758,96.0,107.0,2232.0
6759,96.0,107.0,2487.0
6760,96.0,107.0,2488.0
6761,96.0,107.0,2743.0
6762,96.0,107.0,2744.0
6763,96.0,107.0,2999.0
6764,96.0,107.0,3000.0
6765,96.0,107.0,3255.0
6766,96.0,107.0,3256.0
6767,96.0,107.0,3511.0
6768,96.0,107.0,3512.0
6769,96.0,107.0,3767.0
6770,96.0,107.0,3768.0
6771,97.0,30.0,2194.0
6772,97.0,31.0,2193.0
6773,97.0,31.0,2705.0
6774,97.0,31.0,2961.0
6775,97.0,31.0,3217.0
6776,97.0,31.0,3473.0
6777,97.0,31.0,3729.0
6778,97.0,32.0,2192.0
6779,97.0,32.0,2704.0
6780,97.0,32.0,2960.0
6781,97.0,32.0,3216.0
6782,97.0,32.0,3472.0
6783,97.0,32.0,3728.0
6784,97.0,34.0,2190.0
6785,97.0,34.0,2191.0
6786,97.0,38.0,2190.0
6787,97.0,38.0,2191.0
6788,97.0,38.0,2212.0
6789,97.0,38.0,2213.0
6790,97.0,38.0,2446.0
6791,97.0,38.0,2447.0
6792,97.0,38.0,2468.0
6793,97.0,38.0,2469.0
6794,97.0,38.0,2702.0
6795,97.0,38.0,2703.0
6796,97.0,38.0,2724.0
6797,97.0,38.0,2725.0
6798,97.0,38.0,2958.0
6799,97.0,38.0,2959.0
6800,97.0,38.0,2980.0
6801,97.0,38.0,2981.0
6802,97.0,38.0,3214.0
6803,97.0,38.0,3215.0
6804,97.0,38.0,3236.0
6805,97.0,38.0,3237.0
6806,97.0,38.0,3470.0
6807,97.0,38.0,3471.0
6808,97.0,38.0,3492.0
6809,97.0,38.0,3493.0
6810,97.0,38.0,3726.0
6811,97.0,38.0,3727.0
6812,97.0,38.0,3748.0
6813,97.0,38.0,3749.0
6814,97.0,39.0,2190.0
6815,97.0,39.0,2191.0
6816,97.0,39.0,2192.0
6817,97.0,39.0,2194.0
6818,97.0,39.0,2212.0
6819,97.0,39.0,2213.0
6820,97.0,39.0,2214.0
6821,97.0,39.0,2446.0
6822,97.0,39.0,2447.0
6823,97.0,39.0,2448.0
6824,97.0,39.0,2450.0
6825,97.0,39.0,2468.0
6826,97.0,39.0,2469.0
6827,97.0,39.0,2470.0
6828,97.0,39.0,2702.0
6829,97.0,39.0,2703.0
6830,97.0,39.0,2704.0
6831,97.0,39.0,2706.0
6832,97.0,39.0,2724.0
6833,97.0,39.0,2725.0
6834,97.0,39.0,2726.0
6835,97.0,39.0,2958.0
6836,97.0,39.0,2959.0
6837,97.0,39.0,2960.0
6838,97.0,39.0,2962.0
6839,97.0,39.0,2980.0
6840,97.0,39.0,2981.0
6841,97.0,39.0,2982.0
6842,97.0,39.0,3214.0
6843,97.0,39.0,3215.0
6844,97.0,39.0,3216.0
6845,97.0,39.0,3218.0
6846,97.0,39.0,3236.0
6847,97.0,39.0,3237.0
6848,97.0,39.0,3238.0
6849,97.0,39.0,3470.0
6850,97.0,39.0,3471.0
6851,97.0,39.0,3472.0
6852,97.0,39.0,3474.0
6853,97.0,39.0,3492.0
6854,97.0,39.0,3493.0
6855,97.0,39.0,3494.0
6856,97.0,39.0,3726.0
6857,97.0,39.0,3727.0
6858,97.0,39.0,3728.0
6859,97.0,39.0,3730.0
6860,97.0,39.0,3748.0
6861,97.0,39.0,3749.0
6862,97.0,39.0,3750.0
6863,97.0,40.0,2191.0
6864,97.0,40.0,2192.0
6865,97.0,40.0,2193.0
6866,97.0,40.0,2194.0
6867,97.0,40.0,2195.0
6868,97.0,40.0,2201.0
6869,97.0,40.0,2202.0
6870,97.0,40.0,2210.0
6871,97.0,40.0,2211.0
6872,97.0,40.0,2212.0
6873,97.0,40.0,2447.0
6874,97.0,40.0,2448.0
6875,97.0,40.0,2449.0
6876,97.0,40.0,2450.0
6877,97.0,40.0,2451.0
6878,97.0,40.0,2466.0
6879,97.0,40.0,2467.0
6880,97.0,40.0,2468.0
6881,97.0,40.0,2703.0
6882,97.0,40.0,2704.0
6883,97.0,40.0,2705.0
6884,97.0,40.0,2706.0
6885,97.0,40.0,2707.0
6886,97.0,40.0,2722.0
6887,97.0,40.0,2723.0
6888,97.0,40.0,2724.0
6889,97.0,40.0,2959.0
6890,97.0,40.0,2960.0
6891,97.0,40.0,2961.0
6892,97.0,40.0,2962.0
6893,97.0,40.0,2963.0
6894,97.0,40.0,2978.0
6895,97.0,40.0,2979.0
6896,97.0,40.0,2980.0
6897,97.0,40.0,3215.0
6898,97.0,40.0,3216.0
6899,97.0,40.0,3217.0
6900,97.0,40.0,3218.0
6901,97.0,40.0,3219.0
6902,97.0,40.0,3234.0
6903,97.0,40.0,3235.0
6904,97.0,40.0,3236.0
6905,97.0,40.0,3471.0
6906,97.0,40.0,3472.0
6907,97.0,40.0,3473.0
6908,97.0,40.0,3474.0
6909,97.0,40.0,3475.0
6910,97.0,40.0,3490.0
6911,97.0,40.0,3491.0
6912,97.0,40.0,3492.0
6913,97.0,40.0,3727.0
6914,97.0,40.0,3728.0
6915,97.0,40.0,3729.0
6916,97.0,40.0,3730.0
6917,97.0,40.0,3731.0
6918,97.0,40.0,3746.0
6919,97.0,40.0,3747.0
6920,97.0,40.0,3748.0
6921,97.0,41.0,2200.0
6922,97.0,41.0,2209.0
6923,97.0,41.0,2210.0
6924,97.0,41.0,2211.0
6925,97.0,41.0,2212.0
6926,97.0,41.0,2465.0
6927,97.0,41.0,2466.0
6928,97.0,41.0,2467.0
6929,97.0,41.0,2468.0
6930,97.0,41.0,2721.0
6931,97.0,41.0,2722.0
6932,97.0,41.0,2723.0
6933,97.0,41.0,2724.0
6934,97.0,41.0,2977.0
6935,97.0,41.0,2978.0
6936,97.0,41.0,2979.0
6937,97.0,41.0,2980.0
6938,97.0,41.0,3233.0
6939,97.0,41.0,3234.0
6940,97.0,41.0,3235.0
6941,97.0,41.0,3236.0
6942,97.0,41.0,3489.0
6943,97.0,41.0,3490.0
6944,97.0,41.0,3491.0
6945,97.0,41.0,3492.0
6946,97.0,41.0,3745.0
6947,97.0,41.0,3746.0
6948,97.0,41.0,3747.0
6949,97.0,41.0,3748.0
6950,97.0,42.0,2209.0
6951,97.0,42.0,2210.0
6952,97.0,42.0,2465.0
6953,97.0,42.0,2466.0
6954,97.0,42.0,2721.0
6955,97.0,42.0,2722.0
6956,97.0,42.0,2977.0
6957,97.0,42.0,2978.0
6958,97.0,42.0,3233.0
6959,97.0,42.0,3234.0
6960,97.0,42.0,3489.0
6961,97.0,42.0,3490.0
6962,97.0,42.0,3745.0
6963,97.0,42.0,3746.0
6964,97.0,43.0,2208.0
6965,97.0,43.0,2209.0
6966,97.0,43.0,2210.0
6967,97.0,43.0,2211.0
6968,97.0,43.0,2464.0
6969,97.0,43.0,2465.0
6970,97.0,43.0,2466.0
6971,97.0,43.0,2467.0
6972,97.0,43.0,2720.0
6973,97.0,43.0,2721.0
6974,97.0,43.0,2722.0
6975,97.0,43.0,2723.0
6976,97.0,43.0,2976.0
6977,97.0,43.0,2977.0
6978,97.0,43.0,2978.0
6979,97.0,43.0,2979.0
6980,97.0,43.0,3232.0
6981,97.0,43.0,3233.0
6982,97.0,43.0,3234.0
6983,97.0,43.0,3235.0
6984,97.0,43.0,3488.0
6985,97.0,43.0,3489.0
6986,97.0,43.0,3490.0
6987,97.0,43.0,3491.0
6988,97.0,43.0,3744.0
6989,97.0,43.0,3745.0
6990,97.0,43.0,3746.0
6991,97.0,43.0,3747.0
6992,97.0,47.0,2246.0
6993,97.0,47.0,2247.0
6994,97.0,48.0,2229.0
6995,97.0,48.0,2230.0
6996,97.0,48.0,2232.0
6997,97.0,48.0,2233.0
6998,97.0,48.0,2485.0
6999,97.0,48.0,2486.0
7000,97.0,48.0,2488.0
7001,97.0,48.0,2489.0
7002,97.0,48.0,2741.0
7003,97.0,48.0,2742.0
7004,97.0,48.0,2744.0
7005,97.0,48.0,2745.0
7006,97.0,48.0,2997.0
7007,97.0,48.0,2998.0
7008,97.0,48.0,3000.0
7009,97.0,48.0,3001.0
7010,97.0,48.0,3253.0
7011,97.0,48.0,3254.0
7012,97.0,48.0,3256.0
7013,97.0,48.0,3257.0
7014,97.0,48.0,3509.0
7015,97.0,48.0,3510.0
7016,97.0,48.0,3512.0
7017,97.0,48.0,3513.0
7018,97.0,48.0,3765.0
7019,97.0,48.0,3766.0
7020,97.0,48.0,3768.0
7021,97.0,48.0,3769.0
7022,97.0,49.0,2227.0
7023,97.0,49.0,2228.0
7024,97.0,49.0,2483.0
7025,97.0,49.0,2484.0
7026,97.0,49.0,2739.0
7027,97.0,49.0,2740.0
7028,97.0,49.0,2995.0
7029,97.0,49.0,2996.0
7030,97.0,49.0,3251.0
7031,97.0,49.0,3252.0
7032,97.0,49.0,3507.0
7033,97.0,49.0,3508.0
7034,97.0,49.0,3763.0
7035,97.0,49.0,3764.0
7036,97.0,50.0,2217.0
7037,97.0,50.0,2219.0
7038,97.0,50.0,2475.0
7039,97.0,50.0,2731.0
7040,97.0,50.0,2987.0
7041,97.0,50.0,3243.0
7042,97.0,50.0,3499.0
7043,97.0,50.0,3755.0
7044,97.0,51.0,2228.0
7045,97.0,51.0,2229.0
7046,97.0,51.0,2240.0
7047,97.0,51.0,2241.0
7048,97.0,51.0,2484.0
7049,97.0,51.0,2485.0
7050,97.0,51.0,2740.0
7051,97.0,51.0,2741.0
7052,97.0,51.0,2996.0
7053,97.0,51.0,2997.0
7054,97.0,51.0,3252.0
7055,97.0,51.0,3253.0
7056,97.0,51.0,3508.0
7057,97.0,51.0,3509.0
7058,97.0,51.0,3764.0
7059,97.0,51.0,3765.0
7060,97.0,52.0,2220.0
7061,97.0,52.0,2221.0
7062,97.0,52.0,2222.0
7063,97.0,52.0,2226.0
7064,97.0,52.0,2476.0
7065,97.0,52.0,2477.0
7066,97.0,52.0,2478.0
7067,97.0,52.0,2482.0
7068,97.0,52.0,2732.0
7069,97.0,52.0,2733.0
7070,97.0,52.0,2734.0
7071,97.0,52.0,2738.0
7072,97.0,52.0,2988.0
7073,97.0,52.0,2989.0
7074,97.0,52.0,2990.0
7075,97.0,52.0,2994.0
7076,97.0,52.0,3244.0
7077,97.0,52.0,3245.0
7078,97.0,52.0,3246.0
7079,97.0,52.0,3250.0
7080,97.0,52.0,3500.0
7081,97.0,52.0,3501.0
7082,97.0,52.0,3502.0
7083,97.0,52.0,3506.0
7084,97.0,52.0,3756.0
7085,97.0,52.0,3757.0
7086,97.0,52.0,3758.0
7087,97.0,52.0,3762.0
7088,97.0,53.0,2220.0
7089,97.0,53.0,2221.0
7090,97.0,53.0,2476.0
7091,97.0,53.0,2477.0
7092,97.0,53.0,2732.0
7093,97.0,53.0,2733.0
7094,97.0,53.0,2988.0
7095,97.0,53.0,2989.0
7096,97.0,53.0,3244.0
7097,97.0,53.0,3245.0
7098,97.0,53.0,3500.0
7099,97.0,53.0,3501.0
7100,97.0,53.0,3756.0
7101,97.0,53.0,3757.0
7102,97.0,63.0,2236.0
7103,97.0,63.0,2492.0
7104,97.0,63.0,2748.0
7105,97.0,63.0,3004.0
7106,97.0,63.0,3260.0
7107,97.0,63.0,3516.0
7108,97.0,63.0,3772.0
7109,97.0,64.0,2231.0
7110,97.0,64.0,2233.0
7111,97.0,64.0,2234.0
7112,97.0,64.0,2235.0
7113,97.0,64.0,2236.0
7114,97.0,64.0,2487.0
7115,97.0,64.0,2489.0
7116,97.0,64.0,2490.0
7117,97.0,64.0,2491.0
7118,97.0,64.0,2492.0
7119,97.0,64.0,2743.0
7120,97.0,64.0,2745.0
7121,97.0,64.0,2746.0
7122,97.0,64.0,2747.0
7123,97.0,64.0,2748.0
7124,97.0,64.0,2999.0
7125,97.0,64.0,3001.0
7126,97.0,64.0,3002.0
7127,97.0,64.0,3003.0
7128,97.0,64.0,3004.0
7129,97.0,64.0,3255.0
7130,97.0,64.0,3257.0
7131,97.0,64.0,3258.0
7132,97.0,64.0,3259.0
7133,97.0,64.0,3260.0
7134,97.0,64.0,3511.0
7135,97.0,64.0,3513.0
7136,97.0,64.0,3514.0
7137,97.0,64.0,3515.0
7138,97.0,64.0,3516.0
7139,97.0,64.0,3767.0
7140,97.0,64.0,3769.0
7141,97.0,64.0,3770.0
7142,97.0,64.0,3771.0
7143,97.0,64.0,3772.0
7144,97.0,65.0,2231.0
7145,97.0,65.0,2232.0
7146,97.0,65.0,2487.0
7147,97.0,65.0,2488.0
7148,97.0,65.0,2743.0
7149,97.0,65.0,2744.0
7150,97.0,65.0,2999.0
7151,97.0,65.0,3000.0
7152,97.0,65.0,3255.0
7153,97.0,65.0,3256.0
7154,97.0,65.0,3511.0
7155,97.0,65.0,3512.0
7156,97.0,65.0,3767.0
7157,97.0,65.0,3768.0
7158,97.0,68.0,2243.0
7159,97.0,68.0,2499.0
7160,97.0,68.0,2755.0
7161,97.0,68.0,3011.0
7162,97.0,68.0,3267.0
7163,97.0,68.0,3523.0
7164,97.0,68.0,3779.0
7165,97.0,69.0,2240.0
7166,97.0,69.0,2241.0
7167,97.0,69.0,2242.0
7168,97.0,69.0,2243.0
7169,97.0,69.0,2244.0
7170,97.0,69.0,2496.0
7171,97.0,69.0,2497.0
7172,97.0,69.0,2498.0
7173,97.0,69.0,2499.0
7174,97.0,69.0,2500.0
7175,97.0,69.0,2752.0
7176,97.0,69.0,2753.0
7177,97.0,69.0,2754.0
7178,97.0,69.0,2755.0
7179,97.0,69.0,2756.0
7180,97.0,69.0,3008.0
7181,97.0,69.0,3009.0
7182,97.0,69.0,3010.0
7183,97.0,69.0,3011.0
7184,97.0,69.0,3012.0
7185,97.0,69.0,3264.0
7186,97.0,69.0,3265.0
7187,97.0,69.0,3266.0
7188,97.0,69.0,3267.0
7189,97.0,69.0,3268.0
7190,97.0,69.0,3520.0
7191,97.0,69.0,3521.0
7192,97.0,69.0,3522.0
7193,97.0,69.0,3523.0
7194,97.0,69.0,3524.0
7195,97.0,69.0,3776.0
7196,97.0,69.0,3777.0
7197,97.0,69.0,3778.0
7198,97.0,69.0,3779.0
7199,97.0,69.0,3780.0
7200,97.0,70.0,2240.0
7201,97.0,70.0,2241.0
7202,97.0,70.0,2496.0
7203,97.0,70.0,2497.0
7204,97.0,70.0,2752.0
7205,97.0,70.0,2753.0
7206,97.0,70.0,3008.0
7207,97.0,70.0,3009.0
7208,97.0,70.0,3264.0
7209,97.0,70.0,3265.0
7210,97.0,70.0,3520.0
7211,97.0,70.0,3521.0
7212,97.0,70.0,3776.0
7213,97.0,70.0,3777.0
7214,97.0,73.0,2235.0
7215,97.0,73.0,2236.0
7216,97.0,73.0,2491.0
7217,97.0,73.0,2492.0
7218,97.0,73.0,2747.0
7219,97.0,73.0,2748.0
7220,97.0,73.0,3003.0
7221,97.0,73.0,3004.0
7222,97.0,73.0,3259.0
7223,97.0,73.0,3260.0
7224,97.0,73.0,3515.0
7225,97.0,73.0,3516.0
7226,97.0,73.0,3771.0
7227,97.0,73.0,3772.0
7228,97.0,74.0,2232.0
7229,97.0,74.0,2488.0
7230,97.0,74.0,2744.0
7231,97.0,74.0,3000.0
7232,97.0,74.0,3256.0
7233,97.0,74.0,3512.0
7234,97.0,74.0,3768.0
7235,97.0,76.0,2227.0
7236,97.0,76.0,2228.0
7237,97.0,76.0,2232.0
7238,97.0,76.0,2233.0
7239,97.0,76.0,2237.0
7240,97.0,76.0,2238.0
7241,97.0,76.0,2483.0
7242,97.0,76.0,2484.0
7243,97.0,76.0,2488.0
7244,97.0,76.0,2489.0
7245,97.0,76.0,2493.0
7246,97.0,76.0,2494.0
7247,97.0,76.0,2739.0
7248,97.0,76.0,2740.0
7249,97.0,76.0,2744.0
7250,97.0,76.0,2745.0
7251,97.0,76.0,2749.0
7252,97.0,76.0,2750.0
7253,97.0,76.0,2995.0
7254,97.0,76.0,2996.0
7255,97.0,76.0,3000.0
7256,97.0,76.0,3001.0
7257,97.0,76.0,3005.0
7258,97.0,76.0,3006.0
7259,97.0,76.0,3251.0
7260,97.0,76.0,3252.0
7261,97.0,76.0,3256.0
7262,97.0,76.0,3257.0
7263,97.0,76.0,3261.0
7264,97.0,76.0,3262.0
7265,97.0,76.0,3507.0
7266,97.0,76.0,3508.0
7267,97.0,76.0,3512.0
7268,97.0,76.0,3513.0
7269,97.0,76.0,3517.0
7270,97.0,76.0,3518.0
7271,97.0,76.0,3763.0
7272,97.0,76.0,3764.0
7273,97.0,76.0,3768.0
7274,97.0,76.0,3769.0
7275,97.0,76.0,3773.0
7276,97.0,76.0,3774.0
7277,97.0,77.0,2225.0
7278,97.0,77.0,2226.0
7279,97.0,77.0,2230.0
7280,97.0,77.0,2231.0
7281,97.0,77.0,2232.0
7282,97.0,77.0,2233.0
7283,97.0,77.0,2234.0
7284,97.0,77.0,2235.0
7285,97.0,77.0,2481.0
7286,97.0,77.0,2482.0
7287,97.0,77.0,2486.0
7288,97.0,77.0,2487.0
7289,97.0,77.0,2488.0
7290,97.0,77.0,2489.0
7291,97.0,77.0,2490.0
7292,97.0,77.0,2491.0
7293,97.0,77.0,2737.0
7294,97.0,77.0,2738.0
7295,97.0,77.0,2742.0
7296,97.0,77.0,2743.0
7297,97.0,77.0,2744.0
7298,97.0,77.0,2745.0
7299,97.0,77.0,2746.0
7300,97.0,77.0,2747.0
7301,97.0,77.0,2993.0
7302,97.0,77.0,2994.0
7303,97.0,77.0,2998.0
7304,97.0,77.0,2999.0
7305,97.0,77.0,3000.0
7306,97.0,77.0,3001.0
7307,97.0,77.0,3002.0
7308,97.0,77.0,3003.0
7309,97.0,77.0,3249.0
7310,97.0,77.0,3250.0
7311,97.0,77.0,3254.0
7312,97.0,77.0,3255.0
7313,97.0,77.0,3256.0
7314,97.0,77.0,3257.0
7315,97.0,77.0,3258.0
7316,97.0,77.0,3259.0
7317,97.0,77.0,3505.0
7318,97.0,77.0,3506.0
7319,97.0,77.0,3510.0
7320,97.0,77.0,3511.0
7321,97.0,77.0,3512.0
7322,97.0,77.0,3513.0
7323,97.0,77.0,3514.0
7324,97.0,77.0,3515.0
7325,97.0,77.0,3761.0
7326,97.0,77.0,3762.0
7327,97.0,77.0,3766.0
7328,97.0,77.0,3767.0
7329,97.0,77.0,3768.0
7330,97.0,77.0,3769.0
7331,97.0,77.0,3770.0
7332,97.0,77.0,3771.0
7333,97.0,78.0,2225.0
7334,97.0,78.0,2230.0
7335,97.0,78.0,2481.0
7336,97.0,78.0,2486.0
7337,97.0,78.0,2737.0
7338,97.0,78.0,2742.0
7339,97.0,78.0,2993.0
7340,97.0,78.0,2998.0
7341,97.0,78.0,3249.0
7342,97.0,78.0,3254.0
7343,97.0,78.0,3505.0
7344,97.0,78.0,3510.0
7345,97.0,78.0,3761.0
7346,97.0,78.0,3766.0
7347,97.0,82.0,2236.0
7348,97.0,82.0,2492.0
7349,97.0,82.0,2748.0
7350,97.0,82.0,3004.0
7351,97.0,82.0,3260.0
7352,97.0,82.0,3516.0
7353,97.0,82.0,3772.0
7354,97.0,83.0,2233.0
7355,97.0,83.0,2234.0
7356,97.0,83.0,2489.0
7357,97.0,83.0,2490.0
7358,97.0,83.0,2745.0
7359,97.0,83.0,2746.0
7360,97.0,83.0,3001.0
7361,97.0,83.0,3002.0
7362,97.0,83.0,3257.0
7363,97.0,83.0,3258.0
7364,97.0,83.0,3513.0
7365,97.0,83.0,3514.0
7366,97.0,83.0,3769.0
7367,97.0,83.0,3770.0
7368,97.0,84.0,2231.0
7369,97.0,84.0,2232.0
7370,97.0,84.0,2244.0
7371,97.0,84.0,2487.0
7372,97.0,84.0,2488.0
7373,97.0,84.0,2500.0
7374,97.0,84.0,2743.0
7375,97.0,84.0,2744.0
7376,97.0,84.0,2756.0
7377,97.0,84.0,2999.0
7378,97.0,84.0,3000.0
7379,97.0,84.0,3012.0
7380,97.0,84.0,3255.0
7381,97.0,84.0,3256.0
7382,97.0,84.0,3268.0
7383,97.0,84.0,3511.0
7384,97.0,84.0,3512.0
7385,97.0,84.0,3524.0
7386,97.0,84.0,3767.0
7387,97.0,84.0,3768.0
7388,97.0,84.0,3780.0
7389,97.0,85.0,2231.0
7390,97.0,85.0,2242.0
7391,97.0,85.0,2243.0
7392,97.0,85.0,2487.0
7393,97.0,85.0,2498.0
7394,97.0,85.0,2499.0
7395,97.0,85.0,2743.0
7396,97.0,85.0,2754.0
7397,97.0,85.0,2755.0
7398,97.0,85.0,2999.0
7399,97.0,85.0,3010.0
7400,97.0,85.0,3011.0
7401,97.0,85.0,3255.0
7402,97.0,85.0,3266.0
7403,97.0,85.0,3267.0
7404,97.0,85.0,3511.0
7405,97.0,85.0,3522.0
7406,97.0,85.0,3523.0
7407,97.0,85.0,3767.0
7408,97.0,85.0,3778.0
7409,97.0,85.0,3779.0
7410,97.0,86.0,2227.0
7411,97.0,86.0,2228.0
7412,97.0,87.0,2232.0
7413,97.0,87.0,2233.0
7414,97.0,87.0,2234.0
7415,97.0,87.0,2245.0
7416,97.0,87.0,2246.0
7417,97.0,87.0,2248.0
7418,97.0,87.0,2488.0
7419,97.0,87.0,2489.0
7420,97.0,87.0,2490.0
7421,97.0,87.0,2501.0
7422,97.0,87.0,2502.0
7423,97.0,87.0,2504.0
7424,97.0,87.0,2744.0
7425,97.0,87.0,2745.0
7426,97.0,87.0,2746.0
7427,97.0,87.0,2757.0
7428,97.0,87.0,2758.0
7429,97.0,87.0,2760.0
7430,97.0,87.0,3000.0
7431,97.0,87.0,3001.0
7432,97.0,87.0,3002.0
7433,97.0,87.0,3013.0
7434,97.0,87.0,3014.0
7435,97.0,87.0,3016.0
7436,97.0,87.0,3256.0
7437,97.0,87.0,3257.0
7438,97.0,87.0,3258.0
7439,97.0,87.0,3269.0
7440,97.0,87.0,3270.0
7441,97.0,87.0,3272.0
7442,97.0,87.0,3512.0
7443,97.0,87.0,3513.0
7444,97.0,87.0,3514.0
7445,97.0,87.0,3525.0
7446,97.0,87.0,3526.0
7447,97.0,87.0,3528.0
7448,97.0,87.0,3768.0
7449,97.0,87.0,3769.0
7450,97.0,87.0,3770.0
7451,97.0,87.0,3781.0
7452,97.0,87.0,3782.0
7453,97.0,87.0,3784.0
7454,97.0,88.0,2231.0
7455,97.0,88.0,2232.0
7456,97.0,88.0,2233.0
7457,97.0,88.0,2234.0
7458,97.0,88.0,2245.0
7459,97.0,88.0,2246.0
7460,97.0,88.0,2487.0
7461,97.0,88.0,2488.0
7462,97.0,88.0,2489.0
7463,97.0,88.0,2490.0
7464,97.0,88.0,2501.0
7465,97.0,88.0,2502.0
7466,97.0,88.0,2743.0
7467,97.0,88.0,2744.0
7468,97.0,88.0,2745.0
7469,97.0,88.0,2746.0
7470,97.0,88.0,2757.0
7471,97.0,88.0,2758.0
7472,97.0,88.0,2999.0
7473,97.0,88.0,3000.0
7474,97.0,88.0,3001.0
7475,97.0,88.0,3002.0
7476,97.0,88.0,3013.0
7477,97.0,88.0,3014.0
7478,97.0,88.0,3255.0
7479,97.0,88.0,3256.0
7480,97.0,88.0,3257.0
7481,97.0,88.0,3258.0
7482,97.0,88.0,3269.0
7483,97.0,88.0,3270.0
7484,97.0,88.0,3511.0
7485,97.0,88.0,3512.0
7486,97.0,88.0,3513.0
7487,97.0,88.0,3514.0
7488,97.0,88.0,3525.0
7489,97.0,88.0,3526.0
7490,97.0,88.0,3767.0
7491,97.0,88.0,3768.0
7492,97.0,88.0,3769.0
7493,97.0,88.0,3770.0
7494,97.0,88.0,3781.0
7495,97.0,88.0,3782.0
7496,97.0,89.0,2231.0
7497,97.0,89.0,2243.0
7498,97.0,89.0,2487.0
7499,97.0,89.0,2499.0
7500,97.0,89.0,2743.0
7501,97.0,89.0,2755.0
7502,97.0,89.0,2999.0
7503,97.0,89.0,3011.0
7504,97.0,89.0,3255.0
7505,97.0,89.0,3267.0
7506,97.0,89.0,3511.0
7507,97.0,89.0,3523.0
7508,97.0,89.0,3767.0
7509,97.0,89.0,3779.0
7510,97.0,92.0,2233.0
7511,97.0,92.0,2234.0
7512,97.0,92.0,2238.0
7513,97.0,92.0,2239.0
7514,97.0,92.0,2489.0
7515,97.0,92.0,2490.0
7516,97.0,92.0,2494.0
7517,97.0,92.0,2495.0
7518,97.0,92.0,2745.0
7519,97.0,92.0,2746.0
7520,97.0,92.0,2750.0
7521,97.0,92.0,2751.0
7522,97.0,92.0,3001.0
7523,97.0,92.0,3002.0
7524,97.0,92.0,3006.0
7525,97.0,92.0,3007.0
7526,97.0,92.0,3257.0
7527,97.0,92.0,3258.0
7528,97.0,92.0,3262.0
7529,97.0,92.0,3263.0
7530,97.0,92.0,3513.0
7531,97.0,92.0,3514.0
7532,97.0,92.0,3518.0
7533,97.0,92.0,3519.0
7534,97.0,92.0,3769.0
7535,97.0,92.0,3770.0
7536,97.0,92.0,3774.0
7537,97.0,92.0,3775.0
7538,97.0,93.0,2233.0
7539,97.0,93.0,2234.0
7540,97.0,93.0,2235.0
7541,97.0,93.0,2236.0
7542,97.0,93.0,2237.0
7543,97.0,93.0,2489.0
7544,97.0,93.0,2490.0
7545,97.0,93.0,2491.0
7546,97.0,93.0,2492.0
7547,97.0,93.0,2493.0
7548,97.0,93.0,2745.0
7549,97.0,93.0,2746.0
7550,97.0,93.0,2747.0
7551,97.0,93.0,2748.0
7552,97.0,93.0,2749.0
7553,97.0,93.0,3001.0
7554,97.0,93.0,3002.0
7555,97.0,93.0,3003.0
7556,97.0,93.0,3004.0
7557,97.0,93.0,3005.0
7558,97.0,93.0,3257.0
7559,97.0,93.0,3258.0
7560,97.0,93.0,3259.0
7561,97.0,93.0,3260.0
7562,97.0,93.0,3261.0
7563,97.0,93.0,3513.0
7564,97.0,93.0,3514.0
7565,97.0,93.0,3515.0
7566,97.0,93.0,3516.0
7567,97.0,93.0,3517.0
7568,97.0,93.0,3769.0
7569,97.0,93.0,3770.0
7570,97.0,93.0,3771.0
7571,97.0,93.0,3772.0
7572,97.0,93.0,3773.0
7573,97.0,94.0,2234.0
7574,97.0,94.0,2235.0
7575,97.0,94.0,2490.0
7576,97.0,94.0,2491.0
7577,97.0,94.0,2746.0
7578,97.0,94.0,2747.0
7579,97.0,94.0,3002.0
7580,97.0,94.0,3003.0
7581,97.0,94.0,3258.0
7582,97.0,94.0,3259.0
7583,97.0,94.0,3514.0
7584,97.0,94.0,3515.0
7585,97.0,94.0,3770.0
7586,97.0,94.0,3771.0
7587,97.0,95.0,2237.0
7588,97.0,95.0,2238.0
7589,97.0,95.0,2493.0
7590,97.0,95.0,2494.0
7591,97.0,95.0,2749.0
7592,97.0,95.0,2750.0
7593,97.0,95.0,3005.0
7594,97.0,95.0,3006.0
7595,97.0,95.0,3261.0
7596,97.0,95.0,3262.0
7597,97.0,95.0,3517.0
7598,97.0,95.0,3518.0
7599,97.0,95.0,3773.0
7600,97.0,95.0,3774.0
7601,97.0,96.0,2231.0
7602,97.0,96.0,2232.0
7603,97.0,96.0,2233.0
7604,97.0,96.0,2234.0
7605,97.0,96.0,2237.0
7606,97.0,96.0,2244.0
7607,97.0,96.0,2487.0
7608,97.0,96.0,2488.0
7609,97.0,96.0,2489.0
7610,97.0,96.0,2490.0
7611,97.0,96.0,2493.0
7612,97.0,96.0,2500.0
7613,97.0,96.0,2743.0
7614,97.0,96.0,2744.0
7615,97.0,96.0,2745.0
7616,97.0,96.0,2746.0
7617,97.0,96.0,2749.0
7618,97.0,96.0,2756.0
7619,97.0,96.0,2999.0
7620,97.0,96.0,3000.0
7621,97.0,96.0,3001.0
7622,97.0,96.0,3002.0
7623,97.0,96.0,3005.0
7624,97.0,96.0,3012.0
7625,97.0,96.0,3255.0
7626,97.0,96.0,3256.0
7627,97.0,96.0,3257.0
7628,97.0,96.0,3258.0
7629,97.0,96.0,3261.0
7630,97.0,96.0,3268.0
7631,97.0,96.0,3511.0
7632,97.0,96.0,3512.0
7633,97.0,96.0,3513.0
7634,97.0,96.0,3514.0
7635,97.0,96.0,3517.0
7636,97.0,96.0,3524.0
7637,97.0,96.0,3767.0
7638,97.0,96.0,3768.0
7639,97.0,96.0,3769.0
7640,97.0,96.0,3770.0
7641,97.0,96.0,3773.0
7642,97.0,96.0,3780.0
7643,97.0,97.0,2230.0
7644,97.0,97.0,2231.0
7645,97.0,97.0,2232.0
7646,97.0,97.0,2486.0
7647,97.0,97.0,2487.0
7648,97.0,97.0,2488.0
7649,97.0,97.0,2742.0
7650,97.0,97.0,2743.0
7651,97.0,97.0,2744.0
7652,97.0,97.0,2998.0
7653,97.0,97.0,2999.0
7654,97.0,97.0,3000.0
7655,97.0,97.0,3254.0
7656,97.0,97.0,3255.0
7657,97.0,97.0,3256.0
7658,97.0,97.0,3510.0
7659,97.0,97.0,3511.0
7660,97.0,97.0,3512.0
7661,97.0,97.0,3766.0
7662,97.0,97.0,3767.0
7663,97.0,97.0,3768.0
7664,97.0,98.0,2230.0
7665,97.0,98.0,2486.0
7666,97.0,98.0,2742.0
7667,97.0,98.0,2998.0
7668,97.0,98.0,3254.0
7669,97.0,98.0,3510.0
7670,97.0,98.0,3766.0
7671,97.0,99.0,2229.0
7672,97.0,99.0,2485.0
7673,97.0,99.0,2741.0
7674,97.0,99.0,2997.0
7675,97.0,99.0,3253.0
7676,97.0,99.0,3509.0
7677,97.0,99.0,3765.0
7678,97.0,100.0,2239.0
7679,97.0,100.0,2240.0
7680,97.0,100.0,2751.0
7681,97.0,100.0,2752.0
7682,97.0,100.0,3007.0
7683,97.0,100.0,3008.0
7684,97.0,100.0,3263.0
7685,97.0,100.0,3264.0
7686,97.0,100.0,3519.0
7687,97.0,100.0,3520.0
7688,97.0,100.0,3775.0
7689,97.0,100.0,3776.0
7690,97.0,101.0,2230.0
7691,97.0,101.0,2231.0
7692,97.0,101.0,2234.0
7693,97.0,101.0,2240.0
7694,97.0,101.0,2241.0
7695,97.0,101.0,2486.0
7696,97.0,101.0,2487.0
7697,97.0,101.0,2490.0
7698,97.0,101.0,2742.0
7699,97.0,101.0,2743.0
7700,97.0,101.0,2746.0
7701,97.0,101.0,2752.0
7702,97.0,101.0,2753.0
7703,97.0,101.0,2998.0
7704,97.0,101.0,2999.0
7705,97.0,101.0,3002.0
7706,97.0,101.0,3008.0
7707,97.0,101.0,3009.0
7708,97.0,101.0,3254.0
7709,97.0,101.0,3255.0
7710,97.0,101.0,3258.0
7711,97.0,101.0,3264.0
7712,97.0,101.0,3265.0
7713,97.0,101.0,3510.0
7714,97.0,101.0,3511.0
7715,97.0,101.0,3514.0
7716,97.0,101.0,3520.0
7717,97.0,101.0,3521.0
7718,97.0,101.0,3766.0
7719,97.0,101.0,3767.0
7720,97.0,101.0,3770.0
7721,97.0,101.0,3776.0
7722,97.0,101.0,3777.0
7723,97.0,102.0,2228.0
7724,97.0,102.0,2229.0
7725,97.0,102.0,2230.0
7726,97.0,102.0,2484.0
7727,97.0,102.0,2485.0
7728,97.0,102.0,2486.0
7729,97.0,102.0,2740.0
7730,97.0,102.0,2741.0
7731,97.0,102.0,2742.0
7732,97.0,102.0,2996.0
7733,97.0,102.0,2997.0
7734,97.0,102.0,2998.0
7735,97.0,102.0,3252.0
7736,97.0,102.0,3253.0
7737,97.0,102.0,3254.0
7738,97.0,102.0,3508.0
7739,97.0,102.0,3509.0
7740,97.0,102.0,3510.0
7741,97.0,102.0,3764.0
7742,97.0,102.0,3765.0
7743,97.0,102.0,3766.0
7744,97.0,103.0,2218.0
7745,97.0,103.0,2226.0
7746,97.0,103.0,2227.0
7747,97.0,103.0,2228.0
7748,97.0,103.0,2229.0
7749,97.0,103.0,2230.0
7750,97.0,103.0,2482.0
7751,97.0,103.0,2483.0
7752,97.0,103.0,2484.0
7753,97.0,103.0,2485.0
7754,97.0,103.0,2486.0
7755,97.0,103.0,2738.0
7756,97.0,103.0,2739.0
7757,97.0,103.0,2740.0
7758,97.0,103.0,2741.0
7759,97.0,103.0,2742.0
7760,97.0,103.0,2994.0
7761,97.0,103.0,2995.0
7762,97.0,103.0,2996.0
7763,97.0,103.0,2997.0
7764,97.0,103.0,2998.0
7765,97.0,103.0,3250.0
7766,97.0,103.0,3251.0
7767,97.0,103.0,3252.0
7768,97.0,103.0,3253.0
7769,97.0,103.0,3254.0
7770,97.0,103.0,3506.0
7771,97.0,103.0,3507.0
7772,97.0,103.0,3508.0
7773,97.0,103.0,3509.0
7774,97.0,103.0,3510.0
7775,97.0,103.0,3762.0
7776,97.0,103.0,3763.0
7777,97.0,103.0,3764.0
7778,97.0,103.0,3765.0
7779,97.0,103.0,3766.0
7780,97.0,104.0,2217.0
7781,97.0,104.0,2229.0
7782,97.0,104.0,2485.0
7783,97.0,104.0,2741.0
7784,97.0,104.0,2997.0
7785,97.0,104.0,3253.0
7786,97.0,104.0,3509.0
7787,97.0,104.0,3765.0
7788,97.0,105.0,2227.0
7789,97.0,105.0,2228.0
7790,97.0,105.0,2229.0
7791,97.0,105.0,2483.0
7792,97.0,105.0,2484.0
7793,97.0,105.0,2485.0
7794,97.0,105.0,2739.0
7795,97.0,105.0,2740.0
7796,97.0,105.0,2741.0
7797,97.0,105.0,2995.0
7798,97.0,105.0,2996.0
7799,97.0,105.0,2997.0
7800,97.0,105.0,3251.0
7801,97.0,105.0,3252.0
7802,97.0,105.0,3253.0
7803,97.0,105.0,3507.0
7804,97.0,105.0,3508.0
7805,97.0,105.0,3509.0
7806,97.0,105.0,3763.0
7807,97.0,105.0,3764.0
7808,97.0,105.0,3765.0
7809,97.0,106.0,2226.0
7810,97.0,106.0,2227.0
7811,97.0,106.0,2228.0
7812,97.0,106.0,2229.0
7813,97.0,106.0,2231.0
7814,97.0,106.0,2232.0
7815,97.0,106.0,2482.0
7816,97.0,106.0,2483.0
7817,97.0,106.0,2484.0
7818,97.0,106.0,2485.0
7819,97.0,106.0,2487.0
7820,97.0,106.0,2488.0
7821,97.0,106.0,2738.0
7822,97.0,106.0,2739.0
7823,97.0,106.0,2740.0
7824,97.0,106.0,2741.0
7825,97.0,106.0,2743.0
7826,97.0,106.0,2744.0
7827,97.0,106.0,2994.0
7828,97.0,106.0,2995.0
7829,97.0,106.0,2996.0
7830,97.0,106.0,2997.0
7831,97.0,106.0,2999.0
7832,97.0,106.0,3000.0
7833,97.0,106.0,3250.0
7834,97.0,106.0,3251.0
7835,97.0,106.0,3252.0
7836,97.0,106.0,3253.0
7837,97.0,106.0,3255.0
7838,97.0,106.0,3256.0
7839,97.0,106.0,3506.0
7840,97.0,106.0,3507.0
7841,97.0,106.0,3508.0
7842,97.0,106.0,3509.0
7843,97.0,106.0,3511.0
7844,97.0,106.0,3512.0
7845,97.0,106.0,3762.0
7846,97.0,106.0,3763.0
7847,97.0,106.0,3764.0
7848,97.0,106.0,3765.0
7849,97.0,106.0,3767.0
7850,97.0,106.0,3768.0
7851,97.0,107.0,2231.0
7852,97.0,107.0,2232.0
7853,97.0,107.0,2487.0
7854,97.0,107.0,2488.0
7855,97.0,107.0,2743.0
7856,97.0,107.0,2744.0
7857,97.0,107.0,2999.0
7858,97.0,107.0,3000.0
7859,97.0,107.0,3255.0
7860,97.0,107.0,3256.0
7861,97.0,107.0,3511.0
7862,97.0,107.0,3512.0
7863,97.0,107.0,3767.0
7864,97.0,107.0,3768.0
7865,97.0,113.0,2226.0
7866,97.0,113.0,2227.0
7867,98.0,34.0,2190.0
7868,98.0,34.0,2191.0
7869,98.0,37.0,2211.0
7870,98.0,37.0,2212.0
7871,98.0,37.0,2213.0
7872,98.0,38.0,2190.0
7873,98.0,38.0,2191.0
7874,98.0,38.0,2446.0
7875,98.0,38.0,2447.0
7876,98.0,38.0,2702.0
7877,98.0,38.0,2703.0
7878,98.0,38.0,2958.0
7879,98.0,38.0,2959.0
7880,98.0,38.0,3214.0
7881,98.0,38.0,3215.0
7882,98.0,38.0,3470.0
7883,98.0,38.0,3471.0
7884,98.0,38.0,3726.0
7885,98.0,38.0,3727.0
7886,98.0,40.0,2200.0
7887,98.0,40.0,2201.0
7888,98.0,40.0,2202.0
7889,98.0,40.0,2212.0
7890,98.0,40.0,2468.0
7891,98.0,40.0,2724.0
7892,98.0,40.0,2980.0
7893,98.0,40.0,3236.0
7894,98.0,40.0,3492.0
7895,98.0,40.0,3748.0
7896,98.0,41.0,2199.0
7897,98.0,41.0,2209.0
7898,98.0,41.0,2210.0
7899,98.0,41.0,2211.0
7900,98.0,41.0,2212.0
7901,98.0,41.0,2465.0
7902,98.0,41.0,2466.0
7903,98.0,41.0,2467.0
7904,98.0,41.0,2468.0
7905,98.0,41.0,2721.0
7906,98.0,41.0,2722.0
7907,98.0,41.0,2723.0
7908,98.0,41.0,2724.0
7909,98.0,41.0,2977.0
7910,98.0,41.0,2978.0
7911,98.0,41.0,2979.0
7912,98.0,41.0,2980.0
7913,98.0,41.0,3233.0
7914,98.0,41.0,3234.0
7915,98.0,41.0,3235.0
7916,98.0,41.0,3236.0
7917,98.0,41.0,3489.0
7918,98.0,41.0,3490.0
7919,98.0,41.0,3491.0
7920,98.0,41.0,3492.0
7921,98.0,41.0,3745.0
7922,98.0,41.0,3746.0
7923,98.0,41.0,3747.0
7924,98.0,41.0,3748.0
7925,98.0,42.0,2209.0
7926,98.0,42.0,2210.0
7927,98.0,42.0,2465.0
7928,98.0,42.0,2466.0
7929,98.0,42.0,2721.0
7930,98.0,42.0,2722.0
7931,98.0,42.0,2977.0
7932,98.0,42.0,2978.0
7933,98.0,42.0,3233.0
7934,98.0,42.0,3234.0
7935,98.0,42.0,3489.0
7936,98.0,42.0,3490.0
7937,98.0,42.0,3745.0
7938,98.0,42.0,3746.0
7939,98.0,43.0,2208.0
7940,98.0,43.0,2209.0
7941,98.0,43.0,2210.0
7942,98.0,43.0,2211.0
7943,98.0,43.0,2464.0
7944,98.0,43.0,2465.0
7945,98.0,43.0,2466.0
7946,98.0,43.0,2467.0
7947,98.0,43.0,2720.0
7948,98.0,43.0,2721.0
7949,98.0,43.0,2722.0
7950,98.0,43.0,2723.0
7951,98.0,43.0,2976.0
7952,98.0,43.0,2977.0
7953,98.0,43.0,2978.0
7954,98.0,43.0,2979.0
7955,98.0,43.0,3232.0
7956,98.0,43.0,3233.0
7957,98.0,43.0,3234.0
7958,98.0,43.0,3235.0
7959,98.0,43.0,3488.0
7960,98.0,43.0,3489.0
7961,98.0,43.0,3490.0
7962,98.0,43.0,3491.0
7963,98.0,43.0,3744.0
7964,98.0,43.0,3745.0
7965,98.0,43.0,3746.0
7966,98.0,43.0,3747.0
7967,98.0,44.0,2208.0
7968,98.0,44.0,2209.0
7969,98.0,44.0,2236.0
7970,98.0,44.0,2464.0
7971,98.0,44.0,2465.0
7972,98.0,44.0,2492.0
7973,98.0,44.0,2720.0
7974,98.0,44.0,2721.0
7975,98.0,44.0,2748.0
7976,98.0,44.0,2976.0
7977,98.0,44.0,2977.0
7978,98.0,44.0,3004.0
7979,98.0,44.0,3232.0
7980,98.0,44.0,3233.0
7981,98.0,44.0,3260.0
7982,98.0,44.0,3488.0
7983,98.0,44.0,3489.0
7984,98.0,44.0,3516.0
7985,98.0,44.0,3744.0
7986,98.0,44.0,3745.0
7987,98.0,44.0,3772.0
7988,98.0,45.0,2206.0
7989,98.0,45.0,2207.0
7990,98.0,45.0,2208.0
7991,98.0,45.0,2209.0
7992,98.0,45.0,2462.0
7993,98.0,45.0,2463.0
7994,98.0,45.0,2464.0
7995,98.0,45.0,2465.0
7996,98.0,45.0,2718.0
7997,98.0,45.0,2719.0
7998,98.0,45.0,2720.0
7999,98.0,45.0,2721.0
8000,98.0,45.0,2974.0
8001,98.0,45.0,2975.0
8002,98.0,45.0,2976.0
8003,98.0,45.0,2977.0
8004,98.0,45.0,3230.0
8005,98.0,45.0,3231.0
8006,98.0,45.0,3232.0
8007,98.0,45.0,3233.0
8008,98.0,45.0,3486.0
8009,98.0,45.0,3487.0
8010,98.0,45.0,3488.0
8011,98.0,45.0,3489.0
8012,98.0,45.0,3742.0
8013,98.0,45.0,3743.0
8014,98.0,45.0,3744.0
8015,98.0,45.0,3745.0
8016,98.0,46.0,2206.0
8017,98.0,46.0,2462.0
8018,98.0,46.0,2718.0
8019,98.0,46.0,2974.0
8020,98.0,46.0,3230.0
8021,98.0,46.0,3486.0
8022,98.0,46.0,3742.0
8023,98.0,48.0,2227.0
8024,98.0,48.0,2228.0
8025,98.0,48.0,2232.0
8026,98.0,48.0,2233.0
8027,98.0,48.0,2236.0
8028,98.0,48.0,2237.0
8029,98.0,48.0,2238.0
8030,98.0,48.0,2488.0
8031,98.0,48.0,2489.0
8032,98.0,48.0,2492.0
8033,98.0,48.0,2493.0
8034,98.0,48.0,2494.0
8035,98.0,48.0,2744.0
8036,98.0,48.0,2745.0
8037,98.0,48.0,2748.0
8038,98.0,48.0,2749.0
8039,98.0,48.0,2750.0
8040,98.0,48.0,3000.0
8041,98.0,48.0,3001.0
8042,98.0,48.0,3004.0
8043,98.0,48.0,3005.0
8044,98.0,48.0,3006.0
8045,98.0,48.0,3256.0
8046,98.0,48.0,3257.0
8047,98.0,48.0,3260.0
8048,98.0,48.0,3261.0
8049,98.0,48.0,3262.0
8050,98.0,48.0,3512.0
8051,98.0,48.0,3513.0
8052,98.0,48.0,3516.0
8053,98.0,48.0,3517.0
8054,98.0,48.0,3518.0
8055,98.0,48.0,3768.0
8056,98.0,48.0,3769.0
8057,98.0,48.0,3772.0
8058,98.0,48.0,3773.0
8059,98.0,48.0,3774.0
8060,98.0,49.0,2219.0
8061,98.0,49.0,2232.0
8062,98.0,49.0,2234.0
8063,98.0,49.0,2235.0
8064,98.0,49.0,2236.0
8065,98.0,49.0,2237.0
8066,98.0,49.0,2475.0
8067,98.0,49.0,2488.0
8068,98.0,49.0,2490.0
8069,98.0,49.0,2491.0
8070,98.0,49.0,2492.0
8071,98.0,49.0,2493.0
8072,98.0,49.0,2731.0
8073,98.0,49.0,2744.0
8074,98.0,49.0,2746.0
8075,98.0,49.0,2747.0
8076,98.0,49.0,2748.0
8077,98.0,49.0,2749.0
8078,98.0,49.0,2987.0
8079,98.0,49.0,3000.0
8080,98.0,49.0,3002.0
8081,98.0,49.0,3003.0
8082,98.0,49.0,3004.0
8083,98.0,49.0,3005.0
8084,98.0,49.0,3243.0
8085,98.0,49.0,3256.0
8086,98.0,49.0,3258.0
8087,98.0,49.0,3259.0
8088,98.0,49.0,3260.0
8089,98.0,49.0,3261.0
8090,98.0,49.0,3499.0
8091,98.0,49.0,3512.0
8092,98.0,49.0,3514.0
8093,98.0,49.0,3515.0
8094,98.0,49.0,3516.0
8095,98.0,49.0,3517.0
8096,98.0,49.0,3755.0
8097,98.0,49.0,3768.0
8098,98.0,49.0,3770.0
8099,98.0,49.0,3771.0
8100,98.0,49.0,3772.0
8101,98.0,49.0,3773.0
8102,98.0,50.0,2218.0
8103,98.0,50.0,2219.0
8104,98.0,50.0,2474.0
8105,98.0,50.0,2475.0
8106,98.0,50.0,2730.0
8107,98.0,50.0,2731.0
8108,98.0,50.0,2986.0
8109,98.0,50.0,2987.0
8110,98.0,50.0,3242.0
8111,98.0,50.0,3243.0
8112,98.0,50.0,3498.0
8113,98.0,50.0,3499.0
8114,98.0,50.0,3754.0
8115,98.0,50.0,3755.0
8116,98.0,51.0,2221.0
8117,98.0,51.0,2222.0
8118,98.0,51.0,2240.0
8119,98.0,51.0,2241.0
8120,98.0,51.0,2477.0
8121,98.0,51.0,2478.0
8122,98.0,51.0,2733.0
8123,98.0,51.0,2734.0
8124,98.0,51.0,2989.0
8125,98.0,51.0,2990.0
8126,98.0,51.0,3245.0
8127,98.0,51.0,3246.0
8128,98.0,51.0,3501.0
8129,98.0,51.0,3502.0
8130,98.0,51.0,3757.0
8131,98.0,51.0,3758.0
8132,98.0,52.0,2221.0
8133,98.0,52.0,2222.0
8134,98.0,52.0,2226.0
8135,98.0,52.0,2477.0
8136,98.0,52.0,2478.0
8137,98.0,52.0,2482.0
8138,98.0,52.0,2733.0
8139,98.0,52.0,2734.0
8140,98.0,52.0,2738.0
8141,98.0,52.0,2989.0
8142,98.0,52.0,2990.0
8143,98.0,52.0,2994.0
8144,98.0,52.0,3245.0
8145,98.0,52.0,3246.0
8146,98.0,52.0,3250.0
8147,98.0,52.0,3501.0
8148,98.0,52.0,3502.0
8149,98.0,52.0,3506.0
8150,98.0,52.0,3757.0
8151,98.0,52.0,3758.0
8152,98.0,52.0,3762.0
8153,98.0,61.0,2241.0
8154,98.0,61.0,2242.0
8155,98.0,61.0,2497.0
8156,98.0,61.0,2498.0
8157,98.0,61.0,2753.0
8158,98.0,61.0,2754.0
8159,98.0,61.0,3009.0
8160,98.0,61.0,3010.0
8161,98.0,61.0,3265.0
8162,98.0,61.0,3266.0
8163,98.0,61.0,3521.0
8164,98.0,61.0,3522.0
8165,98.0,61.0,3777.0
8166,98.0,61.0,3778.0
8167,98.0,62.0,2239.0
8168,98.0,62.0,2240.0
8169,98.0,62.0,2495.0
8170,98.0,62.0,2496.0
8171,98.0,62.0,2751.0
8172,98.0,62.0,2752.0
8173,98.0,62.0,3007.0
8174,98.0,62.0,3008.0
8175,98.0,62.0,3263.0
8176,98.0,62.0,3264.0
8177,98.0,62.0,3519.0
8178,98.0,62.0,3520.0
8179,98.0,62.0,3775.0
8180,98.0,62.0,3776.0
8181,98.0,63.0,2230.0
8182,98.0,63.0,2231.0
8183,98.0,63.0,2236.0
8184,98.0,63.0,2486.0
8185,98.0,63.0,2487.0
8186,98.0,63.0,2492.0
8187,98.0,63.0,2742.0
8188,98.0,63.0,2743.0
8189,98.0,63.0,2748.0
8190,98.0,63.0,2998.0
8191,98.0,63.0,2999.0
8192,98.0,63.0,3004.0
8193,98.0,63.0,3254.0
8194,98.0,63.0,3255.0
8195,98.0,63.0,3260.0
8196,98.0,63.0,3510.0
8197,98.0,63.0,3511.0
8198,98.0,63.0,3516.0
8199,98.0,63.0,3766.0
8200,98.0,63.0,3767.0
8201,98.0,63.0,3772.0
8202,98.0,64.0,2230.0
8203,98.0,64.0,2235.0
8204,98.0,64.0,2236.0
8205,98.0,64.0,2486.0
8206,98.0,64.0,2491.0
8207,98.0,64.0,2492.0
8208,98.0,64.0,2742.0
8209,98.0,64.0,2747.0
8210,98.0,64.0,2748.0
8211,98.0,64.0,2998.0
8212,98.0,64.0,3003.0
8213,98.0,64.0,3004.0
8214,98.0,64.0,3254.0
8215,98.0,64.0,3259.0
8216,98.0,64.0,3260.0
8217,98.0,64.0,3510.0
8218,98.0,64.0,3515.0
8219,98.0,64.0,3516.0
8220,98.0,64.0,3766.0
8221,98.0,64.0,3771.0
8222,98.0,64.0,3772.0
8223,98.0,68.0,2236.0
8224,98.0,68.0,2237.0
8225,98.0,68.0,2243.0
8226,98.0,68.0,2492.0
8227,98.0,68.0,2493.0
8228,98.0,68.0,2499.0
8229,98.0,68.0,2748.0
8230,98.0,68.0,2749.0
8231,98.0,68.0,2755.0
8232,98.0,68.0,3004.0
8233,98.0,68.0,3005.0
8234,98.0,68.0,3011.0
8235,98.0,68.0,3260.0
8236,98.0,68.0,3261.0
8237,98.0,68.0,3267.0
8238,98.0,68.0,3516.0
8239,98.0,68.0,3517.0
8240,98.0,68.0,3523.0
8241,98.0,68.0,3772.0
8242,98.0,68.0,3773.0
8243,98.0,68.0,3779.0
8244,98.0,75.0,2237.0
8245,98.0,75.0,2493.0
8246,98.0,75.0,2749.0
8247,98.0,75.0,3005.0
8248,98.0,75.0,3261.0
8249,98.0,75.0,3517.0
8250,98.0,75.0,3773.0
8251,98.0,76.0,2232.0
8252,98.0,76.0,2233.0
8253,98.0,76.0,2236.0
8254,98.0,76.0,2237.0
8255,98.0,76.0,2238.0
8256,98.0,76.0,2241.0
8257,98.0,76.0,2242.0
8258,98.0,76.0,2243.0
8259,98.0,76.0,2488.0
8260,98.0,76.0,2489.0
8261,98.0,76.0,2492.0
8262,98.0,76.0,2493.0
8263,98.0,76.0,2494.0
8264,98.0,76.0,2497.0
8265,98.0,76.0,2498.0
8266,98.0,76.0,2499.0
8267,98.0,76.0,2744.0
8268,98.0,76.0,2745.0
8269,98.0,76.0,2748.0
8270,98.0,76.0,2749.0
8271,98.0,76.0,2750.0
8272,98.0,76.0,2753.0
8273,98.0,76.0,2754.0
8274,98.0,76.0,2755.0
8275,98.0,76.0,3000.0
8276,98.0,76.0,3001.0
8277,98.0,76.0,3004.0
8278,98.0,76.0,3005.0
8279,98.0,76.0,3006.0
8280,98.0,76.0,3009.0
8281,98.0,76.0,3010.0
8282,98.0,76.0,3011.0
8283,98.0,76.0,3256.0
8284,98.0,76.0,3257.0
8285,98.0,76.0,3260.0
8286,98.0,76.0,3261.0
8287,98.0,76.0,3262.0
8288,98.0,76.0,3265.0
8289,98.0,76.0,3266.0
8290,98.0,76.0,3267.0
8291,98.0,76.0,3512.0
8292,98.0,76.0,3513.0
8293,98.0,76.0,3516.0
8294,98.0,76.0,3517.0
8295,98.0,76.0,3518.0
8296,98.0,76.0,3521.0
8297,98.0,76.0,3522.0
8298,98.0,76.0,3523.0
8299,98.0,76.0,3768.0
8300,98.0,76.0,3769.0
8301,98.0,76.0,3772.0
8302,98.0,76.0,3773.0
8303,98.0,76.0,3774.0
8304,98.0,76.0,3777.0
8305,98.0,76.0,3778.0
8306,98.0,76.0,3779.0
8307,98.0,77.0,2225.0
8308,98.0,77.0,2226.0
8309,98.0,77.0,2227.0
8310,98.0,77.0,2228.0
8311,98.0,77.0,2234.0
8312,98.0,77.0,2235.0
8313,98.0,77.0,2237.0
8314,98.0,77.0,2481.0
8315,98.0,77.0,2482.0
8316,98.0,77.0,2483.0
8317,98.0,77.0,2484.0
8318,98.0,77.0,2490.0
8319,98.0,77.0,2491.0
8320,98.0,77.0,2493.0
8321,98.0,77.0,2737.0
8322,98.0,77.0,2738.0
8323,98.0,77.0,2739.0
8324,98.0,77.0,2740.0
8325,98.0,77.0,2746.0
8326,98.0,77.0,2747.0
8327,98.0,77.0,2749.0
8328,98.0,77.0,2993.0
8329,98.0,77.0,2994.0
8330,98.0,77.0,2995.0
8331,98.0,77.0,2996.0
8332,98.0,77.0,3002.0
8333,98.0,77.0,3003.0
8334,98.0,77.0,3005.0
8335,98.0,77.0,3249.0
8336,98.0,77.0,3250.0
8337,98.0,77.0,3251.0
8338,98.0,77.0,3252.0
8339,98.0,77.0,3258.0
8340,98.0,77.0,3259.0
8341,98.0,77.0,3261.0
8342,98.0,77.0,3505.0
8343,98.0,77.0,3506.0
8344,98.0,77.0,3507.0
8345,98.0,77.0,3508.0
8346,98.0,77.0,3514.0
8347,98.0,77.0,3515.0
8348,98.0,77.0,3517.0
8349,98.0,77.0,3761.0
8350,98.0,77.0,3762.0
8351,98.0,77.0,3763.0
8352,98.0,77.0,3764.0
8353,98.0,77.0,3770.0
8354,98.0,77.0,3771.0
8355,98.0,77.0,3773.0
8356,98.0,78.0,2225.0
8357,98.0,78.0,2226.0
8358,98.0,78.0,2227.0
8359,98.0,78.0,2481.0
8360,98.0,78.0,2482.0
8361,98.0,78.0,2483.0
8362,98.0,78.0,2737.0
8363,98.0,78.0,2738.0
8364,98.0,78.0,2739.0
8365,98.0,78.0,2993.0
8366,98.0,78.0,2994.0
8367,98.0,78.0,2995.0
8368,98.0,78.0,3249.0
8369,98.0,78.0,3250.0
8370,98.0,78.0,3251.0
8371,98.0,78.0,3505.0
8372,98.0,78.0,3506.0
8373,98.0,78.0,3507.0
8374,98.0,78.0,3761.0
8375,98.0,78.0,3762.0
8376,98.0,78.0,3763.0
8377,98.0,82.0,2236.0
8378,98.0,82.0,2492.0
8379,98.0,82.0,2748.0
8380,98.0,82.0,3004.0
8381,98.0,82.0,3260.0
8382,98.0,82.0,3516.0
8383,98.0,82.0,3772.0
8384,98.0,83.0,2231.0
8385,98.0,83.0,2232.0
8386,98.0,83.0,2233.0
8387,98.0,83.0,2234.0
8388,98.0,83.0,2489.0
8389,98.0,83.0,2490.0
8390,98.0,83.0,2745.0
8391,98.0,83.0,2746.0
8392,98.0,83.0,3001.0
8393,98.0,83.0,3002.0
8394,98.0,83.0,3257.0
8395,98.0,83.0,3258.0
8396,98.0,83.0,3513.0
8397,98.0,83.0,3514.0
8398,98.0,83.0,3769.0
8399,98.0,83.0,3770.0
8400,98.0,85.0,2230.0
8401,98.0,85.0,2231.0
8402,98.0,85.0,2242.0
8403,98.0,85.0,2243.0
8404,98.0,85.0,2244.0
8405,98.0,85.0,2245.0
8406,98.0,85.0,2486.0
8407,98.0,85.0,2487.0
8408,98.0,85.0,2498.0
8409,98.0,85.0,2499.0
8410,98.0,85.0,2500.0
8411,98.0,85.0,2501.0
8412,98.0,85.0,2742.0
8413,98.0,85.0,2743.0
8414,98.0,85.0,2754.0
8415,98.0,85.0,2755.0
8416,98.0,85.0,2756.0
8417,98.0,85.0,2757.0
8418,98.0,85.0,2998.0
8419,98.0,85.0,2999.0
8420,98.0,85.0,3010.0
8421,98.0,85.0,3011.0
8422,98.0,85.0,3012.0
8423,98.0,85.0,3013.0
8424,98.0,85.0,3254.0
8425,98.0,85.0,3255.0
8426,98.0,85.0,3266.0
8427,98.0,85.0,3267.0
8428,98.0,85.0,3268.0
8429,98.0,85.0,3269.0
8430,98.0,85.0,3510.0
8431,98.0,85.0,3511.0
8432,98.0,85.0,3522.0
8433,98.0,85.0,3523.0
8434,98.0,85.0,3524.0
8435,98.0,85.0,3525.0
8436,98.0,85.0,3766.0
8437,98.0,85.0,3767.0
8438,98.0,85.0,3778.0
8439,98.0,85.0,3779.0
8440,98.0,85.0,3780.0
8441,98.0,85.0,3781.0
8442,98.0,86.0,2229.0
8443,98.0,86.0,2230.0
8444,98.0,86.0,2231.0
8445,98.0,86.0,2485.0
8446,98.0,86.0,2486.0
8447,98.0,86.0,2487.0
8448,98.0,86.0,2741.0
8449,98.0,86.0,2742.0
8450,98.0,86.0,2743.0
8451,98.0,86.0,2997.0
8452,98.0,86.0,2998.0
8453,98.0,86.0,2999.0
8454,98.0,86.0,3253.0
8455,98.0,86.0,3254.0
8456,98.0,86.0,3255.0
8457,98.0,86.0,3509.0
8458,98.0,86.0,3510.0
8459,98.0,86.0,3511.0
8460,98.0,86.0,3765.0
8461,98.0,86.0,3766.0
8462,98.0,86.0,3767.0
8463,98.0,87.0,2226.0
8464,98.0,87.0,2230.0
8465,98.0,87.0,2232.0
8466,98.0,87.0,2233.0
8467,98.0,87.0,2234.0
8468,98.0,87.0,2245.0
8469,98.0,87.0,2246.0
8470,98.0,87.0,2486.0
8471,98.0,87.0,2488.0
8472,98.0,87.0,2489.0
8473,98.0,87.0,2490.0
8474,98.0,87.0,2501.0
8475,98.0,87.0,2502.0
8476,98.0,87.0,2742.0
8477,98.0,87.0,2744.0
8478,98.0,87.0,2745.0
8479,98.0,87.0,2746.0
8480,98.0,87.0,2757.0
8481,98.0,87.0,2758.0
8482,98.0,87.0,2998.0
8483,98.0,87.0,3000.0
8484,98.0,87.0,3001.0
8485,98.0,87.0,3002.0
8486,98.0,87.0,3013.0
8487,98.0,87.0,3014.0
8488,98.0,87.0,3254.0
8489,98.0,87.0,3256.0
8490,98.0,87.0,3257.0
8491,98.0,87.0,3258.0
8492,98.0,87.0,3269.0
8493,98.0,87.0,3270.0
8494,98.0,87.0,3510.0
8495,98.0,87.0,3512.0
8496,98.0,87.0,3513.0
8497,98.0,87.0,3514.0
8498,98.0,87.0,3525.0
8499,98.0,87.0,3526.0
8500,98.0,87.0,3766.0
8501,98.0,87.0,3768.0
8502,98.0,87.0,3769.0
8503,98.0,87.0,3770.0
8504,98.0,87.0,3781.0
8505,98.0,87.0,3782.0
8506,98.0,88.0,2231.0
8507,98.0,88.0,2232.0
8508,98.0,88.0,2233.0
8509,98.0,88.0,2234.0
8510,98.0,88.0,2245.0
8511,98.0,88.0,2246.0
8512,98.0,88.0,2487.0
8513,98.0,88.0,2488.0
8514,98.0,88.0,2489.0
8515,98.0,88.0,2490.0
8516,98.0,88.0,2501.0
8517,98.0,88.0,2502.0
8518,98.0,88.0,2743.0
8519,98.0,88.0,2744.0
8520,98.0,88.0,2745.0
8521,98.0,88.0,2746.0
8522,98.0,88.0,2757.0
8523,98.0,88.0,2758.0
8524,98.0,88.0,2999.0
8525,98.0,88.0,3000.0
8526,98.0,88.0,3001.0
8527,98.0,88.0,3002.0
8528,98.0,88.0,3013.0
8529,98.0,88.0,3014.0
8530,98.0,88.0,3255.0
8531,98.0,88.0,3256.0
8532,98.0,88.0,3257.0
8533,98.0,88.0,3258.0
8534,98.0,88.0,3269.0
8535,98.0,88.0,3270.0
8536,98.0,88.0,3511.0
8537,98.0,88.0,3512.0
8538,98.0,88.0,3513.0
8539,98.0,88.0,3514.0
8540,98.0,88.0,3525.0
8541,98.0,88.0,3526.0
8542,98.0,88.0,3767.0
8543,98.0,88.0,3768.0
8544,98.0,88.0,3769.0
8545,98.0,88.0,3770.0
8546,98.0,88.0,3781.0
8547,98.0,88.0,3782.0
8548,98.0,89.0,2231.0
8549,98.0,89.0,2487.0
8550,98.0,89.0,2743.0
8551,98.0,89.0,2999.0
8552,98.0,89.0,3255.0
8553,98.0,89.0,3511.0
8554,98.0,89.0,3767.0
8555,98.0,90.0,2239.0
8556,98.0,90.0,2240.0
8557,98.0,90.0,2495.0
8558,98.0,90.0,2496.0
8559,98.0,90.0,2751.0
8560,98.0,90.0,2752.0
8561,98.0,90.0,3007.0
8562,98.0,90.0,3008.0
8563,98.0,90.0,3263.0
8564,98.0,90.0,3264.0
8565,98.0,90.0,3519.0
8566,98.0,90.0,3520.0
8567,98.0,90.0,3775.0
8568,98.0,90.0,3776.0
8569,98.0,91.0,2238.0
8570,98.0,91.0,2494.0
8571,98.0,91.0,2750.0
8572,98.0,91.0,3006.0
8573,98.0,91.0,3262.0
8574,98.0,91.0,3518.0
8575,98.0,91.0,3774.0
8576,98.0,92.0,2233.0
8577,98.0,92.0,2234.0
8578,98.0,92.0,2237.0
8579,98.0,92.0,2238.0
8580,98.0,92.0,2239.0
8581,98.0,92.0,2489.0
8582,98.0,92.0,2490.0
8583,98.0,92.0,2493.0
8584,98.0,92.0,2494.0
8585,98.0,92.0,2495.0
8586,98.0,92.0,2745.0
8587,98.0,92.0,2746.0
8588,98.0,92.0,2749.0
8589,98.0,92.0,2750.0
8590,98.0,92.0,2751.0
8591,98.0,92.0,3001.0
8592,98.0,92.0,3002.0
8593,98.0,92.0,3005.0
8594,98.0,92.0,3006.0
8595,98.0,92.0,3007.0
8596,98.0,92.0,3257.0
8597,98.0,92.0,3258.0
8598,98.0,92.0,3261.0
8599,98.0,92.0,3262.0
8600,98.0,92.0,3263.0
8601,98.0,92.0,3513.0
8602,98.0,92.0,3514.0
8603,98.0,92.0,3517.0
8604,98.0,92.0,3518.0
8605,98.0,92.0,3519.0
8606,98.0,92.0,3769.0
8607,98.0,92.0,3770.0
8608,98.0,92.0,3773.0
8609,98.0,92.0,3774.0
8610,98.0,92.0,3775.0
8611,98.0,93.0,2233.0
8612,98.0,93.0,2234.0
8613,98.0,93.0,2235.0
8614,98.0,93.0,2236.0
8615,98.0,93.0,2237.0
8616,98.0,93.0,2240.0
8617,98.0,93.0,2241.0
8618,98.0,93.0,2489.0
8619,98.0,93.0,2490.0
8620,98.0,93.0,2491.0
8621,98.0,93.0,2492.0
8622,98.0,93.0,2493.0
8623,98.0,93.0,2496.0
8624,98.0,93.0,2497.0
8625,98.0,93.0,2745.0
8626,98.0,93.0,2746.0
8627,98.0,93.0,2747.0
8628,98.0,93.0,2748.0
8629,98.0,93.0,2749.0
8630,98.0,93.0,2752.0
8631,98.0,93.0,2753.0
8632,98.0,93.0,3001.0
8633,98.0,93.0,3002.0
8634,98.0,93.0,3003.0
8635,98.0,93.0,3004.0
8636,98.0,93.0,3005.0
8637,98.0,93.0,3008.0
8638,98.0,93.0,3009.0
8639,98.0,93.0,3257.0
8640,98.0,93.0,3258.0
8641,98.0,93.0,3259.0
8642,98.0,93.0,3260.0
8643,98.0,93.0,3261.0
8644,98.0,93.0,3264.0
8645,98.0,93.0,3265.0
8646,98.0,93.0,3513.0
8647,98.0,93.0,3514.0
8648,98.0,93.0,3515.0
8649,98.0,93.0,3516.0
8650,98.0,93.0,3517.0
8651,98.0,93.0,3520.0
8652,98.0,93.0,3521.0
8653,98.0,93.0,3769.0
8654,98.0,93.0,3770.0
8655,98.0,93.0,3771.0
8656,98.0,93.0,3772.0
8657,98.0,93.0,3773.0
8658,98.0,93.0,3776.0
8659,98.0,93.0,3777.0
8660,98.0,94.0,2236.0
8661,98.0,94.0,2237.0
8662,98.0,94.0,2492.0
8663,98.0,94.0,2493.0
8664,98.0,94.0,2748.0
8665,98.0,94.0,2749.0
8666,98.0,94.0,3004.0
8667,98.0,94.0,3005.0
8668,98.0,94.0,3260.0
8669,98.0,94.0,3261.0
8670,98.0,94.0,3516.0
8671,98.0,94.0,3517.0
8672,98.0,94.0,3772.0
8673,98.0,94.0,3773.0
8674,98.0,95.0,2236.0
8675,98.0,95.0,2237.0
8676,98.0,95.0,2238.0
8677,98.0,95.0,2492.0
8678,98.0,95.0,2493.0
8679,98.0,95.0,2494.0
8680,98.0,95.0,2748.0
8681,98.0,95.0,2749.0
8682,98.0,95.0,2750.0
8683,98.0,95.0,3004.0
8684,98.0,95.0,3005.0
8685,98.0,95.0,3006.0
8686,98.0,95.0,3260.0
8687,98.0,95.0,3261.0
8688,98.0,95.0,3262.0
8689,98.0,95.0,3516.0
8690,98.0,95.0,3517.0
8691,98.0,95.0,3518.0
8692,98.0,95.0,3772.0
8693,98.0,95.0,3773.0
8694,98.0,95.0,3774.0
8695,98.0,96.0,2232.0
8696,98.0,96.0,2233.0
8697,98.0,96.0,2235.0
8698,98.0,96.0,2242.0
8699,98.0,96.0,2244.0
8700,98.0,96.0,2488.0
8701,98.0,96.0,2489.0
8702,98.0,96.0,2491.0
8703,98.0,96.0,2498.0
8704,98.0,96.0,2500.0
8705,98.0,96.0,2744.0
8706,98.0,96.0,2745.0
8707,98.0,96.0,2747.0
8708,98.0,96.0,2754.0
8709,98.0,96.0,2756.0
8710,98.0,96.0,3000.0
8711,98.0,96.0,3001.0
8712,98.0,96.0,3003.0
8713,98.0,96.0,3010.0
8714,98.0,96.0,3012.0
8715,98.0,96.0,3256.0
8716,98.0,96.0,3257.0
8717,98.0,96.0,3259.0
8718,98.0,96.0,3266.0
8719,98.0,96.0,3268.0
8720,98.0,96.0,3512.0
8721,98.0,96.0,3513.0
8722,98.0,96.0,3515.0
8723,98.0,96.0,3522.0
8724,98.0,96.0,3524.0
8725,98.0,96.0,3768.0
8726,98.0,96.0,3769.0
8727,98.0,96.0,3771.0
8728,98.0,96.0,3778.0
8729,98.0,96.0,3780.0
8730,98.0,98.0,2228.0
8731,98.0,98.0,2229.0
8732,98.0,98.0,2230.0
8733,98.0,98.0,2484.0
8734,98.0,98.0,2485.0
8735,98.0,98.0,2486.0
8736,98.0,98.0,2740.0
8737,98.0,98.0,2741.0
8738,98.0,98.0,2742.0
8739,98.0,98.0,2996.0
8740,98.0,98.0,2997.0
8741,98.0,98.0,2998.0
8742,98.0,98.0,3252.0
8743,98.0,98.0,3253.0
8744,98.0,98.0,3254.0
8745,98.0,98.0,3508.0
8746,98.0,98.0,3509.0
8747,98.0,98.0,3510.0
8748,98.0,98.0,3764.0
8749,98.0,98.0,3765.0
8750,98.0,98.0,3766.0
8751,98.0,99.0,2226.0
8752,98.0,99.0,2227.0
8753,98.0,99.0,2228.0
8754,98.0,99.0,2229.0
8755,98.0,99.0,2230.0
8756,98.0,99.0,2234.0
8757,98.0,99.0,2235.0
8758,98.0,99.0,2482.0
8759,98.0,99.0,2483.0
8760,98.0,99.0,2484.0
8761,98.0,99.0,2485.0
8762,98.0,99.0,2486.0
8763,98.0,99.0,2490.0
8764,98.0,99.0,2491.0
8765,98.0,99.0,2738.0
8766,98.0,99.0,2739.0
8767,98.0,99.0,2740.0
8768,98.0,99.0,2741.0
8769,98.0,99.0,2742.0
8770,98.0,99.0,2746.0
8771,98.0,99.0,2747.0
8772,98.0,99.0,2994.0
8773,98.0,99.0,2995.0
8774,98.0,99.0,2996.0
8775,98.0,99.0,2997.0
8776,98.0,99.0,2998.0
8777,98.0,99.0,3002.0
8778,98.0,99.0,3003.0
8779,98.0,99.0,3250.0
8780,98.0,99.0,3251.0
8781,98.0,99.0,3252.0
8782,98.0,99.0,3253.0
8783,98.0,99.0,3254.0
8784,98.0,99.0,3258.0
8785,98.0,99.0,3259.0
8786,98.0,99.0,3506.0
8787,98.0,99.0,3507.0
8788,98.0,99.0,3508.0
8789,98.0,99.0,3509.0
8790,98.0,99.0,3510.0
8791,98.0,99.0,3514.0
8792,98.0,99.0,3515.0
8793,98.0,99.0,3762.0
8794,98.0,99.0,3763.0
8795,98.0,99.0,3764.0
8796,98.0,99.0,3765.0
8797,98.0,99.0,3766.0
8798,98.0,99.0,3770.0
8799,98.0,99.0,3771.0
8800,98.0,100.0,2213.0
8801,98.0,100.0,2214.0
8802,98.0,100.0,2227.0
8803,98.0,100.0,2228.0
8804,98.0,100.0,2229.0
8805,98.0,100.0,2230.0
8806,98.0,100.0,2231.0
8807,98.0,100.0,2232.0
8808,98.0,100.0,2233.0
8809,98.0,100.0,2483.0
8810,98.0,100.0,2484.0
8811,98.0,100.0,2485.0
8812,98.0,100.0,2486.0
8813,98.0,100.0,2487.0
8814,98.0,100.0,2488.0
8815,98.0,100.0,2489.0
8816,98.0,100.0,2739.0
8817,98.0,100.0,2740.0
8818,98.0,100.0,2741.0
8819,98.0,100.0,2742.0
8820,98.0,100.0,2743.0
8821,98.0,100.0,2744.0
8822,98.0,100.0,2745.0
8823,98.0,100.0,2995.0
8824,98.0,100.0,2996.0
8825,98.0,100.0,2997.0
8826,98.0,100.0,2998.0
8827,98.0,100.0,2999.0
8828,98.0,100.0,3000.0
8829,98.0,100.0,3001.0
8830,98.0,100.0,3251.0
8831,98.0,100.0,3252.0
8832,98.0,100.0,3253.0
8833,98.0,100.0,3254.0
8834,98.0,100.0,3255.0
8835,98.0,100.0,3256.0
8836,98.0,100.0,3257.0
8837,98.0,100.0,3507.0
8838,98.0,100.0,3508.0
8839,98.0,100.0,3509.0
8840,98.0,100.0,3510.0
8841,98.0,100.0,3511.0
8842,98.0,100.0,3512.0
8843,98.0,100.0,3513.0
8844,98.0,100.0,3763.0
8845,98.0,100.0,3764.0
8846,98.0,100.0,3765.0
8847,98.0,100.0,3766.0
8848,98.0,100.0,3767.0
8849,98.0,100.0,3768.0
8850,98.0,100.0,3769.0
8851,98.0,101.0,2230.0
8852,98.0,101.0,2231.0
8853,98.0,101.0,2232.0
8854,98.0,101.0,2240.0
8855,98.0,101.0,2486.0
8856,98.0,101.0,2487.0
8857,98.0,101.0,2488.0
8858,98.0,101.0,2742.0
8859,98.0,101.0,2743.0
8860,98.0,101.0,2744.0
8861,98.0,101.0,2752.0
8862,98.0,101.0,2998.0
8863,98.0,101.0,2999.0
8864,98.0,101.0,3000.0
8865,98.0,101.0,3008.0
8866,98.0,101.0,3254.0
8867,98.0,101.0,3255.0
8868,98.0,101.0,3256.0
8869,98.0,101.0,3264.0
8870,98.0,101.0,3510.0
8871,98.0,101.0,3511.0
8872,98.0,101.0,3512.0
8873,98.0,101.0,3520.0
8874,98.0,101.0,3766.0
8875,98.0,101.0,3767.0
8876,98.0,101.0,3768.0
8877,98.0,101.0,3776.0
8878,98.0,102.0,2230.0
8879,98.0,102.0,2486.0
8880,98.0,102.0,2742.0
8881,98.0,102.0,2998.0
8882,98.0,102.0,3254.0
8883,98.0,102.0,3510.0
8884,98.0,102.0,3766.0
8885,98.0,103.0,2218.0
8886,98.0,103.0,2229.0
8887,98.0,103.0,2485.0
8888,98.0,103.0,2741.0
8889,98.0,103.0,2997.0
8890,98.0,103.0,3253.0
8891,98.0,103.0,3509.0
8892,98.0,103.0,3765.0
8893,98.0,104.0,2217.0
8894,98.0,105.0,2227.0
8895,98.0,105.0,2228.0
8896,98.0,105.0,2229.0
8897,98.0,105.0,2483.0
8898,98.0,105.0,2484.0
8899,98.0,105.0,2485.0
8900,98.0,105.0,2739.0
8901,98.0,105.0,2740.0
8902,98.0,105.0,2741.0
8903,98.0,105.0,2995.0
8904,98.0,105.0,2996.0
8905,98.0,105.0,2997.0
8906,98.0,105.0,3251.0
8907,98.0,105.0,3252.0
8908,98.0,105.0,3253.0
8909,98.0,105.0,3507.0
8910,98.0,105.0,3508.0
8911,98.0,105.0,3509.0
8912,98.0,105.0,3763.0
8913,98.0,105.0,3764.0
8914,98.0,105.0,3765.0
8915,98.0,106.0,2228.0
8916,98.0,106.0,2231.0
8917,98.0,106.0,2484.0
8918,98.0,106.0,2487.0
8919,98.0,106.0,2740.0
8920,98.0,106.0,2743.0
8921,98.0,106.0,2996.0
8922,98.0,106.0,2999.0
8923,98.0,106.0,3252.0
8924,98.0,106.0,3255.0
8925,98.0,106.0,3508.0
8926,98.0,106.0,3511.0
8927,98.0,106.0,3764.0
8928,98.0,106.0,3767.0
8929,98.0,113.0,2226.0
8930,99.0,29.0,2217.0
8931,99.0,29.0,2218.0
8932,99.0,29.0,2473.0
8933,99.0,29.0,2474.0
8934,99.0,29.0,2729.0
8935,99.0,29.0,2730.0
8936,99.0,29.0,2985.0
8937,99.0,29.0,2986.0
8938,99.0,29.0,3241.0
8939,99.0,29.0,3242.0
8940,99.0,29.0,3497.0
8941,99.0,29.0,3498.0
8942,99.0,29.0,3753.0
8943,99.0,29.0,3754.0
8944,99.0,30.0,2217.0
8945,99.0,30.0,2218.0
8946,99.0,30.0,2473.0
8947,99.0,30.0,2474.0
8948,99.0,30.0,2729.0
8949,99.0,30.0,2730.0
8950,99.0,30.0,2985.0
8951,99.0,30.0,2986.0
8952,99.0,30.0,3241.0
8953,99.0,30.0,3242.0
8954,99.0,30.0,3497.0
8955,99.0,30.0,3498.0
8956,99.0,30.0,3753.0
8957,99.0,30.0,3754.0
8958,99.0,31.0,2215.0
8959,99.0,31.0,2216.0
8960,99.0,31.0,2217.0
8961,99.0,31.0,2471.0
8962,99.0,31.0,2472.0
8963,99.0,31.0,2473.0
8964,99.0,31.0,2727.0
8965,99.0,31.0,2728.0
8966,99.0,31.0,2729.0
8967,99.0,31.0,2983.0
8968,99.0,31.0,2984.0
8969,99.0,31.0,2985.0
8970,99.0,31.0,3239.0
8971,99.0,31.0,3240.0
8972,99.0,31.0,3241.0
8973,99.0,31.0,3495.0
8974,99.0,31.0,3496.0
8975,99.0,31.0,3497.0
8976,99.0,31.0,3751.0
8977,99.0,31.0,3752.0
8978,99.0,31.0,3753.0
8979,99.0,32.0,2214.0
8980,99.0,32.0,2215.0
8981,99.0,32.0,2470.0
8982,99.0,32.0,2471.0
8983,99.0,32.0,2726.0
8984,99.0,32.0,2727.0
8985,99.0,32.0,2982.0
8986,99.0,32.0,2983.0
8987,99.0,32.0,3238.0
8988,99.0,32.0,3239.0
8989,99.0,32.0,3494.0
8990,99.0,32.0,3495.0
8991,99.0,32.0,3750.0
8992,99.0,32.0,3751.0
8993,99.0,33.0,2213.0
8994,99.0,33.0,2214.0
8995,99.0,33.0,2215.0
8996,99.0,33.0,2469.0
8997,99.0,33.0,2470.0
8998,99.0,33.0,2471.0
8999,99.0,33.0,2725.0
9000,99.0,33.0,2726.0
9001,99.0,33.0,2727.0
9002,99.0,33.0,2981.0
9003,99.0,33.0,2982.0
9004,99.0,33.0,2983.0
9005,99.0,33.0,3237.0
9006,99.0,33.0,3238.0
9007,99.0,33.0,3239.0
9008,99.0,33.0,3493.0
9009,99.0,33.0,3494.0
9010,99.0,33.0,3495.0
9011,99.0,33.0,3749.0
9012,99.0,33.0,3750.0
9013,99.0,33.0,3751.0
9014,99.0,34.0,2212.0
9015,99.0,34.0,2213.0
9016,99.0,34.0,2468.0
9017,99.0,34.0,2469.0
9018,99.0,34.0,2724.0
9019,99.0,34.0,2725.0
9020,99.0,34.0,2980.0
9021,99.0,34.0,2981.0
9022,99.0,34.0,3236.0
9023,99.0,34.0,3237.0
9024,99.0,34.0,3492.0
9025,99.0,34.0,3493.0
9026,99.0,34.0,3748.0
9027,99.0,34.0,3749.0
9028,99.0,35.0,2191.0
9029,99.0,35.0,2192.0
9030,99.0,42.0,2209.0
9031,99.0,42.0,2210.0
9032,99.0,42.0,2465.0
9033,99.0,42.0,2466.0
9034,99.0,42.0,2721.0
9035,99.0,42.0,2722.0
9036,99.0,42.0,2977.0
9037,99.0,42.0,2978.0
9038,99.0,42.0,3233.0
9039,99.0,42.0,3234.0
9040,99.0,42.0,3489.0
9041,99.0,42.0,3490.0
9042,99.0,42.0,3745.0
9043,99.0,42.0,3746.0
9044,99.0,43.0,2208.0
9045,99.0,43.0,2209.0
9046,99.0,43.0,2210.0
9047,99.0,43.0,2211.0
9048,99.0,43.0,2464.0
9049,99.0,43.0,2465.0
9050,99.0,43.0,2466.0
9051,99.0,43.0,2467.0
9052,99.0,43.0,2720.0
9053,99.0,43.0,2721.0
9054,99.0,43.0,2722.0
9055,99.0,43.0,2723.0
9056,99.0,43.0,2976.0
9057,99.0,43.0,2977.0
9058,99.0,43.0,2978.0
9059,99.0,43.0,2979.0
9060,99.0,43.0,3232.0
9061,99.0,43.0,3233.0
9062,99.0,43.0,3234.0
9063,99.0,43.0,3235.0
9064,99.0,43.0,3488.0
9065,99.0,43.0,3489.0
9066,99.0,43.0,3490.0
9067,99.0,43.0,3491.0
9068,99.0,43.0,3744.0
9069,99.0,43.0,3745.0
9070,99.0,43.0,3746.0
9071,99.0,43.0,3747.0
9072,99.0,44.0,2208.0
9073,99.0,44.0,2209.0
9074,99.0,44.0,2234.0
9075,99.0,44.0,2235.0
9076,99.0,44.0,2236.0
9077,99.0,44.0,2464.0
9078,99.0,44.0,2465.0
9079,99.0,44.0,2490.0
9080,99.0,44.0,2491.0
9081,99.0,44.0,2492.0
9082,99.0,44.0,2720.0
9083,99.0,44.0,2721.0
9084,99.0,44.0,2746.0
9085,99.0,44.0,2747.0
9086,99.0,44.0,2748.0
9087,99.0,44.0,2976.0
9088,99.0,44.0,2977.0
9089,99.0,44.0,3002.0
9090,99.0,44.0,3003.0
9091,99.0,44.0,3004.0
9092,99.0,44.0,3232.0
9093,99.0,44.0,3233.0
9094,99.0,44.0,3258.0
9095,99.0,44.0,3259.0
9096,99.0,44.0,3260.0
9097,99.0,44.0,3488.0
9098,99.0,44.0,3489.0
9099,99.0,44.0,3514.0
9100,99.0,44.0,3515.0
9101,99.0,44.0,3516.0
9102,99.0,44.0,3744.0
9103,99.0,44.0,3745.0
9104,99.0,44.0,3770.0
9105,99.0,44.0,3771.0
9106,99.0,44.0,3772.0
9107,99.0,45.0,2208.0
9108,99.0,45.0,2209.0
9109,99.0,45.0,2232.0
9110,99.0,45.0,2233.0
9111,99.0,45.0,2234.0
9112,99.0,45.0,2464.0
9113,99.0,45.0,2465.0
9114,99.0,45.0,2488.0
9115,99.0,45.0,2489.0
9116,99.0,45.0,2490.0
9117,99.0,45.0,2720.0
9118,99.0,45.0,2721.0
9119,99.0,45.0,2744.0
9120,99.0,45.0,2745.0
9121,99.0,45.0,2746.0
9122,99.0,45.0,2976.0
9123,99.0,45.0,2977.0
9124,99.0,45.0,3000.0
9125,99.0,45.0,3001.0
9126,99.0,45.0,3002.0
9127,99.0,45.0,3232.0
9128,99.0,45.0,3233.0
9129,99.0,45.0,3256.0
9130,99.0,45.0,3257.0
9131,99.0,45.0,3258.0
9132,99.0,45.0,3488.0
9133,99.0,45.0,3489.0
9134,99.0,45.0,3512.0
9135,99.0,45.0,3513.0
9136,99.0,45.0,3514.0
9137,99.0,45.0,3744.0
9138,99.0,45.0,3745.0
9139,99.0,45.0,3768.0
9140,99.0,45.0,3769.0
9141,99.0,45.0,3770.0
9142,99.0,47.0,2231.0
9143,99.0,48.0,2227.0
9144,99.0,48.0,2228.0
9145,99.0,48.0,2232.0
9146,99.0,48.0,2233.0
9147,99.0,48.0,2236.0
9148,99.0,48.0,2237.0
9149,99.0,48.0,2238.0
9150,99.0,48.0,2488.0
9151,99.0,48.0,2489.0
9152,99.0,48.0,2492.0
9153,99.0,48.0,2493.0
9154,99.0,48.0,2494.0
9155,99.0,48.0,2744.0
9156,99.0,48.0,2745.0
9157,99.0,48.0,2748.0
9158,99.0,48.0,2749.0
9159,99.0,48.0,2750.0
9160,99.0,48.0,3000.0
9161,99.0,48.0,3001.0
9162,99.0,48.0,3004.0
9163,99.0,48.0,3005.0
9164,99.0,48.0,3006.0
9165,99.0,48.0,3256.0
9166,99.0,48.0,3257.0
9167,99.0,48.0,3260.0
9168,99.0,48.0,3261.0
9169,99.0,48.0,3262.0
9170,99.0,48.0,3512.0
9171,99.0,48.0,3513.0
9172,99.0,48.0,3516.0
9173,99.0,48.0,3517.0
9174,99.0,48.0,3518.0
9175,99.0,48.0,3768.0
9176,99.0,48.0,3769.0
9177,99.0,48.0,3772.0
9178,99.0,48.0,3773.0
9179,99.0,48.0,3774.0
9180,99.0,49.0,2219.0
9181,99.0,49.0,2232.0
9182,99.0,49.0,2234.0
9183,99.0,49.0,2235.0
9184,99.0,49.0,2236.0
9185,99.0,49.0,2237.0
9186,99.0,49.0,2475.0
9187,99.0,49.0,2488.0
9188,99.0,49.0,2490.0
9189,99.0,49.0,2491.0
9190,99.0,49.0,2492.0
9191,99.0,49.0,2493.0
9192,99.0,49.0,2731.0
9193,99.0,49.0,2744.0
9194,99.0,49.0,2746.0
9195,99.0,49.0,2747.0
9196,99.0,49.0,2748.0
9197,99.0,49.0,2749.0
9198,99.0,49.0,2987.0
9199,99.0,49.0,3000.0
9200,99.0,49.0,3002.0
9201,99.0,49.0,3003.0
9202,99.0,49.0,3004.0
9203,99.0,49.0,3005.0
9204,99.0,49.0,3243.0
9205,99.0,49.0,3256.0
9206,99.0,49.0,3258.0
9207,99.0,49.0,3259.0
9208,99.0,49.0,3260.0
9209,99.0,49.0,3261.0
9210,99.0,49.0,3499.0
9211,99.0,49.0,3512.0
9212,99.0,49.0,3514.0
9213,99.0,49.0,3515.0
9214,99.0,49.0,3516.0
9215,99.0,49.0,3517.0
9216,99.0,49.0,3755.0
9217,99.0,49.0,3768.0
9218,99.0,49.0,3770.0
9219,99.0,49.0,3771.0
9220,99.0,49.0,3772.0
9221,99.0,49.0,3773.0
9222,99.0,50.0,2218.0
9223,99.0,50.0,2474.0
9224,99.0,50.0,2730.0
9225,99.0,50.0,2986.0
9226,99.0,50.0,3242.0
9227,99.0,50.0,3498.0
9228,99.0,50.0,3754.0
9229,99.0,51.0,2237.0
9230,99.0,52.0,2236.0
9231,99.0,52.0,2248.0
9232,99.0,53.0,2236.0
9233,99.0,53.0,2237.0
9234,99.0,53.0,2492.0
9235,99.0,53.0,2493.0
9236,99.0,53.0,2748.0
9237,99.0,53.0,2749.0
9238,99.0,53.0,3004.0
9239,99.0,53.0,3005.0
9240,99.0,53.0,3260.0
9241,99.0,53.0,3261.0
9242,99.0,53.0,3516.0
9243,99.0,53.0,3517.0
9244,99.0,53.0,3772.0
9245,99.0,53.0,3773.0
9246,99.0,54.0,2235.0
9247,99.0,54.0,2491.0
9248,99.0,54.0,2747.0
9249,99.0,54.0,3003.0
9250,99.0,54.0,3259.0
9251,99.0,54.0,3515.0
9252,99.0,54.0,3771.0
9253,99.0,60.0,2240.0
9254,99.0,60.0,2241.0
9255,99.0,60.0,2496.0
9256,99.0,60.0,2497.0
9257,99.0,60.0,2752.0
9258,99.0,60.0,2753.0
9259,99.0,60.0,3008.0
9260,99.0,60.0,3009.0
9261,99.0,60.0,3264.0
9262,99.0,60.0,3265.0
9263,99.0,60.0,3520.0
9264,99.0,60.0,3521.0
9265,99.0,60.0,3776.0
9266,99.0,60.0,3777.0
9267,99.0,61.0,2241.0
9268,99.0,61.0,2242.0
9269,99.0,61.0,2497.0
9270,99.0,61.0,2498.0
9271,99.0,61.0,2753.0
9272,99.0,61.0,2754.0
9273,99.0,61.0,3009.0
9274,99.0,61.0,3010.0
9275,99.0,61.0,3265.0
9276,99.0,61.0,3266.0
9277,99.0,61.0,3521.0
9278,99.0,61.0,3522.0
9279,99.0,61.0,3777.0
9280,99.0,61.0,3778.0
9281,99.0,62.0,2239.0
9282,99.0,62.0,2240.0
9283,99.0,62.0,2495.0
9284,99.0,62.0,2496.0
9285,99.0,62.0,2751.0
9286,99.0,62.0,2752.0
9287,99.0,62.0,3007.0
9288,99.0,62.0,3008.0
9289,99.0,62.0,3263.0
9290,99.0,62.0,3264.0
9291,99.0,62.0,3519.0
9292,99.0,62.0,3520.0
9293,99.0,62.0,3775.0
9294,99.0,62.0,3776.0
9295,99.0,63.0,2229.0
9296,99.0,63.0,2230.0
9297,99.0,63.0,2231.0
9298,99.0,63.0,2239.0
9299,99.0,63.0,2240.0
9300,99.0,63.0,2485.0
9301,99.0,63.0,2486.0
9302,99.0,63.0,2487.0
9303,99.0,63.0,2495.0
9304,99.0,63.0,2496.0
9305,99.0,63.0,2741.0
9306,99.0,63.0,2742.0
9307,99.0,63.0,2743.0
9308,99.0,63.0,2751.0
9309,99.0,63.0,2752.0
9310,99.0,63.0,2997.0
9311,99.0,63.0,2998.0
9312,99.0,63.0,2999.0
9313,99.0,63.0,3007.0
9314,99.0,63.0,3008.0
9315,99.0,63.0,3253.0
9316,99.0,63.0,3254.0
9317,99.0,63.0,3255.0
9318,99.0,63.0,3263.0
9319,99.0,63.0,3264.0
9320,99.0,63.0,3509.0
9321,99.0,63.0,3510.0
9322,99.0,63.0,3511.0
9323,99.0,63.0,3519.0
9324,99.0,63.0,3520.0
9325,99.0,63.0,3765.0
9326,99.0,63.0,3766.0
9327,99.0,63.0,3767.0
9328,99.0,63.0,3775.0
9329,99.0,63.0,3776.0
9330,99.0,64.0,2224.0
9331,99.0,64.0,2230.0
9332,99.0,64.0,2235.0
9333,99.0,64.0,2236.0
9334,99.0,64.0,2480.0
9335,99.0,64.0,2486.0
9336,99.0,64.0,2491.0
9337,99.0,64.0,2492.0
9338,99.0,64.0,2736.0
9339,99.0,64.0,2742.0
9340,99.0,64.0,2747.0
9341,99.0,64.0,2748.0
9342,99.0,64.0,2992.0
9343,99.0,64.0,2998.0
9344,99.0,64.0,3003.0
9345,99.0,64.0,3004.0
9346,99.0,64.0,3248.0
9347,99.0,64.0,3254.0
9348,99.0,64.0,3259.0
9349,99.0,64.0,3260.0
9350,99.0,64.0,3504.0
9351,99.0,64.0,3510.0
9352,99.0,64.0,3515.0
9353,99.0,64.0,3516.0
9354,99.0,64.0,3760.0
9355,99.0,64.0,3766.0
9356,99.0,64.0,3771.0
9357,99.0,64.0,3772.0
9358,99.0,65.0,2223.0
9359,99.0,65.0,2224.0
9360,99.0,65.0,2479.0
9361,99.0,65.0,2480.0
9362,99.0,65.0,2735.0
9363,99.0,65.0,2736.0
9364,99.0,65.0,2991.0
9365,99.0,65.0,2992.0
9366,99.0,65.0,3247.0
9367,99.0,65.0,3248.0
9368,99.0,65.0,3503.0
9369,99.0,65.0,3504.0
9370,99.0,65.0,3759.0
9371,99.0,65.0,3760.0
9372,99.0,66.0,2221.0
9373,99.0,66.0,2222.0
9374,99.0,66.0,2477.0
9375,99.0,66.0,2478.0
9376,99.0,66.0,2733.0
9377,99.0,66.0,2734.0
9378,99.0,66.0,2989.0
9379,99.0,66.0,2990.0
9380,99.0,66.0,3245.0
9381,99.0,66.0,3246.0
9382,99.0,66.0,3501.0
9383,99.0,66.0,3502.0
9384,99.0,66.0,3757.0
9385,99.0,66.0,3758.0
9386,99.0,67.0,2236.0
9387,99.0,67.0,2237.0
9388,99.0,67.0,2238.0
9389,99.0,67.0,2492.0
9390,99.0,67.0,2493.0
9391,99.0,67.0,2494.0
9392,99.0,67.0,2748.0
9393,99.0,67.0,2749.0
9394,99.0,67.0,2750.0
9395,99.0,67.0,3004.0
9396,99.0,67.0,3005.0
9397,99.0,67.0,3006.0
9398,99.0,67.0,3260.0
9399,99.0,67.0,3261.0
9400,99.0,67.0,3262.0
9401,99.0,67.0,3516.0
9402,99.0,67.0,3517.0
9403,99.0,67.0,3518.0
9404,99.0,67.0,3772.0
9405,99.0,67.0,3773.0
9406,99.0,67.0,3774.0
9407,99.0,68.0,2237.0
9408,99.0,68.0,2240.0
9409,99.0,68.0,2241.0
9410,99.0,68.0,2493.0
9411,99.0,68.0,2496.0
9412,99.0,68.0,2497.0
9413,99.0,68.0,2749.0
9414,99.0,68.0,2752.0
9415,99.0,68.0,2753.0
9416,99.0,68.0,3005.0
9417,99.0,68.0,3008.0
9418,99.0,68.0,3009.0
9419,99.0,68.0,3261.0
9420,99.0,68.0,3264.0
9421,99.0,68.0,3265.0
9422,99.0,68.0,3517.0
9423,99.0,68.0,3520.0
9424,99.0,68.0,3521.0
9425,99.0,68.0,3773.0
9426,99.0,68.0,3776.0
9427,99.0,68.0,3777.0
9428,99.0,69.0,2240.0
9429,99.0,69.0,2241.0
9430,99.0,69.0,2496.0
9431,99.0,69.0,2497.0
9432,99.0,69.0,2752.0
9433,99.0,69.0,2753.0
9434,99.0,69.0,3008.0
9435,99.0,69.0,3009.0
9436,99.0,69.0,3264.0
9437,99.0,69.0,3265.0
9438,99.0,69.0,3520.0
9439,99.0,69.0,3521.0
9440,99.0,69.0,3776.0
9441,99.0,69.0,3777.0
9442,99.0,70.0,2238.0
9443,99.0,70.0,2494.0
9444,99.0,70.0,2750.0
9445,99.0,70.0,3006.0
9446,99.0,70.0,3262.0
9447,99.0,70.0,3518.0
9448,99.0,70.0,3774.0
9449,99.0,76.0,2241.0
9450,99.0,76.0,2242.0
9451,99.0,76.0,2243.0
9452,99.0,76.0,2497.0
9453,99.0,76.0,2498.0
9454,99.0,76.0,2499.0
9455,99.0,76.0,2753.0
9456,99.0,76.0,2754.0
9457,99.0,76.0,2755.0
9458,99.0,76.0,3009.0
9459,99.0,76.0,3010.0
9460,99.0,76.0,3011.0
9461,99.0,76.0,3265.0
9462,99.0,76.0,3266.0
9463,99.0,76.0,3267.0
9464,99.0,76.0,3521.0
9465,99.0,76.0,3522.0
9466,99.0,76.0,3523.0
9467,99.0,76.0,3777.0
9468,99.0,76.0,3778.0
9469,99.0,76.0,3779.0
9470,99.0,77.0,2227.0
9471,99.0,77.0,2228.0
9472,99.0,77.0,2237.0
9473,99.0,77.0,2238.0
9474,99.0,77.0,2239.0
9475,99.0,77.0,2240.0
9476,99.0,77.0,2242.0
9477,99.0,77.0,2483.0
9478,99.0,77.0,2484.0
9479,99.0,77.0,2493.0
9480,99.0,77.0,2494.0
9481,99.0,77.0,2495.0
9482,99.0,77.0,2496.0
9483,99.0,77.0,2498.0
9484,99.0,77.0,2739.0
9485,99.0,77.0,2740.0
9486,99.0,77.0,2749.0
9487,99.0,77.0,2750.0
9488,99.0,77.0,2751.0
9489,99.0,77.0,2752.0
9490,99.0,77.0,2754.0
9491,99.0,77.0,2995.0
9492,99.0,77.0,2996.0
9493,99.0,77.0,3005.0
9494,99.0,77.0,3006.0
9495,99.0,77.0,3007.0
9496,99.0,77.0,3008.0
9497,99.0,77.0,3010.0
9498,99.0,77.0,3251.0
9499,99.0,77.0,3252.0
9500,99.0,77.0,3261.0
9501,99.0,77.0,3262.0
9502,99.0,77.0,3263.0
9503,99.0,77.0,3264.0
9504,99.0,77.0,3266.0
9505,99.0,77.0,3507.0
9506,99.0,77.0,3508.0
9507,99.0,77.0,3517.0
9508,99.0,77.0,3518.0
9509,99.0,77.0,3519.0
9510,99.0,77.0,3520.0
9511,99.0,77.0,3522.0
9512,99.0,77.0,3763.0
9513,99.0,77.0,3764.0
9514,99.0,77.0,3773.0
9515,99.0,77.0,3774.0
9516,99.0,77.0,3775.0
9517,99.0,77.0,3776.0
9518,99.0,77.0,3778.0
9519,99.0,78.0,2235.0
9520,99.0,78.0,2236.0
9521,99.0,78.0,2237.0
9522,99.0,78.0,2491.0
9523,99.0,78.0,2492.0
9524,99.0,78.0,2493.0
9525,99.0,78.0,2747.0
9526,99.0,78.0,2748.0
9527,99.0,78.0,2749.0
9528,99.0,78.0,3003.0
9529,99.0,78.0,3004.0
9530,99.0,78.0,3005.0
9531,99.0,78.0,3259.0
9532,99.0,78.0,3260.0
9533,99.0,78.0,3261.0
9534,99.0,78.0,3515.0
9535,99.0,78.0,3516.0
9536,99.0,78.0,3517.0
9537,99.0,78.0,3771.0
9538,99.0,78.0,3772.0
9539,99.0,78.0,3773.0
9540,99.0,80.0,2225.0
9541,99.0,80.0,2237.0
9542,99.0,80.0,2493.0
9543,99.0,80.0,2737.0
9544,99.0,80.0,2749.0
9545,99.0,80.0,2993.0
9546,99.0,80.0,3005.0
9547,99.0,80.0,3249.0
9548,99.0,80.0,3261.0
9549,99.0,80.0,3517.0
9550,99.0,80.0,3761.0
9551,99.0,80.0,3773.0
9552,99.0,81.0,2224.0
9553,99.0,81.0,2225.0
9554,99.0,81.0,2226.0
9555,99.0,81.0,2236.0
9556,99.0,81.0,2237.0
9557,99.0,81.0,2238.0
9558,99.0,81.0,2492.0
9559,99.0,81.0,2493.0
9560,99.0,81.0,2494.0
9561,99.0,81.0,2736.0
9562,99.0,81.0,2737.0
9563,99.0,81.0,2738.0
9564,99.0,81.0,2748.0
9565,99.0,81.0,2749.0
9566,99.0,81.0,2750.0
9567,99.0,81.0,2992.0
9568,99.0,81.0,2993.0
9569,99.0,81.0,2994.0
9570,99.0,81.0,3004.0
9571,99.0,81.0,3005.0
9572,99.0,81.0,3006.0
9573,99.0,81.0,3248.0
9574,99.0,81.0,3249.0
9575,99.0,81.0,3250.0
9576,99.0,81.0,3260.0
9577,99.0,81.0,3261.0
9578,99.0,81.0,3262.0
9579,99.0,81.0,3516.0
9580,99.0,81.0,3517.0
9581,99.0,81.0,3518.0
9582,99.0,81.0,3760.0
9583,99.0,81.0,3761.0
9584,99.0,81.0,3762.0
9585,99.0,81.0,3772.0
9586,99.0,81.0,3773.0
9587,99.0,81.0,3774.0
9588,99.0,82.0,2235.0
9589,99.0,82.0,2237.0
9590,99.0,82.0,2238.0
9591,99.0,82.0,2491.0
9592,99.0,82.0,2493.0
9593,99.0,82.0,2494.0
9594,99.0,82.0,2747.0
9595,99.0,82.0,2749.0
9596,99.0,82.0,2750.0
9597,99.0,82.0,3003.0
9598,99.0,82.0,3005.0
9599,99.0,82.0,3006.0
9600,99.0,82.0,3259.0
9601,99.0,82.0,3261.0
9602,99.0,82.0,3262.0
9603,99.0,82.0,3515.0
9604,99.0,82.0,3517.0
9605,99.0,82.0,3518.0
9606,99.0,82.0,3771.0
9607,99.0,82.0,3773.0
9608,99.0,82.0,3774.0
9609,99.0,83.0,2237.0
9610,99.0,83.0,2493.0
9611,99.0,83.0,2749.0
9612,99.0,83.0,3005.0
9613,99.0,83.0,3261.0
9614,99.0,83.0,3517.0
9615,99.0,83.0,3773.0
9616,99.0,84.0,2231.0
9617,99.0,84.0,2247.0
9618,99.0,84.0,2503.0
9619,99.0,84.0,2759.0
9620,99.0,84.0,3015.0
9621,99.0,84.0,3271.0
9622,99.0,84.0,3527.0
9623,99.0,84.0,3783.0
9624,99.0,85.0,2230.0
9625,99.0,85.0,2244.0
9626,99.0,85.0,2245.0
9627,99.0,85.0,2486.0
9628,99.0,85.0,2500.0
9629,99.0,85.0,2501.0
9630,99.0,85.0,2742.0
9631,99.0,85.0,2756.0
9632,99.0,85.0,2757.0
9633,99.0,85.0,2998.0
9634,99.0,85.0,3012.0
9635,99.0,85.0,3013.0
9636,99.0,85.0,3254.0
9637,99.0,85.0,3268.0
9638,99.0,85.0,3269.0
9639,99.0,85.0,3510.0
9640,99.0,85.0,3524.0
9641,99.0,85.0,3525.0
9642,99.0,85.0,3766.0
9643,99.0,85.0,3780.0
9644,99.0,85.0,3781.0
9645,99.0,86.0,2229.0
9646,99.0,86.0,2230.0
9647,99.0,86.0,2485.0
9648,99.0,86.0,2486.0
9649,99.0,86.0,2741.0
9650,99.0,86.0,2742.0
9651,99.0,86.0,2997.0
9652,99.0,86.0,2998.0
9653,99.0,86.0,3253.0
9654,99.0,86.0,3254.0
9655,99.0,86.0,3509.0
9656,99.0,86.0,3510.0
9657,99.0,86.0,3765.0
9658,99.0,86.0,3766.0
9659,99.0,87.0,2225.0
9660,99.0,87.0,2226.0
9661,99.0,87.0,2233.0
9662,99.0,87.0,2234.0
9663,99.0,87.0,2244.0
9664,99.0,87.0,2245.0
9665,99.0,87.0,2246.0
9666,99.0,87.0,2489.0
9667,99.0,87.0,2490.0
9668,99.0,87.0,2500.0
9669,99.0,87.0,2501.0
9670,99.0,87.0,2502.0
9671,99.0,87.0,2745.0
9672,99.0,87.0,2746.0
9673,99.0,87.0,2756.0
9674,99.0,87.0,2757.0
9675,99.0,87.0,2758.0
9676,99.0,87.0,3001.0
9677,99.0,87.0,3002.0
9678,99.0,87.0,3012.0
9679,99.0,87.0,3013.0
9680,99.0,87.0,3014.0
9681,99.0,87.0,3257.0
9682,99.0,87.0,3258.0
9683,99.0,87.0,3268.0
9684,99.0,87.0,3269.0
9685,99.0,87.0,3270.0
9686,99.0,87.0,3513.0
9687,99.0,87.0,3514.0
9688,99.0,87.0,3524.0
9689,99.0,87.0,3525.0
9690,99.0,87.0,3526.0
9691,99.0,87.0,3769.0
9692,99.0,87.0,3770.0
9693,99.0,87.0,3780.0
9694,99.0,87.0,3781.0
9695,99.0,87.0,3782.0
9696,99.0,88.0,2232.0
9697,99.0,88.0,2233.0
9698,99.0,88.0,2234.0
9699,99.0,88.0,2242.0
9700,99.0,88.0,2243.0
9701,99.0,88.0,2244.0
9702,99.0,88.0,2488.0
9703,99.0,88.0,2489.0
9704,99.0,88.0,2490.0
9705,99.0,88.0,2498.0
9706,99.0,88.0,2499.0
9707,99.0,88.0,2500.0
9708,99.0,88.0,2744.0
9709,99.0,88.0,2745.0
9710,99.0,88.0,2746.0
9711,99.0,88.0,2754.0
9712,99.0,88.0,2755.0
9713,99.0,88.0,2756.0
9714,99.0,88.0,3000.0
9715,99.0,88.0,3001.0
9716,99.0,88.0,3002.0
9717,99.0,88.0,3010.0
9718,99.0,88.0,3011.0
9719,99.0,88.0,3012.0
9720,99.0,88.0,3256.0
9721,99.0,88.0,3257.0
9722,99.0,88.0,3258.0
9723,99.0,88.0,3266.0
9724,99.0,88.0,3267.0
9725,99.0,88.0,3268.0
9726,99.0,88.0,3512.0
9727,99.0,88.0,3513.0
9728,99.0,88.0,3514.0
9729,99.0,88.0,3522.0
9730,99.0,88.0,3523.0
9731,99.0,88.0,3524.0
9732,99.0,88.0,3768.0
9733,99.0,88.0,3769.0
9734,99.0,88.0,3770.0
9735,99.0,88.0,3778.0
9736,99.0,88.0,3779.0
9737,99.0,88.0,3780.0
9738,99.0,89.0,2239.0
9739,99.0,89.0,2240.0
9740,99.0,89.0,2495.0
9741,99.0,89.0,2496.0
9742,99.0,89.0,2751.0
9743,99.0,89.0,2752.0
9744,99.0,89.0,3007.0
9745,99.0,89.0,3008.0
9746,99.0,89.0,3263.0
9747,99.0,89.0,3264.0
9748,99.0,89.0,3519.0
9749,99.0,89.0,3520.0
9750,99.0,89.0,3775.0
9751,99.0,89.0,3776.0
9752,99.0,90.0,2239.0
9753,99.0,90.0,2240.0
9754,99.0,90.0,2241.0
9755,99.0,90.0,2242.0
9756,99.0,90.0,2243.0
9757,99.0,90.0,2495.0
9758,99.0,90.0,2496.0
9759,99.0,90.0,2497.0
9760,99.0,90.0,2498.0
9761,99.0,90.0,2499.0
9762,99.0,90.0,2751.0
9763,99.0,90.0,2752.0
9764,99.0,90.0,2753.0
9765,99.0,90.0,2754.0
9766,99.0,90.0,2755.0
9767,99.0,90.0,3007.0
9768,99.0,90.0,3008.0
9769,99.0,90.0,3009.0
9770,99.0,90.0,3010.0
9771,99.0,90.0,3011.0
9772,99.0,90.0,3263.0
9773,99.0,90.0,3264.0
9774,99.0,90.0,3265.0
9775,99.0,90.0,3266.0
9776,99.0,90.0,3267.0
9777,99.0,90.0,3519.0
9778,99.0,90.0,3520.0
9779,99.0,90.0,3521.0
9780,99.0,90.0,3522.0
9781,99.0,90.0,3523.0
9782,99.0,90.0,3775.0
9783,99.0,90.0,3776.0
9784,99.0,90.0,3777.0
9785,99.0,90.0,3778.0
9786,99.0,90.0,3779.0
9787,99.0,91.0,2237.0
9788,99.0,91.0,2238.0
9789,99.0,91.0,2239.0
9790,99.0,91.0,2240.0
9791,99.0,91.0,2242.0
9792,99.0,91.0,2493.0
9793,99.0,91.0,2494.0
9794,99.0,91.0,2495.0
9795,99.0,91.0,2496.0
9796,99.0,91.0,2498.0
9797,99.0,91.0,2749.0
9798,99.0,91.0,2750.0
9799,99.0,91.0,2751.0
9800,99.0,91.0,2752.0
9801,99.0,91.0,2754.0
9802,99.0,91.0,3005.0
9803,99.0,91.0,3006.0
9804,99.0,91.0,3007.0
9805,99.0,91.0,3008.0
9806,99.0,91.0,3010.0
9807,99.0,91.0,3261.0
9808,99.0,91.0,3262.0
9809,99.0,91.0,3263.0
9810,99.0,91.0,3264.0
9811,99.0,91.0,3266.0
9812,99.0,91.0,3517.0
9813,99.0,91.0,3518.0
9814,99.0,91.0,3519.0
9815,99.0,91.0,3520.0
9816,99.0,91.0,3522.0
9817,99.0,91.0,3773.0
9818,99.0,91.0,3774.0
9819,99.0,91.0,3775.0
9820,99.0,91.0,3776.0
9821,99.0,91.0,3778.0
9822,99.0,92.0,2237.0
9823,99.0,92.0,2240.0
9824,99.0,92.0,2241.0
9825,99.0,92.0,2493.0
9826,99.0,92.0,2496.0
9827,99.0,92.0,2497.0
9828,99.0,92.0,2749.0
9829,99.0,92.0,2752.0
9830,99.0,92.0,2753.0
9831,99.0,92.0,3005.0
9832,99.0,92.0,3008.0
9833,99.0,92.0,3009.0
9834,99.0,92.0,3261.0
9835,99.0,92.0,3264.0
9836,99.0,92.0,3265.0
9837,99.0,92.0,3517.0
9838,99.0,92.0,3520.0
9839,99.0,92.0,3521.0
9840,99.0,92.0,3773.0
9841,99.0,92.0,3776.0
9842,99.0,92.0,3777.0
9843,99.0,93.0,2237.0
9844,99.0,93.0,2240.0
9845,99.0,93.0,2241.0
9846,99.0,93.0,2493.0
9847,99.0,93.0,2496.0
9848,99.0,93.0,2497.0
9849,99.0,93.0,2749.0
9850,99.0,93.0,2752.0
9851,99.0,93.0,2753.0
9852,99.0,93.0,3005.0
9853,99.0,93.0,3008.0
9854,99.0,93.0,3009.0
9855,99.0,93.0,3261.0
9856,99.0,93.0,3264.0
9857,99.0,93.0,3265.0
9858,99.0,93.0,3517.0
9859,99.0,93.0,3520.0
9860,99.0,93.0,3521.0
9861,99.0,93.0,3773.0
9862,99.0,93.0,3776.0
9863,99.0,93.0,3777.0
9864,99.0,94.0,2236.0
9865,99.0,94.0,2237.0
9866,99.0,94.0,2238.0
9867,99.0,94.0,2492.0
9868,99.0,94.0,2493.0
9869,99.0,94.0,2494.0
9870,99.0,94.0,2748.0
9871,99.0,94.0,2749.0
9872,99.0,94.0,2750.0
9873,99.0,94.0,3004.0
9874,99.0,94.0,3005.0
9875,99.0,94.0,3006.0
9876,99.0,94.0,3260.0
9877,99.0,94.0,3261.0
9878,99.0,94.0,3262.0
9879,99.0,94.0,3516.0
9880,99.0,94.0,3517.0
9881,99.0,94.0,3518.0
9882,99.0,94.0,3772.0
9883,99.0,94.0,3773.0
9884,99.0,94.0,3774.0
9885,99.0,95.0,2234.0
9886,99.0,95.0,2235.0
9887,99.0,95.0,2236.0
9888,99.0,95.0,2237.0
9889,99.0,95.0,2238.0
9890,99.0,95.0,2241.0
9891,99.0,95.0,2242.0
9892,99.0,95.0,2243.0
9893,99.0,95.0,2244.0
9894,99.0,95.0,2245.0
9895,99.0,95.0,2490.0
9896,99.0,95.0,2491.0
9897,99.0,95.0,2492.0
9898,99.0,95.0,2493.0
9899,99.0,95.0,2494.0
9900,99.0,95.0,2497.0
9901,99.0,95.0,2498.0
9902,99.0,95.0,2499.0
9903,99.0,95.0,2500.0
9904,99.0,95.0,2501.0
9905,99.0,95.0,2746.0
9906,99.0,95.0,2747.0
9907,99.0,95.0,2748.0
9908,99.0,95.0,2749.0
9909,99.0,95.0,2750.0
9910,99.0,95.0,2753.0
9911,99.0,95.0,2754.0
9912,99.0,95.0,2755.0
9913,99.0,95.0,2756.0
9914,99.0,95.0,2757.0
9915,99.0,95.0,3002.0
9916,99.0,95.0,3003.0
9917,99.0,95.0,3004.0
9918,99.0,95.0,3005.0
9919,99.0,95.0,3006.0
9920,99.0,95.0,3009.0
9921,99.0,95.0,3010.0
9922,99.0,95.0,3011.0
9923,99.0,95.0,3012.0
9924,99.0,95.0,3013.0
9925,99.0,95.0,3258.0
9926,99.0,95.0,3259.0
9927,99.0,95.0,3260.0
9928,99.0,95.0,3261.0
9929,99.0,95.0,3262.0
9930,99.0,95.0,3265.0
9931,99.0,95.0,3266.0
9932,99.0,95.0,3267.0
9933,99.0,95.0,3268.0
9934,99.0,95.0,3269.0
9935,99.0,95.0,3514.0
9936,99.0,95.0,3515.0
9937,99.0,95.0,3516.0
9938,99.0,95.0,3517.0
9939,99.0,95.0,3518.0
9940,99.0,95.0,3521.0
9941,99.0,95.0,3522.0
9942,99.0,95.0,3523.0
9943,99.0,95.0,3524.0
9944,99.0,95.0,3525.0
9945,99.0,95.0,3770.0
9946,99.0,95.0,3771.0
9947,99.0,95.0,3772.0
9948,99.0,95.0,3773.0
9949,99.0,95.0,3774.0
9950,99.0,95.0,3777.0
9951,99.0,95.0,3778.0
9952,99.0,95.0,3779.0
9953,99.0,95.0,3780.0
9954,99.0,95.0,3781.0
9955,99.0,96.0,2242.0
9956,99.0,96.0,2243.0
9957,99.0,96.0,2244.0
9958,99.0,96.0,2498.0
9959,99.0,96.0,2499.0
9960,99.0,96.0,2500.0
9961,99.0,96.0,2754.0
9962,99.0,96.0,2755.0
9963,99.0,96.0,2756.0
9964,99.0,96.0,3010.0
9965,99.0,96.0,3011.0
9966,99.0,96.0,3012.0
9967,99.0,96.0,3266.0
9968,99.0,96.0,3267.0
9969,99.0,96.0,3268.0
9970,99.0,96.0,3522.0
9971,99.0,96.0,3523.0
9972,99.0,96.0,3524.0
9973,99.0,96.0,3778.0
9974,99.0,96.0,3779.0
9975,99.0,96.0,3780.0
9976,99.0,98.0,2228.0
9977,99.0,98.0,2229.0
9978,99.0,98.0,2230.0
9979,99.0,98.0,2484.0
9980,99.0,98.0,2485.0
9981,99.0,98.0,2486.0
9982,99.0,98.0,2740.0
9983,99.0,98.0,2741.0
9984,99.0,98.0,2742.0
9985,99.0,98.0,2996.0
9986,99.0,98.0,2997.0
9987,99.0,98.0,2998.0
9988,99.0,98.0,3252.0
9989,99.0,98.0,3253.0
9990,99.0,98.0,3254.0
9991,99.0,98.0,3508.0
9992,99.0,98.0,3509.0
9993,99.0,98.0,3510.0
9994,99.0,98.0,3764.0
9995,99.0,98.0,3765.0
9996,99.0,98.0,3766.0
9997,99.0,99.0,2226.0
9998,99.0,99.0,2227.0
9999,99.0,99.0,2228.0
10000,99.0,99.0,2229.0
10001,99.0,99.0,2230.0
10002,99.0,99.0,2239.0
10003,99.0,99.0,2240.0
10004,99.0,99.0,2482.0
10005,99.0,99.0,2483.0
10006,99.0,99.0,2484.0
10007,99.0,99.0,2485.0
10008,99.0,99.0,2486.0
10009,99.0,99.0,2495.0
10010,99.0,99.0,2496.0
10011,99.0,99.0,2738.0
10012,99.0,99.0,2739.0
10013,99.0,99.0,2740.0
10014,99.0,99.0,2741.0
10015,99.0,99.0,2742.0
10016,99.0,99.0,2751.0
10017,99.0,99.0,2752.0
10018,99.0,99.0,2994.0
10019,99.0,99.0,2995.0
10020,99.0,99.0,2996.0
10021,99.0,99.0,2997.0
10022,99.0,99.0,2998.0
10023,99.0,99.0,3007.0
10024,99.0,99.0,3008.0
10025,99.0,99.0,3250.0
10026,99.0,99.0,3251.0
10027,99.0,99.0,3252.0
10028,99.0,99.0,3253.0
10029,99.0,99.0,3254.0
10030,99.0,99.0,3263.0
10031,99.0,99.0,3264.0
10032,99.0,99.0,3506.0
10033,99.0,99.0,3507.0
10034,99.0,99.0,3508.0
10035,99.0,99.0,3509.0
10036,99.0,99.0,3510.0
10037,99.0,99.0,3519.0
10038,99.0,99.0,3520.0
10039,99.0,99.0,3762.0
10040,99.0,99.0,3763.0
10041,99.0,99.0,3764.0
10042,99.0,99.0,3765.0
10043,99.0,99.0,3766.0
10044,99.0,99.0,3775.0
10045,99.0,99.0,3776.0
10046,99.0,100.0,2227.0
10047,99.0,100.0,2228.0
10048,99.0,100.0,2229.0
10049,99.0,100.0,2230.0
10050,99.0,100.0,2231.0
10051,99.0,100.0,2239.0
10052,99.0,100.0,2483.0
10053,99.0,100.0,2484.0
10054,99.0,100.0,2485.0
10055,99.0,100.0,2486.0
10056,99.0,100.0,2487.0
10057,99.0,100.0,2495.0
10058,99.0,100.0,2739.0
10059,99.0,100.0,2740.0
10060,99.0,100.0,2741.0
10061,99.0,100.0,2742.0
10062,99.0,100.0,2743.0
10063,99.0,100.0,2751.0
10064,99.0,100.0,2995.0
10065,99.0,100.0,2996.0
10066,99.0,100.0,2997.0
10067,99.0,100.0,2998.0
10068,99.0,100.0,2999.0
10069,99.0,100.0,3007.0
10070,99.0,100.0,3251.0
10071,99.0,100.0,3252.0
10072,99.0,100.0,3253.0
10073,99.0,100.0,3254.0
10074,99.0,100.0,3255.0
10075,99.0,100.0,3263.0
10076,99.0,100.0,3507.0
10077,99.0,100.0,3508.0
10078,99.0,100.0,3509.0
10079,99.0,100.0,3510.0
10080,99.0,100.0,3511.0
10081,99.0,100.0,3519.0
10082,99.0,100.0,3763.0
10083,99.0,100.0,3764.0
10084,99.0,100.0,3765.0
10085,99.0,100.0,3766.0
10086,99.0,100.0,3767.0
10087,99.0,100.0,3775.0
10088,99.0,101.0,2227.0
10089,99.0,101.0,2228.0
10090,99.0,101.0,2230.0
10091,99.0,101.0,2483.0
10092,99.0,101.0,2484.0
10093,99.0,101.0,2486.0
10094,99.0,101.0,2739.0
10095,99.0,101.0,2740.0
10096,99.0,101.0,2742.0
10097,99.0,101.0,2995.0
10098,99.0,101.0,2996.0
10099,99.0,101.0,2998.0
10100,99.0,101.0,3251.0
10101,99.0,101.0,3252.0
10102,99.0,101.0,3254.0
10103,99.0,101.0,3507.0
10104,99.0,101.0,3508.0
10105,99.0,101.0,3510.0
10106,99.0,101.0,3763.0
10107,99.0,101.0,3764.0
10108,99.0,101.0,3766.0
10109,99.0,102.0,2212.0
10110,99.0,103.0,2212.0
10111,99.0,103.0,2213.0
10112,99.0,105.0,2224.0
10113,100.0,29.0,2217.0
10114,100.0,29.0,2218.0
10115,100.0,29.0,2473.0
10116,100.0,29.0,2474.0
10117,100.0,29.0,2729.0
10118,100.0,29.0,2730.0
10119,100.0,29.0,2985.0
10120,100.0,29.0,2986.0
10121,100.0,29.0,3241.0
10122,100.0,29.0,3242.0
10123,100.0,29.0,3497.0
10124,100.0,29.0,3498.0
10125,100.0,29.0,3753.0
10126,100.0,29.0,3754.0
10127,100.0,30.0,2217.0
10128,100.0,30.0,2218.0
10129,100.0,30.0,2473.0
10130,100.0,30.0,2474.0
10131,100.0,30.0,2729.0
10132,100.0,30.0,2730.0
10133,100.0,30.0,2985.0
10134,100.0,30.0,2986.0
10135,100.0,30.0,3241.0
10136,100.0,30.0,3242.0
10137,100.0,30.0,3497.0
10138,100.0,30.0,3498.0
10139,100.0,30.0,3753.0
10140,100.0,30.0,3754.0
10141,100.0,31.0,2215.0
10142,100.0,31.0,2216.0
10143,100.0,31.0,2217.0
10144,100.0,31.0,2471.0
10145,100.0,31.0,2472.0
10146,100.0,31.0,2473.0
10147,100.0,31.0,2727.0
10148,100.0,31.0,2728.0
10149,100.0,31.0,2729.0
10150,100.0,31.0,2983.0
10151,100.0,31.0,2984.0
10152,100.0,31.0,2985.0
10153,100.0,31.0,3239.0
10154,100.0,31.0,3240.0
10155,100.0,31.0,3241.0
10156,100.0,31.0,3495.0
10157,100.0,31.0,3496.0
10158,100.0,31.0,3497.0
10159,100.0,31.0,3751.0
10160,100.0,31.0,3752.0
10161,100.0,31.0,3753.0
10162,100.0,32.0,2214.0
10163,100.0,32.0,2215.0
10164,100.0,32.0,2470.0
10165,100.0,32.0,2471.0
10166,100.0,32.0,2726.0
10167,100.0,32.0,2727.0
10168,100.0,32.0,2982.0
10169,100.0,32.0,2983.0
10170,100.0,32.0,3238.0
10171,100.0,32.0,3239.0
10172,100.0,32.0,3494.0
10173,100.0,32.0,3495.0
10174,100.0,32.0,3750.0
10175,100.0,32.0,3751.0
10176,100.0,33.0,2214.0
10177,100.0,33.0,2470.0
10178,100.0,33.0,2726.0
10179,100.0,33.0,2982.0
10180,100.0,33.0,3238.0
10181,100.0,33.0,3494.0
10182,100.0,33.0,3750.0
10183,100.0,34.0,2210.0
10184,100.0,34.0,2211.0
10185,100.0,34.0,2213.0
10186,100.0,34.0,2469.0
10187,100.0,34.0,2725.0
10188,100.0,34.0,2981.0
10189,100.0,34.0,3237.0
10190,100.0,34.0,3493.0
10191,100.0,34.0,3749.0
10192,100.0,36.0,2208.0
10193,100.0,36.0,2209.0
10194,100.0,36.0,2210.0
10195,100.0,36.0,2464.0
10196,100.0,36.0,2465.0
10197,100.0,36.0,2466.0
10198,100.0,36.0,2720.0
10199,100.0,36.0,2721.0
10200,100.0,36.0,2722.0
10201,100.0,36.0,2976.0
10202,100.0,36.0,2977.0
10203,100.0,36.0,2978.0
10204,100.0,36.0,3232.0
10205,100.0,36.0,3233.0
10206,100.0,36.0,3234.0
10207,100.0,36.0,3488.0
10208,100.0,36.0,3489.0
10209,100.0,36.0,3490.0
10210,100.0,36.0,3744.0
10211,100.0,36.0,3745.0
10212,100.0,36.0,3746.0
10213,100.0,38.0,2207.0
10214,100.0,38.0,2208.0
10215,100.0,38.0,2463.0
10216,100.0,38.0,2464.0
10217,100.0,38.0,2719.0
10218,100.0,38.0,2720.0
10219,100.0,38.0,2975.0
10220,100.0,38.0,2976.0
10221,100.0,38.0,3231.0
10222,100.0,38.0,3232.0
10223,100.0,38.0,3487.0
10224,100.0,38.0,3488.0
10225,100.0,38.0,3743.0
10226,100.0,38.0,3744.0
10227,100.0,39.0,2205.0
10228,100.0,39.0,2206.0
10229,100.0,39.0,2207.0
10230,100.0,39.0,2461.0
10231,100.0,39.0,2462.0
10232,100.0,39.0,2463.0
10233,100.0,39.0,2717.0
10234,100.0,39.0,2718.0
10235,100.0,39.0,2719.0
10236,100.0,39.0,2973.0
10237,100.0,39.0,2974.0
10238,100.0,39.0,2975.0
10239,100.0,39.0,3229.0
10240,100.0,39.0,3230.0
10241,100.0,39.0,3231.0
10242,100.0,39.0,3485.0
10243,100.0,39.0,3486.0
10244,100.0,39.0,3487.0
10245,100.0,39.0,3741.0
10246,100.0,39.0,3742.0
10247,100.0,39.0,3743.0
10248,100.0,42.0,2225.0
10249,100.0,42.0,2481.0
10250,100.0,42.0,2737.0
10251,100.0,42.0,2993.0
10252,100.0,42.0,3249.0
10253,100.0,42.0,3505.0
10254,100.0,42.0,3761.0
10255,100.0,43.0,2208.0
10256,100.0,43.0,2209.0
10257,100.0,43.0,2210.0
10258,100.0,43.0,2211.0
10259,100.0,43.0,2224.0
10260,100.0,43.0,2464.0
10261,100.0,43.0,2465.0
10262,100.0,43.0,2466.0
10263,100.0,43.0,2467.0
10264,100.0,43.0,2480.0
10265,100.0,43.0,2720.0
10266,100.0,43.0,2721.0
10267,100.0,43.0,2722.0
10268,100.0,43.0,2723.0
10269,100.0,43.0,2736.0
10270,100.0,43.0,2976.0
10271,100.0,43.0,2977.0
10272,100.0,43.0,2978.0
10273,100.0,43.0,2979.0
10274,100.0,43.0,2992.0
10275,100.0,43.0,3232.0
10276,100.0,43.0,3233.0
10277,100.0,43.0,3234.0
10278,100.0,43.0,3235.0
10279,100.0,43.0,3248.0
10280,100.0,43.0,3488.0
10281,100.0,43.0,3489.0
10282,100.0,43.0,3490.0
10283,100.0,43.0,3491.0
10284,100.0,43.0,3504.0
10285,100.0,43.0,3744.0
10286,100.0,43.0,3745.0
10287,100.0,43.0,3746.0
10288,100.0,43.0,3747.0
10289,100.0,43.0,3760.0
10290,100.0,47.0,2223.0
10291,100.0,47.0,2225.0
10292,100.0,47.0,2479.0
10293,100.0,47.0,2481.0
10294,100.0,47.0,2735.0
10295,100.0,47.0,2737.0
10296,100.0,47.0,2991.0
10297,100.0,47.0,2993.0
10298,100.0,47.0,3247.0
10299,100.0,47.0,3249.0
10300,100.0,47.0,3503.0
10301,100.0,47.0,3505.0
10302,100.0,47.0,3759.0
10303,100.0,47.0,3761.0
10304,100.0,48.0,2222.0
10305,100.0,48.0,2223.0
10306,100.0,48.0,2478.0
10307,100.0,48.0,2479.0
10308,100.0,48.0,2734.0
10309,100.0,48.0,2735.0
10310,100.0,48.0,2990.0
10311,100.0,48.0,2991.0
10312,100.0,48.0,3246.0
10313,100.0,48.0,3247.0
10314,100.0,48.0,3502.0
10315,100.0,48.0,3503.0
10316,100.0,48.0,3758.0
10317,100.0,48.0,3759.0
10318,100.0,49.0,2217.0
10319,100.0,49.0,2218.0
10320,100.0,49.0,2219.0
10321,100.0,49.0,2473.0
10322,100.0,49.0,2474.0
10323,100.0,49.0,2475.0
10324,100.0,49.0,2729.0
10325,100.0,49.0,2730.0
10326,100.0,49.0,2731.0
10327,100.0,49.0,2985.0
10328,100.0,49.0,2986.0
10329,100.0,49.0,2987.0
10330,100.0,49.0,3241.0
10331,100.0,49.0,3242.0
10332,100.0,49.0,3243.0
10333,100.0,49.0,3497.0
10334,100.0,49.0,3498.0
10335,100.0,49.0,3499.0
10336,100.0,49.0,3753.0
10337,100.0,49.0,3754.0
10338,100.0,49.0,3755.0
10339,100.0,50.0,2218.0
10340,100.0,50.0,2474.0
10341,100.0,50.0,2730.0
10342,100.0,50.0,2986.0
10343,100.0,50.0,3242.0
10344,100.0,50.0,3498.0
10345,100.0,50.0,3754.0
10346,100.0,52.0,2218.0
10347,100.0,52.0,2248.0
10348,100.0,52.0,2249.0
10349,100.0,52.0,2474.0
10350,100.0,52.0,2730.0
10351,100.0,52.0,2986.0
10352,100.0,52.0,3242.0
10353,100.0,52.0,3498.0
10354,100.0,52.0,3754.0
10355,100.0,53.0,2217.0
10356,100.0,53.0,2218.0
10357,100.0,53.0,2236.0
10358,100.0,53.0,2237.0
10359,100.0,53.0,2238.0
10360,100.0,53.0,2473.0
10361,100.0,53.0,2474.0
10362,100.0,53.0,2492.0
10363,100.0,53.0,2493.0
10364,100.0,53.0,2494.0
10365,100.0,53.0,2729.0
10366,100.0,53.0,2730.0
10367,100.0,53.0,2748.0
10368,100.0,53.0,2749.0
10369,100.0,53.0,2750.0
10370,100.0,53.0,2985.0
10371,100.0,53.0,2986.0
10372,100.0,53.0,3004.0
10373,100.0,53.0,3005.0
10374,100.0,53.0,3006.0
10375,100.0,53.0,3241.0
10376,100.0,53.0,3242.0
10377,100.0,53.0,3260.0
10378,100.0,53.0,3261.0
10379,100.0,53.0,3262.0
10380,100.0,53.0,3497.0
10381,100.0,53.0,3498.0
10382,100.0,53.0,3516.0
10383,100.0,53.0,3517.0
10384,100.0,53.0,3518.0
10385,100.0,53.0,3753.0
10386,100.0,53.0,3754.0
10387,100.0,53.0,3772.0
10388,100.0,53.0,3773.0
10389,100.0,53.0,3774.0
10390,100.0,54.0,2215.0
10391,100.0,54.0,2216.0
10392,100.0,54.0,2217.0
10393,100.0,54.0,2218.0
10394,100.0,54.0,2237.0
10395,100.0,54.0,2471.0
10396,100.0,54.0,2472.0
10397,100.0,54.0,2473.0
10398,100.0,54.0,2474.0
10399,100.0,54.0,2493.0
10400,100.0,54.0,2727.0
10401,100.0,54.0,2728.0
10402,100.0,54.0,2729.0
10403,100.0,54.0,2730.0
10404,100.0,54.0,2749.0
10405,100.0,54.0,2983.0
10406,100.0,54.0,2984.0
10407,100.0,54.0,2985.0
10408,100.0,54.0,2986.0
10409,100.0,54.0,3005.0
10410,100.0,54.0,3239.0
10411,100.0,54.0,3240.0
10412,100.0,54.0,3241.0
10413,100.0,54.0,3242.0
10414,100.0,54.0,3261.0
10415,100.0,54.0,3495.0
10416,100.0,54.0,3496.0
10417,100.0,54.0,3497.0
10418,100.0,54.0,3498.0
10419,100.0,54.0,3517.0
10420,100.0,54.0,3751.0
10421,100.0,54.0,3752.0
10422,100.0,54.0,3753.0
10423,100.0,54.0,3754.0
10424,100.0,54.0,3773.0
10425,100.0,55.0,2233.0
10426,100.0,55.0,2234.0
10427,100.0,55.0,2489.0
10428,100.0,55.0,2490.0
10429,100.0,55.0,2745.0
10430,100.0,55.0,2746.0
10431,100.0,55.0,3001.0
10432,100.0,55.0,3002.0
10433,100.0,55.0,3257.0
10434,100.0,55.0,3258.0
10435,100.0,55.0,3513.0
10436,100.0,55.0,3514.0
10437,100.0,55.0,3769.0
10438,100.0,55.0,3770.0
10439,100.0,56.0,2232.0
10440,100.0,56.0,2233.0
10441,100.0,56.0,2234.0
10442,100.0,56.0,2488.0
10443,100.0,56.0,2489.0
10444,100.0,56.0,2490.0
10445,100.0,56.0,2744.0
10446,100.0,56.0,2745.0
10447,100.0,56.0,2746.0
10448,100.0,56.0,3000.0
10449,100.0,56.0,3001.0
10450,100.0,56.0,3002.0
10451,100.0,56.0,3256.0
10452,100.0,56.0,3257.0
10453,100.0,56.0,3258.0
10454,100.0,56.0,3512.0
10455,100.0,56.0,3513.0
10456,100.0,56.0,3514.0
10457,100.0,56.0,3768.0
10458,100.0,56.0,3769.0
10459,100.0,56.0,3770.0
10460,100.0,57.0,2231.0
10461,100.0,57.0,2232.0
10462,100.0,57.0,2487.0
10463,100.0,57.0,2488.0
10464,100.0,57.0,2743.0
10465,100.0,57.0,2744.0
10466,100.0,57.0,2999.0
10467,100.0,57.0,3000.0
10468,100.0,57.0,3255.0
10469,100.0,57.0,3256.0
10470,100.0,57.0,3511.0
10471,100.0,57.0,3512.0
10472,100.0,57.0,3767.0
10473,100.0,57.0,3768.0
10474,100.0,58.0,2229.0
10475,100.0,58.0,2485.0
10476,100.0,58.0,2741.0
10477,100.0,58.0,2997.0
10478,100.0,58.0,3253.0
10479,100.0,58.0,3509.0
10480,100.0,58.0,3765.0
10481,100.0,59.0,2240.0
10482,100.0,59.0,2241.0
10483,100.0,62.0,2229.0
10484,100.0,62.0,2230.0
10485,100.0,62.0,2232.0
10486,100.0,62.0,2233.0
10487,100.0,62.0,2485.0
10488,100.0,62.0,2486.0
10489,100.0,62.0,2488.0
10490,100.0,62.0,2489.0
10491,100.0,62.0,2741.0
10492,100.0,62.0,2742.0
10493,100.0,62.0,2744.0
10494,100.0,62.0,2745.0
10495,100.0,62.0,2997.0
10496,100.0,62.0,2998.0
10497,100.0,62.0,3000.0
10498,100.0,62.0,3001.0
10499,100.0,62.0,3253.0
10500,100.0,62.0,3254.0
10501,100.0,62.0,3256.0
10502,100.0,62.0,3257.0
10503,100.0,62.0,3509.0
10504,100.0,62.0,3510.0
10505,100.0,62.0,3512.0
10506,100.0,62.0,3513.0
10507,100.0,62.0,3765.0
10508,100.0,62.0,3766.0
10509,100.0,62.0,3768.0
10510,100.0,62.0,3769.0
10511,100.0,63.0,2220.0
10512,100.0,63.0,2221.0
10513,100.0,63.0,2229.0
10514,100.0,63.0,2230.0
10515,100.0,63.0,2238.0
10516,100.0,63.0,2239.0
10517,100.0,63.0,2476.0
10518,100.0,63.0,2477.0
10519,100.0,63.0,2485.0
10520,100.0,63.0,2486.0
10521,100.0,63.0,2494.0
10522,100.0,63.0,2495.0
10523,100.0,63.0,2732.0
10524,100.0,63.0,2733.0
10525,100.0,63.0,2741.0
10526,100.0,63.0,2742.0
10527,100.0,63.0,2750.0
10528,100.0,63.0,2751.0
10529,100.0,63.0,2988.0
10530,100.0,63.0,2989.0
10531,100.0,63.0,2997.0
10532,100.0,63.0,2998.0
10533,100.0,63.0,3006.0
10534,100.0,63.0,3007.0
10535,100.0,63.0,3244.0
10536,100.0,63.0,3245.0
10537,100.0,63.0,3253.0
10538,100.0,63.0,3254.0
10539,100.0,63.0,3262.0
10540,100.0,63.0,3263.0
10541,100.0,63.0,3500.0
10542,100.0,63.0,3501.0
10543,100.0,63.0,3509.0
10544,100.0,63.0,3510.0
10545,100.0,63.0,3518.0
10546,100.0,63.0,3519.0
10547,100.0,63.0,3756.0
10548,100.0,63.0,3757.0
10549,100.0,63.0,3765.0
10550,100.0,63.0,3766.0
10551,100.0,63.0,3774.0
10552,100.0,63.0,3775.0
10553,100.0,64.0,2220.0
10554,100.0,64.0,2221.0
10555,100.0,64.0,2222.0
10556,100.0,64.0,2224.0
10557,100.0,64.0,2237.0
10558,100.0,64.0,2238.0
10559,100.0,64.0,2239.0
10560,100.0,64.0,2476.0
10561,100.0,64.0,2477.0
10562,100.0,64.0,2478.0
10563,100.0,64.0,2480.0
10564,100.0,64.0,2493.0
10565,100.0,64.0,2494.0
10566,100.0,64.0,2495.0
10567,100.0,64.0,2732.0
10568,100.0,64.0,2733.0
10569,100.0,64.0,2734.0
10570,100.0,64.0,2736.0
10571,100.0,64.0,2749.0
10572,100.0,64.0,2750.0
10573,100.0,64.0,2751.0
10574,100.0,64.0,2988.0
10575,100.0,64.0,2989.0
10576,100.0,64.0,2990.0
10577,100.0,64.0,2992.0
10578,100.0,64.0,3005.0
10579,100.0,64.0,3006.0
10580,100.0,64.0,3007.0
10581,100.0,64.0,3244.0
10582,100.0,64.0,3245.0
10583,100.0,64.0,3246.0
10584,100.0,64.0,3248.0
10585,100.0,64.0,3261.0
10586,100.0,64.0,3262.0
10587,100.0,64.0,3263.0
10588,100.0,64.0,3500.0
10589,100.0,64.0,3501.0
10590,100.0,64.0,3502.0
10591,100.0,64.0,3504.0
10592,100.0,64.0,3517.0
10593,100.0,64.0,3518.0
10594,100.0,64.0,3519.0
10595,100.0,64.0,3756.0
10596,100.0,64.0,3757.0
10597,100.0,64.0,3758.0
10598,100.0,64.0,3760.0
10599,100.0,64.0,3773.0
10600,100.0,64.0,3774.0
10601,100.0,64.0,3775.0
10602,100.0,65.0,2223.0
10603,100.0,65.0,2224.0
10604,100.0,65.0,2225.0
10605,100.0,65.0,2479.0
10606,100.0,65.0,2480.0
10607,100.0,65.0,2481.0
10608,100.0,65.0,2735.0
10609,100.0,65.0,2736.0
10610,100.0,65.0,2737.0
10611,100.0,65.0,2991.0
10612,100.0,65.0,2992.0
10613,100.0,65.0,2993.0
10614,100.0,65.0,3247.0
10615,100.0,65.0,3248.0
10616,100.0,65.0,3249.0
10617,100.0,65.0,3503.0
10618,100.0,65.0,3504.0
10619,100.0,65.0,3505.0
10620,100.0,65.0,3759.0
10621,100.0,65.0,3760.0
10622,100.0,65.0,3761.0
10623,100.0,66.0,2224.0
10624,100.0,66.0,2480.0
10625,100.0,66.0,2736.0
10626,100.0,66.0,2992.0
10627,100.0,66.0,3248.0
10628,100.0,66.0,3504.0
10629,100.0,66.0,3760.0
10630,100.0,67.0,2236.0
10631,100.0,67.0,2237.0
10632,100.0,67.0,2238.0
10633,100.0,67.0,2492.0
10634,100.0,67.0,2493.0
10635,100.0,67.0,2494.0
10636,100.0,67.0,2748.0
10637,100.0,67.0,2749.0
10638,100.0,67.0,2750.0
10639,100.0,67.0,3004.0
10640,100.0,67.0,3005.0
10641,100.0,67.0,3006.0
10642,100.0,67.0,3260.0
10643,100.0,67.0,3261.0
10644,100.0,67.0,3262.0
10645,100.0,67.0,3516.0
10646,100.0,67.0,3517.0
10647,100.0,67.0,3518.0
10648,100.0,67.0,3772.0
10649,100.0,67.0,3773.0
10650,100.0,67.0,3774.0
10651,100.0,68.0,2237.0
10652,100.0,68.0,2493.0
10653,100.0,68.0,2749.0
10654,100.0,68.0,3005.0
10655,100.0,68.0,3261.0
10656,100.0,68.0,3517.0
10657,100.0,68.0,3773.0
10658,100.0,69.0,2240.0
10659,100.0,69.0,2241.0
10660,100.0,69.0,2496.0
10661,100.0,69.0,2497.0
10662,100.0,69.0,2752.0
10663,100.0,69.0,2753.0
10664,100.0,69.0,3008.0
10665,100.0,69.0,3009.0
10666,100.0,69.0,3264.0
10667,100.0,69.0,3265.0
10668,100.0,69.0,3520.0
10669,100.0,69.0,3521.0
10670,100.0,69.0,3776.0
10671,100.0,69.0,3777.0
10672,100.0,70.0,2240.0
10673,100.0,70.0,2241.0
10674,100.0,70.0,2496.0
10675,100.0,70.0,2497.0
10676,100.0,70.0,2752.0
10677,100.0,70.0,2753.0
10678,100.0,70.0,3008.0
10679,100.0,70.0,3009.0
10680,100.0,70.0,3264.0
10681,100.0,70.0,3265.0
10682,100.0,70.0,3520.0
10683,100.0,70.0,3521.0
10684,100.0,70.0,3776.0
10685,100.0,70.0,3777.0
10686,100.0,73.0,2245.0
10687,100.0,73.0,2246.0
10688,100.0,73.0,2501.0
10689,100.0,73.0,2502.0
10690,100.0,73.0,2757.0
10691,100.0,73.0,2758.0
10692,100.0,73.0,3013.0
10693,100.0,73.0,3014.0
10694,100.0,73.0,3269.0
10695,100.0,73.0,3270.0
10696,100.0,73.0,3525.0
10697,100.0,73.0,3526.0
10698,100.0,73.0,3781.0
10699,100.0,73.0,3782.0
10700,100.0,76.0,2241.0
10701,100.0,76.0,2242.0
10702,100.0,76.0,2497.0
10703,100.0,76.0,2498.0
10704,100.0,76.0,2753.0
10705,100.0,76.0,2754.0
10706,100.0,76.0,3009.0
10707,100.0,76.0,3010.0
10708,100.0,76.0,3265.0
10709,100.0,76.0,3266.0
10710,100.0,76.0,3521.0
10711,100.0,76.0,3522.0
10712,100.0,76.0,3777.0
10713,100.0,76.0,3778.0
10714,100.0,77.0,2238.0
10715,100.0,77.0,2494.0
10716,100.0,77.0,2750.0
10717,100.0,77.0,3006.0
10718,100.0,77.0,3262.0
10719,100.0,77.0,3518.0
10720,100.0,77.0,3774.0
10721,100.0,78.0,2235.0
10722,100.0,78.0,2236.0
10723,100.0,78.0,2237.0
10724,100.0,78.0,2238.0
10725,100.0,78.0,2239.0
10726,100.0,78.0,2491.0
10727,100.0,78.0,2492.0
10728,100.0,78.0,2493.0
10729,100.0,78.0,2494.0
10730,100.0,78.0,2495.0
10731,100.0,78.0,2747.0
10732,100.0,78.0,2748.0
10733,100.0,78.0,2749.0
10734,100.0,78.0,2750.0
10735,100.0,78.0,2751.0
10736,100.0,78.0,3003.0
10737,100.0,78.0,3004.0
10738,100.0,78.0,3005.0
10739,100.0,78.0,3006.0
10740,100.0,78.0,3007.0
10741,100.0,78.0,3259.0
10742,100.0,78.0,3260.0
10743,100.0,78.0,3261.0
10744,100.0,78.0,3262.0
10745,100.0,78.0,3263.0
10746,100.0,78.0,3515.0
10747,100.0,78.0,3516.0
10748,100.0,78.0,3517.0
10749,100.0,78.0,3518.0
10750,100.0,78.0,3519.0
10751,100.0,78.0,3771.0
10752,100.0,78.0,3772.0
10753,100.0,78.0,3773.0
10754,100.0,78.0,3774.0
10755,100.0,78.0,3775.0
10756,100.0,80.0,2225.0
10757,100.0,80.0,2737.0
10758,100.0,80.0,2993.0
10759,100.0,80.0,3249.0
10760,100.0,80.0,3761.0
10761,100.0,81.0,2224.0
10762,100.0,81.0,2225.0
10763,100.0,81.0,2226.0
10764,100.0,81.0,2236.0
10765,100.0,81.0,2237.0
10766,100.0,81.0,2238.0
10767,100.0,81.0,2492.0
10768,100.0,81.0,2493.0
10769,100.0,81.0,2494.0
10770,100.0,81.0,2736.0
10771,100.0,81.0,2737.0
10772,100.0,81.0,2738.0
10773,100.0,81.0,2748.0
10774,100.0,81.0,2749.0
10775,100.0,81.0,2750.0
10776,100.0,81.0,2992.0
10777,100.0,81.0,2993.0
10778,100.0,81.0,2994.0
10779,100.0,81.0,3004.0
10780,100.0,81.0,3005.0
10781,100.0,81.0,3006.0
10782,100.0,81.0,3248.0
10783,100.0,81.0,3249.0
10784,100.0,81.0,3250.0
10785,100.0,81.0,3260.0
10786,100.0,81.0,3261.0
10787,100.0,81.0,3262.0
10788,100.0,81.0,3516.0
10789,100.0,81.0,3517.0
10790,100.0,81.0,3518.0
10791,100.0,81.0,3760.0
10792,100.0,81.0,3761.0
10793,100.0,81.0,3762.0
10794,100.0,81.0,3772.0
10795,100.0,81.0,3773.0
10796,100.0,81.0,3774.0
10797,100.0,82.0,2237.0
10798,100.0,82.0,2238.0
10799,100.0,82.0,2493.0
10800,100.0,82.0,2494.0
10801,100.0,82.0,2749.0
10802,100.0,82.0,2750.0
10803,100.0,82.0,3005.0
10804,100.0,82.0,3006.0
10805,100.0,82.0,3261.0
10806,100.0,82.0,3262.0
10807,100.0,82.0,3517.0
10808,100.0,82.0,3518.0
10809,100.0,82.0,3773.0
10810,100.0,82.0,3774.0
10811,100.0,83.0,2235.0
10812,100.0,83.0,2236.0
10813,100.0,83.0,2237.0
10814,100.0,83.0,2238.0
10815,100.0,83.0,2239.0
10816,100.0,83.0,2491.0
10817,100.0,83.0,2492.0
10818,100.0,83.0,2493.0
10819,100.0,83.0,2494.0
10820,100.0,83.0,2495.0
10821,100.0,83.0,2747.0
10822,100.0,83.0,2748.0
10823,100.0,83.0,2749.0
10824,100.0,83.0,2750.0
10825,100.0,83.0,2751.0
10826,100.0,83.0,3003.0
10827,100.0,83.0,3004.0
10828,100.0,83.0,3005.0
10829,100.0,83.0,3006.0
10830,100.0,83.0,3007.0
10831,100.0,83.0,3259.0
10832,100.0,83.0,3260.0
10833,100.0,83.0,3261.0
10834,100.0,83.0,3262.0
10835,100.0,83.0,3263.0
10836,100.0,83.0,3515.0
10837,100.0,83.0,3516.0
10838,100.0,83.0,3517.0
10839,100.0,83.0,3518.0
10840,100.0,83.0,3519.0
10841,100.0,83.0,3771.0
10842,100.0,83.0,3772.0
10843,100.0,83.0,3773.0
10844,100.0,83.0,3774.0
10845,100.0,83.0,3775.0
10846,100.0,84.0,2236.0
10847,100.0,84.0,2492.0
10848,100.0,84.0,2748.0
10849,100.0,84.0,3004.0
10850,100.0,84.0,3260.0
10851,100.0,84.0,3516.0
10852,100.0,84.0,3772.0
10853,100.0,86.0,2245.0
10854,100.0,86.0,2501.0
10855,100.0,86.0,2757.0
10856,100.0,86.0,3013.0
10857,100.0,86.0,3269.0
10858,100.0,86.0,3525.0
10859,100.0,86.0,3781.0
10860,100.0,87.0,2233.0
10861,100.0,87.0,2234.0
10862,100.0,87.0,2238.0
10863,100.0,87.0,2239.0
10864,100.0,87.0,2243.0
10865,100.0,87.0,2244.0
10866,100.0,87.0,2245.0
10867,100.0,87.0,2246.0
10868,100.0,87.0,2489.0
10869,100.0,87.0,2490.0
10870,100.0,87.0,2494.0
10871,100.0,87.0,2495.0
10872,100.0,87.0,2499.0
10873,100.0,87.0,2500.0
10874,100.0,87.0,2501.0
10875,100.0,87.0,2502.0
10876,100.0,87.0,2745.0
10877,100.0,87.0,2746.0
10878,100.0,87.0,2750.0
10879,100.0,87.0,2751.0
10880,100.0,87.0,2755.0
10881,100.0,87.0,2756.0
10882,100.0,87.0,2757.0
10883,100.0,87.0,2758.0
10884,100.0,87.0,3001.0
10885,100.0,87.0,3002.0
10886,100.0,87.0,3006.0
10887,100.0,87.0,3007.0
10888,100.0,87.0,3011.0
10889,100.0,87.0,3012.0
10890,100.0,87.0,3013.0
10891,100.0,87.0,3014.0
10892,100.0,87.0,3257.0
10893,100.0,87.0,3258.0
10894,100.0,87.0,3262.0
10895,100.0,87.0,3263.0
10896,100.0,87.0,3267.0
10897,100.0,87.0,3268.0
10898,100.0,87.0,3269.0
10899,100.0,87.0,3270.0
10900,100.0,87.0,3513.0
10901,100.0,87.0,3514.0
10902,100.0,87.0,3518.0
10903,100.0,87.0,3519.0
10904,100.0,87.0,3523.0
10905,100.0,87.0,3524.0
10906,100.0,87.0,3525.0
10907,100.0,87.0,3526.0
10908,100.0,87.0,3769.0
10909,100.0,87.0,3770.0
10910,100.0,87.0,3774.0
10911,100.0,87.0,3775.0
10912,100.0,87.0,3779.0
10913,100.0,87.0,3780.0
10914,100.0,87.0,3781.0
10915,100.0,87.0,3782.0
10916,100.0,88.0,2237.0
10917,100.0,88.0,2238.0
10918,100.0,88.0,2239.0
10919,100.0,88.0,2240.0
10920,100.0,88.0,2241.0
10921,100.0,88.0,2493.0
10922,100.0,88.0,2494.0
10923,100.0,88.0,2495.0
10924,100.0,88.0,2496.0
10925,100.0,88.0,2497.0
10926,100.0,88.0,2749.0
10927,100.0,88.0,2750.0
10928,100.0,88.0,2751.0
10929,100.0,88.0,2752.0
10930,100.0,88.0,2753.0
10931,100.0,88.0,3005.0
10932,100.0,88.0,3006.0
10933,100.0,88.0,3007.0
10934,100.0,88.0,3008.0
10935,100.0,88.0,3009.0
10936,100.0,88.0,3261.0
10937,100.0,88.0,3262.0
10938,100.0,88.0,3263.0
10939,100.0,88.0,3264.0
10940,100.0,88.0,3265.0
10941,100.0,88.0,3517.0
10942,100.0,88.0,3518.0
10943,100.0,88.0,3519.0
10944,100.0,88.0,3520.0
10945,100.0,88.0,3521.0
10946,100.0,88.0,3773.0
10947,100.0,88.0,3774.0
10948,100.0,88.0,3775.0
10949,100.0,88.0,3776.0
10950,100.0,88.0,3777.0
10951,100.0,89.0,2236.0
10952,100.0,89.0,2238.0
10953,100.0,89.0,2492.0
10954,100.0,89.0,2494.0
10955,100.0,89.0,2748.0
10956,100.0,89.0,2750.0
10957,100.0,89.0,3004.0
10958,100.0,89.0,3006.0
10959,100.0,89.0,3260.0
10960,100.0,89.0,3262.0
10961,100.0,89.0,3516.0
10962,100.0,89.0,3518.0
10963,100.0,89.0,3772.0
10964,100.0,89.0,3774.0
10965,100.0,91.0,2237.0
10966,100.0,91.0,2493.0
10967,100.0,91.0,2749.0
10968,100.0,91.0,3005.0
10969,100.0,91.0,3261.0
10970,100.0,91.0,3517.0
10971,100.0,91.0,3773.0
10972,100.0,93.0,2237.0
10973,100.0,93.0,2238.0
10974,100.0,93.0,2239.0
10975,100.0,93.0,2493.0
10976,100.0,93.0,2494.0
10977,100.0,93.0,2495.0
10978,100.0,93.0,2749.0
10979,100.0,93.0,2750.0
10980,100.0,93.0,2751.0
10981,100.0,93.0,3005.0
10982,100.0,93.0,3006.0
10983,100.0,93.0,3007.0
10984,100.0,93.0,3261.0
10985,100.0,93.0,3262.0
10986,100.0,93.0,3263.0
10987,100.0,93.0,3517.0
10988,100.0,93.0,3518.0
10989,100.0,93.0,3519.0
10990,100.0,93.0,3773.0
10991,100.0,93.0,3774.0
10992,100.0,93.0,3775.0
10993,100.0,94.0,2236.0
10994,100.0,94.0,2242.0
10995,100.0,94.0,2492.0
10996,100.0,94.0,2498.0
10997,100.0,94.0,2748.0
10998,100.0,94.0,2754.0
10999,100.0,94.0,3004.0
11000,100.0,94.0,3010.0
11001,100.0,94.0,3260.0
11002,100.0,94.0,3266.0
11003,100.0,94.0,3516.0
11004,100.0,94.0,3522.0
11005,100.0,94.0,3772.0
11006,100.0,94.0,3778.0
11007,100.0,95.0,2243.0
11008,100.0,95.0,2244.0
11009,100.0,95.0,2245.0
11010,100.0,95.0,2499.0
11011,100.0,95.0,2500.0
11012,100.0,95.0,2501.0
11013,100.0,95.0,2755.0
11014,100.0,95.0,2756.0
11015,100.0,95.0,2757.0
11016,100.0,95.0,3011.0
11017,100.0,95.0,3012.0
11018,100.0,95.0,3013.0
11019,100.0,95.0,3267.0
11020,100.0,95.0,3268.0
11021,100.0,95.0,3269.0
11022,100.0,95.0,3523.0
11023,100.0,95.0,3524.0
11024,100.0,95.0,3525.0
11025,100.0,95.0,3779.0
11026,100.0,95.0,3780.0
11027,100.0,95.0,3781.0
11028,100.0,96.0,2242.0
11029,100.0,96.0,2498.0
11030,100.0,96.0,2754.0
11031,100.0,96.0,3010.0
11032,100.0,96.0,3266.0
11033,100.0,96.0,3522.0
11034,100.0,96.0,3778.0
11035,100.0,99.0,2230.0
11036,100.0,99.0,2238.0
11037,100.0,99.0,2239.0
11038,100.0,99.0,2240.0
11039,100.0,99.0,2486.0
11040,100.0,99.0,2494.0
11041,100.0,99.0,2495.0
11042,100.0,99.0,2496.0
11043,100.0,99.0,2742.0
11044,100.0,99.0,2750.0
11045,100.0,99.0,2751.0
11046,100.0,99.0,2752.0
11047,100.0,99.0,2998.0
11048,100.0,99.0,3006.0
11049,100.0,99.0,3007.0
11050,100.0,99.0,3008.0
11051,100.0,99.0,3254.0
11052,100.0,99.0,3262.0
11053,100.0,99.0,3263.0
11054,100.0,99.0,3264.0
11055,100.0,99.0,3510.0
11056,100.0,99.0,3518.0
11057,100.0,99.0,3519.0
11058,100.0,99.0,3520.0
11059,100.0,99.0,3766.0
11060,100.0,99.0,3774.0
11061,100.0,99.0,3775.0
11062,100.0,99.0,3776.0
11063,100.0,100.0,2229.0
11064,100.0,100.0,2230.0
11065,100.0,100.0,2239.0
11066,100.0,100.0,2240.0
11067,100.0,100.0,2485.0
11068,100.0,100.0,2486.0
11069,100.0,100.0,2495.0
11070,100.0,100.0,2496.0
11071,100.0,100.0,2741.0
11072,100.0,100.0,2742.0
11073,100.0,100.0,2751.0
11074,100.0,100.0,2752.0
11075,100.0,100.0,2997.0
11076,100.0,100.0,2998.0
11077,100.0,100.0,3007.0
11078,100.0,100.0,3008.0
11079,100.0,100.0,3253.0
11080,100.0,100.0,3254.0
11081,100.0,100.0,3263.0
11082,100.0,100.0,3264.0
11083,100.0,100.0,3509.0
11084,100.0,100.0,3510.0
11085,100.0,100.0,3519.0
11086,100.0,100.0,3520.0
11087,100.0,100.0,3765.0
11088,100.0,100.0,3766.0
11089,100.0,100.0,3775.0
11090,100.0,100.0,3776.0
11091,100.0,104.0,2218.0
11092,100.0,104.0,2219.0
11093,100.0,104.0,2220.0
11094,100.0,104.0,2221.0
11095,100.0,104.0,2474.0
11096,100.0,104.0,2475.0
11097,100.0,104.0,2476.0
11098,100.0,104.0,2477.0
11099,100.0,104.0,2730.0
11100,100.0,104.0,2731.0
11101,100.0,104.0,2732.0
11102,100.0,104.0,2733.0
11103,100.0,104.0,2986.0
11104,100.0,104.0,2987.0
11105,100.0,104.0,2988.0
11106,100.0,104.0,2989.0
11107,100.0,104.0,3242.0
11108,100.0,104.0,3243.0
11109,100.0,104.0,3244.0
11110,100.0,104.0,3245.0
11111,100.0,104.0,3498.0
11112,100.0,104.0,3499.0
11113,100.0,104.0,3500.0
11114,100.0,104.0,3501.0
11115,100.0,104.0,3754.0
11116,100.0,104.0,3755.0
11117,100.0,104.0,3756.0
11118,100.0,104.0,3757.0
11119,100.0,105.0,2222.0
11120,100.0,105.0,2223.0
11121,100.0,105.0,2224.0
11122,100.0,106.0,2223.0
11123,101.0,33.0,2214.0
11124,101.0,33.0,2470.0
11125,101.0,33.0,2726.0
11126,101.0,33.0,2982.0
11127,101.0,33.0,3238.0
11128,101.0,33.0,3494.0
11129,101.0,33.0,3750.0
11130,101.0,34.0,2211.0
11131,101.0,36.0,2208.0
11132,101.0,36.0,2464.0
11133,101.0,36.0,2720.0
11134,101.0,36.0,2976.0
11135,101.0,36.0,3232.0
11136,101.0,36.0,3488.0
11137,101.0,36.0,3744.0
11138,101.0,37.0,2213.0
11139,101.0,37.0,2469.0
11140,101.0,37.0,2725.0
11141,101.0,37.0,2981.0
11142,101.0,37.0,3237.0
11143,101.0,37.0,3493.0
11144,101.0,37.0,3749.0
11145,101.0,38.0,2207.0
11146,101.0,38.0,2212.0
11147,101.0,38.0,2463.0
11148,101.0,38.0,2468.0
11149,101.0,38.0,2719.0
11150,101.0,38.0,2724.0
11151,101.0,38.0,2975.0
11152,101.0,38.0,2980.0
11153,101.0,38.0,3231.0
11154,101.0,38.0,3236.0
11155,101.0,38.0,3487.0
11156,101.0,38.0,3492.0
11157,101.0,38.0,3743.0
11158,101.0,38.0,3748.0
11159,101.0,39.0,2243.0
11160,101.0,40.0,2210.0
11161,101.0,40.0,2211.0
11162,101.0,40.0,2226.0
11163,101.0,40.0,2466.0
11164,101.0,40.0,2467.0
11165,101.0,40.0,2482.0
11166,101.0,40.0,2722.0
11167,101.0,40.0,2723.0
11168,101.0,40.0,2738.0
11169,101.0,40.0,2978.0
11170,101.0,40.0,2979.0
11171,101.0,40.0,2994.0
11172,101.0,40.0,3234.0
11173,101.0,40.0,3235.0
11174,101.0,40.0,3250.0
11175,101.0,40.0,3490.0
11176,101.0,40.0,3491.0
11177,101.0,40.0,3506.0
11178,101.0,40.0,3746.0
11179,101.0,40.0,3747.0
11180,101.0,40.0,3762.0
11181,101.0,41.0,2225.0
11182,101.0,41.0,2226.0
11183,101.0,41.0,2227.0
11184,101.0,41.0,2481.0
11185,101.0,41.0,2482.0
11186,101.0,41.0,2483.0
11187,101.0,41.0,2737.0
11188,101.0,41.0,2738.0
11189,101.0,41.0,2739.0
11190,101.0,41.0,2993.0
11191,101.0,41.0,2994.0
11192,101.0,41.0,2995.0
11193,101.0,41.0,3249.0
11194,101.0,41.0,3250.0
11195,101.0,41.0,3251.0
11196,101.0,41.0,3505.0
11197,101.0,41.0,3506.0
11198,101.0,41.0,3507.0
11199,101.0,41.0,3761.0
11200,101.0,41.0,3762.0
11201,101.0,41.0,3763.0
11202,101.0,42.0,2223.0
11203,101.0,42.0,2224.0
11204,101.0,42.0,2225.0
11205,101.0,42.0,2479.0
11206,101.0,42.0,2480.0
11207,101.0,42.0,2481.0
11208,101.0,42.0,2735.0
11209,101.0,42.0,2736.0
11210,101.0,42.0,2737.0
11211,101.0,42.0,2991.0
11212,101.0,42.0,2992.0
11213,101.0,42.0,2993.0
11214,101.0,42.0,3247.0
11215,101.0,42.0,3248.0
11216,101.0,42.0,3249.0
11217,101.0,42.0,3503.0
11218,101.0,42.0,3504.0
11219,101.0,42.0,3505.0
11220,101.0,42.0,3759.0
11221,101.0,42.0,3760.0
11222,101.0,42.0,3761.0
11223,101.0,43.0,2222.0
11224,101.0,43.0,2223.0
11225,101.0,43.0,2224.0
11226,101.0,43.0,2225.0
11227,101.0,43.0,2478.0
11228,101.0,43.0,2479.0
11229,101.0,43.0,2480.0
11230,101.0,43.0,2481.0
11231,101.0,43.0,2734.0
11232,101.0,43.0,2735.0
11233,101.0,43.0,2736.0
11234,101.0,43.0,2737.0
11235,101.0,43.0,2990.0
11236,101.0,43.0,2991.0
11237,101.0,43.0,2992.0
11238,101.0,43.0,2993.0
11239,101.0,43.0,3246.0
11240,101.0,43.0,3247.0
11241,101.0,43.0,3248.0
11242,101.0,43.0,3249.0
11243,101.0,43.0,3502.0
11244,101.0,43.0,3503.0
11245,101.0,43.0,3504.0
11246,101.0,43.0,3505.0
11247,101.0,43.0,3758.0
11248,101.0,43.0,3759.0
11249,101.0,43.0,3760.0
11250,101.0,43.0,3761.0
11251,101.0,44.0,2222.0
11252,101.0,44.0,2223.0
11253,101.0,44.0,2478.0
11254,101.0,44.0,2479.0
11255,101.0,44.0,2734.0
11256,101.0,44.0,2735.0
11257,101.0,44.0,2990.0
11258,101.0,44.0,2991.0
11259,101.0,44.0,3246.0
11260,101.0,44.0,3247.0
11261,101.0,44.0,3502.0
11262,101.0,44.0,3503.0
11263,101.0,44.0,3758.0
11264,101.0,44.0,3759.0
11265,101.0,45.0,2220.0
11266,101.0,45.0,2221.0
11267,101.0,45.0,2222.0
11268,101.0,45.0,2476.0
11269,101.0,45.0,2477.0
11270,101.0,45.0,2478.0
11271,101.0,45.0,2732.0
11272,101.0,45.0,2733.0
11273,101.0,45.0,2734.0
11274,101.0,45.0,2988.0
11275,101.0,45.0,2989.0
11276,101.0,45.0,2990.0
11277,101.0,45.0,3244.0
11278,101.0,45.0,3245.0
11279,101.0,45.0,3246.0
11280,101.0,45.0,3500.0
11281,101.0,45.0,3501.0
11282,101.0,45.0,3502.0
11283,101.0,45.0,3756.0
11284,101.0,45.0,3757.0
11285,101.0,45.0,3758.0
11286,101.0,47.0,2222.0
11287,101.0,47.0,2223.0
11288,101.0,47.0,2478.0
11289,101.0,47.0,2479.0
11290,101.0,47.0,2734.0
11291,101.0,47.0,2735.0
11292,101.0,47.0,2990.0
11293,101.0,47.0,2991.0
11294,101.0,47.0,3246.0
11295,101.0,47.0,3247.0
11296,101.0,47.0,3502.0
11297,101.0,47.0,3503.0
11298,101.0,47.0,3758.0
11299,101.0,47.0,3759.0
11300,101.0,49.0,2217.0
11301,101.0,49.0,2218.0
11302,101.0,49.0,2219.0
11303,101.0,49.0,2473.0
11304,101.0,49.0,2474.0
11305,101.0,49.0,2475.0
11306,101.0,49.0,2729.0
11307,101.0,49.0,2730.0
11308,101.0,49.0,2731.0
11309,101.0,49.0,2985.0
11310,101.0,49.0,2986.0
11311,101.0,49.0,2987.0
11312,101.0,49.0,3241.0
11313,101.0,49.0,3242.0
11314,101.0,49.0,3243.0
11315,101.0,49.0,3497.0
11316,101.0,49.0,3498.0
11317,101.0,49.0,3499.0
11318,101.0,49.0,3753.0
11319,101.0,49.0,3754.0
11320,101.0,49.0,3755.0
11321,101.0,50.0,2218.0
11322,101.0,50.0,2474.0
11323,101.0,50.0,2730.0
11324,101.0,50.0,2986.0
11325,101.0,50.0,3242.0
11326,101.0,50.0,3498.0
11327,101.0,50.0,3754.0
11328,101.0,51.0,2218.0
11329,101.0,51.0,2219.0
11330,101.0,51.0,2220.0
11331,101.0,51.0,2474.0
11332,101.0,51.0,2475.0
11333,101.0,51.0,2476.0
11334,101.0,51.0,2730.0
11335,101.0,51.0,2731.0
11336,101.0,51.0,2732.0
11337,101.0,51.0,2986.0
11338,101.0,51.0,2987.0
11339,101.0,51.0,2988.0
11340,101.0,51.0,3242.0
11341,101.0,51.0,3243.0
11342,101.0,51.0,3244.0
11343,101.0,51.0,3498.0
11344,101.0,51.0,3499.0
11345,101.0,51.0,3500.0
11346,101.0,51.0,3754.0
11347,101.0,51.0,3755.0
11348,101.0,51.0,3756.0
11349,101.0,52.0,2218.0
11350,101.0,52.0,2219.0
11351,101.0,52.0,2474.0
11352,101.0,52.0,2475.0
11353,101.0,52.0,2730.0
11354,101.0,52.0,2731.0
11355,101.0,52.0,2986.0
11356,101.0,52.0,2987.0
11357,101.0,52.0,3242.0
11358,101.0,52.0,3243.0
11359,101.0,52.0,3498.0
11360,101.0,52.0,3499.0
11361,101.0,52.0,3754.0
11362,101.0,52.0,3755.0
11363,101.0,53.0,2217.0
11364,101.0,53.0,2218.0
11365,101.0,53.0,2245.0
11366,101.0,53.0,2473.0
11367,101.0,53.0,2474.0
11368,101.0,53.0,2729.0
11369,101.0,53.0,2730.0
11370,101.0,53.0,2985.0
11371,101.0,53.0,2986.0
11372,101.0,53.0,3241.0
11373,101.0,53.0,3242.0
11374,101.0,53.0,3497.0
11375,101.0,53.0,3498.0
11376,101.0,53.0,3753.0
11377,101.0,53.0,3754.0
11378,101.0,54.0,2218.0
11379,101.0,54.0,2244.0
11380,101.0,54.0,2474.0
11381,101.0,54.0,2730.0
11382,101.0,54.0,2986.0
11383,101.0,54.0,3242.0
11384,101.0,54.0,3498.0
11385,101.0,54.0,3754.0
11386,101.0,55.0,2242.0
11387,101.0,55.0,2243.0
11388,101.0,55.0,2244.0
11389,101.0,55.0,2498.0
11390,101.0,55.0,2499.0
11391,101.0,55.0,2500.0
11392,101.0,55.0,2754.0
11393,101.0,55.0,2755.0
11394,101.0,55.0,2756.0
11395,101.0,55.0,3010.0
11396,101.0,55.0,3011.0
11397,101.0,55.0,3012.0
11398,101.0,55.0,3266.0
11399,101.0,55.0,3267.0
11400,101.0,55.0,3268.0
11401,101.0,55.0,3522.0
11402,101.0,55.0,3523.0
11403,101.0,55.0,3524.0
11404,101.0,55.0,3778.0
11405,101.0,55.0,3779.0
11406,101.0,55.0,3780.0
11407,101.0,56.0,2232.0
11408,101.0,56.0,2243.0
11409,101.0,56.0,2488.0
11410,101.0,56.0,2499.0
11411,101.0,56.0,2744.0
11412,101.0,56.0,2755.0
11413,101.0,56.0,3000.0
11414,101.0,56.0,3011.0
11415,101.0,56.0,3256.0
11416,101.0,56.0,3267.0
11417,101.0,56.0,3512.0
11418,101.0,56.0,3523.0
11419,101.0,56.0,3768.0
11420,101.0,56.0,3779.0
11421,101.0,57.0,2229.0
11422,101.0,57.0,2230.0
11423,101.0,57.0,2231.0
11424,101.0,57.0,2232.0
11425,101.0,57.0,2233.0
11426,101.0,57.0,2485.0
11427,101.0,57.0,2486.0
11428,101.0,57.0,2487.0
11429,101.0,57.0,2488.0
11430,101.0,57.0,2489.0
11431,101.0,57.0,2741.0
11432,101.0,57.0,2742.0
11433,101.0,57.0,2743.0
11434,101.0,57.0,2744.0
11435,101.0,57.0,2745.0
11436,101.0,57.0,2997.0
11437,101.0,57.0,2998.0
11438,101.0,57.0,2999.0
11439,101.0,57.0,3000.0
11440,101.0,57.0,3001.0
11441,101.0,57.0,3253.0
11442,101.0,57.0,3254.0
11443,101.0,57.0,3255.0
11444,101.0,57.0,3256.0
11445,101.0,57.0,3257.0
11446,101.0,57.0,3509.0
11447,101.0,57.0,3510.0
11448,101.0,57.0,3511.0
11449,101.0,57.0,3512.0
11450,101.0,57.0,3513.0
11451,101.0,57.0,3765.0
11452,101.0,57.0,3766.0
11453,101.0,57.0,3767.0
11454,101.0,57.0,3768.0
11455,101.0,57.0,3769.0
11456,101.0,58.0,2229.0
11457,101.0,58.0,2230.0
11458,101.0,58.0,2485.0
11459,101.0,58.0,2486.0
11460,101.0,58.0,2741.0
11461,101.0,58.0,2742.0
11462,101.0,58.0,2997.0
11463,101.0,58.0,2998.0
11464,101.0,58.0,3253.0
11465,101.0,58.0,3254.0
11466,101.0,58.0,3509.0
11467,101.0,58.0,3510.0
11468,101.0,58.0,3765.0
11469,101.0,58.0,3766.0
11470,101.0,62.0,2220.0
11471,101.0,62.0,2221.0
11472,101.0,62.0,2476.0
11473,101.0,62.0,2477.0
11474,101.0,62.0,2732.0
11475,101.0,62.0,2733.0
11476,101.0,62.0,2988.0
11477,101.0,62.0,2989.0
11478,101.0,62.0,3244.0
11479,101.0,62.0,3245.0
11480,101.0,62.0,3500.0
11481,101.0,62.0,3501.0
11482,101.0,62.0,3756.0
11483,101.0,62.0,3757.0
11484,101.0,63.0,2220.0
11485,101.0,63.0,2221.0
11486,101.0,63.0,2222.0
11487,101.0,63.0,2223.0
11488,101.0,63.0,2229.0
11489,101.0,63.0,2230.0
11490,101.0,63.0,2238.0
11491,101.0,63.0,2476.0
11492,101.0,63.0,2477.0
11493,101.0,63.0,2478.0
11494,101.0,63.0,2479.0
11495,101.0,63.0,2485.0
11496,101.0,63.0,2486.0
11497,101.0,63.0,2494.0
11498,101.0,63.0,2732.0
11499,101.0,63.0,2733.0
11500,101.0,63.0,2734.0
11501,101.0,63.0,2735.0
11502,101.0,63.0,2741.0
11503,101.0,63.0,2742.0
11504,101.0,63.0,2750.0
11505,101.0,63.0,2988.0
11506,101.0,63.0,2989.0
11507,101.0,63.0,2990.0
11508,101.0,63.0,2991.0
11509,101.0,63.0,2997.0
11510,101.0,63.0,2998.0
11511,101.0,63.0,3006.0
11512,101.0,63.0,3244.0
11513,101.0,63.0,3245.0
11514,101.0,63.0,3246.0
11515,101.0,63.0,3247.0
11516,101.0,63.0,3253.0
11517,101.0,63.0,3254.0
11518,101.0,63.0,3262.0
11519,101.0,63.0,3500.0
11520,101.0,63.0,3501.0
11521,101.0,63.0,3502.0
11522,101.0,63.0,3503.0
11523,101.0,63.0,3509.0
11524,101.0,63.0,3510.0
11525,101.0,63.0,3518.0
11526,101.0,63.0,3756.0
11527,101.0,63.0,3757.0
11528,101.0,63.0,3758.0
11529,101.0,63.0,3759.0
11530,101.0,63.0,3765.0
11531,101.0,63.0,3766.0
11532,101.0,63.0,3774.0
11533,101.0,64.0,2221.0
11534,101.0,64.0,2222.0
11535,101.0,64.0,2223.0
11536,101.0,64.0,2224.0
11537,101.0,64.0,2237.0
11538,101.0,64.0,2238.0
11539,101.0,64.0,2239.0
11540,101.0,64.0,2477.0
11541,101.0,64.0,2478.0
11542,101.0,64.0,2479.0
11543,101.0,64.0,2480.0
11544,101.0,64.0,2493.0
11545,101.0,64.0,2494.0
11546,101.0,64.0,2495.0
11547,101.0,64.0,2733.0
11548,101.0,64.0,2734.0
11549,101.0,64.0,2735.0
11550,101.0,64.0,2736.0
11551,101.0,64.0,2749.0
11552,101.0,64.0,2750.0
11553,101.0,64.0,2751.0
11554,101.0,64.0,2989.0
11555,101.0,64.0,2990.0
11556,101.0,64.0,2991.0
11557,101.0,64.0,2992.0
11558,101.0,64.0,3005.0
11559,101.0,64.0,3006.0
11560,101.0,64.0,3007.0
11561,101.0,64.0,3245.0
11562,101.0,64.0,3246.0
11563,101.0,64.0,3247.0
11564,101.0,64.0,3248.0
11565,101.0,64.0,3261.0
11566,101.0,64.0,3262.0
11567,101.0,64.0,3263.0
11568,101.0,64.0,3501.0
11569,101.0,64.0,3502.0
11570,101.0,64.0,3503.0
11571,101.0,64.0,3504.0
11572,101.0,64.0,3517.0
11573,101.0,64.0,3518.0
11574,101.0,64.0,3519.0
11575,101.0,64.0,3757.0
11576,101.0,64.0,3758.0
11577,101.0,64.0,3759.0
11578,101.0,64.0,3760.0
11579,101.0,64.0,3773.0
11580,101.0,64.0,3774.0
11581,101.0,64.0,3775.0
11582,101.0,65.0,2235.0
11583,101.0,65.0,2236.0
11584,101.0,65.0,2238.0
11585,101.0,65.0,2491.0
11586,101.0,65.0,2492.0
11587,101.0,65.0,2494.0
11588,101.0,65.0,2747.0
11589,101.0,65.0,2748.0
11590,101.0,65.0,2750.0
11591,101.0,65.0,3003.0
11592,101.0,65.0,3004.0
11593,101.0,65.0,3006.0
11594,101.0,65.0,3259.0
11595,101.0,65.0,3260.0
11596,101.0,65.0,3262.0
11597,101.0,65.0,3515.0
11598,101.0,65.0,3516.0
11599,101.0,65.0,3518.0
11600,101.0,65.0,3771.0
11601,101.0,65.0,3772.0
11602,101.0,65.0,3774.0
11603,101.0,69.0,2240.0
11604,101.0,69.0,2241.0
11605,101.0,69.0,2496.0
11606,101.0,69.0,2497.0
11607,101.0,69.0,2752.0
11608,101.0,69.0,2753.0
11609,101.0,69.0,3008.0
11610,101.0,69.0,3009.0
11611,101.0,69.0,3264.0
11612,101.0,69.0,3265.0
11613,101.0,69.0,3520.0
11614,101.0,69.0,3521.0
11615,101.0,69.0,3776.0
11616,101.0,69.0,3777.0
11617,101.0,73.0,2242.0
11618,101.0,73.0,2243.0
11619,101.0,73.0,2245.0
11620,101.0,73.0,2246.0
11621,101.0,73.0,2498.0
11622,101.0,73.0,2499.0
11623,101.0,73.0,2501.0
11624,101.0,73.0,2502.0
11625,101.0,73.0,2754.0
11626,101.0,73.0,2755.0
11627,101.0,73.0,2757.0
11628,101.0,73.0,2758.0
11629,101.0,73.0,3010.0
11630,101.0,73.0,3011.0
11631,101.0,73.0,3013.0
11632,101.0,73.0,3014.0
11633,101.0,73.0,3266.0
11634,101.0,73.0,3267.0
11635,101.0,73.0,3269.0
11636,101.0,73.0,3270.0
11637,101.0,73.0,3522.0
11638,101.0,73.0,3523.0
11639,101.0,73.0,3525.0
11640,101.0,73.0,3526.0
11641,101.0,73.0,3778.0
11642,101.0,73.0,3779.0
11643,101.0,73.0,3781.0
11644,101.0,73.0,3782.0
11645,101.0,74.0,2223.0
11646,101.0,74.0,2224.0
11647,101.0,74.0,2242.0
11648,101.0,74.0,2243.0
11649,101.0,74.0,2498.0
11650,101.0,74.0,2499.0
11651,101.0,74.0,2735.0
11652,101.0,74.0,2736.0
11653,101.0,74.0,2754.0
11654,101.0,74.0,2755.0
11655,101.0,74.0,3010.0
11656,101.0,74.0,3011.0
11657,101.0,74.0,3247.0
11658,101.0,74.0,3248.0
11659,101.0,74.0,3266.0
11660,101.0,74.0,3267.0
11661,101.0,74.0,3503.0
11662,101.0,74.0,3504.0
11663,101.0,74.0,3522.0
11664,101.0,74.0,3523.0
11665,101.0,74.0,3759.0
11666,101.0,74.0,3760.0
11667,101.0,74.0,3778.0
11668,101.0,74.0,3779.0
11669,101.0,76.0,2246.0
11670,101.0,76.0,2247.0
11671,101.0,76.0,2502.0
11672,101.0,76.0,2503.0
11673,101.0,76.0,2758.0
11674,101.0,76.0,2759.0
11675,101.0,76.0,3014.0
11676,101.0,76.0,3015.0
11677,101.0,76.0,3270.0
11678,101.0,76.0,3271.0
11679,101.0,76.0,3526.0
11680,101.0,76.0,3527.0
11681,101.0,76.0,3782.0
11682,101.0,76.0,3783.0
11683,101.0,80.0,2225.0
11684,101.0,80.0,2737.0
11685,101.0,80.0,2993.0
11686,101.0,80.0,3249.0
11687,101.0,80.0,3761.0
11688,101.0,81.0,2224.0
11689,101.0,81.0,2225.0
11690,101.0,81.0,2226.0
11691,101.0,81.0,2238.0
11692,101.0,81.0,2494.0
11693,101.0,81.0,2736.0
11694,101.0,81.0,2737.0
11695,101.0,81.0,2738.0
11696,101.0,81.0,2750.0
11697,101.0,81.0,2992.0
11698,101.0,81.0,2993.0
11699,101.0,81.0,2994.0
11700,101.0,81.0,3006.0
11701,101.0,81.0,3248.0
11702,101.0,81.0,3249.0
11703,101.0,81.0,3250.0
11704,101.0,81.0,3262.0
11705,101.0,81.0,3518.0
11706,101.0,81.0,3760.0
11707,101.0,81.0,3761.0
11708,101.0,81.0,3762.0
11709,101.0,81.0,3774.0
11710,101.0,82.0,2237.0
11711,101.0,82.0,2238.0
11712,101.0,82.0,2493.0
11713,101.0,82.0,2494.0
11714,101.0,82.0,2749.0
11715,101.0,82.0,2750.0
11716,101.0,82.0,3005.0
11717,101.0,82.0,3006.0
11718,101.0,82.0,3261.0
11719,101.0,82.0,3262.0
11720,101.0,82.0,3517.0
11721,101.0,82.0,3518.0
11722,101.0,82.0,3773.0
11723,101.0,82.0,3774.0
11724,101.0,83.0,2237.0
11725,101.0,83.0,2238.0
11726,101.0,83.0,2239.0
11727,101.0,83.0,2493.0
11728,101.0,83.0,2494.0
11729,101.0,83.0,2495.0
11730,101.0,83.0,2749.0
11731,101.0,83.0,2750.0
11732,101.0,83.0,2751.0
11733,101.0,83.0,3005.0
11734,101.0,83.0,3006.0
11735,101.0,83.0,3007.0
11736,101.0,83.0,3261.0
11737,101.0,83.0,3262.0
11738,101.0,83.0,3263.0
11739,101.0,83.0,3517.0
11740,101.0,83.0,3518.0
11741,101.0,83.0,3519.0
11742,101.0,83.0,3773.0
11743,101.0,83.0,3774.0
11744,101.0,83.0,3775.0
11745,101.0,84.0,2237.0
11746,101.0,84.0,2238.0
11747,101.0,84.0,2493.0
11748,101.0,84.0,2494.0
11749,101.0,84.0,2749.0
11750,101.0,84.0,2750.0
11751,101.0,84.0,3005.0
11752,101.0,84.0,3006.0
11753,101.0,84.0,3261.0
11754,101.0,84.0,3262.0
11755,101.0,84.0,3517.0
11756,101.0,84.0,3518.0
11757,101.0,84.0,3773.0
11758,101.0,84.0,3774.0
11759,101.0,85.0,2236.0
11760,101.0,85.0,2492.0
11761,101.0,85.0,2748.0
11762,101.0,85.0,3004.0
11763,101.0,85.0,3260.0
11764,101.0,85.0,3516.0
11765,101.0,85.0,3772.0
11766,101.0,86.0,2238.0
11767,101.0,86.0,2243.0
11768,101.0,86.0,2494.0
11769,101.0,86.0,2499.0
11770,101.0,86.0,2750.0
11771,101.0,86.0,2755.0
11772,101.0,86.0,3006.0
11773,101.0,86.0,3011.0
11774,101.0,86.0,3262.0
11775,101.0,86.0,3267.0
11776,101.0,86.0,3518.0
11777,101.0,86.0,3523.0
11778,101.0,86.0,3774.0
11779,101.0,86.0,3779.0
11780,101.0,87.0,2237.0
11781,101.0,87.0,2238.0
11782,101.0,87.0,2240.0
11783,101.0,87.0,2241.0
11784,101.0,87.0,2242.0
11785,101.0,87.0,2243.0
11786,101.0,87.0,2493.0
11787,101.0,87.0,2494.0
11788,101.0,87.0,2496.0
11789,101.0,87.0,2497.0
11790,101.0,87.0,2498.0
11791,101.0,87.0,2499.0
11792,101.0,87.0,2749.0
11793,101.0,87.0,2750.0
11794,101.0,87.0,2752.0
11795,101.0,87.0,2753.0
11796,101.0,87.0,2754.0
11797,101.0,87.0,2755.0
11798,101.0,87.0,3005.0
11799,101.0,87.0,3006.0
11800,101.0,87.0,3008.0
11801,101.0,87.0,3009.0
11802,101.0,87.0,3010.0
11803,101.0,87.0,3011.0
11804,101.0,87.0,3261.0
11805,101.0,87.0,3262.0
11806,101.0,87.0,3264.0
11807,101.0,87.0,3265.0
11808,101.0,87.0,3266.0
11809,101.0,87.0,3267.0
11810,101.0,87.0,3517.0
11811,101.0,87.0,3518.0
11812,101.0,87.0,3520.0
11813,101.0,87.0,3521.0
11814,101.0,87.0,3522.0
11815,101.0,87.0,3523.0
11816,101.0,87.0,3773.0
11817,101.0,87.0,3774.0
11818,101.0,87.0,3776.0
11819,101.0,87.0,3777.0
11820,101.0,87.0,3778.0
11821,101.0,87.0,3779.0
11822,101.0,88.0,2237.0
11823,101.0,88.0,2238.0
11824,101.0,88.0,2239.0
11825,101.0,88.0,2240.0
11826,101.0,88.0,2241.0
11827,101.0,88.0,2493.0
11828,101.0,88.0,2494.0
11829,101.0,88.0,2495.0
11830,101.0,88.0,2496.0
11831,101.0,88.0,2497.0
11832,101.0,88.0,2749.0
11833,101.0,88.0,2750.0
11834,101.0,88.0,2751.0
11835,101.0,88.0,2752.0
11836,101.0,88.0,2753.0
11837,101.0,88.0,3005.0
11838,101.0,88.0,3006.0
11839,101.0,88.0,3007.0
11840,101.0,88.0,3008.0
11841,101.0,88.0,3009.0
11842,101.0,88.0,3261.0
11843,101.0,88.0,3262.0
11844,101.0,88.0,3263.0
11845,101.0,88.0,3264.0
11846,101.0,88.0,3265.0
11847,101.0,88.0,3517.0
11848,101.0,88.0,3518.0
11849,101.0,88.0,3519.0
11850,101.0,88.0,3520.0
11851,101.0,88.0,3521.0
11852,101.0,88.0,3773.0
11853,101.0,88.0,3774.0
11854,101.0,88.0,3775.0
11855,101.0,88.0,3776.0
11856,101.0,88.0,3777.0
11857,101.0,89.0,2236.0
11858,101.0,89.0,2238.0
11859,101.0,89.0,2492.0
11860,101.0,89.0,2494.0
11861,101.0,89.0,2748.0
11862,101.0,89.0,2750.0
11863,101.0,89.0,3004.0
11864,101.0,89.0,3006.0
11865,101.0,89.0,3260.0
11866,101.0,89.0,3262.0
11867,101.0,89.0,3516.0
11868,101.0,89.0,3518.0
11869,101.0,89.0,3772.0
11870,101.0,89.0,3774.0
11871,101.0,94.0,2241.0
11872,101.0,94.0,2242.0
11873,101.0,94.0,2497.0
11874,101.0,94.0,2498.0
11875,101.0,94.0,2753.0
11876,101.0,94.0,2754.0
11877,101.0,94.0,3009.0
11878,101.0,94.0,3010.0
11879,101.0,94.0,3265.0
11880,101.0,94.0,3266.0
11881,101.0,94.0,3521.0
11882,101.0,94.0,3522.0
11883,101.0,94.0,3777.0
11884,101.0,94.0,3778.0
11885,101.0,95.0,2241.0
11886,101.0,95.0,2242.0
11887,101.0,95.0,2243.0
11888,101.0,95.0,2497.0
11889,101.0,95.0,2498.0
11890,101.0,95.0,2499.0
11891,101.0,95.0,2753.0
11892,101.0,95.0,2754.0
11893,101.0,95.0,2755.0
11894,101.0,95.0,3009.0
11895,101.0,95.0,3010.0
11896,101.0,95.0,3011.0
11897,101.0,95.0,3265.0
11898,101.0,95.0,3266.0
11899,101.0,95.0,3267.0
11900,101.0,95.0,3521.0
11901,101.0,95.0,3522.0
11902,101.0,95.0,3523.0
11903,101.0,95.0,3777.0
11904,101.0,95.0,3778.0
11905,101.0,95.0,3779.0
11906,101.0,96.0,2242.0
11907,101.0,96.0,2244.0
11908,101.0,96.0,2498.0
11909,101.0,96.0,2754.0
11910,101.0,96.0,3010.0
11911,101.0,96.0,3266.0
11912,101.0,96.0,3522.0
11913,101.0,96.0,3778.0
11914,101.0,97.0,2240.0
11915,101.0,97.0,2241.0
11916,101.0,97.0,2242.0
11917,101.0,97.0,2243.0
11918,101.0,97.0,2244.0
11919,101.0,97.0,2245.0
11920,101.0,97.0,2496.0
11921,101.0,97.0,2497.0
11922,101.0,97.0,2498.0
11923,101.0,97.0,2499.0
11924,101.0,97.0,2500.0
11925,101.0,97.0,2501.0
11926,101.0,97.0,2752.0
11927,101.0,97.0,2753.0
11928,101.0,97.0,2754.0
11929,101.0,97.0,2755.0
11930,101.0,97.0,2756.0
11931,101.0,97.0,2757.0
11932,101.0,97.0,3008.0
11933,101.0,97.0,3009.0
11934,101.0,97.0,3010.0
11935,101.0,97.0,3011.0
11936,101.0,97.0,3012.0
11937,101.0,97.0,3013.0
11938,101.0,97.0,3264.0
11939,101.0,97.0,3265.0
11940,101.0,97.0,3266.0
11941,101.0,97.0,3267.0
11942,101.0,97.0,3268.0
11943,101.0,97.0,3269.0
11944,101.0,97.0,3520.0
11945,101.0,97.0,3521.0
11946,101.0,97.0,3522.0
11947,101.0,97.0,3523.0
11948,101.0,97.0,3524.0
11949,101.0,97.0,3525.0
11950,101.0,97.0,3776.0
11951,101.0,97.0,3777.0
11952,101.0,97.0,3778.0
11953,101.0,97.0,3779.0
11954,101.0,97.0,3780.0
11955,101.0,97.0,3781.0
11956,101.0,98.0,2238.0
11957,101.0,98.0,2239.0
11958,101.0,98.0,2240.0
11959,101.0,98.0,2241.0
11960,101.0,98.0,2242.0
11961,101.0,98.0,2494.0
11962,101.0,98.0,2495.0
11963,101.0,98.0,2496.0
11964,101.0,98.0,2497.0
11965,101.0,98.0,2498.0
11966,101.0,98.0,2750.0
11967,101.0,98.0,2751.0
11968,101.0,98.0,2752.0
11969,101.0,98.0,2753.0
11970,101.0,98.0,2754.0
11971,101.0,98.0,3006.0
11972,101.0,98.0,3007.0
11973,101.0,98.0,3008.0
11974,101.0,98.0,3009.0
11975,101.0,98.0,3010.0
11976,101.0,98.0,3262.0
11977,101.0,98.0,3263.0
11978,101.0,98.0,3264.0
11979,101.0,98.0,3265.0
11980,101.0,98.0,3266.0
11981,101.0,98.0,3518.0
11982,101.0,98.0,3519.0
11983,101.0,98.0,3520.0
11984,101.0,98.0,3521.0
11985,101.0,98.0,3522.0
11986,101.0,98.0,3774.0
11987,101.0,98.0,3775.0
11988,101.0,98.0,3776.0
11989,101.0,98.0,3777.0
11990,101.0,98.0,3778.0
11991,101.0,99.0,2238.0
11992,101.0,99.0,2240.0
11993,101.0,99.0,2494.0
11994,101.0,99.0,2496.0
11995,101.0,99.0,2750.0
11996,101.0,99.0,2752.0
11997,101.0,99.0,3006.0
11998,101.0,99.0,3008.0
11999,101.0,99.0,3262.0
12000,101.0,99.0,3264.0
12001,101.0,99.0,3518.0
12002,101.0,99.0,3520.0
12003,101.0,99.0,3774.0
12004,101.0,99.0,3776.0
12005,101.0,103.0,2220.0
12006,101.0,103.0,2476.0
12007,101.0,103.0,2732.0
12008,101.0,103.0,2988.0
12009,101.0,103.0,3244.0
12010,101.0,103.0,3500.0
12011,101.0,103.0,3756.0
12012,101.0,104.0,2219.0
12013,101.0,104.0,2475.0
12014,101.0,104.0,2731.0
12015,101.0,104.0,2987.0
12016,101.0,104.0,3243.0
12017,101.0,104.0,3499.0
12018,101.0,104.0,3755.0
12019,101.0,105.0,2223.0
12020,101.0,105.0,2224.0
12021,101.0,106.0,2223.0
12022,101.0,107.0,2223.0
12023,101.0,107.0,2224.0
12024,101.0,107.0,2225.0
12025,101.0,107.0,2735.0
12026,101.0,107.0,2736.0
12027,101.0,107.0,2737.0
12028,101.0,107.0,2991.0
12029,101.0,107.0,2992.0
12030,101.0,107.0,2993.0
12031,101.0,107.0,3247.0
12032,101.0,107.0,3248.0
12033,101.0,107.0,3249.0
12034,101.0,107.0,3503.0
12035,101.0,107.0,3504.0
12036,101.0,107.0,3505.0
12037,101.0,107.0,3759.0
12038,101.0,107.0,3760.0
12039,101.0,107.0,3761.0
12040,101.0,108.0,2224.0
12041,101.0,108.0,2736.0
12042,101.0,108.0,2992.0
12043,101.0,108.0,3248.0
12044,101.0,108.0,3504.0
12045,101.0,108.0,3760.0
12046,101.0,113.0,2227.0
12047,101.0,113.0,2228.0
12048,102.0,34.0,2227.0
12049,102.0,34.0,2228.0
12050,102.0,34.0,2483.0
12051,102.0,34.0,2484.0
12052,102.0,34.0,2739.0
12053,102.0,34.0,2740.0
12054,102.0,34.0,3251.0
12055,102.0,34.0,3252.0
12056,102.0,34.0,3507.0
12057,102.0,34.0,3508.0
12058,102.0,34.0,3763.0
12059,102.0,34.0,3764.0
12060,102.0,35.0,2208.0
12061,102.0,35.0,2209.0
12062,102.0,35.0,2215.0
12063,102.0,35.0,2216.0
12064,102.0,35.0,2226.0
12065,102.0,35.0,2227.0
12066,102.0,35.0,2464.0
12067,102.0,35.0,2465.0
12068,102.0,35.0,2471.0
12069,102.0,35.0,2472.0
12070,102.0,35.0,2482.0
12071,102.0,35.0,2483.0
12072,102.0,35.0,2720.0
12073,102.0,35.0,2721.0
12074,102.0,35.0,2727.0
12075,102.0,35.0,2728.0
12076,102.0,35.0,2738.0
12077,102.0,35.0,2739.0
12078,102.0,35.0,2976.0
12079,102.0,35.0,2977.0
12080,102.0,35.0,2983.0
12081,102.0,35.0,2984.0
12082,102.0,35.0,3232.0
12083,102.0,35.0,3233.0
12084,102.0,35.0,3239.0
12085,102.0,35.0,3240.0
12086,102.0,35.0,3250.0
12087,102.0,35.0,3251.0
12088,102.0,35.0,3488.0
12089,102.0,35.0,3489.0
12090,102.0,35.0,3495.0
12091,102.0,35.0,3496.0
12092,102.0,35.0,3506.0
12093,102.0,35.0,3507.0
12094,102.0,35.0,3744.0
12095,102.0,35.0,3745.0
12096,102.0,35.0,3751.0
12097,102.0,35.0,3752.0
12098,102.0,35.0,3762.0
12099,102.0,35.0,3763.0
12100,102.0,36.0,2208.0
12101,102.0,36.0,2214.0
12102,102.0,36.0,2225.0
12103,102.0,36.0,2226.0
12104,102.0,36.0,2464.0
12105,102.0,36.0,2470.0
12106,102.0,36.0,2481.0
12107,102.0,36.0,2482.0
12108,102.0,36.0,2720.0
12109,102.0,36.0,2726.0
12110,102.0,36.0,2737.0
12111,102.0,36.0,2738.0
12112,102.0,36.0,2976.0
12113,102.0,36.0,2982.0
12114,102.0,36.0,3232.0
12115,102.0,36.0,3238.0
12116,102.0,36.0,3249.0
12117,102.0,36.0,3250.0
12118,102.0,36.0,3488.0
12119,102.0,36.0,3494.0
12120,102.0,36.0,3505.0
12121,102.0,36.0,3506.0
12122,102.0,36.0,3744.0
12123,102.0,36.0,3750.0
12124,102.0,36.0,3761.0
12125,102.0,36.0,3762.0
12126,102.0,37.0,2213.0
12127,102.0,37.0,2214.0
12128,102.0,37.0,2215.0
12129,102.0,37.0,2223.0
12130,102.0,37.0,2224.0
12131,102.0,37.0,2469.0
12132,102.0,37.0,2470.0
12133,102.0,37.0,2471.0
12134,102.0,37.0,2479.0
12135,102.0,37.0,2480.0
12136,102.0,37.0,2725.0
12137,102.0,37.0,2726.0
12138,102.0,37.0,2727.0
12139,102.0,37.0,2735.0
12140,102.0,37.0,2736.0
12141,102.0,37.0,2981.0
12142,102.0,37.0,2982.0
12143,102.0,37.0,2983.0
12144,102.0,37.0,3237.0
12145,102.0,37.0,3238.0
12146,102.0,37.0,3239.0
12147,102.0,37.0,3247.0
12148,102.0,37.0,3248.0
12149,102.0,37.0,3493.0
12150,102.0,37.0,3494.0
12151,102.0,37.0,3495.0
12152,102.0,37.0,3503.0
12153,102.0,37.0,3504.0
12154,102.0,37.0,3749.0
12155,102.0,37.0,3750.0
12156,102.0,37.0,3751.0
12157,102.0,37.0,3759.0
12158,102.0,37.0,3760.0
12159,102.0,38.0,2210.0
12160,102.0,38.0,2211.0
12161,102.0,38.0,2212.0
12162,102.0,38.0,2213.0
12163,102.0,38.0,2227.0
12164,102.0,38.0,2228.0
12165,102.0,38.0,2466.0
12166,102.0,38.0,2467.0
12167,102.0,38.0,2468.0
12168,102.0,38.0,2469.0
12169,102.0,38.0,2722.0
12170,102.0,38.0,2723.0
12171,102.0,38.0,2724.0
12172,102.0,38.0,2725.0
12173,102.0,38.0,2978.0
12174,102.0,38.0,2979.0
12175,102.0,38.0,2980.0
12176,102.0,38.0,2981.0
12177,102.0,38.0,3234.0
12178,102.0,38.0,3235.0
12179,102.0,38.0,3236.0
12180,102.0,38.0,3237.0
12181,102.0,38.0,3490.0
12182,102.0,38.0,3491.0
12183,102.0,38.0,3492.0
12184,102.0,38.0,3493.0
12185,102.0,38.0,3746.0
12186,102.0,38.0,3747.0
12187,102.0,38.0,3748.0
12188,102.0,38.0,3749.0
12189,102.0,39.0,2210.0
12190,102.0,39.0,2211.0
12191,102.0,39.0,2227.0
12192,102.0,39.0,2228.0
12193,102.0,39.0,2466.0
12194,102.0,39.0,2467.0
12195,102.0,39.0,2722.0
12196,102.0,39.0,2723.0
12197,102.0,39.0,2978.0
12198,102.0,39.0,2979.0
12199,102.0,39.0,3234.0
12200,102.0,39.0,3235.0
12201,102.0,39.0,3490.0
12202,102.0,39.0,3491.0
12203,102.0,39.0,3746.0
12204,102.0,39.0,3747.0
12205,102.0,40.0,2210.0
12206,102.0,40.0,2211.0
12207,102.0,40.0,2226.0
12208,102.0,40.0,2240.0
12209,102.0,40.0,2241.0
12210,102.0,40.0,2466.0
12211,102.0,40.0,2467.0
12212,102.0,40.0,2482.0
12213,102.0,40.0,2496.0
12214,102.0,40.0,2497.0
12215,102.0,40.0,2722.0
12216,102.0,40.0,2723.0
12217,102.0,40.0,2738.0
12218,102.0,40.0,2752.0
12219,102.0,40.0,2753.0
12220,102.0,40.0,2978.0
12221,102.0,40.0,2979.0
12222,102.0,40.0,2994.0
12223,102.0,40.0,3008.0
12224,102.0,40.0,3009.0
12225,102.0,40.0,3234.0
12226,102.0,40.0,3235.0
12227,102.0,40.0,3250.0
12228,102.0,40.0,3264.0
12229,102.0,40.0,3265.0
12230,102.0,40.0,3490.0
12231,102.0,40.0,3491.0
12232,102.0,40.0,3506.0
12233,102.0,40.0,3520.0
12234,102.0,40.0,3521.0
12235,102.0,40.0,3746.0
12236,102.0,40.0,3747.0
12237,102.0,40.0,3762.0
12238,102.0,40.0,3776.0
12239,102.0,40.0,3777.0
12240,102.0,41.0,2225.0
12241,102.0,41.0,2226.0
12242,102.0,41.0,2227.0
12243,102.0,41.0,2237.0
12244,102.0,41.0,2238.0
12245,102.0,41.0,2239.0
12246,102.0,41.0,2240.0
12247,102.0,41.0,2241.0
12248,102.0,41.0,2481.0
12249,102.0,41.0,2482.0
12250,102.0,41.0,2483.0
12251,102.0,41.0,2493.0
12252,102.0,41.0,2494.0
12253,102.0,41.0,2495.0
12254,102.0,41.0,2496.0
12255,102.0,41.0,2497.0
12256,102.0,41.0,2737.0
12257,102.0,41.0,2738.0
12258,102.0,41.0,2739.0
12259,102.0,41.0,2749.0
12260,102.0,41.0,2750.0
12261,102.0,41.0,2751.0
12262,102.0,41.0,2752.0
12263,102.0,41.0,2753.0
12264,102.0,41.0,2993.0
12265,102.0,41.0,2994.0
12266,102.0,41.0,2995.0
12267,102.0,41.0,3005.0
12268,102.0,41.0,3006.0
12269,102.0,41.0,3007.0
12270,102.0,41.0,3008.0
12271,102.0,41.0,3009.0
12272,102.0,41.0,3249.0
12273,102.0,41.0,3250.0
12274,102.0,41.0,3251.0
12275,102.0,41.0,3261.0
12276,102.0,41.0,3262.0
12277,102.0,41.0,3263.0
12278,102.0,41.0,3264.0
12279,102.0,41.0,3265.0
12280,102.0,41.0,3505.0
12281,102.0,41.0,3506.0
12282,102.0,41.0,3507.0
12283,102.0,41.0,3517.0
12284,102.0,41.0,3518.0
12285,102.0,41.0,3519.0
12286,102.0,41.0,3520.0
12287,102.0,41.0,3521.0
12288,102.0,41.0,3761.0
12289,102.0,41.0,3762.0
12290,102.0,41.0,3763.0
12291,102.0,41.0,3773.0
12292,102.0,41.0,3774.0
12293,102.0,41.0,3775.0
12294,102.0,41.0,3776.0
12295,102.0,41.0,3777.0
12296,102.0,42.0,2237.0
12297,102.0,42.0,2493.0
12298,102.0,42.0,2749.0
12299,102.0,42.0,3005.0
12300,102.0,42.0,3261.0
12301,102.0,42.0,3517.0
12302,102.0,42.0,3773.0
12303,102.0,44.0,2234.0
12304,102.0,44.0,2235.0
12305,102.0,44.0,2490.0
12306,102.0,44.0,2491.0
12307,102.0,44.0,2746.0
12308,102.0,44.0,2747.0
12309,102.0,44.0,3002.0
12310,102.0,44.0,3003.0
12311,102.0,44.0,3258.0
12312,102.0,44.0,3259.0
12313,102.0,44.0,3514.0
12314,102.0,44.0,3515.0
12315,102.0,44.0,3770.0
12316,102.0,44.0,3771.0
12317,102.0,45.0,2221.0
12318,102.0,45.0,2222.0
12319,102.0,45.0,2477.0
12320,102.0,45.0,2478.0
12321,102.0,45.0,2733.0
12322,102.0,45.0,2734.0
12323,102.0,45.0,2989.0
12324,102.0,45.0,2990.0
12325,102.0,45.0,3245.0
12326,102.0,45.0,3246.0
12327,102.0,45.0,3501.0
12328,102.0,45.0,3502.0
12329,102.0,45.0,3757.0
12330,102.0,45.0,3758.0
12331,102.0,48.0,2220.0
12332,102.0,48.0,2221.0
12333,102.0,48.0,2476.0
12334,102.0,48.0,2477.0
12335,102.0,48.0,2732.0
12336,102.0,48.0,2733.0
12337,102.0,48.0,2988.0
12338,102.0,48.0,2989.0
12339,102.0,48.0,3244.0
12340,102.0,48.0,3245.0
12341,102.0,48.0,3500.0
12342,102.0,48.0,3501.0
12343,102.0,48.0,3756.0
12344,102.0,48.0,3757.0
12345,102.0,49.0,2217.0
12346,102.0,49.0,2218.0
12347,102.0,49.0,2473.0
12348,102.0,49.0,2474.0
12349,102.0,49.0,2729.0
12350,102.0,49.0,2730.0
12351,102.0,49.0,2985.0
12352,102.0,49.0,2986.0
12353,102.0,49.0,3241.0
12354,102.0,49.0,3242.0
12355,102.0,49.0,3497.0
12356,102.0,49.0,3498.0
12357,102.0,49.0,3753.0
12358,102.0,49.0,3754.0
12359,102.0,53.0,2229.0
12360,102.0,53.0,2230.0
12361,102.0,53.0,2243.0
12362,102.0,53.0,2485.0
12363,102.0,53.0,2486.0
12364,102.0,53.0,2499.0
12365,102.0,53.0,2741.0
12366,102.0,53.0,2742.0
12367,102.0,53.0,2755.0
12368,102.0,53.0,2997.0
12369,102.0,53.0,2998.0
12370,102.0,53.0,3011.0
12371,102.0,53.0,3253.0
12372,102.0,53.0,3254.0
12373,102.0,53.0,3267.0
12374,102.0,53.0,3509.0
12375,102.0,53.0,3510.0
12376,102.0,53.0,3523.0
12377,102.0,53.0,3765.0
12378,102.0,53.0,3766.0
12379,102.0,53.0,3779.0
12380,102.0,54.0,2227.0
12381,102.0,54.0,2230.0
12382,102.0,54.0,2240.0
12383,102.0,54.0,2241.0
12384,102.0,54.0,2242.0
12385,102.0,54.0,2243.0
12386,102.0,54.0,2483.0
12387,102.0,54.0,2486.0
12388,102.0,54.0,2496.0
12389,102.0,54.0,2497.0
12390,102.0,54.0,2498.0
12391,102.0,54.0,2499.0
12392,102.0,54.0,2739.0
12393,102.0,54.0,2742.0
12394,102.0,54.0,2752.0
12395,102.0,54.0,2753.0
12396,102.0,54.0,2754.0
12397,102.0,54.0,2755.0
12398,102.0,54.0,2995.0
12399,102.0,54.0,2998.0
12400,102.0,54.0,3008.0
12401,102.0,54.0,3009.0
12402,102.0,54.0,3010.0
12403,102.0,54.0,3011.0
12404,102.0,54.0,3251.0
12405,102.0,54.0,3254.0
12406,102.0,54.0,3264.0
12407,102.0,54.0,3265.0
12408,102.0,54.0,3266.0
12409,102.0,54.0,3267.0
12410,102.0,54.0,3507.0
12411,102.0,54.0,3510.0
12412,102.0,54.0,3520.0
12413,102.0,54.0,3521.0
12414,102.0,54.0,3522.0
12415,102.0,54.0,3523.0
12416,102.0,54.0,3763.0
12417,102.0,54.0,3766.0
12418,102.0,54.0,3776.0
12419,102.0,54.0,3777.0
12420,102.0,54.0,3778.0
12421,102.0,54.0,3779.0
12422,102.0,55.0,2240.0
12423,102.0,55.0,2241.0
12424,102.0,55.0,2242.0
12425,102.0,55.0,2243.0
12426,102.0,55.0,2496.0
12427,102.0,55.0,2497.0
12428,102.0,55.0,2498.0
12429,102.0,55.0,2499.0
12430,102.0,55.0,2752.0
12431,102.0,55.0,2753.0
12432,102.0,55.0,2754.0
12433,102.0,55.0,2755.0
12434,102.0,55.0,3008.0
12435,102.0,55.0,3009.0
12436,102.0,55.0,3010.0
12437,102.0,55.0,3011.0
12438,102.0,55.0,3264.0
12439,102.0,55.0,3265.0
12440,102.0,55.0,3266.0
12441,102.0,55.0,3267.0
12442,102.0,55.0,3520.0
12443,102.0,55.0,3521.0
12444,102.0,55.0,3522.0
12445,102.0,55.0,3523.0
12446,102.0,55.0,3776.0
12447,102.0,55.0,3777.0
12448,102.0,55.0,3778.0
12449,102.0,55.0,3779.0
12450,102.0,56.0,2239.0
12451,102.0,56.0,2240.0
12452,102.0,56.0,2495.0
12453,102.0,56.0,2496.0
12454,102.0,56.0,2751.0
12455,102.0,56.0,2752.0
12456,102.0,56.0,3007.0
12457,102.0,56.0,3008.0
12458,102.0,56.0,3263.0
12459,102.0,56.0,3264.0
12460,102.0,56.0,3519.0
12461,102.0,56.0,3520.0
12462,102.0,56.0,3775.0
12463,102.0,56.0,3776.0
12464,102.0,57.0,2230.0
12465,102.0,57.0,2231.0
12466,102.0,57.0,2232.0
12467,102.0,57.0,2233.0
12468,102.0,57.0,2236.0
12469,102.0,57.0,2237.0
12470,102.0,57.0,2238.0
12471,102.0,57.0,2239.0
12472,102.0,57.0,2240.0
12473,102.0,57.0,2486.0
12474,102.0,57.0,2487.0
12475,102.0,57.0,2488.0
12476,102.0,57.0,2489.0
12477,102.0,57.0,2492.0
12478,102.0,57.0,2493.0
12479,102.0,57.0,2494.0
12480,102.0,57.0,2495.0
12481,102.0,57.0,2496.0
12482,102.0,57.0,2742.0
12483,102.0,57.0,2743.0
12484,102.0,57.0,2744.0
12485,102.0,57.0,2745.0
12486,102.0,57.0,2748.0
12487,102.0,57.0,2749.0
12488,102.0,57.0,2750.0
12489,102.0,57.0,2751.0
12490,102.0,57.0,2752.0
12491,102.0,57.0,2998.0
12492,102.0,57.0,2999.0
12493,102.0,57.0,3000.0
12494,102.0,57.0,3001.0
12495,102.0,57.0,3004.0
12496,102.0,57.0,3005.0
12497,102.0,57.0,3006.0
12498,102.0,57.0,3007.0
12499,102.0,57.0,3008.0
12500,102.0,57.0,3254.0
12501,102.0,57.0,3255.0
12502,102.0,57.0,3256.0
12503,102.0,57.0,3257.0
12504,102.0,57.0,3260.0
12505,102.0,57.0,3261.0
12506,102.0,57.0,3262.0
12507,102.0,57.0,3263.0
12508,102.0,57.0,3264.0
12509,102.0,57.0,3510.0
12510,102.0,57.0,3511.0
12511,102.0,57.0,3512.0
12512,102.0,57.0,3513.0
12513,102.0,57.0,3516.0
12514,102.0,57.0,3517.0
12515,102.0,57.0,3518.0
12516,102.0,57.0,3519.0
12517,102.0,57.0,3520.0
12518,102.0,57.0,3766.0
12519,102.0,57.0,3767.0
12520,102.0,57.0,3768.0
12521,102.0,57.0,3769.0
12522,102.0,57.0,3772.0
12523,102.0,57.0,3773.0
12524,102.0,57.0,3774.0
12525,102.0,57.0,3775.0
12526,102.0,57.0,3776.0
12527,102.0,58.0,2229.0
12528,102.0,58.0,2230.0
12529,102.0,58.0,2236.0
12530,102.0,58.0,2237.0
12531,102.0,58.0,2485.0
12532,102.0,58.0,2486.0
12533,102.0,58.0,2492.0
12534,102.0,58.0,2493.0
12535,102.0,58.0,2741.0
12536,102.0,58.0,2742.0
12537,102.0,58.0,2748.0
12538,102.0,58.0,2749.0
12539,102.0,58.0,2997.0
12540,102.0,58.0,2998.0
12541,102.0,58.0,3004.0
12542,102.0,58.0,3005.0
12543,102.0,58.0,3253.0
12544,102.0,58.0,3254.0
12545,102.0,58.0,3260.0
12546,102.0,58.0,3261.0
12547,102.0,58.0,3509.0
12548,102.0,58.0,3510.0
12549,102.0,58.0,3516.0
12550,102.0,58.0,3517.0
12551,102.0,58.0,3765.0
12552,102.0,58.0,3766.0
12553,102.0,58.0,3772.0
12554,102.0,58.0,3773.0
12555,102.0,63.0,2222.0
12556,102.0,63.0,2223.0
12557,102.0,63.0,2224.0
12558,102.0,63.0,2478.0
12559,102.0,63.0,2479.0
12560,102.0,63.0,2480.0
12561,102.0,63.0,2734.0
12562,102.0,63.0,2735.0
12563,102.0,63.0,2736.0
12564,102.0,63.0,2990.0
12565,102.0,63.0,2991.0
12566,102.0,63.0,2992.0
12567,102.0,63.0,3246.0
12568,102.0,63.0,3247.0
12569,102.0,63.0,3248.0
12570,102.0,63.0,3502.0
12571,102.0,63.0,3503.0
12572,102.0,63.0,3504.0
12573,102.0,63.0,3758.0
12574,102.0,63.0,3759.0
12575,102.0,63.0,3760.0
12576,102.0,64.0,2220.0
12577,102.0,64.0,2221.0
12578,102.0,64.0,2222.0
12579,102.0,64.0,2223.0
12580,102.0,64.0,2224.0
12581,102.0,64.0,2476.0
12582,102.0,64.0,2477.0
12583,102.0,64.0,2478.0
12584,102.0,64.0,2479.0
12585,102.0,64.0,2480.0
12586,102.0,64.0,2732.0
12587,102.0,64.0,2733.0
12588,102.0,64.0,2734.0
12589,102.0,64.0,2735.0
12590,102.0,64.0,2736.0
12591,102.0,64.0,2988.0
12592,102.0,64.0,2989.0
12593,102.0,64.0,2990.0
12594,102.0,64.0,2991.0
12595,102.0,64.0,2992.0
12596,102.0,64.0,3244.0
12597,102.0,64.0,3245.0
12598,102.0,64.0,3246.0
12599,102.0,64.0,3247.0
12600,102.0,64.0,3248.0
12601,102.0,64.0,3500.0
12602,102.0,64.0,3501.0
12603,102.0,64.0,3502.0
12604,102.0,64.0,3503.0
12605,102.0,64.0,3504.0
12606,102.0,64.0,3756.0
12607,102.0,64.0,3757.0
12608,102.0,64.0,3758.0
12609,102.0,64.0,3759.0
12610,102.0,64.0,3760.0
12611,102.0,65.0,2221.0
12612,102.0,65.0,2222.0
12613,102.0,65.0,2477.0
12614,102.0,65.0,2478.0
12615,102.0,65.0,2733.0
12616,102.0,65.0,2734.0
12617,102.0,65.0,2989.0
12618,102.0,65.0,2990.0
12619,102.0,65.0,3245.0
12620,102.0,65.0,3246.0
12621,102.0,65.0,3501.0
12622,102.0,65.0,3502.0
12623,102.0,65.0,3757.0
12624,102.0,65.0,3758.0
12625,102.0,69.0,2223.0
12626,102.0,69.0,2224.0
12627,102.0,69.0,2479.0
12628,102.0,69.0,2480.0
12629,102.0,69.0,2735.0
12630,102.0,69.0,2736.0
12631,102.0,69.0,3247.0
12632,102.0,69.0,3248.0
12633,102.0,69.0,3503.0
12634,102.0,69.0,3504.0
12635,102.0,69.0,3759.0
12636,102.0,69.0,3760.0
12637,102.0,70.0,2234.0
12638,102.0,70.0,2490.0
12639,102.0,70.0,2746.0
12640,102.0,70.0,3002.0
12641,102.0,70.0,3258.0
12642,102.0,70.0,3514.0
12643,102.0,70.0,3770.0
12644,102.0,71.0,2243.0
12645,102.0,71.0,2244.0
12646,102.0,71.0,2245.0
12647,102.0,71.0,2499.0
12648,102.0,71.0,2500.0
12649,102.0,71.0,2501.0
12650,102.0,71.0,2755.0
12651,102.0,71.0,2756.0
12652,102.0,71.0,2757.0
12653,102.0,71.0,3011.0
12654,102.0,71.0,3012.0
12655,102.0,71.0,3013.0
12656,102.0,71.0,3267.0
12657,102.0,71.0,3268.0
12658,102.0,71.0,3269.0
12659,102.0,71.0,3523.0
12660,102.0,71.0,3524.0
12661,102.0,71.0,3525.0
12662,102.0,71.0,3779.0
12663,102.0,71.0,3780.0
12664,102.0,71.0,3781.0
12665,102.0,72.0,2229.0
12666,102.0,72.0,2231.0
12667,102.0,72.0,2241.0
12668,102.0,72.0,2242.0
12669,102.0,72.0,2244.0
12670,102.0,72.0,2497.0
12671,102.0,72.0,2498.0
12672,102.0,72.0,2500.0
12673,102.0,72.0,2753.0
12674,102.0,72.0,2754.0
12675,102.0,72.0,2756.0
12676,102.0,72.0,3009.0
12677,102.0,72.0,3010.0
12678,102.0,72.0,3012.0
12679,102.0,72.0,3265.0
12680,102.0,72.0,3266.0
12681,102.0,72.0,3268.0
12682,102.0,72.0,3521.0
12683,102.0,72.0,3522.0
12684,102.0,72.0,3524.0
12685,102.0,72.0,3777.0
12686,102.0,72.0,3778.0
12687,102.0,72.0,3780.0
12688,102.0,73.0,2224.0
12689,102.0,73.0,2230.0
12690,102.0,73.0,2736.0
12691,102.0,73.0,3248.0
12692,102.0,73.0,3504.0
12693,102.0,73.0,3760.0
12694,102.0,74.0,2223.0
12695,102.0,74.0,2224.0
12696,102.0,74.0,2242.0
12697,102.0,74.0,2243.0
12698,102.0,74.0,2498.0
12699,102.0,74.0,2499.0
12700,102.0,74.0,2735.0
12701,102.0,74.0,2736.0
12702,102.0,74.0,2754.0
12703,102.0,74.0,2755.0
12704,102.0,74.0,3010.0
12705,102.0,74.0,3011.0
12706,102.0,74.0,3247.0
12707,102.0,74.0,3248.0
12708,102.0,74.0,3266.0
12709,102.0,74.0,3267.0
12710,102.0,74.0,3503.0
12711,102.0,74.0,3504.0
12712,102.0,74.0,3522.0
12713,102.0,74.0,3523.0
12714,102.0,74.0,3759.0
12715,102.0,74.0,3760.0
12716,102.0,74.0,3778.0
12717,102.0,74.0,3779.0
12718,102.0,76.0,2246.0
12719,102.0,76.0,2247.0
12720,102.0,76.0,2502.0
12721,102.0,76.0,2503.0
12722,102.0,76.0,2758.0
12723,102.0,76.0,2759.0
12724,102.0,76.0,3014.0
12725,102.0,76.0,3015.0
12726,102.0,76.0,3270.0
12727,102.0,76.0,3271.0
12728,102.0,76.0,3526.0
12729,102.0,76.0,3527.0
12730,102.0,76.0,3782.0
12731,102.0,76.0,3783.0
12732,102.0,77.0,2231.0
12733,102.0,77.0,2244.0
12734,102.0,77.0,2245.0
12735,102.0,77.0,2246.0
12736,102.0,77.0,2487.0
12737,102.0,77.0,2500.0
12738,102.0,77.0,2501.0
12739,102.0,77.0,2502.0
12740,102.0,77.0,2743.0
12741,102.0,77.0,2756.0
12742,102.0,77.0,2757.0
12743,102.0,77.0,2758.0
12744,102.0,77.0,2999.0
12745,102.0,77.0,3012.0
12746,102.0,77.0,3013.0
12747,102.0,77.0,3014.0
12748,102.0,77.0,3255.0
12749,102.0,77.0,3268.0
12750,102.0,77.0,3269.0
12751,102.0,77.0,3270.0
12752,102.0,77.0,3511.0
12753,102.0,77.0,3524.0
12754,102.0,77.0,3525.0
12755,102.0,77.0,3526.0
12756,102.0,77.0,3767.0
12757,102.0,77.0,3780.0
12758,102.0,77.0,3781.0
12759,102.0,77.0,3782.0
12760,102.0,78.0,2228.0
12761,102.0,78.0,2229.0
12762,102.0,78.0,2230.0
12763,102.0,78.0,2231.0
12764,102.0,78.0,2244.0
12765,102.0,78.0,2484.0
12766,102.0,78.0,2485.0
12767,102.0,78.0,2486.0
12768,102.0,78.0,2487.0
12769,102.0,78.0,2500.0
12770,102.0,78.0,2740.0
12771,102.0,78.0,2741.0
12772,102.0,78.0,2742.0
12773,102.0,78.0,2743.0
12774,102.0,78.0,2756.0
12775,102.0,78.0,2996.0
12776,102.0,78.0,2997.0
12777,102.0,78.0,2998.0
12778,102.0,78.0,2999.0
12779,102.0,78.0,3012.0
12780,102.0,78.0,3252.0
12781,102.0,78.0,3253.0
12782,102.0,78.0,3254.0
12783,102.0,78.0,3255.0
12784,102.0,78.0,3268.0
12785,102.0,78.0,3508.0
12786,102.0,78.0,3509.0
12787,102.0,78.0,3510.0
12788,102.0,78.0,3511.0
12789,102.0,78.0,3524.0
12790,102.0,78.0,3764.0
12791,102.0,78.0,3765.0
12792,102.0,78.0,3766.0
12793,102.0,78.0,3767.0
12794,102.0,78.0,3780.0
12795,102.0,81.0,2236.0
12796,102.0,81.0,2237.0
12797,102.0,81.0,2238.0
12798,102.0,81.0,2492.0
12799,102.0,81.0,2493.0
12800,102.0,81.0,2494.0
12801,102.0,81.0,2748.0
12802,102.0,81.0,2749.0
12803,102.0,81.0,2750.0
12804,102.0,81.0,3004.0
12805,102.0,81.0,3005.0
12806,102.0,81.0,3006.0
12807,102.0,81.0,3260.0
12808,102.0,81.0,3261.0
12809,102.0,81.0,3262.0
12810,102.0,81.0,3516.0
12811,102.0,81.0,3517.0
12812,102.0,81.0,3518.0
12813,102.0,81.0,3772.0
12814,102.0,81.0,3773.0
12815,102.0,81.0,3774.0
12816,102.0,82.0,2237.0
12817,102.0,82.0,2239.0
12818,102.0,82.0,2493.0
12819,102.0,82.0,2749.0
12820,102.0,82.0,3005.0
12821,102.0,82.0,3261.0
12822,102.0,82.0,3517.0
12823,102.0,82.0,3773.0
12824,102.0,84.0,2226.0
12825,102.0,84.0,2227.0
12826,102.0,84.0,2238.0
12827,102.0,84.0,2494.0
12828,102.0,84.0,2750.0
12829,102.0,84.0,3006.0
12830,102.0,84.0,3262.0
12831,102.0,84.0,3518.0
12832,102.0,84.0,3774.0
12833,102.0,86.0,2241.0
12834,102.0,86.0,2242.0
12835,102.0,86.0,2243.0
12836,102.0,86.0,2497.0
12837,102.0,86.0,2498.0
12838,102.0,86.0,2499.0
12839,102.0,86.0,2753.0
12840,102.0,86.0,2754.0
12841,102.0,86.0,2755.0
12842,102.0,86.0,3009.0
12843,102.0,86.0,3010.0
12844,102.0,86.0,3011.0
12845,102.0,86.0,3265.0
12846,102.0,86.0,3266.0
12847,102.0,86.0,3267.0
12848,102.0,86.0,3521.0
12849,102.0,86.0,3522.0
12850,102.0,86.0,3523.0
12851,102.0,86.0,3777.0
12852,102.0,86.0,3778.0
12853,102.0,86.0,3779.0
12854,102.0,90.0,2243.0
12855,102.0,90.0,2244.0
12856,102.0,90.0,2245.0
12857,102.0,90.0,2499.0
12858,102.0,90.0,2500.0
12859,102.0,90.0,2501.0
12860,102.0,90.0,2755.0
12861,102.0,90.0,2756.0
12862,102.0,90.0,2757.0
12863,102.0,90.0,3011.0
12864,102.0,90.0,3012.0
12865,102.0,90.0,3013.0
12866,102.0,90.0,3267.0
12867,102.0,90.0,3268.0
12868,102.0,90.0,3269.0
12869,102.0,90.0,3523.0
12870,102.0,90.0,3524.0
12871,102.0,90.0,3525.0
12872,102.0,90.0,3779.0
12873,102.0,90.0,3780.0
12874,102.0,90.0,3781.0
12875,102.0,95.0,2241.0
12876,102.0,95.0,2242.0
12877,102.0,95.0,2243.0
12878,102.0,95.0,2497.0
12879,102.0,95.0,2498.0
12880,102.0,95.0,2499.0
12881,102.0,95.0,2753.0
12882,102.0,95.0,2754.0
12883,102.0,95.0,2755.0
12884,102.0,95.0,3009.0
12885,102.0,95.0,3010.0
12886,102.0,95.0,3011.0
12887,102.0,95.0,3265.0
12888,102.0,95.0,3266.0
12889,102.0,95.0,3267.0
12890,102.0,95.0,3521.0
12891,102.0,95.0,3522.0
12892,102.0,95.0,3523.0
12893,102.0,95.0,3777.0
12894,102.0,95.0,3778.0
12895,102.0,95.0,3779.0
12896,102.0,96.0,2239.0
12897,102.0,96.0,2242.0
12898,102.0,96.0,2495.0
12899,102.0,96.0,2498.0
12900,102.0,96.0,2751.0
12901,102.0,96.0,2754.0
12902,102.0,96.0,3007.0
12903,102.0,96.0,3010.0
12904,102.0,96.0,3263.0
12905,102.0,96.0,3266.0
12906,102.0,96.0,3519.0
12907,102.0,96.0,3522.0
12908,102.0,96.0,3775.0
12909,102.0,96.0,3778.0
12910,102.0,97.0,2240.0
12911,102.0,97.0,2241.0
12912,102.0,97.0,2244.0
12913,102.0,97.0,2245.0
12914,102.0,97.0,2246.0
12915,102.0,97.0,2496.0
12916,102.0,97.0,2497.0
12917,102.0,97.0,2500.0
12918,102.0,97.0,2501.0
12919,102.0,97.0,2502.0
12920,102.0,97.0,2752.0
12921,102.0,97.0,2753.0
12922,102.0,97.0,2756.0
12923,102.0,97.0,2757.0
12924,102.0,97.0,2758.0
12925,102.0,97.0,3008.0
12926,102.0,97.0,3009.0
12927,102.0,97.0,3012.0
12928,102.0,97.0,3013.0
12929,102.0,97.0,3014.0
12930,102.0,97.0,3264.0
12931,102.0,97.0,3265.0
12932,102.0,97.0,3268.0
12933,102.0,97.0,3269.0
12934,102.0,97.0,3270.0
12935,102.0,97.0,3520.0
12936,102.0,97.0,3521.0
12937,102.0,97.0,3524.0
12938,102.0,97.0,3525.0
12939,102.0,97.0,3526.0
12940,102.0,97.0,3776.0
12941,102.0,97.0,3777.0
12942,102.0,97.0,3780.0
12943,102.0,97.0,3781.0
12944,102.0,97.0,3782.0
12945,102.0,98.0,2237.0
12946,102.0,98.0,2238.0
12947,102.0,98.0,2241.0
12948,102.0,98.0,2242.0
12949,102.0,98.0,2243.0
12950,102.0,98.0,2245.0
12951,102.0,98.0,2248.0
12952,102.0,98.0,2493.0
12953,102.0,98.0,2494.0
12954,102.0,98.0,2497.0
12955,102.0,98.0,2498.0
12956,102.0,98.0,2499.0
12957,102.0,98.0,2501.0
12958,102.0,98.0,2749.0
12959,102.0,98.0,2750.0
12960,102.0,98.0,2753.0
12961,102.0,98.0,2754.0
12962,102.0,98.0,2755.0
12963,102.0,98.0,2757.0
12964,102.0,98.0,3005.0
12965,102.0,98.0,3006.0
12966,102.0,98.0,3009.0
12967,102.0,98.0,3010.0
12968,102.0,98.0,3011.0
12969,102.0,98.0,3013.0
12970,102.0,98.0,3261.0
12971,102.0,98.0,3262.0
12972,102.0,98.0,3265.0
12973,102.0,98.0,3266.0
12974,102.0,98.0,3267.0
12975,102.0,98.0,3269.0
12976,102.0,98.0,3517.0
12977,102.0,98.0,3518.0
12978,102.0,98.0,3521.0
12979,102.0,98.0,3522.0
12980,102.0,98.0,3523.0
12981,102.0,98.0,3525.0
12982,102.0,98.0,3773.0
12983,102.0,98.0,3774.0
12984,102.0,98.0,3777.0
12985,102.0,98.0,3778.0
12986,102.0,98.0,3779.0
12987,102.0,98.0,3781.0
12988,102.0,99.0,2205.0
12989,102.0,99.0,2236.0
12990,102.0,99.0,2238.0
12991,102.0,99.0,2492.0
12992,102.0,99.0,2494.0
12993,102.0,99.0,2717.0
12994,102.0,99.0,2748.0
12995,102.0,99.0,2750.0
12996,102.0,99.0,2973.0
12997,102.0,99.0,3004.0
12998,102.0,99.0,3006.0
12999,102.0,99.0,3229.0
13000,102.0,99.0,3260.0
13001,102.0,99.0,3262.0
13002,102.0,99.0,3485.0
13003,102.0,99.0,3516.0
13004,102.0,99.0,3518.0
13005,102.0,99.0,3741.0
13006,102.0,99.0,3772.0
13007,102.0,99.0,3774.0
13008,102.0,102.0,2211.0
13009,102.0,102.0,2212.0
13010,102.0,102.0,2723.0
13011,102.0,102.0,2724.0
13012,102.0,102.0,2979.0
13013,102.0,102.0,2980.0
13014,102.0,102.0,3235.0
13015,102.0,102.0,3236.0
13016,102.0,102.0,3747.0
13017,102.0,102.0,3748.0
13018,102.0,103.0,2211.0
13019,102.0,103.0,2212.0
13020,102.0,103.0,2723.0
13021,102.0,103.0,2724.0
13022,102.0,103.0,2979.0
13023,102.0,103.0,2980.0
13024,102.0,103.0,3235.0
13025,102.0,103.0,3236.0
13026,102.0,103.0,3747.0
13027,102.0,103.0,3748.0
13028,102.0,106.0,2224.0
13029,102.0,106.0,2736.0
13030,102.0,106.0,2992.0
13031,102.0,106.0,3248.0
13032,102.0,106.0,3504.0
13033,102.0,106.0,3760.0
13034,102.0,107.0,2223.0
13035,102.0,107.0,2224.0
13036,102.0,107.0,2735.0
13037,102.0,107.0,2736.0
13038,102.0,107.0,2991.0
13039,102.0,107.0,2992.0
13040,102.0,107.0,3247.0
13041,102.0,107.0,3248.0
13042,102.0,107.0,3503.0
13043,102.0,107.0,3504.0
13044,102.0,107.0,3759.0
13045,102.0,107.0,3760.0
13046,103.0,32.0,2209.0
13047,103.0,32.0,2210.0
13048,103.0,32.0,2218.0
13049,103.0,32.0,2219.0
13050,103.0,32.0,2465.0
13051,103.0,32.0,2466.0
13052,103.0,32.0,2474.0
13053,103.0,32.0,2475.0
13054,103.0,32.0,2721.0
13055,103.0,32.0,2722.0
13056,103.0,32.0,2730.0
13057,103.0,32.0,2731.0
13058,103.0,32.0,2977.0
13059,103.0,32.0,2978.0
13060,103.0,32.0,2986.0
13061,103.0,32.0,2987.0
13062,103.0,32.0,3233.0
13063,103.0,32.0,3234.0
13064,103.0,32.0,3242.0
13065,103.0,32.0,3243.0
13066,103.0,32.0,3489.0
13067,103.0,32.0,3490.0
13068,103.0,32.0,3498.0
13069,103.0,32.0,3499.0
13070,103.0,32.0,3745.0
13071,103.0,32.0,3746.0
13072,103.0,32.0,3754.0
13073,103.0,32.0,3755.0
13074,103.0,33.0,2218.0
13075,103.0,33.0,2474.0
13076,103.0,33.0,2730.0
13077,103.0,33.0,2986.0
13078,103.0,33.0,3242.0
13079,103.0,33.0,3498.0
13080,103.0,33.0,3754.0
13081,103.0,34.0,2215.0
13082,103.0,34.0,2216.0
13083,103.0,34.0,2471.0
13084,103.0,34.0,2472.0
13085,103.0,34.0,2727.0
13086,103.0,34.0,2728.0
13087,103.0,34.0,2983.0
13088,103.0,34.0,2984.0
13089,103.0,34.0,3239.0
13090,103.0,34.0,3240.0
13091,103.0,34.0,3495.0
13092,103.0,34.0,3496.0
13093,103.0,34.0,3751.0
13094,103.0,34.0,3752.0
13095,103.0,35.0,2207.0
13096,103.0,35.0,2208.0
13097,103.0,35.0,2209.0
13098,103.0,35.0,2215.0
13099,103.0,35.0,2216.0
13100,103.0,35.0,2463.0
13101,103.0,35.0,2464.0
13102,103.0,35.0,2465.0
13103,103.0,35.0,2471.0
13104,103.0,35.0,2472.0
13105,103.0,35.0,2719.0
13106,103.0,35.0,2720.0
13107,103.0,35.0,2721.0
13108,103.0,35.0,2727.0
13109,103.0,35.0,2728.0
13110,103.0,35.0,2975.0
13111,103.0,35.0,2976.0
13112,103.0,35.0,2977.0
13113,103.0,35.0,2983.0
13114,103.0,35.0,2984.0
13115,103.0,35.0,3231.0
13116,103.0,35.0,3232.0
13117,103.0,35.0,3233.0
13118,103.0,35.0,3239.0
13119,103.0,35.0,3240.0
13120,103.0,35.0,3487.0
13121,103.0,35.0,3488.0
13122,103.0,35.0,3489.0
13123,103.0,35.0,3495.0
13124,103.0,35.0,3496.0
13125,103.0,35.0,3743.0
13126,103.0,35.0,3744.0
13127,103.0,35.0,3745.0
13128,103.0,35.0,3751.0
13129,103.0,35.0,3752.0
13130,103.0,36.0,2206.0
13131,103.0,36.0,2214.0
13132,103.0,36.0,2462.0
13133,103.0,36.0,2470.0
13134,103.0,36.0,2718.0
13135,103.0,36.0,2726.0
13136,103.0,36.0,2974.0
13137,103.0,36.0,2982.0
13138,103.0,36.0,3230.0
13139,103.0,36.0,3238.0
13140,103.0,36.0,3486.0
13141,103.0,36.0,3494.0
13142,103.0,36.0,3742.0
13143,103.0,36.0,3750.0
13144,103.0,38.0,2227.0
13145,103.0,38.0,2228.0
13146,103.0,40.0,2195.0
13147,103.0,40.0,2240.0
13148,103.0,40.0,2241.0
13149,103.0,40.0,2496.0
13150,103.0,40.0,2497.0
13151,103.0,40.0,2707.0
13152,103.0,40.0,2752.0
13153,103.0,40.0,2753.0
13154,103.0,40.0,2963.0
13155,103.0,40.0,3008.0
13156,103.0,40.0,3009.0
13157,103.0,40.0,3219.0
13158,103.0,40.0,3264.0
13159,103.0,40.0,3265.0
13160,103.0,40.0,3520.0
13161,103.0,40.0,3521.0
13162,103.0,40.0,3731.0
13163,103.0,40.0,3776.0
13164,103.0,40.0,3777.0
13165,103.0,41.0,2194.0
13166,103.0,41.0,2195.0
13167,103.0,41.0,2237.0
13168,103.0,41.0,2238.0
13169,103.0,41.0,2239.0
13170,103.0,41.0,2493.0
13171,103.0,41.0,2494.0
13172,103.0,41.0,2495.0
13173,103.0,41.0,2706.0
13174,103.0,41.0,2707.0
13175,103.0,41.0,2749.0
13176,103.0,41.0,2750.0
13177,103.0,41.0,2751.0
13178,103.0,41.0,2962.0
13179,103.0,41.0,2963.0
13180,103.0,41.0,3005.0
13181,103.0,41.0,3006.0
13182,103.0,41.0,3007.0
13183,103.0,41.0,3218.0
13184,103.0,41.0,3219.0
13185,103.0,41.0,3261.0
13186,103.0,41.0,3262.0
13187,103.0,41.0,3263.0
13188,103.0,41.0,3517.0
13189,103.0,41.0,3518.0
13190,103.0,41.0,3519.0
13191,103.0,41.0,3730.0
13192,103.0,41.0,3731.0
13193,103.0,41.0,3773.0
13194,103.0,41.0,3774.0
13195,103.0,41.0,3775.0
13196,103.0,42.0,2237.0
13197,103.0,42.0,2238.0
13198,103.0,42.0,2493.0
13199,103.0,42.0,2494.0
13200,103.0,42.0,2749.0
13201,103.0,42.0,2750.0
13202,103.0,42.0,3005.0
13203,103.0,42.0,3006.0
13204,103.0,42.0,3261.0
13205,103.0,42.0,3262.0
13206,103.0,42.0,3517.0
13207,103.0,42.0,3518.0
13208,103.0,42.0,3773.0
13209,103.0,42.0,3774.0
13210,103.0,43.0,2236.0
13211,103.0,43.0,2237.0
13212,103.0,43.0,2492.0
13213,103.0,43.0,2493.0
13214,103.0,43.0,2748.0
13215,103.0,43.0,2749.0
13216,103.0,43.0,3004.0
13217,103.0,43.0,3005.0
13218,103.0,43.0,3260.0
13219,103.0,43.0,3261.0
13220,103.0,43.0,3516.0
13221,103.0,43.0,3517.0
13222,103.0,43.0,3772.0
13223,103.0,43.0,3773.0
13224,103.0,44.0,2233.0
13225,103.0,44.0,2234.0
13226,103.0,44.0,2235.0
13227,103.0,44.0,2489.0
13228,103.0,44.0,2490.0
13229,103.0,44.0,2491.0
13230,103.0,44.0,2745.0
13231,103.0,44.0,2746.0
13232,103.0,44.0,2747.0
13233,103.0,44.0,3001.0
13234,103.0,44.0,3002.0
13235,103.0,44.0,3003.0
13236,103.0,44.0,3257.0
13237,103.0,44.0,3258.0
13238,103.0,44.0,3259.0
13239,103.0,44.0,3513.0
13240,103.0,44.0,3514.0
13241,103.0,44.0,3515.0
13242,103.0,44.0,3769.0
13243,103.0,44.0,3770.0
13244,103.0,44.0,3771.0
13245,103.0,45.0,2221.0
13246,103.0,45.0,2232.0
13247,103.0,45.0,2233.0
13248,103.0,45.0,2234.0
13249,103.0,45.0,2477.0
13250,103.0,45.0,2488.0
13251,103.0,45.0,2489.0
13252,103.0,45.0,2490.0
13253,103.0,45.0,2733.0
13254,103.0,45.0,2744.0
13255,103.0,45.0,2745.0
13256,103.0,45.0,2746.0
13257,103.0,45.0,2989.0
13258,103.0,45.0,3000.0
13259,103.0,45.0,3001.0
13260,103.0,45.0,3002.0
13261,103.0,45.0,3245.0
13262,103.0,45.0,3256.0
13263,103.0,45.0,3257.0
13264,103.0,45.0,3258.0
13265,103.0,45.0,3501.0
13266,103.0,45.0,3512.0
13267,103.0,45.0,3513.0
13268,103.0,45.0,3514.0
13269,103.0,45.0,3757.0
13270,103.0,45.0,3768.0
13271,103.0,45.0,3769.0
13272,103.0,45.0,3770.0
13273,103.0,46.0,2230.0
13274,103.0,46.0,2231.0
13275,103.0,46.0,2486.0
13276,103.0,46.0,2487.0
13277,103.0,46.0,2742.0
13278,103.0,46.0,2743.0
13279,103.0,46.0,2998.0
13280,103.0,46.0,2999.0
13281,103.0,46.0,3254.0
13282,103.0,46.0,3255.0
13283,103.0,46.0,3510.0
13284,103.0,46.0,3511.0
13285,103.0,46.0,3766.0
13286,103.0,46.0,3767.0
13287,103.0,47.0,2229.0
13288,103.0,47.0,2230.0
13289,103.0,47.0,2485.0
13290,103.0,47.0,2486.0
13291,103.0,47.0,2741.0
13292,103.0,47.0,2742.0
13293,103.0,47.0,2997.0
13294,103.0,47.0,2998.0
13295,103.0,47.0,3253.0
13296,103.0,47.0,3254.0
13297,103.0,47.0,3509.0
13298,103.0,47.0,3510.0
13299,103.0,47.0,3765.0
13300,103.0,47.0,3766.0
13301,103.0,48.0,2227.0
13302,103.0,48.0,2228.0
13303,103.0,48.0,2483.0
13304,103.0,48.0,2484.0
13305,103.0,48.0,2739.0
13306,103.0,48.0,2740.0
13307,103.0,48.0,2995.0
13308,103.0,48.0,2996.0
13309,103.0,48.0,3251.0
13310,103.0,48.0,3252.0
13311,103.0,48.0,3507.0
13312,103.0,48.0,3508.0
13313,103.0,48.0,3763.0
13314,103.0,48.0,3764.0
13315,103.0,53.0,2229.0
13316,103.0,53.0,2230.0
13317,103.0,53.0,2243.0
13318,103.0,53.0,2485.0
13319,103.0,53.0,2486.0
13320,103.0,53.0,2499.0
13321,103.0,53.0,2741.0
13322,103.0,53.0,2742.0
13323,103.0,53.0,2755.0
13324,103.0,53.0,2997.0
13325,103.0,53.0,2998.0
13326,103.0,53.0,3011.0
13327,103.0,53.0,3253.0
13328,103.0,53.0,3254.0
13329,103.0,53.0,3267.0
13330,103.0,53.0,3509.0
13331,103.0,53.0,3510.0
13332,103.0,53.0,3523.0
13333,103.0,53.0,3765.0
13334,103.0,53.0,3766.0
13335,103.0,53.0,3779.0
13336,103.0,54.0,2227.0
13337,103.0,54.0,2228.0
13338,103.0,54.0,2229.0
13339,103.0,54.0,2240.0
13340,103.0,54.0,2241.0
13341,103.0,54.0,2242.0
13342,103.0,54.0,2243.0
13343,103.0,54.0,2483.0
13344,103.0,54.0,2484.0
13345,103.0,54.0,2485.0
13346,103.0,54.0,2496.0
13347,103.0,54.0,2497.0
13348,103.0,54.0,2498.0
13349,103.0,54.0,2499.0
13350,103.0,54.0,2739.0
13351,103.0,54.0,2740.0
13352,103.0,54.0,2741.0
13353,103.0,54.0,2752.0
13354,103.0,54.0,2753.0
13355,103.0,54.0,2754.0
13356,103.0,54.0,2755.0
13357,103.0,54.0,2995.0
13358,103.0,54.0,2996.0
13359,103.0,54.0,2997.0
13360,103.0,54.0,3008.0
13361,103.0,54.0,3009.0
13362,103.0,54.0,3010.0
13363,103.0,54.0,3011.0
13364,103.0,54.0,3251.0
13365,103.0,54.0,3252.0
13366,103.0,54.0,3253.0
13367,103.0,54.0,3264.0
13368,103.0,54.0,3265.0
13369,103.0,54.0,3266.0
13370,103.0,54.0,3267.0
13371,103.0,54.0,3507.0
13372,103.0,54.0,3508.0
13373,103.0,54.0,3509.0
13374,103.0,54.0,3520.0
13375,103.0,54.0,3521.0
13376,103.0,54.0,3522.0
13377,103.0,54.0,3523.0
13378,103.0,54.0,3763.0
13379,103.0,54.0,3764.0
13380,103.0,54.0,3765.0
13381,103.0,54.0,3776.0
13382,103.0,54.0,3777.0
13383,103.0,54.0,3778.0
13384,103.0,54.0,3779.0
13385,103.0,55.0,2240.0
13386,103.0,55.0,2241.0
13387,103.0,55.0,2496.0
13388,103.0,55.0,2497.0
13389,103.0,55.0,2752.0
13390,103.0,55.0,2753.0
13391,103.0,55.0,3008.0
13392,103.0,55.0,3009.0
13393,103.0,55.0,3264.0
13394,103.0,55.0,3265.0
13395,103.0,55.0,3520.0
13396,103.0,55.0,3521.0
13397,103.0,55.0,3776.0
13398,103.0,55.0,3777.0
13399,103.0,56.0,2239.0
13400,103.0,56.0,2240.0
13401,103.0,56.0,2495.0
13402,103.0,56.0,2496.0
13403,103.0,56.0,2751.0
13404,103.0,56.0,2752.0
13405,103.0,56.0,3007.0
13406,103.0,56.0,3008.0
13407,103.0,56.0,3263.0
13408,103.0,56.0,3264.0
13409,103.0,56.0,3519.0
13410,103.0,56.0,3520.0
13411,103.0,56.0,3775.0
13412,103.0,56.0,3776.0
13413,103.0,57.0,2236.0
13414,103.0,57.0,2237.0
13415,103.0,57.0,2238.0
13416,103.0,57.0,2239.0
13417,103.0,57.0,2240.0
13418,103.0,57.0,2492.0
13419,103.0,57.0,2493.0
13420,103.0,57.0,2494.0
13421,103.0,57.0,2495.0
13422,103.0,57.0,2496.0
13423,103.0,57.0,2748.0
13424,103.0,57.0,2749.0
13425,103.0,57.0,2750.0
13426,103.0,57.0,2751.0
13427,103.0,57.0,2752.0
13428,103.0,57.0,3004.0
13429,103.0,57.0,3005.0
13430,103.0,57.0,3006.0
13431,103.0,57.0,3007.0
13432,103.0,57.0,3008.0
13433,103.0,57.0,3260.0
13434,103.0,57.0,3261.0
13435,103.0,57.0,3262.0
13436,103.0,57.0,3263.0
13437,103.0,57.0,3264.0
13438,103.0,57.0,3516.0
13439,103.0,57.0,3517.0
13440,103.0,57.0,3518.0
13441,103.0,57.0,3519.0
13442,103.0,57.0,3520.0
13443,103.0,57.0,3772.0
13444,103.0,57.0,3773.0
13445,103.0,57.0,3774.0
13446,103.0,57.0,3775.0
13447,103.0,57.0,3776.0
13448,103.0,58.0,2229.0
13449,103.0,58.0,2230.0
13450,103.0,58.0,2236.0
13451,103.0,58.0,2237.0
13452,103.0,58.0,2238.0
13453,103.0,58.0,2485.0
13454,103.0,58.0,2486.0
13455,103.0,58.0,2492.0
13456,103.0,58.0,2493.0
13457,103.0,58.0,2494.0
13458,103.0,58.0,2741.0
13459,103.0,58.0,2742.0
13460,103.0,58.0,2748.0
13461,103.0,58.0,2749.0
13462,103.0,58.0,2750.0
13463,103.0,58.0,2997.0
13464,103.0,58.0,2998.0
13465,103.0,58.0,3004.0
13466,103.0,58.0,3005.0
13467,103.0,58.0,3006.0
13468,103.0,58.0,3253.0
13469,103.0,58.0,3254.0
13470,103.0,58.0,3260.0
13471,103.0,58.0,3261.0
13472,103.0,58.0,3262.0
13473,103.0,58.0,3509.0
13474,103.0,58.0,3510.0
13475,103.0,58.0,3516.0
13476,103.0,58.0,3517.0
13477,103.0,58.0,3518.0
13478,103.0,58.0,3765.0
13479,103.0,58.0,3766.0
13480,103.0,58.0,3772.0
13481,103.0,58.0,3773.0
13482,103.0,58.0,3774.0
13483,103.0,59.0,2227.0
13484,103.0,59.0,2228.0
13485,103.0,59.0,2229.0
13486,103.0,59.0,2235.0
13487,103.0,59.0,2236.0
13488,103.0,59.0,2237.0
13489,103.0,59.0,2483.0
13490,103.0,59.0,2484.0
13491,103.0,59.0,2485.0
13492,103.0,59.0,2491.0
13493,103.0,59.0,2492.0
13494,103.0,59.0,2493.0
13495,103.0,59.0,2739.0
13496,103.0,59.0,2740.0
13497,103.0,59.0,2741.0
13498,103.0,59.0,2747.0
13499,103.0,59.0,2748.0
13500,103.0,59.0,2749.0
13501,103.0,59.0,2995.0
13502,103.0,59.0,2996.0
13503,103.0,59.0,2997.0
13504,103.0,59.0,3003.0
13505,103.0,59.0,3004.0
13506,103.0,59.0,3005.0
13507,103.0,59.0,3251.0
13508,103.0,59.0,3252.0
13509,103.0,59.0,3253.0
13510,103.0,59.0,3259.0
13511,103.0,59.0,3260.0
13512,103.0,59.0,3261.0
13513,103.0,59.0,3507.0
13514,103.0,59.0,3508.0
13515,103.0,59.0,3509.0
13516,103.0,59.0,3515.0
13517,103.0,59.0,3516.0
13518,103.0,59.0,3517.0
13519,103.0,59.0,3763.0
13520,103.0,59.0,3764.0
13521,103.0,59.0,3765.0
13522,103.0,59.0,3771.0
13523,103.0,59.0,3772.0
13524,103.0,59.0,3773.0
13525,103.0,60.0,2233.0
13526,103.0,60.0,2234.0
13527,103.0,60.0,2489.0
13528,103.0,60.0,2490.0
13529,103.0,60.0,2745.0
13530,103.0,60.0,2746.0
13531,103.0,60.0,3001.0
13532,103.0,60.0,3002.0
13533,103.0,60.0,3257.0
13534,103.0,60.0,3258.0
13535,103.0,60.0,3513.0
13536,103.0,60.0,3514.0
13537,103.0,60.0,3769.0
13538,103.0,60.0,3770.0
13539,103.0,63.0,2222.0
13540,103.0,63.0,2223.0
13541,103.0,63.0,2224.0
13542,103.0,63.0,2226.0
13543,103.0,63.0,2478.0
13544,103.0,63.0,2479.0
13545,103.0,63.0,2480.0
13546,103.0,63.0,2482.0
13547,103.0,63.0,2734.0
13548,103.0,63.0,2735.0
13549,103.0,63.0,2736.0
13550,103.0,63.0,2738.0
13551,103.0,63.0,2990.0
13552,103.0,63.0,2991.0
13553,103.0,63.0,2992.0
13554,103.0,63.0,2994.0
13555,103.0,63.0,3246.0
13556,103.0,63.0,3247.0
13557,103.0,63.0,3248.0
13558,103.0,63.0,3250.0
13559,103.0,63.0,3502.0
13560,103.0,63.0,3503.0
13561,103.0,63.0,3504.0
13562,103.0,63.0,3506.0
13563,103.0,63.0,3758.0
13564,103.0,63.0,3759.0
13565,103.0,63.0,3760.0
13566,103.0,63.0,3762.0
13567,103.0,64.0,2223.0
13568,103.0,64.0,2224.0
13569,103.0,64.0,2225.0
13570,103.0,64.0,2226.0
13571,103.0,64.0,2479.0
13572,103.0,64.0,2480.0
13573,103.0,64.0,2481.0
13574,103.0,64.0,2482.0
13575,103.0,64.0,2735.0
13576,103.0,64.0,2736.0
13577,103.0,64.0,2737.0
13578,103.0,64.0,2738.0
13579,103.0,64.0,2991.0
13580,103.0,64.0,2992.0
13581,103.0,64.0,2993.0
13582,103.0,64.0,2994.0
13583,103.0,64.0,3247.0
13584,103.0,64.0,3248.0
13585,103.0,64.0,3249.0
13586,103.0,64.0,3250.0
13587,103.0,64.0,3503.0
13588,103.0,64.0,3504.0
13589,103.0,64.0,3505.0
13590,103.0,64.0,3506.0
13591,103.0,64.0,3759.0
13592,103.0,64.0,3760.0
13593,103.0,64.0,3761.0
13594,103.0,64.0,3762.0
13595,103.0,65.0,2242.0
13596,103.0,65.0,2498.0
13597,103.0,65.0,2754.0
13598,103.0,65.0,3010.0
13599,103.0,65.0,3266.0
13600,103.0,65.0,3522.0
13601,103.0,65.0,3778.0
13602,103.0,68.0,2221.0
13603,103.0,68.0,2226.0
13604,103.0,68.0,2482.0
13605,103.0,68.0,2738.0
13606,103.0,68.0,3250.0
13607,103.0,68.0,3506.0
13608,103.0,68.0,3762.0
13609,103.0,69.0,2220.0
13610,103.0,69.0,2223.0
13611,103.0,69.0,2224.0
13612,103.0,69.0,2225.0
13613,103.0,69.0,2226.0
13614,103.0,69.0,2227.0
13615,103.0,69.0,2479.0
13616,103.0,69.0,2480.0
13617,103.0,69.0,2481.0
13618,103.0,69.0,2482.0
13619,103.0,69.0,2483.0
13620,103.0,69.0,2735.0
13621,103.0,69.0,2736.0
13622,103.0,69.0,2737.0
13623,103.0,69.0,2738.0
13624,103.0,69.0,2739.0
13625,103.0,69.0,3247.0
13626,103.0,69.0,3248.0
13627,103.0,69.0,3249.0
13628,103.0,69.0,3250.0
13629,103.0,69.0,3251.0
13630,103.0,69.0,3503.0
13631,103.0,69.0,3504.0
13632,103.0,69.0,3505.0
13633,103.0,69.0,3506.0
13634,103.0,69.0,3507.0
13635,103.0,69.0,3759.0
13636,103.0,69.0,3760.0
13637,103.0,69.0,3761.0
13638,103.0,69.0,3762.0
13639,103.0,69.0,3763.0
13640,103.0,70.0,2221.0
13641,103.0,70.0,2222.0
13642,103.0,70.0,2223.0
13643,103.0,70.0,2224.0
13644,103.0,70.0,2234.0
13645,103.0,70.0,2244.0
13646,103.0,70.0,2477.0
13647,103.0,70.0,2478.0
13648,103.0,70.0,2479.0
13649,103.0,70.0,2480.0
13650,103.0,70.0,2490.0
13651,103.0,70.0,2500.0
13652,103.0,70.0,2733.0
13653,103.0,70.0,2734.0
13654,103.0,70.0,2735.0
13655,103.0,70.0,2736.0
13656,103.0,70.0,2746.0
13657,103.0,70.0,2756.0
13658,103.0,70.0,3002.0
13659,103.0,70.0,3012.0
13660,103.0,70.0,3245.0
13661,103.0,70.0,3246.0
13662,103.0,70.0,3247.0
13663,103.0,70.0,3248.0
13664,103.0,70.0,3258.0
13665,103.0,70.0,3268.0
13666,103.0,70.0,3501.0
13667,103.0,70.0,3502.0
13668,103.0,70.0,3503.0
13669,103.0,70.0,3504.0
13670,103.0,70.0,3514.0
13671,103.0,70.0,3524.0
13672,103.0,70.0,3757.0
13673,103.0,70.0,3758.0
13674,103.0,70.0,3759.0
13675,103.0,70.0,3760.0
13676,103.0,70.0,3770.0
13677,103.0,70.0,3780.0
13678,103.0,71.0,2241.0
13679,103.0,71.0,2242.0
13680,103.0,71.0,2243.0
13681,103.0,71.0,2244.0
13682,103.0,71.0,2245.0
13683,103.0,71.0,2497.0
13684,103.0,71.0,2498.0
13685,103.0,71.0,2499.0
13686,103.0,71.0,2500.0
13687,103.0,71.0,2501.0
13688,103.0,71.0,2753.0
13689,103.0,71.0,2754.0
13690,103.0,71.0,2755.0
13691,103.0,71.0,2756.0
13692,103.0,71.0,2757.0
13693,103.0,71.0,3009.0
13694,103.0,71.0,3010.0
13695,103.0,71.0,3011.0
13696,103.0,71.0,3012.0
13697,103.0,71.0,3013.0
13698,103.0,71.0,3265.0
13699,103.0,71.0,3266.0
13700,103.0,71.0,3267.0
13701,103.0,71.0,3268.0
13702,103.0,71.0,3269.0
13703,103.0,71.0,3521.0
13704,103.0,71.0,3522.0
13705,103.0,71.0,3523.0
13706,103.0,71.0,3524.0
13707,103.0,71.0,3525.0
13708,103.0,71.0,3777.0
13709,103.0,71.0,3778.0
13710,103.0,71.0,3779.0
13711,103.0,71.0,3780.0
13712,103.0,71.0,3781.0
13713,103.0,72.0,2229.0
13714,103.0,72.0,2230.0
13715,103.0,72.0,2241.0
13716,103.0,72.0,2242.0
13717,103.0,72.0,2497.0
13718,103.0,72.0,2498.0
13719,103.0,72.0,2753.0
13720,103.0,72.0,2754.0
13721,103.0,72.0,3009.0
13722,103.0,72.0,3010.0
13723,103.0,72.0,3265.0
13724,103.0,72.0,3266.0
13725,103.0,72.0,3521.0
13726,103.0,72.0,3522.0
13727,103.0,72.0,3777.0
13728,103.0,72.0,3778.0
13729,103.0,73.0,2227.0
13730,103.0,74.0,2223.0
13731,103.0,74.0,2224.0
13732,103.0,74.0,2735.0
13733,103.0,74.0,2736.0
13734,103.0,74.0,3247.0
13735,103.0,74.0,3248.0
13736,103.0,74.0,3503.0
13737,103.0,74.0,3504.0
13738,103.0,74.0,3759.0
13739,103.0,74.0,3760.0
13740,103.0,75.0,2224.0
13741,103.0,75.0,2736.0
13742,103.0,75.0,3248.0
13743,103.0,75.0,3504.0
13744,103.0,75.0,3760.0
13745,103.0,76.0,2243.0
13746,103.0,76.0,2244.0
13747,103.0,76.0,2245.0
13748,103.0,76.0,2246.0
13749,103.0,76.0,2247.0
13750,103.0,76.0,2499.0
13751,103.0,76.0,2500.0
13752,103.0,76.0,2501.0
13753,103.0,76.0,2502.0
13754,103.0,76.0,2503.0
13755,103.0,76.0,2755.0
13756,103.0,76.0,2756.0
13757,103.0,76.0,2757.0
13758,103.0,76.0,2758.0
13759,103.0,76.0,2759.0
13760,103.0,76.0,3011.0
13761,103.0,76.0,3012.0
13762,103.0,76.0,3013.0
13763,103.0,76.0,3014.0
13764,103.0,76.0,3015.0
13765,103.0,76.0,3267.0
13766,103.0,76.0,3268.0
13767,103.0,76.0,3269.0
13768,103.0,76.0,3270.0
13769,103.0,76.0,3271.0
13770,103.0,76.0,3523.0
13771,103.0,76.0,3524.0
13772,103.0,76.0,3525.0
13773,103.0,76.0,3526.0
13774,103.0,76.0,3527.0
13775,103.0,76.0,3779.0
13776,103.0,76.0,3780.0
13777,103.0,76.0,3781.0
13778,103.0,76.0,3782.0
13779,103.0,76.0,3783.0
13780,103.0,77.0,2241.0
13781,103.0,77.0,2242.0
13782,103.0,77.0,2243.0
13783,103.0,77.0,2244.0
13784,103.0,77.0,2245.0
13785,103.0,77.0,2497.0
13786,103.0,77.0,2498.0
13787,103.0,77.0,2499.0
13788,103.0,77.0,2500.0
13789,103.0,77.0,2501.0
13790,103.0,77.0,2753.0
13791,103.0,77.0,2754.0
13792,103.0,77.0,2755.0
13793,103.0,77.0,2756.0
13794,103.0,77.0,2757.0
13795,103.0,77.0,3009.0
13796,103.0,77.0,3010.0
13797,103.0,77.0,3011.0
13798,103.0,77.0,3012.0
13799,103.0,77.0,3013.0
13800,103.0,77.0,3265.0
13801,103.0,77.0,3266.0
13802,103.0,77.0,3267.0
13803,103.0,77.0,3268.0
13804,103.0,77.0,3269.0
13805,103.0,77.0,3521.0
13806,103.0,77.0,3522.0
13807,103.0,77.0,3523.0
13808,103.0,77.0,3524.0
13809,103.0,77.0,3525.0
13810,103.0,77.0,3777.0
13811,103.0,77.0,3778.0
13812,103.0,77.0,3779.0
13813,103.0,77.0,3780.0
13814,103.0,77.0,3781.0
13815,103.0,78.0,2230.0
13816,103.0,78.0,2231.0
13817,103.0,78.0,2244.0
13818,103.0,78.0,2486.0
13819,103.0,78.0,2487.0
13820,103.0,78.0,2500.0
13821,103.0,78.0,2742.0
13822,103.0,78.0,2743.0
13823,103.0,78.0,2756.0
13824,103.0,78.0,2998.0
13825,103.0,78.0,2999.0
13826,103.0,78.0,3012.0
13827,103.0,78.0,3254.0
13828,103.0,78.0,3255.0
13829,103.0,78.0,3268.0
13830,103.0,78.0,3510.0
13831,103.0,78.0,3511.0
13832,103.0,78.0,3524.0
13833,103.0,78.0,3766.0
13834,103.0,78.0,3767.0
13835,103.0,78.0,3780.0
13836,103.0,80.0,2246.0
13837,103.0,80.0,2247.0
13838,103.0,80.0,2502.0
13839,103.0,80.0,2503.0
13840,103.0,80.0,2758.0
13841,103.0,80.0,2759.0
13842,103.0,80.0,3014.0
13843,103.0,80.0,3015.0
13844,103.0,80.0,3270.0
13845,103.0,80.0,3271.0
13846,103.0,80.0,3526.0
13847,103.0,80.0,3527.0
13848,103.0,80.0,3782.0
13849,103.0,80.0,3783.0
13850,103.0,81.0,2236.0
13851,103.0,81.0,2237.0
13852,103.0,81.0,2238.0
13853,103.0,81.0,2492.0
13854,103.0,81.0,2493.0
13855,103.0,81.0,2494.0
13856,103.0,81.0,2748.0
13857,103.0,81.0,2749.0
13858,103.0,81.0,2750.0
13859,103.0,81.0,3004.0
13860,103.0,81.0,3005.0
13861,103.0,81.0,3006.0
13862,103.0,81.0,3260.0
13863,103.0,81.0,3261.0
13864,103.0,81.0,3262.0
13865,103.0,81.0,3516.0
13866,103.0,81.0,3517.0
13867,103.0,81.0,3518.0
13868,103.0,81.0,3772.0
13869,103.0,81.0,3773.0
13870,103.0,81.0,3774.0
13871,103.0,82.0,2237.0
13872,103.0,82.0,2247.0
13873,103.0,82.0,2248.0
13874,103.0,82.0,2493.0
13875,103.0,82.0,2503.0
13876,103.0,82.0,2504.0
13877,103.0,82.0,2749.0
13878,103.0,82.0,2759.0
13879,103.0,82.0,2760.0
13880,103.0,82.0,3005.0
13881,103.0,82.0,3015.0
13882,103.0,82.0,3016.0
13883,103.0,82.0,3261.0
13884,103.0,82.0,3271.0
13885,103.0,82.0,3272.0
13886,103.0,82.0,3517.0
13887,103.0,82.0,3527.0
13888,103.0,82.0,3528.0
13889,103.0,82.0,3773.0
13890,103.0,82.0,3783.0
13891,103.0,82.0,3784.0
13892,103.0,84.0,2238.0
13893,103.0,84.0,2494.0
13894,103.0,84.0,2750.0
13895,103.0,84.0,3006.0
13896,103.0,84.0,3262.0
13897,103.0,84.0,3518.0
13898,103.0,84.0,3774.0
13899,103.0,88.0,2245.0
13900,103.0,88.0,2246.0
13901,103.0,88.0,2501.0
13902,103.0,88.0,2502.0
13903,103.0,88.0,2757.0
13904,103.0,88.0,2758.0
13905,103.0,88.0,3013.0
13906,103.0,88.0,3014.0
13907,103.0,88.0,3269.0
13908,103.0,88.0,3270.0
13909,103.0,88.0,3525.0
13910,103.0,88.0,3526.0
13911,103.0,88.0,3781.0
13912,103.0,88.0,3782.0
13913,103.0,89.0,2244.0
13914,103.0,89.0,2245.0
13915,103.0,89.0,2500.0
13916,103.0,89.0,2501.0
13917,103.0,89.0,2756.0
13918,103.0,89.0,2757.0
13919,103.0,89.0,3012.0
13920,103.0,89.0,3013.0
13921,103.0,89.0,3268.0
13922,103.0,89.0,3269.0
13923,103.0,89.0,3524.0
13924,103.0,89.0,3525.0
13925,103.0,89.0,3780.0
13926,103.0,89.0,3781.0
13927,103.0,90.0,2243.0
13928,103.0,90.0,2244.0
13929,103.0,90.0,2245.0
13930,103.0,90.0,2248.0
13931,103.0,90.0,2249.0
13932,103.0,90.0,2499.0
13933,103.0,90.0,2500.0
13934,103.0,90.0,2501.0
13935,103.0,90.0,2504.0
13936,103.0,90.0,2505.0
13937,103.0,90.0,2755.0
13938,103.0,90.0,2756.0
13939,103.0,90.0,2757.0
13940,103.0,90.0,2760.0
13941,103.0,90.0,2761.0
13942,103.0,90.0,3011.0
13943,103.0,90.0,3012.0
13944,103.0,90.0,3013.0
13945,103.0,90.0,3016.0
13946,103.0,90.0,3017.0
13947,103.0,90.0,3267.0
13948,103.0,90.0,3268.0
13949,103.0,90.0,3269.0
13950,103.0,90.0,3272.0
13951,103.0,90.0,3273.0
13952,103.0,90.0,3523.0
13953,103.0,90.0,3524.0
13954,103.0,90.0,3525.0
13955,103.0,90.0,3528.0
13956,103.0,90.0,3529.0
13957,103.0,90.0,3779.0
13958,103.0,90.0,3780.0
13959,103.0,90.0,3781.0
13960,103.0,90.0,3784.0
13961,103.0,90.0,3785.0
13962,103.0,91.0,2242.0
13963,103.0,91.0,2244.0
13964,103.0,91.0,2246.0
13965,103.0,91.0,2498.0
13966,103.0,91.0,2500.0
13967,103.0,91.0,2502.0
13968,103.0,91.0,2754.0
13969,103.0,91.0,2756.0
13970,103.0,91.0,2758.0
13971,103.0,91.0,3010.0
13972,103.0,91.0,3012.0
13973,103.0,91.0,3014.0
13974,103.0,91.0,3266.0
13975,103.0,91.0,3268.0
13976,103.0,91.0,3270.0
13977,103.0,91.0,3522.0
13978,103.0,91.0,3524.0
13979,103.0,91.0,3526.0
13980,103.0,91.0,3778.0
13981,103.0,91.0,3780.0
13982,103.0,91.0,3782.0
13983,103.0,98.0,2243.0
13984,103.0,98.0,2499.0
13985,103.0,98.0,2755.0
13986,103.0,98.0,3011.0
13987,103.0,98.0,3267.0
13988,103.0,98.0,3523.0
13989,103.0,98.0,3779.0
13990,103.0,99.0,2205.0
13991,103.0,99.0,2206.0
13992,103.0,99.0,2717.0
13993,103.0,99.0,2718.0
13994,103.0,99.0,2973.0
13995,103.0,99.0,2974.0
13996,103.0,99.0,3229.0
13997,103.0,99.0,3230.0
13998,103.0,99.0,3485.0
13999,103.0,99.0,3486.0
14000,103.0,99.0,3741.0
14001,103.0,99.0,3742.0
14002,103.0,102.0,2211.0
14003,103.0,102.0,2212.0
14004,103.0,102.0,2723.0
14005,103.0,102.0,2724.0
14006,103.0,102.0,2979.0
14007,103.0,102.0,2980.0
14008,103.0,102.0,3235.0
14009,103.0,102.0,3236.0
14010,103.0,102.0,3747.0
14011,103.0,102.0,3748.0
14012,103.0,103.0,2211.0
14013,103.0,103.0,2212.0
14014,103.0,103.0,2723.0
14015,103.0,103.0,2724.0
14016,103.0,103.0,2979.0
14017,103.0,103.0,2980.0
14018,103.0,103.0,3235.0
14019,103.0,103.0,3236.0
14020,103.0,103.0,3747.0
14021,103.0,103.0,3748.0
14022,103.0,106.0,2220.0
14023,103.0,109.0,2234.0
14024,103.0,109.0,2235.0
14025,104.0,30.0,2191.0
14026,104.0,30.0,2192.0
14027,104.0,30.0,2219.0
14028,104.0,30.0,2220.0
14029,104.0,30.0,2221.0
14030,104.0,30.0,2475.0
14031,104.0,30.0,2476.0
14032,104.0,30.0,2477.0
14033,104.0,30.0,2703.0
14034,104.0,30.0,2704.0
14035,104.0,30.0,2731.0
14036,104.0,30.0,2732.0
14037,104.0,30.0,2733.0
14038,104.0,30.0,2959.0
14039,104.0,30.0,2960.0
14040,104.0,30.0,2987.0
14041,104.0,30.0,2988.0
14042,104.0,30.0,2989.0
14043,104.0,30.0,3215.0
14044,104.0,30.0,3216.0
14045,104.0,30.0,3243.0
14046,104.0,30.0,3244.0
14047,104.0,30.0,3245.0
14048,104.0,30.0,3471.0
14049,104.0,30.0,3472.0
14050,104.0,30.0,3499.0
14051,104.0,30.0,3500.0
14052,104.0,30.0,3501.0
14053,104.0,30.0,3727.0
14054,104.0,30.0,3728.0
14055,104.0,30.0,3755.0
14056,104.0,30.0,3756.0
14057,104.0,30.0,3757.0
14058,104.0,31.0,2209.0
14059,104.0,31.0,2210.0
14060,104.0,31.0,2211.0
14061,104.0,31.0,2212.0
14062,104.0,31.0,2218.0
14063,104.0,31.0,2219.0
14064,104.0,31.0,2220.0
14065,104.0,31.0,2465.0
14066,104.0,31.0,2466.0
14067,104.0,31.0,2467.0
14068,104.0,31.0,2468.0
14069,104.0,31.0,2474.0
14070,104.0,31.0,2475.0
14071,104.0,31.0,2476.0
14072,104.0,31.0,2721.0
14073,104.0,31.0,2722.0
14074,104.0,31.0,2723.0
14075,104.0,31.0,2724.0
14076,104.0,31.0,2730.0
14077,104.0,31.0,2731.0
14078,104.0,31.0,2732.0
14079,104.0,31.0,2977.0
14080,104.0,31.0,2978.0
14081,104.0,31.0,2979.0
14082,104.0,31.0,2980.0
14083,104.0,31.0,2986.0
14084,104.0,31.0,2987.0
14085,104.0,31.0,2988.0
14086,104.0,31.0,3233.0
14087,104.0,31.0,3234.0
14088,104.0,31.0,3235.0
14089,104.0,31.0,3236.0
14090,104.0,31.0,3242.0
14091,104.0,31.0,3243.0
14092,104.0,31.0,3244.0
14093,104.0,31.0,3489.0
14094,104.0,31.0,3490.0
14095,104.0,31.0,3491.0
14096,104.0,31.0,3492.0
14097,104.0,31.0,3498.0
14098,104.0,31.0,3499.0
14099,104.0,31.0,3500.0
14100,104.0,31.0,3745.0
14101,104.0,31.0,3746.0
14102,104.0,31.0,3747.0
14103,104.0,31.0,3748.0
14104,104.0,31.0,3754.0
14105,104.0,31.0,3755.0
14106,104.0,31.0,3756.0
14107,104.0,32.0,2208.0
14108,104.0,32.0,2209.0
14109,104.0,32.0,2210.0
14110,104.0,32.0,2218.0
14111,104.0,32.0,2219.0
14112,104.0,32.0,2464.0
14113,104.0,32.0,2465.0
14114,104.0,32.0,2466.0
14115,104.0,32.0,2474.0
14116,104.0,32.0,2475.0
14117,104.0,32.0,2720.0
14118,104.0,32.0,2721.0
14119,104.0,32.0,2722.0
14120,104.0,32.0,2730.0
14121,104.0,32.0,2731.0
14122,104.0,32.0,2976.0
14123,104.0,32.0,2977.0
14124,104.0,32.0,2978.0
14125,104.0,32.0,2986.0
14126,104.0,32.0,2987.0
14127,104.0,32.0,3232.0
14128,104.0,32.0,3233.0
14129,104.0,32.0,3234.0
14130,104.0,32.0,3242.0
14131,104.0,32.0,3243.0
14132,104.0,32.0,3488.0
14133,104.0,32.0,3489.0
14134,104.0,32.0,3490.0
14135,104.0,32.0,3498.0
14136,104.0,32.0,3499.0
14137,104.0,32.0,3744.0
14138,104.0,32.0,3745.0
14139,104.0,32.0,3746.0
14140,104.0,32.0,3754.0
14141,104.0,32.0,3755.0
14142,104.0,33.0,2208.0
14143,104.0,40.0,2195.0
14144,104.0,40.0,2707.0
14145,104.0,40.0,2963.0
14146,104.0,40.0,3219.0
14147,104.0,40.0,3731.0
14148,104.0,41.0,2194.0
14149,104.0,41.0,2195.0
14150,104.0,41.0,2706.0
14151,104.0,41.0,2707.0
14152,104.0,41.0,2962.0
14153,104.0,41.0,2963.0
14154,104.0,41.0,3218.0
14155,104.0,41.0,3219.0
14156,104.0,41.0,3730.0
14157,104.0,41.0,3731.0
14158,104.0,42.0,2221.0
14159,104.0,42.0,2226.0
14160,104.0,42.0,2477.0
14161,104.0,42.0,2482.0
14162,104.0,42.0,2733.0
14163,104.0,42.0,2738.0
14164,104.0,42.0,2989.0
14165,104.0,42.0,2994.0
14166,104.0,42.0,3245.0
14167,104.0,42.0,3250.0
14168,104.0,42.0,3501.0
14169,104.0,42.0,3506.0
14170,104.0,42.0,3757.0
14171,104.0,42.0,3762.0
14172,104.0,44.0,2198.0
14173,104.0,44.0,2199.0
14174,104.0,48.0,2226.0
14175,104.0,48.0,2227.0
14176,104.0,48.0,2228.0
14177,104.0,48.0,2245.0
14178,104.0,48.0,2482.0
14179,104.0,48.0,2483.0
14180,104.0,48.0,2484.0
14181,104.0,48.0,2738.0
14182,104.0,48.0,2739.0
14183,104.0,48.0,2740.0
14184,104.0,48.0,2994.0
14185,104.0,48.0,2995.0
14186,104.0,48.0,2996.0
14187,104.0,48.0,3250.0
14188,104.0,48.0,3251.0
14189,104.0,48.0,3252.0
14190,104.0,48.0,3506.0
14191,104.0,48.0,3507.0
14192,104.0,48.0,3508.0
14193,104.0,48.0,3762.0
14194,104.0,48.0,3763.0
14195,104.0,48.0,3764.0
14196,104.0,49.0,2225.0
14197,104.0,49.0,2242.0
14198,104.0,49.0,2243.0
14199,104.0,49.0,2244.0
14200,104.0,49.0,2481.0
14201,104.0,49.0,2737.0
14202,104.0,49.0,2993.0
14203,104.0,49.0,3249.0
14204,104.0,49.0,3505.0
14205,104.0,49.0,3761.0
14206,104.0,50.0,2242.0
14207,104.0,50.0,2243.0
14208,104.0,53.0,2226.0
14209,104.0,54.0,2225.0
14210,104.0,54.0,2226.0
14211,104.0,54.0,2228.0
14212,104.0,54.0,2229.0
14213,104.0,54.0,2484.0
14214,104.0,54.0,2485.0
14215,104.0,54.0,2740.0
14216,104.0,54.0,2741.0
14217,104.0,54.0,2996.0
14218,104.0,54.0,2997.0
14219,104.0,54.0,3252.0
14220,104.0,54.0,3253.0
14221,104.0,54.0,3508.0
14222,104.0,54.0,3509.0
14223,104.0,54.0,3764.0
14224,104.0,54.0,3765.0
14225,104.0,55.0,2228.0
14226,104.0,55.0,2229.0
14227,104.0,55.0,2484.0
14228,104.0,55.0,2485.0
14229,104.0,55.0,2740.0
14230,104.0,55.0,2741.0
14231,104.0,55.0,2996.0
14232,104.0,55.0,2997.0
14233,104.0,55.0,3252.0
14234,104.0,55.0,3253.0
14235,104.0,55.0,3508.0
14236,104.0,55.0,3509.0
14237,104.0,55.0,3764.0
14238,104.0,55.0,3765.0
14239,104.0,58.0,2229.0
14240,104.0,58.0,2230.0
14241,104.0,58.0,2231.0
14242,104.0,58.0,2240.0
14243,104.0,58.0,2485.0
14244,104.0,58.0,2486.0
14245,104.0,58.0,2487.0
14246,104.0,58.0,2496.0
14247,104.0,58.0,2741.0
14248,104.0,58.0,2742.0
14249,104.0,58.0,2743.0
14250,104.0,58.0,2752.0
14251,104.0,58.0,2997.0
14252,104.0,58.0,2998.0
14253,104.0,58.0,2999.0
14254,104.0,58.0,3008.0
14255,104.0,58.0,3253.0
14256,104.0,58.0,3254.0
14257,104.0,58.0,3255.0
14258,104.0,58.0,3264.0
14259,104.0,58.0,3509.0
14260,104.0,58.0,3510.0
14261,104.0,58.0,3511.0
14262,104.0,58.0,3520.0
14263,104.0,58.0,3765.0
14264,104.0,58.0,3766.0
14265,104.0,58.0,3767.0
14266,104.0,58.0,3776.0
14267,104.0,59.0,2227.0
14268,104.0,59.0,2235.0
14269,104.0,59.0,2236.0
14270,104.0,59.0,2239.0
14271,104.0,59.0,2240.0
14272,104.0,59.0,2241.0
14273,104.0,59.0,2483.0
14274,104.0,59.0,2491.0
14275,104.0,59.0,2492.0
14276,104.0,59.0,2495.0
14277,104.0,59.0,2496.0
14278,104.0,59.0,2497.0
14279,104.0,59.0,2739.0
14280,104.0,59.0,2747.0
14281,104.0,59.0,2748.0
14282,104.0,59.0,2751.0
14283,104.0,59.0,2752.0
14284,104.0,59.0,2753.0
14285,104.0,59.0,2995.0
14286,104.0,59.0,3003.0
14287,104.0,59.0,3004.0
14288,104.0,59.0,3007.0
14289,104.0,59.0,3008.0
14290,104.0,59.0,3009.0
14291,104.0,59.0,3251.0
14292,104.0,59.0,3259.0
14293,104.0,59.0,3260.0
14294,104.0,59.0,3263.0
14295,104.0,59.0,3264.0
14296,104.0,59.0,3265.0
14297,104.0,59.0,3507.0
14298,104.0,59.0,3515.0
14299,104.0,59.0,3516.0
14300,104.0,59.0,3519.0
14301,104.0,59.0,3520.0
14302,104.0,59.0,3521.0
14303,104.0,59.0,3763.0
14304,104.0,59.0,3771.0
14305,104.0,59.0,3772.0
14306,104.0,59.0,3775.0
14307,104.0,59.0,3776.0
14308,104.0,59.0,3777.0
14309,104.0,60.0,2233.0
14310,104.0,60.0,2234.0
14311,104.0,60.0,2237.0
14312,104.0,60.0,2238.0
14313,104.0,60.0,2239.0
14314,104.0,60.0,2489.0
14315,104.0,60.0,2490.0
14316,104.0,60.0,2493.0
14317,104.0,60.0,2494.0
14318,104.0,60.0,2495.0
14319,104.0,60.0,2745.0
14320,104.0,60.0,2746.0
14321,104.0,60.0,2749.0
14322,104.0,60.0,2750.0
14323,104.0,60.0,2751.0
14324,104.0,60.0,3001.0
14325,104.0,60.0,3002.0
14326,104.0,60.0,3005.0
14327,104.0,60.0,3006.0
14328,104.0,60.0,3007.0
14329,104.0,60.0,3257.0
14330,104.0,60.0,3258.0
14331,104.0,60.0,3261.0
14332,104.0,60.0,3262.0
14333,104.0,60.0,3263.0
14334,104.0,60.0,3513.0
14335,104.0,60.0,3514.0
14336,104.0,60.0,3517.0
14337,104.0,60.0,3518.0
14338,104.0,60.0,3519.0
14339,104.0,60.0,3769.0
14340,104.0,60.0,3770.0
14341,104.0,60.0,3773.0
14342,104.0,60.0,3774.0
14343,104.0,60.0,3775.0
14344,104.0,61.0,2236.0
14345,104.0,61.0,2237.0
14346,104.0,61.0,2238.0
14347,104.0,61.0,2239.0
14348,104.0,61.0,2492.0
14349,104.0,61.0,2493.0
14350,104.0,61.0,2494.0
14351,104.0,61.0,2495.0
14352,104.0,61.0,2748.0
14353,104.0,61.0,2749.0
14354,104.0,61.0,2750.0
14355,104.0,61.0,2751.0
14356,104.0,61.0,3004.0
14357,104.0,61.0,3005.0
14358,104.0,61.0,3006.0
14359,104.0,61.0,3007.0
14360,104.0,61.0,3260.0
14361,104.0,61.0,3261.0
14362,104.0,61.0,3262.0
14363,104.0,61.0,3263.0
14364,104.0,61.0,3516.0
14365,104.0,61.0,3517.0
14366,104.0,61.0,3518.0
14367,104.0,61.0,3519.0
14368,104.0,61.0,3772.0
14369,104.0,61.0,3773.0
14370,104.0,61.0,3774.0
14371,104.0,61.0,3775.0
14372,104.0,62.0,2236.0
14373,104.0,62.0,2237.0
14374,104.0,62.0,2492.0
14375,104.0,62.0,2493.0
14376,104.0,62.0,2748.0
14377,104.0,62.0,2749.0
14378,104.0,62.0,3004.0
14379,104.0,62.0,3005.0
14380,104.0,62.0,3260.0
14381,104.0,62.0,3261.0
14382,104.0,62.0,3516.0
14383,104.0,62.0,3517.0
14384,104.0,62.0,3772.0
14385,104.0,62.0,3773.0
14386,104.0,63.0,2226.0
14387,104.0,63.0,2482.0
14388,104.0,63.0,2738.0
14389,104.0,63.0,2994.0
14390,104.0,63.0,3250.0
14391,104.0,63.0,3506.0
14392,104.0,63.0,3762.0
14393,104.0,64.0,2225.0
14394,104.0,64.0,2226.0
14395,104.0,64.0,2481.0
14396,104.0,64.0,2482.0
14397,104.0,64.0,2737.0
14398,104.0,64.0,2738.0
14399,104.0,64.0,2993.0
14400,104.0,64.0,2994.0
14401,104.0,64.0,3249.0
14402,104.0,64.0,3250.0
14403,104.0,64.0,3505.0
14404,104.0,64.0,3506.0
14405,104.0,64.0,3761.0
14406,104.0,64.0,3762.0
14407,104.0,65.0,2244.0
14408,104.0,65.0,2500.0
14409,104.0,65.0,2756.0
14410,104.0,65.0,3012.0
14411,104.0,65.0,3268.0
14412,104.0,65.0,3524.0
14413,104.0,65.0,3780.0
14414,104.0,66.0,2239.0
14415,104.0,66.0,2240.0
14416,104.0,66.0,2241.0
14417,104.0,66.0,2242.0
14418,104.0,66.0,2495.0
14419,104.0,66.0,2496.0
14420,104.0,66.0,2497.0
14421,104.0,66.0,2498.0
14422,104.0,66.0,2751.0
14423,104.0,66.0,2752.0
14424,104.0,66.0,2753.0
14425,104.0,66.0,2754.0
14426,104.0,66.0,3007.0
14427,104.0,66.0,3008.0
14428,104.0,66.0,3009.0
14429,104.0,66.0,3010.0
14430,104.0,66.0,3263.0
14431,104.0,66.0,3264.0
14432,104.0,66.0,3265.0
14433,104.0,66.0,3266.0
14434,104.0,66.0,3519.0
14435,104.0,66.0,3520.0
14436,104.0,66.0,3521.0
14437,104.0,66.0,3522.0
14438,104.0,66.0,3775.0
14439,104.0,66.0,3776.0
14440,104.0,66.0,3777.0
14441,104.0,66.0,3778.0
14442,104.0,67.0,2239.0
14443,104.0,67.0,2240.0
14444,104.0,67.0,2495.0
14445,104.0,67.0,2496.0
14446,104.0,67.0,2751.0
14447,104.0,67.0,2752.0
14448,104.0,67.0,3007.0
14449,104.0,67.0,3008.0
14450,104.0,67.0,3263.0
14451,104.0,67.0,3264.0
14452,104.0,67.0,3519.0
14453,104.0,67.0,3520.0
14454,104.0,67.0,3775.0
14455,104.0,67.0,3776.0
14456,104.0,69.0,2223.0
14457,104.0,69.0,2224.0
14458,104.0,69.0,2479.0
14459,104.0,69.0,2480.0
14460,104.0,69.0,2735.0
14461,104.0,69.0,2736.0
14462,104.0,69.0,3247.0
14463,104.0,69.0,3248.0
14464,104.0,69.0,3503.0
14465,104.0,69.0,3504.0
14466,104.0,69.0,3759.0
14467,104.0,69.0,3760.0
14468,104.0,70.0,2234.0
14469,104.0,70.0,2237.0
14470,104.0,70.0,2490.0
14471,104.0,70.0,2493.0
14472,104.0,70.0,2746.0
14473,104.0,70.0,2749.0
14474,104.0,70.0,3002.0
14475,104.0,70.0,3005.0
14476,104.0,70.0,3258.0
14477,104.0,70.0,3261.0
14478,104.0,70.0,3514.0
14479,104.0,70.0,3517.0
14480,104.0,70.0,3770.0
14481,104.0,70.0,3773.0
14482,104.0,71.0,2234.0
14483,104.0,71.0,2235.0
14484,104.0,71.0,2490.0
14485,104.0,71.0,2491.0
14486,104.0,71.0,2746.0
14487,104.0,71.0,2747.0
14488,104.0,71.0,3002.0
14489,104.0,71.0,3003.0
14490,104.0,71.0,3258.0
14491,104.0,71.0,3259.0
14492,104.0,71.0,3514.0
14493,104.0,71.0,3515.0
14494,104.0,71.0,3770.0
14495,104.0,71.0,3771.0
14496,104.0,72.0,2224.0
14497,104.0,72.0,2225.0
14498,104.0,72.0,2240.0
14499,104.0,72.0,2241.0
14500,104.0,72.0,2242.0
14501,104.0,72.0,2496.0
14502,104.0,72.0,2497.0
14503,104.0,72.0,2498.0
14504,104.0,72.0,2752.0
14505,104.0,72.0,2753.0
14506,104.0,72.0,2754.0
14507,104.0,72.0,3008.0
14508,104.0,72.0,3009.0
14509,104.0,72.0,3010.0
14510,104.0,72.0,3264.0
14511,104.0,72.0,3265.0
14512,104.0,72.0,3266.0
14513,104.0,72.0,3520.0
14514,104.0,72.0,3521.0
14515,104.0,72.0,3522.0
14516,104.0,72.0,3776.0
14517,104.0,72.0,3777.0
14518,104.0,72.0,3778.0
14519,104.0,73.0,2239.0
14520,104.0,73.0,2495.0
14521,104.0,73.0,2751.0
14522,104.0,73.0,3007.0
14523,104.0,73.0,3263.0
14524,104.0,73.0,3519.0
14525,104.0,73.0,3775.0
14526,104.0,76.0,2243.0
14527,104.0,76.0,2244.0
14528,104.0,76.0,2245.0
14529,104.0,76.0,2499.0
14530,104.0,76.0,2500.0
14531,104.0,76.0,2501.0
14532,104.0,76.0,2755.0
14533,104.0,76.0,2756.0
14534,104.0,76.0,2757.0
14535,104.0,76.0,3011.0
14536,104.0,76.0,3012.0
14537,104.0,76.0,3013.0
14538,104.0,76.0,3267.0
14539,104.0,76.0,3268.0
14540,104.0,76.0,3269.0
14541,104.0,76.0,3523.0
14542,104.0,76.0,3524.0
14543,104.0,76.0,3525.0
14544,104.0,76.0,3779.0
14545,104.0,76.0,3780.0
14546,104.0,76.0,3781.0
14547,104.0,77.0,2241.0
14548,104.0,77.0,2242.0
14549,104.0,77.0,2243.0
14550,104.0,77.0,2244.0
14551,104.0,77.0,2497.0
14552,104.0,77.0,2498.0
14553,104.0,77.0,2499.0
14554,104.0,77.0,2500.0
14555,104.0,77.0,2753.0
14556,104.0,77.0,2754.0
14557,104.0,77.0,2755.0
14558,104.0,77.0,2756.0
14559,104.0,77.0,3009.0
14560,104.0,77.0,3010.0
14561,104.0,77.0,3011.0
14562,104.0,77.0,3012.0
14563,104.0,77.0,3265.0
14564,104.0,77.0,3266.0
14565,104.0,77.0,3267.0
14566,104.0,77.0,3268.0
14567,104.0,77.0,3521.0
14568,104.0,77.0,3522.0
14569,104.0,77.0,3523.0
14570,104.0,77.0,3524.0
14571,104.0,77.0,3777.0
14572,104.0,77.0,3778.0
14573,104.0,77.0,3779.0
14574,104.0,77.0,3780.0
14575,104.0,80.0,2225.0
14576,104.0,80.0,2236.0
14577,104.0,80.0,2237.0
14578,104.0,80.0,2246.0
14579,104.0,80.0,2247.0
14580,104.0,80.0,2502.0
14581,104.0,80.0,2503.0
14582,104.0,80.0,2737.0
14583,104.0,80.0,2758.0
14584,104.0,80.0,2759.0
14585,104.0,80.0,2993.0
14586,104.0,80.0,3014.0
14587,104.0,80.0,3015.0
14588,104.0,80.0,3249.0
14589,104.0,80.0,3270.0
14590,104.0,80.0,3271.0
14591,104.0,80.0,3526.0
14592,104.0,80.0,3527.0
14593,104.0,80.0,3761.0
14594,104.0,80.0,3782.0
14595,104.0,80.0,3783.0
14596,104.0,81.0,2246.0
14597,104.0,81.0,2247.0
14598,104.0,81.0,2502.0
14599,104.0,81.0,2503.0
14600,104.0,81.0,2758.0
14601,104.0,81.0,2759.0
14602,104.0,81.0,3014.0
14603,104.0,81.0,3015.0
14604,104.0,81.0,3270.0
14605,104.0,81.0,3271.0
14606,104.0,81.0,3526.0
14607,104.0,81.0,3527.0
14608,104.0,81.0,3782.0
14609,104.0,81.0,3783.0
14610,104.0,82.0,2245.0
14611,104.0,82.0,2246.0
14612,104.0,82.0,2247.0
14613,104.0,82.0,2248.0
14614,104.0,82.0,2501.0
14615,104.0,82.0,2502.0
14616,104.0,82.0,2503.0
14617,104.0,82.0,2504.0
14618,104.0,82.0,2757.0
14619,104.0,82.0,2758.0
14620,104.0,82.0,2759.0
14621,104.0,82.0,2760.0
14622,104.0,82.0,3013.0
14623,104.0,82.0,3014.0
14624,104.0,82.0,3015.0
14625,104.0,82.0,3016.0
14626,104.0,82.0,3269.0
14627,104.0,82.0,3270.0
14628,104.0,82.0,3271.0
14629,104.0,82.0,3272.0
14630,104.0,82.0,3525.0
14631,104.0,82.0,3526.0
14632,104.0,82.0,3527.0
14633,104.0,82.0,3528.0
14634,104.0,82.0,3781.0
14635,104.0,82.0,3782.0
14636,104.0,82.0,3783.0
14637,104.0,82.0,3784.0
14638,104.0,83.0,2244.0
14639,104.0,83.0,2245.0
14640,104.0,83.0,2246.0
14641,104.0,83.0,2247.0
14642,104.0,83.0,2248.0
14643,104.0,83.0,2500.0
14644,104.0,83.0,2501.0
14645,104.0,83.0,2502.0
14646,104.0,83.0,2503.0
14647,104.0,83.0,2504.0
14648,104.0,83.0,2756.0
14649,104.0,83.0,2757.0
14650,104.0,83.0,2758.0
14651,104.0,83.0,2759.0
14652,104.0,83.0,2760.0
14653,104.0,83.0,3012.0
14654,104.0,83.0,3013.0
14655,104.0,83.0,3014.0
14656,104.0,83.0,3015.0
14657,104.0,83.0,3016.0
14658,104.0,83.0,3268.0
14659,104.0,83.0,3269.0
14660,104.0,83.0,3270.0
14661,104.0,83.0,3271.0
14662,104.0,83.0,3272.0
14663,104.0,83.0,3524.0
14664,104.0,83.0,3525.0
14665,104.0,83.0,3526.0
14666,104.0,83.0,3527.0
14667,104.0,83.0,3528.0
14668,104.0,83.0,3780.0
14669,104.0,83.0,3781.0
14670,104.0,83.0,3782.0
14671,104.0,83.0,3783.0
14672,104.0,83.0,3784.0
14673,104.0,84.0,2243.0
14674,104.0,84.0,2499.0
14675,104.0,84.0,2755.0
14676,104.0,84.0,3011.0
14677,104.0,84.0,3267.0
14678,104.0,84.0,3523.0
14679,104.0,84.0,3779.0
14680,104.0,86.0,2245.0
14681,104.0,86.0,2246.0
14682,104.0,86.0,2247.0
14683,104.0,86.0,2248.0
14684,104.0,86.0,2501.0
14685,104.0,86.0,2502.0
14686,104.0,86.0,2503.0
14687,104.0,86.0,2504.0
14688,104.0,86.0,2757.0
14689,104.0,86.0,2758.0
14690,104.0,86.0,2759.0
14691,104.0,86.0,2760.0
14692,104.0,86.0,3013.0
14693,104.0,86.0,3014.0
14694,104.0,86.0,3015.0
14695,104.0,86.0,3016.0
14696,104.0,86.0,3269.0
14697,104.0,86.0,3270.0
14698,104.0,86.0,3271.0
14699,104.0,86.0,3272.0
14700,104.0,86.0,3525.0
14701,104.0,86.0,3526.0
14702,104.0,86.0,3527.0
14703,104.0,86.0,3528.0
14704,104.0,86.0,3781.0
14705,104.0,86.0,3782.0
14706,104.0,86.0,3783.0
14707,104.0,86.0,3784.0
14708,104.0,87.0,2226.0
14709,104.0,87.0,2244.0
14710,104.0,87.0,2500.0
14711,104.0,87.0,2756.0
14712,104.0,87.0,3012.0
14713,104.0,87.0,3268.0
14714,104.0,87.0,3524.0
14715,104.0,87.0,3780.0
14716,104.0,88.0,2244.0
14717,104.0,88.0,2500.0
14718,104.0,88.0,2756.0
14719,104.0,88.0,3012.0
14720,104.0,88.0,3268.0
14721,104.0,88.0,3524.0
14722,104.0,88.0,3780.0
14723,104.0,89.0,2243.0
14724,104.0,89.0,2244.0
14725,104.0,89.0,2245.0
14726,104.0,89.0,2499.0
14727,104.0,89.0,2500.0
14728,104.0,89.0,2501.0
14729,104.0,89.0,2755.0
14730,104.0,89.0,2756.0
14731,104.0,89.0,2757.0
14732,104.0,89.0,3011.0
14733,104.0,89.0,3012.0
14734,104.0,89.0,3013.0
14735,104.0,89.0,3267.0
14736,104.0,89.0,3268.0
14737,104.0,89.0,3269.0
14738,104.0,89.0,3523.0
14739,104.0,89.0,3524.0
14740,104.0,89.0,3525.0
14741,104.0,89.0,3779.0
14742,104.0,89.0,3780.0
14743,104.0,89.0,3781.0
14744,104.0,90.0,2248.0
14745,104.0,90.0,2249.0
14746,104.0,90.0,2504.0
14747,104.0,90.0,2505.0
14748,104.0,90.0,2760.0
14749,104.0,90.0,2761.0
14750,104.0,90.0,3016.0
14751,104.0,90.0,3017.0
14752,104.0,90.0,3272.0
14753,104.0,90.0,3273.0
14754,104.0,90.0,3528.0
14755,104.0,90.0,3529.0
14756,104.0,90.0,3784.0
14757,104.0,90.0,3785.0
14758,104.0,91.0,2244.0
14759,104.0,91.0,2246.0
14760,104.0,91.0,2500.0
14761,104.0,91.0,2502.0
14762,104.0,91.0,2756.0
14763,104.0,91.0,2758.0
14764,104.0,91.0,3012.0
14765,104.0,91.0,3014.0
14766,104.0,91.0,3268.0
14767,104.0,91.0,3270.0
14768,104.0,91.0,3524.0
14769,104.0,91.0,3526.0
14770,104.0,91.0,3780.0
14771,104.0,91.0,3782.0
14772,104.0,99.0,2206.0
14773,104.0,99.0,2718.0
14774,104.0,99.0,2974.0
14775,104.0,99.0,3230.0
14776,104.0,99.0,3486.0
14777,104.0,99.0,3742.0
14778,104.0,102.0,2207.0
14779,104.0,102.0,2463.0
14780,104.0,102.0,2719.0
14781,104.0,102.0,2975.0
14782,104.0,102.0,3231.0
14783,104.0,102.0,3487.0
14784,104.0,102.0,3743.0
14785,104.0,107.0,2232.0
14786,104.0,108.0,2231.0
14787,104.0,108.0,2241.0
14788,104.0,108.0,2242.0
14789,104.0,109.0,2231.0
14790,104.0,109.0,2232.0
14791,104.0,109.0,2233.0
14792,104.0,109.0,2487.0
14793,104.0,109.0,2488.0
14794,104.0,109.0,2489.0
14795,104.0,109.0,2743.0
14796,104.0,109.0,2744.0
14797,104.0,109.0,2745.0
14798,104.0,109.0,2999.0
14799,104.0,109.0,3000.0
14800,104.0,109.0,3001.0
14801,104.0,109.0,3255.0
14802,104.0,109.0,3256.0
14803,104.0,109.0,3257.0
14804,104.0,109.0,3511.0
14805,104.0,109.0,3512.0
14806,104.0,109.0,3513.0
14807,104.0,109.0,3767.0
14808,104.0,109.0,3768.0
14809,104.0,109.0,3769.0
14810,104.0,110.0,2231.0
14811,104.0,110.0,2232.0
14812,104.0,110.0,2233.0
14813,104.0,110.0,2487.0
14814,104.0,110.0,2488.0
14815,104.0,110.0,2489.0
14816,104.0,110.0,2743.0
14817,104.0,110.0,2744.0
14818,104.0,110.0,2745.0
14819,104.0,110.0,2999.0
14820,104.0,110.0,3000.0
14821,104.0,110.0,3001.0
14822,104.0,110.0,3255.0
14823,104.0,110.0,3256.0
14824,104.0,110.0,3257.0
14825,104.0,110.0,3511.0
14826,104.0,110.0,3512.0
14827,104.0,110.0,3513.0
14828,104.0,110.0,3767.0
14829,104.0,110.0,3768.0
14830,104.0,110.0,3769.0
14831,104.0,111.0,2230.0
14832,104.0,111.0,2231.0
14833,104.0,111.0,2232.0
14834,104.0,111.0,2486.0
14835,104.0,111.0,2487.0
14836,104.0,111.0,2488.0
14837,104.0,111.0,2742.0
14838,104.0,111.0,2743.0
14839,104.0,111.0,2744.0
14840,104.0,111.0,2998.0
14841,104.0,111.0,2999.0
14842,104.0,111.0,3000.0
14843,104.0,111.0,3254.0
14844,104.0,111.0,3255.0
14845,104.0,111.0,3256.0
14846,104.0,111.0,3510.0
14847,104.0,111.0,3511.0
14848,104.0,111.0,3512.0
14849,104.0,111.0,3766.0
14850,104.0,111.0,3767.0
14851,104.0,111.0,3768.0
14852,105.0,21.0,2190.0
14853,105.0,21.0,2191.0
14854,105.0,21.0,2192.0
14855,105.0,21.0,2446.0
14856,105.0,21.0,2447.0
14857,105.0,21.0,2448.0
14858,105.0,21.0,2702.0
14859,105.0,21.0,2703.0
14860,105.0,21.0,2704.0
14861,105.0,21.0,2958.0
14862,105.0,21.0,2959.0
14863,105.0,21.0,2960.0
14864,105.0,21.0,3214.0
14865,105.0,21.0,3215.0
14866,105.0,21.0,3216.0
14867,105.0,21.0,3470.0
14868,105.0,21.0,3471.0
14869,105.0,21.0,3472.0
14870,105.0,21.0,3726.0
14871,105.0,21.0,3727.0
14872,105.0,21.0,3728.0
14873,105.0,22.0,2189.0
14874,105.0,22.0,2191.0
14875,105.0,22.0,2445.0
14876,105.0,22.0,2447.0
14877,105.0,22.0,2701.0
14878,105.0,22.0,2703.0
14879,105.0,22.0,2957.0
14880,105.0,22.0,2959.0
14881,105.0,22.0,3213.0
14882,105.0,22.0,3215.0
14883,105.0,22.0,3469.0
14884,105.0,22.0,3471.0
14885,105.0,22.0,3725.0
14886,105.0,22.0,3727.0
14887,105.0,30.0,2191.0
14888,105.0,30.0,2192.0
14889,105.0,30.0,2703.0
14890,105.0,30.0,2704.0
14891,105.0,30.0,2959.0
14892,105.0,30.0,2960.0
14893,105.0,30.0,3215.0
14894,105.0,30.0,3216.0
14895,105.0,30.0,3471.0
14896,105.0,30.0,3472.0
14897,105.0,30.0,3727.0
14898,105.0,30.0,3728.0
14899,105.0,33.0,2208.0
14900,105.0,34.0,2207.0
14901,105.0,34.0,2208.0
14902,105.0,38.0,2229.0
14903,105.0,38.0,2230.0
14904,105.0,38.0,2485.0
14905,105.0,38.0,2486.0
14906,105.0,38.0,2741.0
14907,105.0,38.0,2742.0
14908,105.0,38.0,2997.0
14909,105.0,38.0,2998.0
14910,105.0,38.0,3253.0
14911,105.0,38.0,3254.0
14912,105.0,38.0,3509.0
14913,105.0,38.0,3510.0
14914,105.0,38.0,3765.0
14915,105.0,38.0,3766.0
14916,105.0,39.0,2226.0
14917,105.0,39.0,2227.0
14918,105.0,39.0,2228.0
14919,105.0,39.0,2229.0
14920,105.0,39.0,2230.0
14921,105.0,39.0,2482.0
14922,105.0,39.0,2483.0
14923,105.0,39.0,2484.0
14924,105.0,39.0,2485.0
14925,105.0,39.0,2486.0
14926,105.0,39.0,2738.0
14927,105.0,39.0,2739.0
14928,105.0,39.0,2740.0
14929,105.0,39.0,2741.0
14930,105.0,39.0,2742.0
14931,105.0,39.0,2994.0
14932,105.0,39.0,2995.0
14933,105.0,39.0,2996.0
14934,105.0,39.0,2997.0
14935,105.0,39.0,2998.0
14936,105.0,39.0,3250.0
14937,105.0,39.0,3251.0
14938,105.0,39.0,3252.0
14939,105.0,39.0,3253.0
14940,105.0,39.0,3254.0
14941,105.0,39.0,3506.0
14942,105.0,39.0,3507.0
14943,105.0,39.0,3508.0
14944,105.0,39.0,3509.0
14945,105.0,39.0,3510.0
14946,105.0,39.0,3762.0
14947,105.0,39.0,3763.0
14948,105.0,39.0,3764.0
14949,105.0,39.0,3765.0
14950,105.0,39.0,3766.0
14951,105.0,40.0,2225.0
14952,105.0,40.0,2226.0
14953,105.0,40.0,2227.0
14954,105.0,40.0,2481.0
14955,105.0,40.0,2482.0
14956,105.0,40.0,2483.0
14957,105.0,40.0,2737.0
14958,105.0,40.0,2738.0
14959,105.0,40.0,2739.0
14960,105.0,40.0,2993.0
14961,105.0,40.0,2994.0
14962,105.0,40.0,2995.0
14963,105.0,40.0,3249.0
14964,105.0,40.0,3250.0
14965,105.0,40.0,3251.0
14966,105.0,40.0,3505.0
14967,105.0,40.0,3506.0
14968,105.0,40.0,3507.0
14969,105.0,40.0,3761.0
14970,105.0,40.0,3762.0
14971,105.0,40.0,3763.0
14972,105.0,41.0,2223.0
14973,105.0,41.0,2224.0
14974,105.0,41.0,2225.0
14975,105.0,41.0,2226.0
14976,105.0,41.0,2227.0
14977,105.0,41.0,2479.0
14978,105.0,41.0,2480.0
14979,105.0,41.0,2481.0
14980,105.0,41.0,2482.0
14981,105.0,41.0,2483.0
14982,105.0,41.0,2735.0
14983,105.0,41.0,2736.0
14984,105.0,41.0,2737.0
14985,105.0,41.0,2738.0
14986,105.0,41.0,2739.0
14987,105.0,41.0,2991.0
14988,105.0,41.0,2992.0
14989,105.0,41.0,2993.0
14990,105.0,41.0,2994.0
14991,105.0,41.0,2995.0
14992,105.0,41.0,3247.0
14993,105.0,41.0,3248.0
14994,105.0,41.0,3249.0
14995,105.0,41.0,3250.0
14996,105.0,41.0,3251.0
14997,105.0,41.0,3503.0
14998,105.0,41.0,3504.0
14999,105.0,41.0,3505.0
15000,105.0,41.0,3506.0
15001,105.0,41.0,3507.0
15002,105.0,41.0,3759.0
15003,105.0,41.0,3760.0
15004,105.0,41.0,3761.0
15005,105.0,41.0,3762.0
15006,105.0,41.0,3763.0
15007,105.0,42.0,2221.0
15008,105.0,42.0,2222.0
15009,105.0,42.0,2223.0
15010,105.0,42.0,2224.0
15011,105.0,42.0,2226.0
15012,105.0,42.0,2477.0
15013,105.0,42.0,2478.0
15014,105.0,42.0,2479.0
15015,105.0,42.0,2480.0
15016,105.0,42.0,2482.0
15017,105.0,42.0,2733.0
15018,105.0,42.0,2734.0
15019,105.0,42.0,2735.0
15020,105.0,42.0,2736.0
15021,105.0,42.0,2738.0
15022,105.0,42.0,2989.0
15023,105.0,42.0,2990.0
15024,105.0,42.0,2991.0
15025,105.0,42.0,2992.0
15026,105.0,42.0,2994.0
15027,105.0,42.0,3245.0
15028,105.0,42.0,3246.0
15029,105.0,42.0,3247.0
15030,105.0,42.0,3248.0
15031,105.0,42.0,3250.0
15032,105.0,42.0,3501.0
15033,105.0,42.0,3502.0
15034,105.0,42.0,3503.0
15035,105.0,42.0,3504.0
15036,105.0,42.0,3506.0
15037,105.0,42.0,3757.0
15038,105.0,42.0,3758.0
15039,105.0,42.0,3759.0
15040,105.0,42.0,3760.0
15041,105.0,42.0,3762.0
15042,105.0,43.0,2200.0
15043,105.0,43.0,2201.0
15044,105.0,43.0,2221.0
15045,105.0,43.0,2224.0
15046,105.0,43.0,2225.0
15047,105.0,43.0,2477.0
15048,105.0,43.0,2480.0
15049,105.0,43.0,2481.0
15050,105.0,43.0,2712.0
15051,105.0,43.0,2713.0
15052,105.0,43.0,2733.0
15053,105.0,43.0,2736.0
15054,105.0,43.0,2737.0
15055,105.0,43.0,2968.0
15056,105.0,43.0,2969.0
15057,105.0,43.0,2989.0
15058,105.0,43.0,2992.0
15059,105.0,43.0,2993.0
15060,105.0,43.0,3224.0
15061,105.0,43.0,3225.0
15062,105.0,43.0,3245.0
15063,105.0,43.0,3248.0
15064,105.0,43.0,3249.0
15065,105.0,43.0,3480.0
15066,105.0,43.0,3481.0
15067,105.0,43.0,3501.0
15068,105.0,43.0,3504.0
15069,105.0,43.0,3505.0
15070,105.0,43.0,3736.0
15071,105.0,43.0,3737.0
15072,105.0,43.0,3757.0
15073,105.0,43.0,3760.0
15074,105.0,43.0,3761.0
15075,105.0,44.0,2222.0
15076,105.0,44.0,2223.0
15077,105.0,44.0,2478.0
15078,105.0,44.0,2479.0
15079,105.0,44.0,2734.0
15080,105.0,44.0,2735.0
15081,105.0,44.0,2990.0
15082,105.0,44.0,2991.0
15083,105.0,44.0,3246.0
15084,105.0,44.0,3247.0
15085,105.0,44.0,3502.0
15086,105.0,44.0,3503.0
15087,105.0,44.0,3758.0
15088,105.0,44.0,3759.0
15089,105.0,46.0,2249.0
15090,105.0,50.0,2244.0
15091,105.0,50.0,2500.0
15092,105.0,50.0,2756.0
15093,105.0,50.0,3012.0
15094,105.0,50.0,3268.0
15095,105.0,50.0,3524.0
15096,105.0,50.0,3780.0
15097,105.0,55.0,2244.0
15098,105.0,56.0,2243.0
15099,105.0,57.0,2241.0
15100,105.0,57.0,2242.0
15101,105.0,58.0,2241.0
15102,105.0,58.0,2242.0
15103,105.0,59.0,2240.0
15104,105.0,59.0,2241.0
15105,105.0,59.0,2496.0
15106,105.0,59.0,2497.0
15107,105.0,59.0,2752.0
15108,105.0,59.0,2753.0
15109,105.0,59.0,3008.0
15110,105.0,59.0,3009.0
15111,105.0,59.0,3264.0
15112,105.0,59.0,3265.0
15113,105.0,59.0,3520.0
15114,105.0,59.0,3521.0
15115,105.0,59.0,3776.0
15116,105.0,59.0,3777.0
15117,105.0,60.0,2237.0
15118,105.0,60.0,2238.0
15119,105.0,60.0,2239.0
15120,105.0,60.0,2493.0
15121,105.0,60.0,2494.0
15122,105.0,60.0,2495.0
15123,105.0,60.0,2749.0
15124,105.0,60.0,2750.0
15125,105.0,60.0,2751.0
15126,105.0,60.0,3005.0
15127,105.0,60.0,3006.0
15128,105.0,60.0,3007.0
15129,105.0,60.0,3261.0
15130,105.0,60.0,3262.0
15131,105.0,60.0,3263.0
15132,105.0,60.0,3517.0
15133,105.0,60.0,3518.0
15134,105.0,60.0,3519.0
15135,105.0,60.0,3773.0
15136,105.0,60.0,3774.0
15137,105.0,60.0,3775.0
15138,105.0,61.0,2236.0
15139,105.0,61.0,2237.0
15140,105.0,61.0,2238.0
15141,105.0,61.0,2239.0
15142,105.0,61.0,2492.0
15143,105.0,61.0,2493.0
15144,105.0,61.0,2494.0
15145,105.0,61.0,2495.0
15146,105.0,61.0,2748.0
15147,105.0,61.0,2749.0
15148,105.0,61.0,2750.0
15149,105.0,61.0,2751.0
15150,105.0,61.0,3004.0
15151,105.0,61.0,3005.0
15152,105.0,61.0,3006.0
15153,105.0,61.0,3007.0
15154,105.0,61.0,3260.0
15155,105.0,61.0,3261.0
15156,105.0,61.0,3262.0
15157,105.0,61.0,3263.0
15158,105.0,61.0,3516.0
15159,105.0,61.0,3517.0
15160,105.0,61.0,3518.0
15161,105.0,61.0,3519.0
15162,105.0,61.0,3772.0
15163,105.0,61.0,3773.0
15164,105.0,61.0,3774.0
15165,105.0,61.0,3775.0
15166,105.0,62.0,2236.0
15167,105.0,62.0,2237.0
15168,105.0,62.0,2492.0
15169,105.0,62.0,2493.0
15170,105.0,62.0,2748.0
15171,105.0,62.0,2749.0
15172,105.0,62.0,3004.0
15173,105.0,62.0,3005.0
15174,105.0,62.0,3260.0
15175,105.0,62.0,3261.0
15176,105.0,62.0,3516.0
15177,105.0,62.0,3517.0
15178,105.0,62.0,3772.0
15179,105.0,62.0,3773.0
15180,105.0,63.0,2242.0
15181,105.0,63.0,2243.0
15182,105.0,63.0,2498.0
15183,105.0,63.0,2499.0
15184,105.0,63.0,2754.0
15185,105.0,63.0,2755.0
15186,105.0,63.0,3010.0
15187,105.0,63.0,3011.0
15188,105.0,63.0,3266.0
15189,105.0,63.0,3267.0
15190,105.0,63.0,3522.0
15191,105.0,63.0,3523.0
15192,105.0,63.0,3778.0
15193,105.0,63.0,3779.0
15194,105.0,64.0,2240.0
15195,105.0,64.0,2241.0
15196,105.0,64.0,2496.0
15197,105.0,64.0,2497.0
15198,105.0,64.0,2752.0
15199,105.0,64.0,2753.0
15200,105.0,64.0,3008.0
15201,105.0,64.0,3009.0
15202,105.0,64.0,3264.0
15203,105.0,64.0,3265.0
15204,105.0,64.0,3520.0
15205,105.0,64.0,3521.0
15206,105.0,64.0,3776.0
15207,105.0,64.0,3777.0
15208,105.0,65.0,2244.0
15209,105.0,65.0,2500.0
15210,105.0,65.0,2756.0
15211,105.0,65.0,3012.0
15212,105.0,65.0,3268.0
15213,105.0,65.0,3524.0
15214,105.0,65.0,3780.0
15215,105.0,66.0,2242.0
15216,105.0,66.0,2498.0
15217,105.0,66.0,2754.0
15218,105.0,66.0,3010.0
15219,105.0,66.0,3266.0
15220,105.0,66.0,3522.0
15221,105.0,66.0,3778.0
15222,105.0,67.0,2252.0
15223,105.0,68.0,2249.0
15224,105.0,68.0,2250.0
15225,105.0,68.0,2251.0
15226,105.0,69.0,2249.0
15227,105.0,69.0,2250.0
15228,105.0,70.0,2234.0
15229,105.0,70.0,2490.0
15230,105.0,70.0,2746.0
15231,105.0,70.0,3002.0
15232,105.0,70.0,3258.0
15233,105.0,70.0,3514.0
15234,105.0,70.0,3770.0
15235,105.0,71.0,2222.0
15236,105.0,71.0,2223.0
15237,105.0,71.0,2233.0
15238,105.0,71.0,2489.0
15239,105.0,71.0,2734.0
15240,105.0,71.0,2735.0
15241,105.0,71.0,2745.0
15242,105.0,71.0,2990.0
15243,105.0,71.0,2991.0
15244,105.0,71.0,3001.0
15245,105.0,71.0,3246.0
15246,105.0,71.0,3247.0
15247,105.0,71.0,3257.0
15248,105.0,71.0,3502.0
15249,105.0,71.0,3503.0
15250,105.0,71.0,3513.0
15251,105.0,71.0,3758.0
15252,105.0,71.0,3759.0
15253,105.0,71.0,3769.0
15254,105.0,72.0,2222.0
15255,105.0,72.0,2223.0
15256,105.0,72.0,2225.0
15257,105.0,72.0,2734.0
15258,105.0,72.0,2735.0
15259,105.0,72.0,2990.0
15260,105.0,72.0,2991.0
15261,105.0,72.0,3246.0
15262,105.0,72.0,3247.0
15263,105.0,72.0,3502.0
15264,105.0,72.0,3503.0
15265,105.0,72.0,3758.0
15266,105.0,72.0,3759.0
15267,105.0,77.0,2228.0
15268,105.0,77.0,2240.0
15269,105.0,77.0,2484.0
15270,105.0,77.0,2496.0
15271,105.0,77.0,2740.0
15272,105.0,77.0,2752.0
15273,105.0,77.0,2996.0
15274,105.0,77.0,3008.0
15275,105.0,77.0,3252.0
15276,105.0,77.0,3264.0
15277,105.0,77.0,3508.0
15278,105.0,77.0,3520.0
15279,105.0,77.0,3764.0
15280,105.0,77.0,3776.0
15281,105.0,78.0,2227.0
15282,105.0,78.0,2240.0
15283,105.0,78.0,2241.0
15284,105.0,78.0,2483.0
15285,105.0,78.0,2496.0
15286,105.0,78.0,2497.0
15287,105.0,78.0,2739.0
15288,105.0,78.0,2752.0
15289,105.0,78.0,2753.0
15290,105.0,78.0,2995.0
15291,105.0,78.0,3008.0
15292,105.0,78.0,3009.0
15293,105.0,78.0,3251.0
15294,105.0,78.0,3264.0
15295,105.0,78.0,3265.0
15296,105.0,78.0,3507.0
15297,105.0,78.0,3520.0
15298,105.0,78.0,3521.0
15299,105.0,78.0,3763.0
15300,105.0,78.0,3776.0
15301,105.0,78.0,3777.0
15302,105.0,79.0,2225.0
15303,105.0,79.0,2228.0
15304,105.0,79.0,2229.0
15305,105.0,79.0,2232.0
15306,105.0,79.0,2246.0
15307,105.0,79.0,2247.0
15308,105.0,79.0,2484.0
15309,105.0,79.0,2485.0
15310,105.0,79.0,2488.0
15311,105.0,79.0,2502.0
15312,105.0,79.0,2503.0
15313,105.0,79.0,2737.0
15314,105.0,79.0,2740.0
15315,105.0,79.0,2741.0
15316,105.0,79.0,2744.0
15317,105.0,79.0,2758.0
15318,105.0,79.0,2759.0
15319,105.0,79.0,2993.0
15320,105.0,79.0,2996.0
15321,105.0,79.0,2997.0
15322,105.0,79.0,3000.0
15323,105.0,79.0,3014.0
15324,105.0,79.0,3015.0
15325,105.0,79.0,3249.0
15326,105.0,79.0,3252.0
15327,105.0,79.0,3253.0
15328,105.0,79.0,3256.0
15329,105.0,79.0,3270.0
15330,105.0,79.0,3271.0
15331,105.0,79.0,3508.0
15332,105.0,79.0,3509.0
15333,105.0,79.0,3512.0
15334,105.0,79.0,3526.0
15335,105.0,79.0,3527.0
15336,105.0,79.0,3761.0
15337,105.0,79.0,3764.0
15338,105.0,79.0,3765.0
15339,105.0,79.0,3768.0
15340,105.0,79.0,3782.0
15341,105.0,79.0,3783.0
15342,105.0,80.0,2224.0
15343,105.0,80.0,2225.0
15344,105.0,80.0,2228.0
15345,105.0,80.0,2229.0
15346,105.0,80.0,2230.0
15347,105.0,80.0,2231.0
15348,105.0,80.0,2246.0
15349,105.0,80.0,2247.0
15350,105.0,80.0,2484.0
15351,105.0,80.0,2485.0
15352,105.0,80.0,2486.0
15353,105.0,80.0,2487.0
15354,105.0,80.0,2502.0
15355,105.0,80.0,2503.0
15356,105.0,80.0,2736.0
15357,105.0,80.0,2737.0
15358,105.0,80.0,2740.0
15359,105.0,80.0,2741.0
15360,105.0,80.0,2742.0
15361,105.0,80.0,2743.0
15362,105.0,80.0,2758.0
15363,105.0,80.0,2759.0
15364,105.0,80.0,2992.0
15365,105.0,80.0,2993.0
15366,105.0,80.0,2996.0
15367,105.0,80.0,2997.0
15368,105.0,80.0,2998.0
15369,105.0,80.0,2999.0
15370,105.0,80.0,3014.0
15371,105.0,80.0,3015.0
15372,105.0,80.0,3248.0
15373,105.0,80.0,3249.0
15374,105.0,80.0,3252.0
15375,105.0,80.0,3253.0
15376,105.0,80.0,3254.0
15377,105.0,80.0,3255.0
15378,105.0,80.0,3270.0
15379,105.0,80.0,3271.0
15380,105.0,80.0,3508.0
15381,105.0,80.0,3509.0
15382,105.0,80.0,3510.0
15383,105.0,80.0,3511.0
15384,105.0,80.0,3526.0
15385,105.0,80.0,3527.0
15386,105.0,80.0,3760.0
15387,105.0,80.0,3761.0
15388,105.0,80.0,3764.0
15389,105.0,80.0,3765.0
15390,105.0,80.0,3766.0
15391,105.0,80.0,3767.0
15392,105.0,80.0,3782.0
15393,105.0,80.0,3783.0
15394,105.0,81.0,2244.0
15395,105.0,81.0,2246.0
15396,105.0,81.0,2247.0
15397,105.0,81.0,2500.0
15398,105.0,81.0,2502.0
15399,105.0,81.0,2503.0
15400,105.0,81.0,2756.0
15401,105.0,81.0,2758.0
15402,105.0,81.0,2759.0
15403,105.0,81.0,3012.0
15404,105.0,81.0,3014.0
15405,105.0,81.0,3015.0
15406,105.0,81.0,3268.0
15407,105.0,81.0,3270.0
15408,105.0,81.0,3271.0
15409,105.0,81.0,3524.0
15410,105.0,81.0,3526.0
15411,105.0,81.0,3527.0
15412,105.0,81.0,3780.0
15413,105.0,81.0,3782.0
15414,105.0,81.0,3783.0
15415,105.0,82.0,2245.0
15416,105.0,82.0,2246.0
15417,105.0,82.0,2247.0
15418,105.0,82.0,2248.0
15419,105.0,82.0,2501.0
15420,105.0,82.0,2502.0
15421,105.0,82.0,2503.0
15422,105.0,82.0,2504.0
15423,105.0,82.0,2757.0
15424,105.0,82.0,2758.0
15425,105.0,82.0,2759.0
15426,105.0,82.0,2760.0
15427,105.0,82.0,3013.0
15428,105.0,82.0,3014.0
15429,105.0,82.0,3015.0
15430,105.0,82.0,3016.0
15431,105.0,82.0,3269.0
15432,105.0,82.0,3270.0
15433,105.0,82.0,3271.0
15434,105.0,82.0,3272.0
15435,105.0,82.0,3525.0
15436,105.0,82.0,3526.0
15437,105.0,82.0,3527.0
15438,105.0,82.0,3528.0
15439,105.0,82.0,3781.0
15440,105.0,82.0,3782.0
15441,105.0,82.0,3783.0
15442,105.0,82.0,3784.0
15443,105.0,83.0,2242.0
15444,105.0,83.0,2243.0
15445,105.0,83.0,2244.0
15446,105.0,83.0,2245.0
15447,105.0,83.0,2246.0
15448,105.0,83.0,2498.0
15449,105.0,83.0,2499.0
15450,105.0,83.0,2500.0
15451,105.0,83.0,2501.0
15452,105.0,83.0,2502.0
15453,105.0,83.0,2754.0
15454,105.0,83.0,2755.0
15455,105.0,83.0,2756.0
15456,105.0,83.0,2757.0
15457,105.0,83.0,2758.0
15458,105.0,83.0,3010.0
15459,105.0,83.0,3011.0
15460,105.0,83.0,3012.0
15461,105.0,83.0,3013.0
15462,105.0,83.0,3014.0
15463,105.0,83.0,3266.0
15464,105.0,83.0,3267.0
15465,105.0,83.0,3268.0
15466,105.0,83.0,3269.0
15467,105.0,83.0,3270.0
15468,105.0,83.0,3522.0
15469,105.0,83.0,3523.0
15470,105.0,83.0,3524.0
15471,105.0,83.0,3525.0
15472,105.0,83.0,3526.0
15473,105.0,83.0,3778.0
15474,105.0,83.0,3779.0
15475,105.0,83.0,3780.0
15476,105.0,83.0,3781.0
15477,105.0,83.0,3782.0
15478,105.0,84.0,2243.0
15479,105.0,84.0,2499.0
15480,105.0,84.0,2755.0
15481,105.0,84.0,3011.0
15482,105.0,84.0,3267.0
15483,105.0,84.0,3523.0
15484,105.0,84.0,3779.0
15485,105.0,86.0,2226.0
15486,105.0,86.0,2243.0
15487,105.0,86.0,2245.0
15488,105.0,86.0,2246.0
15489,105.0,86.0,2247.0
15490,105.0,86.0,2248.0
15491,105.0,86.0,2249.0
15492,105.0,86.0,2250.0
15493,105.0,86.0,2499.0
15494,105.0,86.0,2501.0
15495,105.0,86.0,2502.0
15496,105.0,86.0,2503.0
15497,105.0,86.0,2504.0
15498,105.0,86.0,2505.0
15499,105.0,86.0,2506.0
15500,105.0,86.0,2755.0
15501,105.0,86.0,2757.0
15502,105.0,86.0,2758.0
15503,105.0,86.0,2759.0
15504,105.0,86.0,2760.0
15505,105.0,86.0,2761.0
15506,105.0,86.0,2762.0
15507,105.0,86.0,3011.0
15508,105.0,86.0,3013.0
15509,105.0,86.0,3014.0
15510,105.0,86.0,3015.0
15511,105.0,86.0,3016.0
15512,105.0,86.0,3017.0
15513,105.0,86.0,3018.0
15514,105.0,86.0,3267.0
15515,105.0,86.0,3269.0
15516,105.0,86.0,3270.0
15517,105.0,86.0,3271.0
15518,105.0,86.0,3272.0
15519,105.0,86.0,3273.0
15520,105.0,86.0,3274.0
15521,105.0,86.0,3523.0
15522,105.0,86.0,3525.0
15523,105.0,86.0,3526.0
15524,105.0,86.0,3527.0
15525,105.0,86.0,3528.0
15526,105.0,86.0,3529.0
15527,105.0,86.0,3530.0
15528,105.0,86.0,3779.0
15529,105.0,86.0,3781.0
15530,105.0,86.0,3782.0
15531,105.0,86.0,3783.0
15532,105.0,86.0,3784.0
15533,105.0,86.0,3785.0
15534,105.0,86.0,3786.0
15535,105.0,87.0,2226.0
15536,105.0,87.0,2244.0
15537,105.0,87.0,2245.0
15538,105.0,87.0,2246.0
15539,105.0,87.0,2500.0
15540,105.0,87.0,2501.0
15541,105.0,87.0,2502.0
15542,105.0,87.0,2756.0
15543,105.0,87.0,2757.0
15544,105.0,87.0,2758.0
15545,105.0,87.0,3012.0
15546,105.0,87.0,3013.0
15547,105.0,87.0,3014.0
15548,105.0,87.0,3268.0
15549,105.0,87.0,3269.0
15550,105.0,87.0,3270.0
15551,105.0,87.0,3524.0
15552,105.0,87.0,3525.0
15553,105.0,87.0,3526.0
15554,105.0,87.0,3780.0
15555,105.0,87.0,3781.0
15556,105.0,87.0,3782.0
15557,105.0,88.0,2244.0
15558,105.0,88.0,2500.0
15559,105.0,88.0,2756.0
15560,105.0,88.0,3012.0
15561,105.0,88.0,3268.0
15562,105.0,88.0,3524.0
15563,105.0,88.0,3780.0
15564,105.0,89.0,2241.0
15565,105.0,89.0,2242.0
15566,105.0,89.0,2243.0
15567,105.0,89.0,2248.0
15568,105.0,89.0,2249.0
15569,105.0,89.0,2497.0
15570,105.0,89.0,2498.0
15571,105.0,89.0,2499.0
15572,105.0,89.0,2753.0
15573,105.0,89.0,2754.0
15574,105.0,89.0,2755.0
15575,105.0,89.0,3009.0
15576,105.0,89.0,3010.0
15577,105.0,89.0,3011.0
15578,105.0,89.0,3265.0
15579,105.0,89.0,3266.0
15580,105.0,89.0,3267.0
15581,105.0,89.0,3521.0
15582,105.0,89.0,3522.0
15583,105.0,89.0,3523.0
15584,105.0,89.0,3777.0
15585,105.0,89.0,3778.0
15586,105.0,89.0,3779.0
15587,105.0,91.0,2250.0
15588,105.0,91.0,2506.0
15589,105.0,91.0,2762.0
15590,105.0,91.0,3018.0
15591,105.0,91.0,3274.0
15592,105.0,91.0,3530.0
15593,105.0,91.0,3786.0
15594,105.0,92.0,2249.0
15595,105.0,92.0,2250.0
15596,105.0,92.0,2251.0
15597,105.0,92.0,2505.0
15598,105.0,92.0,2506.0
15599,105.0,92.0,2507.0
15600,105.0,92.0,2761.0
15601,105.0,92.0,2762.0
15602,105.0,92.0,2763.0
15603,105.0,92.0,3017.0
15604,105.0,92.0,3018.0
15605,105.0,92.0,3019.0
15606,105.0,92.0,3273.0
15607,105.0,92.0,3274.0
15608,105.0,92.0,3275.0
15609,105.0,92.0,3529.0
15610,105.0,92.0,3530.0
15611,105.0,92.0,3531.0
15612,105.0,92.0,3785.0
15613,105.0,92.0,3786.0
15614,105.0,92.0,3787.0
15615,105.0,101.0,2209.0
15616,105.0,101.0,2465.0
15617,105.0,101.0,2721.0
15618,105.0,101.0,2977.0
15619,105.0,101.0,3233.0
15620,105.0,101.0,3489.0
15621,105.0,101.0,3745.0
15622,105.0,102.0,2207.0
15623,105.0,102.0,2208.0
15624,105.0,102.0,2209.0
15625,105.0,102.0,2210.0
15626,105.0,102.0,2240.0
15627,105.0,102.0,2241.0
15628,105.0,102.0,2463.0
15629,105.0,102.0,2464.0
15630,105.0,102.0,2465.0
15631,105.0,102.0,2466.0
15632,105.0,102.0,2496.0
15633,105.0,102.0,2497.0
15634,105.0,102.0,2719.0
15635,105.0,102.0,2720.0
15636,105.0,102.0,2721.0
15637,105.0,102.0,2722.0
15638,105.0,102.0,2752.0
15639,105.0,102.0,2753.0
15640,105.0,102.0,2975.0
15641,105.0,102.0,2976.0
15642,105.0,102.0,2977.0
15643,105.0,102.0,2978.0
15644,105.0,102.0,3008.0
15645,105.0,102.0,3009.0
15646,105.0,102.0,3231.0
15647,105.0,102.0,3232.0
15648,105.0,102.0,3233.0
15649,105.0,102.0,3234.0
15650,105.0,102.0,3264.0
15651,105.0,102.0,3265.0
15652,105.0,102.0,3487.0
15653,105.0,102.0,3488.0
15654,105.0,102.0,3489.0
15655,105.0,102.0,3490.0
15656,105.0,102.0,3520.0
15657,105.0,102.0,3521.0
15658,105.0,102.0,3743.0
15659,105.0,102.0,3744.0
15660,105.0,102.0,3745.0
15661,105.0,102.0,3746.0
15662,105.0,102.0,3776.0
15663,105.0,102.0,3777.0
15664,105.0,103.0,2241.0
15665,105.0,103.0,2242.0
15666,105.0,104.0,2239.0
15667,105.0,104.0,2240.0
15668,105.0,107.0,2239.0
15669,105.0,107.0,2251.0
15670,105.0,107.0,2495.0
15671,105.0,107.0,2507.0
15672,105.0,107.0,2751.0
15673,105.0,107.0,2763.0
15674,105.0,107.0,3007.0
15675,105.0,107.0,3019.0
15676,105.0,107.0,3263.0
15677,105.0,107.0,3275.0
15678,105.0,107.0,3519.0
15679,105.0,107.0,3531.0
15680,105.0,107.0,3775.0
15681,105.0,107.0,3787.0
15682,105.0,108.0,2232.0
15683,105.0,108.0,2238.0
15684,105.0,108.0,2239.0
15685,105.0,108.0,2240.0
15686,105.0,108.0,2248.0
15687,105.0,108.0,2249.0
15688,105.0,108.0,2250.0
15689,105.0,108.0,2494.0
15690,105.0,108.0,2495.0
15691,105.0,108.0,2496.0
15692,105.0,108.0,2504.0
15693,105.0,108.0,2505.0
15694,105.0,108.0,2506.0
15695,105.0,108.0,2750.0
15696,105.0,108.0,2751.0
15697,105.0,108.0,2752.0
15698,105.0,108.0,2760.0
15699,105.0,108.0,2761.0
15700,105.0,108.0,2762.0
15701,105.0,108.0,3006.0
15702,105.0,108.0,3007.0
15703,105.0,108.0,3008.0
15704,105.0,108.0,3016.0
15705,105.0,108.0,3017.0
15706,105.0,108.0,3018.0
15707,105.0,108.0,3262.0
15708,105.0,108.0,3263.0
15709,105.0,108.0,3264.0
15710,105.0,108.0,3272.0
15711,105.0,108.0,3273.0
15712,105.0,108.0,3274.0
15713,105.0,108.0,3518.0
15714,105.0,108.0,3519.0
15715,105.0,108.0,3520.0
15716,105.0,108.0,3528.0
15717,105.0,108.0,3529.0
15718,105.0,108.0,3530.0
15719,105.0,108.0,3774.0
15720,105.0,108.0,3775.0
15721,105.0,108.0,3776.0
15722,105.0,108.0,3784.0
15723,105.0,108.0,3785.0
15724,105.0,108.0,3786.0
15725,105.0,109.0,2236.0
15726,105.0,109.0,2237.0
15727,105.0,109.0,2238.0
15728,105.0,109.0,2239.0
15729,105.0,109.0,2240.0
15730,105.0,109.0,2492.0
15731,105.0,109.0,2493.0
15732,105.0,109.0,2494.0
15733,105.0,109.0,2495.0
15734,105.0,109.0,2496.0
15735,105.0,109.0,2748.0
15736,105.0,109.0,2749.0
15737,105.0,109.0,2750.0
15738,105.0,109.0,2751.0
15739,105.0,109.0,2752.0
15740,105.0,109.0,3004.0
15741,105.0,109.0,3005.0
15742,105.0,109.0,3006.0
15743,105.0,109.0,3007.0
15744,105.0,109.0,3008.0
15745,105.0,109.0,3260.0
15746,105.0,109.0,3261.0
15747,105.0,109.0,3262.0
15748,105.0,109.0,3263.0
15749,105.0,109.0,3264.0
15750,105.0,109.0,3516.0
15751,105.0,109.0,3517.0
15752,105.0,109.0,3518.0
15753,105.0,109.0,3519.0
15754,105.0,109.0,3520.0
15755,105.0,109.0,3772.0
15756,105.0,109.0,3773.0
15757,105.0,109.0,3774.0
15758,105.0,109.0,3775.0
15759,105.0,109.0,3776.0
15760,105.0,110.0,2232.0
15761,105.0,110.0,2233.0
15762,105.0,110.0,2237.0
15763,105.0,110.0,2488.0
15764,105.0,110.0,2489.0
15765,105.0,110.0,2493.0
15766,105.0,110.0,2744.0
15767,105.0,110.0,2745.0
15768,105.0,110.0,2749.0
15769,105.0,110.0,3000.0
15770,105.0,110.0,3001.0
15771,105.0,110.0,3005.0
15772,105.0,110.0,3256.0
15773,105.0,110.0,3257.0
15774,105.0,110.0,3261.0
15775,105.0,110.0,3512.0
15776,105.0,110.0,3513.0
15777,105.0,110.0,3517.0
15778,105.0,110.0,3768.0
15779,105.0,110.0,3769.0
15780,105.0,110.0,3773.0
15781,105.0,111.0,2230.0
15782,105.0,111.0,2231.0
15783,105.0,111.0,2232.0
15784,105.0,111.0,2233.0
15785,105.0,111.0,2234.0
15786,105.0,111.0,2486.0
15787,105.0,111.0,2487.0
15788,105.0,111.0,2488.0
15789,105.0,111.0,2489.0
15790,105.0,111.0,2490.0
15791,105.0,111.0,2742.0
15792,105.0,111.0,2743.0
15793,105.0,111.0,2744.0
15794,105.0,111.0,2745.0
15795,105.0,111.0,2746.0
15796,105.0,111.0,2998.0
15797,105.0,111.0,2999.0
15798,105.0,111.0,3000.0
15799,105.0,111.0,3001.0
15800,105.0,111.0,3002.0
15801,105.0,111.0,3254.0
15802,105.0,111.0,3255.0
15803,105.0,111.0,3256.0
15804,105.0,111.0,3257.0
15805,105.0,111.0,3258.0
15806,105.0,111.0,3510.0
15807,105.0,111.0,3511.0
15808,105.0,111.0,3512.0
15809,105.0,111.0,3513.0
15810,105.0,111.0,3514.0
15811,105.0,111.0,3766.0
15812,105.0,111.0,3767.0
15813,105.0,111.0,3768.0
15814,105.0,111.0,3769.0
15815,105.0,111.0,3770.0
15816,105.0,112.0,2230.0
15817,105.0,112.0,2231.0
15818,105.0,112.0,2232.0
15819,105.0,112.0,2486.0
15820,105.0,112.0,2487.0
15821,105.0,112.0,2488.0
15822,105.0,112.0,2742.0
15823,105.0,112.0,2743.0
15824,105.0,112.0,2744.0
15825,105.0,112.0,2998.0
15826,105.0,112.0,2999.0
15827,105.0,112.0,3000.0
15828,105.0,112.0,3254.0
15829,105.0,112.0,3255.0
15830,105.0,112.0,3256.0
15831,105.0,112.0,3510.0
15832,105.0,112.0,3511.0
15833,105.0,112.0,3512.0
15834,105.0,112.0,3766.0
15835,105.0,112.0,3767.0
15836,105.0,112.0,3768.0
15837,105.0,113.0,2231.0
15838,105.0,113.0,2487.0
15839,105.0,113.0,2743.0
15840,105.0,113.0,2999.0
15841,105.0,113.0,3255.0
15842,105.0,113.0,3511.0
15843,105.0,113.0,3767.0
15844,106.0,19.0,2189.0
15845,106.0,20.0,2188.0
15846,106.0,21.0,2191.0
15847,106.0,21.0,2192.0
15848,106.0,21.0,2447.0
15849,106.0,21.0,2448.0
15850,106.0,21.0,2703.0
15851,106.0,21.0,2704.0
15852,106.0,21.0,2959.0
15853,106.0,21.0,2960.0
15854,106.0,21.0,3215.0
15855,106.0,21.0,3216.0
15856,106.0,21.0,3471.0
15857,106.0,21.0,3472.0
15858,106.0,21.0,3727.0
15859,106.0,21.0,3728.0
15860,106.0,28.0,2232.0
15861,106.0,28.0,2488.0
15862,106.0,28.0,2744.0
15863,106.0,28.0,3000.0
15864,106.0,28.0,3256.0
15865,106.0,28.0,3512.0
15866,106.0,28.0,3768.0
15867,106.0,29.0,2191.0
15868,106.0,29.0,2703.0
15869,106.0,29.0,2959.0
15870,106.0,29.0,3215.0
15871,106.0,29.0,3471.0
15872,106.0,29.0,3727.0
15873,106.0,30.0,2190.0
15874,106.0,30.0,2191.0
15875,106.0,30.0,2192.0
15876,106.0,30.0,2702.0
15877,106.0,30.0,2703.0
15878,106.0,30.0,2704.0
15879,106.0,30.0,2958.0
15880,106.0,30.0,2959.0
15881,106.0,30.0,2960.0
15882,106.0,30.0,3214.0
15883,106.0,30.0,3215.0
15884,106.0,30.0,3216.0
15885,106.0,30.0,3470.0
15886,106.0,30.0,3471.0
15887,106.0,30.0,3472.0
15888,106.0,30.0,3726.0
15889,106.0,30.0,3727.0
15890,106.0,30.0,3728.0
15891,106.0,32.0,2208.0
15892,106.0,32.0,2237.0
15893,106.0,32.0,2238.0
15894,106.0,32.0,2239.0
15895,106.0,33.0,2208.0
15896,106.0,33.0,2238.0
15897,106.0,38.0,2208.0
15898,106.0,38.0,2464.0
15899,106.0,38.0,2720.0
15900,106.0,38.0,2976.0
15901,106.0,38.0,3232.0
15902,106.0,38.0,3488.0
15903,106.0,38.0,3744.0
15904,106.0,39.0,2226.0
15905,106.0,39.0,2227.0
15906,106.0,39.0,2240.0
15907,106.0,39.0,2482.0
15908,106.0,39.0,2483.0
15909,106.0,39.0,2738.0
15910,106.0,39.0,2739.0
15911,106.0,39.0,2994.0
15912,106.0,39.0,2995.0
15913,106.0,39.0,3250.0
15914,106.0,39.0,3251.0
15915,106.0,39.0,3506.0
15916,106.0,39.0,3507.0
15917,106.0,39.0,3762.0
15918,106.0,39.0,3763.0
15919,106.0,40.0,2223.0
15920,106.0,40.0,2224.0
15921,106.0,40.0,2225.0
15922,106.0,40.0,2226.0
15923,106.0,40.0,2239.0
15924,106.0,40.0,2479.0
15925,106.0,40.0,2480.0
15926,106.0,40.0,2481.0
15927,106.0,40.0,2482.0
15928,106.0,40.0,2735.0
15929,106.0,40.0,2736.0
15930,106.0,40.0,2737.0
15931,106.0,40.0,2738.0
15932,106.0,40.0,2991.0
15933,106.0,40.0,2992.0
15934,106.0,40.0,2993.0
15935,106.0,40.0,2994.0
15936,106.0,40.0,3247.0
15937,106.0,40.0,3248.0
15938,106.0,40.0,3249.0
15939,106.0,40.0,3250.0
15940,106.0,40.0,3503.0
15941,106.0,40.0,3504.0
15942,106.0,40.0,3505.0
15943,106.0,40.0,3506.0
15944,106.0,40.0,3759.0
15945,106.0,40.0,3760.0
15946,106.0,40.0,3761.0
15947,106.0,40.0,3762.0
15948,106.0,41.0,2223.0
15949,106.0,41.0,2224.0
15950,106.0,41.0,2226.0
15951,106.0,41.0,2227.0
15952,106.0,41.0,2479.0
15953,106.0,41.0,2480.0
15954,106.0,41.0,2482.0
15955,106.0,41.0,2483.0
15956,106.0,41.0,2735.0
15957,106.0,41.0,2736.0
15958,106.0,41.0,2738.0
15959,106.0,41.0,2739.0
15960,106.0,41.0,2991.0
15961,106.0,41.0,2992.0
15962,106.0,41.0,2994.0
15963,106.0,41.0,2995.0
15964,106.0,41.0,3247.0
15965,106.0,41.0,3248.0
15966,106.0,41.0,3250.0
15967,106.0,41.0,3251.0
15968,106.0,41.0,3503.0
15969,106.0,41.0,3504.0
15970,106.0,41.0,3506.0
15971,106.0,41.0,3507.0
15972,106.0,41.0,3759.0
15973,106.0,41.0,3760.0
15974,106.0,41.0,3762.0
15975,106.0,41.0,3763.0
15976,106.0,42.0,2199.0
15977,106.0,42.0,2200.0
15978,106.0,42.0,2221.0
15979,106.0,42.0,2222.0
15980,106.0,42.0,2223.0
15981,106.0,42.0,2224.0
15982,106.0,42.0,2225.0
15983,106.0,42.0,2226.0
15984,106.0,42.0,2227.0
15985,106.0,42.0,2477.0
15986,106.0,42.0,2478.0
15987,106.0,42.0,2479.0
15988,106.0,42.0,2480.0
15989,106.0,42.0,2481.0
15990,106.0,42.0,2482.0
15991,106.0,42.0,2483.0
15992,106.0,42.0,2711.0
15993,106.0,42.0,2712.0
15994,106.0,42.0,2733.0
15995,106.0,42.0,2734.0
15996,106.0,42.0,2735.0
15997,106.0,42.0,2736.0
15998,106.0,42.0,2737.0
15999,106.0,42.0,2738.0
16000,106.0,42.0,2739.0
16001,106.0,42.0,2967.0
16002,106.0,42.0,2968.0
16003,106.0,42.0,2989.0
16004,106.0,42.0,2990.0
16005,106.0,42.0,2991.0
16006,106.0,42.0,2992.0
16007,106.0,42.0,2993.0
16008,106.0,42.0,2994.0
16009,106.0,42.0,2995.0
16010,106.0,42.0,3223.0
16011,106.0,42.0,3224.0
16012,106.0,42.0,3245.0
16013,106.0,42.0,3246.0
16014,106.0,42.0,3247.0
16015,106.0,42.0,3248.0
16016,106.0,42.0,3249.0
16017,106.0,42.0,3250.0
16018,106.0,42.0,3251.0
16019,106.0,42.0,3479.0
16020,106.0,42.0,3480.0
16021,106.0,42.0,3501.0
16022,106.0,42.0,3502.0
16023,106.0,42.0,3503.0
16024,106.0,42.0,3504.0
16025,106.0,42.0,3505.0
16026,106.0,42.0,3506.0
16027,106.0,42.0,3507.0
16028,106.0,42.0,3735.0
16029,106.0,42.0,3736.0
16030,106.0,42.0,3757.0
16031,106.0,42.0,3758.0
16032,106.0,42.0,3759.0
16033,106.0,42.0,3760.0
16034,106.0,42.0,3761.0
16035,106.0,42.0,3762.0
16036,106.0,42.0,3763.0
16037,106.0,43.0,2200.0
16038,106.0,43.0,2221.0
16039,106.0,43.0,2222.0
16040,106.0,43.0,2223.0
16041,106.0,43.0,2224.0
16042,106.0,43.0,2225.0
16043,106.0,43.0,2477.0
16044,106.0,43.0,2478.0
16045,106.0,43.0,2479.0
16046,106.0,43.0,2480.0
16047,106.0,43.0,2481.0
16048,106.0,43.0,2712.0
16049,106.0,43.0,2733.0
16050,106.0,43.0,2734.0
16051,106.0,43.0,2735.0
16052,106.0,43.0,2736.0
16053,106.0,43.0,2737.0
16054,106.0,43.0,2968.0
16055,106.0,43.0,2989.0
16056,106.0,43.0,2990.0
16057,106.0,43.0,2991.0
16058,106.0,43.0,2992.0
16059,106.0,43.0,2993.0
16060,106.0,43.0,3224.0
16061,106.0,43.0,3245.0
16062,106.0,43.0,3246.0
16063,106.0,43.0,3247.0
16064,106.0,43.0,3248.0
16065,106.0,43.0,3249.0
16066,106.0,43.0,3480.0
16067,106.0,43.0,3501.0
16068,106.0,43.0,3502.0
16069,106.0,43.0,3503.0
16070,106.0,43.0,3504.0
16071,106.0,43.0,3505.0
16072,106.0,43.0,3736.0
16073,106.0,43.0,3757.0
16074,106.0,43.0,3758.0
16075,106.0,43.0,3759.0
16076,106.0,43.0,3760.0
16077,106.0,43.0,3761.0
16078,106.0,44.0,2219.0
16079,106.0,44.0,2220.0
16080,106.0,44.0,2221.0
16081,106.0,44.0,2222.0
16082,106.0,44.0,2223.0
16083,106.0,44.0,2224.0
16084,106.0,44.0,2225.0
16085,106.0,44.0,2475.0
16086,106.0,44.0,2476.0
16087,106.0,44.0,2477.0
16088,106.0,44.0,2478.0
16089,106.0,44.0,2479.0
16090,106.0,44.0,2480.0
16091,106.0,44.0,2481.0
16092,106.0,44.0,2731.0
16093,106.0,44.0,2732.0
16094,106.0,44.0,2733.0
16095,106.0,44.0,2734.0
16096,106.0,44.0,2735.0
16097,106.0,44.0,2736.0
16098,106.0,44.0,2737.0
16099,106.0,44.0,2987.0
16100,106.0,44.0,2988.0
16101,106.0,44.0,2989.0
16102,106.0,44.0,2990.0
16103,106.0,44.0,2991.0
16104,106.0,44.0,2992.0
16105,106.0,44.0,2993.0
16106,106.0,44.0,3243.0
16107,106.0,44.0,3244.0
16108,106.0,44.0,3245.0
16109,106.0,44.0,3246.0
16110,106.0,44.0,3247.0
16111,106.0,44.0,3248.0
16112,106.0,44.0,3249.0
16113,106.0,44.0,3499.0
16114,106.0,44.0,3500.0
16115,106.0,44.0,3501.0
16116,106.0,44.0,3502.0
16117,106.0,44.0,3503.0
16118,106.0,44.0,3504.0
16119,106.0,44.0,3505.0
16120,106.0,44.0,3755.0
16121,106.0,44.0,3756.0
16122,106.0,44.0,3757.0
16123,106.0,44.0,3758.0
16124,106.0,44.0,3759.0
16125,106.0,44.0,3760.0
16126,106.0,44.0,3761.0
16127,106.0,45.0,2220.0
16128,106.0,45.0,2221.0
16129,106.0,45.0,2222.0
16130,106.0,45.0,2476.0
16131,106.0,45.0,2477.0
16132,106.0,45.0,2478.0
16133,106.0,45.0,2732.0
16134,106.0,45.0,2733.0
16135,106.0,45.0,2734.0
16136,106.0,45.0,2988.0
16137,106.0,45.0,2989.0
16138,106.0,45.0,2990.0
16139,106.0,45.0,3244.0
16140,106.0,45.0,3245.0
16141,106.0,45.0,3246.0
16142,106.0,45.0,3500.0
16143,106.0,45.0,3501.0
16144,106.0,45.0,3502.0
16145,106.0,45.0,3756.0
16146,106.0,45.0,3757.0
16147,106.0,45.0,3758.0
16148,106.0,50.0,2244.0
16149,106.0,50.0,2245.0
16150,106.0,50.0,2246.0
16151,106.0,50.0,2500.0
16152,106.0,50.0,2501.0
16153,106.0,50.0,2502.0
16154,106.0,50.0,2756.0
16155,106.0,50.0,2757.0
16156,106.0,50.0,2758.0
16157,106.0,50.0,3012.0
16158,106.0,50.0,3013.0
16159,106.0,50.0,3014.0
16160,106.0,50.0,3268.0
16161,106.0,50.0,3269.0
16162,106.0,50.0,3270.0
16163,106.0,50.0,3524.0
16164,106.0,50.0,3525.0
16165,106.0,50.0,3526.0
16166,106.0,50.0,3780.0
16167,106.0,50.0,3781.0
16168,106.0,50.0,3782.0
16169,106.0,51.0,2244.0
16170,106.0,51.0,2245.0
16171,106.0,51.0,2500.0
16172,106.0,51.0,2501.0
16173,106.0,51.0,2756.0
16174,106.0,51.0,2757.0
16175,106.0,51.0,3012.0
16176,106.0,51.0,3013.0
16177,106.0,51.0,3268.0
16178,106.0,51.0,3269.0
16179,106.0,51.0,3524.0
16180,106.0,51.0,3525.0
16181,106.0,51.0,3780.0
16182,106.0,51.0,3781.0
16183,106.0,54.0,2237.0
16184,106.0,54.0,2238.0
16185,106.0,55.0,2244.0
16186,106.0,56.0,2243.0
16187,106.0,63.0,2242.0
16188,106.0,63.0,2243.0
16189,106.0,63.0,2498.0
16190,106.0,63.0,2499.0
16191,106.0,63.0,2754.0
16192,106.0,63.0,2755.0
16193,106.0,63.0,3010.0
16194,106.0,63.0,3011.0
16195,106.0,63.0,3266.0
16196,106.0,63.0,3267.0
16197,106.0,63.0,3522.0
16198,106.0,63.0,3523.0
16199,106.0,63.0,3778.0
16200,106.0,63.0,3779.0
16201,106.0,64.0,2240.0
16202,106.0,64.0,2241.0
16203,106.0,64.0,2242.0
16204,106.0,64.0,2243.0
16205,106.0,64.0,2496.0
16206,106.0,64.0,2497.0
16207,106.0,64.0,2498.0
16208,106.0,64.0,2499.0
16209,106.0,64.0,2752.0
16210,106.0,64.0,2753.0
16211,106.0,64.0,2754.0
16212,106.0,64.0,2755.0
16213,106.0,64.0,3008.0
16214,106.0,64.0,3009.0
16215,106.0,64.0,3010.0
16216,106.0,64.0,3011.0
16217,106.0,64.0,3264.0
16218,106.0,64.0,3265.0
16219,106.0,64.0,3266.0
16220,106.0,64.0,3267.0
16221,106.0,64.0,3520.0
16222,106.0,64.0,3521.0
16223,106.0,64.0,3522.0
16224,106.0,64.0,3523.0
16225,106.0,64.0,3776.0
16226,106.0,64.0,3777.0
16227,106.0,64.0,3778.0
16228,106.0,64.0,3779.0
16229,106.0,65.0,2244.0
16230,106.0,65.0,2246.0
16231,106.0,65.0,2247.0
16232,106.0,65.0,2500.0
16233,106.0,65.0,2756.0
16234,106.0,65.0,3012.0
16235,106.0,65.0,3268.0
16236,106.0,65.0,3524.0
16237,106.0,65.0,3780.0
16238,106.0,66.0,2245.0
16239,106.0,69.0,2256.0
16240,106.0,69.0,2257.0
16241,106.0,69.0,2258.0
16242,106.0,69.0,2512.0
16243,106.0,69.0,2513.0
16244,106.0,69.0,2514.0
16245,106.0,69.0,2768.0
16246,106.0,69.0,2769.0
16247,106.0,69.0,2770.0
16248,106.0,69.0,3024.0
16249,106.0,69.0,3025.0
16250,106.0,69.0,3026.0
16251,106.0,69.0,3280.0
16252,106.0,69.0,3281.0
16253,106.0,69.0,3282.0
16254,106.0,69.0,3536.0
16255,106.0,69.0,3537.0
16256,106.0,69.0,3538.0
16257,106.0,69.0,3792.0
16258,106.0,69.0,3793.0
16259,106.0,69.0,3794.0
16260,106.0,70.0,2234.0
16261,106.0,70.0,2251.0
16262,106.0,70.0,2252.0
16263,106.0,70.0,2257.0
16264,106.0,70.0,2490.0
16265,106.0,70.0,2507.0
16266,106.0,70.0,2508.0
16267,106.0,70.0,2513.0
16268,106.0,70.0,2746.0
16269,106.0,70.0,2763.0
16270,106.0,70.0,2764.0
16271,106.0,70.0,2769.0
16272,106.0,70.0,3002.0
16273,106.0,70.0,3019.0
16274,106.0,70.0,3020.0
16275,106.0,70.0,3025.0
16276,106.0,70.0,3258.0
16277,106.0,70.0,3275.0
16278,106.0,70.0,3276.0
16279,106.0,70.0,3281.0
16280,106.0,70.0,3514.0
16281,106.0,70.0,3531.0
16282,106.0,70.0,3532.0
16283,106.0,70.0,3537.0
16284,106.0,70.0,3770.0
16285,106.0,70.0,3787.0
16286,106.0,70.0,3788.0
16287,106.0,70.0,3793.0
16288,106.0,71.0,2222.0
16289,106.0,71.0,2223.0
16290,106.0,71.0,2233.0
16291,106.0,71.0,2248.0
16292,106.0,71.0,2249.0
16293,106.0,71.0,2489.0
16294,106.0,71.0,2504.0
16295,106.0,71.0,2505.0
16296,106.0,71.0,2734.0
16297,106.0,71.0,2735.0
16298,106.0,71.0,2745.0
16299,106.0,71.0,2760.0
16300,106.0,71.0,2761.0
16301,106.0,71.0,2990.0
16302,106.0,71.0,2991.0
16303,106.0,71.0,3001.0
16304,106.0,71.0,3016.0
16305,106.0,71.0,3017.0
16306,106.0,71.0,3246.0
16307,106.0,71.0,3247.0
16308,106.0,71.0,3257.0
16309,106.0,71.0,3272.0
16310,106.0,71.0,3273.0
16311,106.0,71.0,3502.0
16312,106.0,71.0,3503.0
16313,106.0,71.0,3513.0
16314,106.0,71.0,3528.0
16315,106.0,71.0,3529.0
16316,106.0,71.0,3758.0
16317,106.0,71.0,3759.0
16318,106.0,71.0,3769.0
16319,106.0,71.0,3784.0
16320,106.0,71.0,3785.0
16321,106.0,72.0,2222.0
16322,106.0,72.0,2223.0
16323,106.0,72.0,2227.0
16324,106.0,72.0,2228.0
16325,106.0,72.0,2734.0
16326,106.0,72.0,2735.0
16327,106.0,72.0,2990.0
16328,106.0,72.0,2991.0
16329,106.0,72.0,3246.0
16330,106.0,72.0,3247.0
16331,106.0,72.0,3502.0
16332,106.0,72.0,3503.0
16333,106.0,72.0,3758.0
16334,106.0,72.0,3759.0
16335,106.0,73.0,2226.0
16336,106.0,74.0,2225.0
16337,106.0,74.0,2226.0
16338,106.0,74.0,2227.0
16339,106.0,76.0,2229.0
16340,106.0,76.0,2230.0
16341,106.0,76.0,2485.0
16342,106.0,76.0,2486.0
16343,106.0,76.0,2741.0
16344,106.0,76.0,2742.0
16345,106.0,76.0,2997.0
16346,106.0,76.0,2998.0
16347,106.0,76.0,3253.0
16348,106.0,76.0,3254.0
16349,106.0,76.0,3509.0
16350,106.0,76.0,3510.0
16351,106.0,76.0,3765.0
16352,106.0,76.0,3766.0
16353,106.0,77.0,2228.0
16354,106.0,77.0,2229.0
16355,106.0,77.0,2230.0
16356,106.0,77.0,2231.0
16357,106.0,77.0,2232.0
16358,106.0,77.0,2239.0
16359,106.0,77.0,2240.0
16360,106.0,77.0,2484.0
16361,106.0,77.0,2485.0
16362,106.0,77.0,2486.0
16363,106.0,77.0,2487.0
16364,106.0,77.0,2488.0
16365,106.0,77.0,2495.0
16366,106.0,77.0,2496.0
16367,106.0,77.0,2740.0
16368,106.0,77.0,2741.0
16369,106.0,77.0,2742.0
16370,106.0,77.0,2743.0
16371,106.0,77.0,2744.0
16372,106.0,77.0,2751.0
16373,106.0,77.0,2752.0
16374,106.0,77.0,2996.0
16375,106.0,77.0,2997.0
16376,106.0,77.0,2998.0
16377,106.0,77.0,2999.0
16378,106.0,77.0,3000.0
16379,106.0,77.0,3007.0
16380,106.0,77.0,3008.0
16381,106.0,77.0,3252.0
16382,106.0,77.0,3253.0
16383,106.0,77.0,3254.0
16384,106.0,77.0,3255.0
16385,106.0,77.0,3256.0
16386,106.0,77.0,3263.0
16387,106.0,77.0,3264.0
16388,106.0,77.0,3508.0
16389,106.0,77.0,3509.0
16390,106.0,77.0,3510.0
16391,106.0,77.0,3511.0
16392,106.0,77.0,3512.0
16393,106.0,77.0,3519.0
16394,106.0,77.0,3520.0
16395,106.0,77.0,3764.0
16396,106.0,77.0,3765.0
16397,106.0,77.0,3766.0
16398,106.0,77.0,3767.0
16399,106.0,77.0,3768.0
16400,106.0,77.0,3775.0
16401,106.0,77.0,3776.0
16402,106.0,78.0,2227.0
16403,106.0,78.0,2228.0
16404,106.0,78.0,2229.0
16405,106.0,78.0,2230.0
16406,106.0,78.0,2231.0
16407,106.0,78.0,2240.0
16408,106.0,78.0,2241.0
16409,106.0,78.0,2483.0
16410,106.0,78.0,2484.0
16411,106.0,78.0,2485.0
16412,106.0,78.0,2486.0
16413,106.0,78.0,2487.0
16414,106.0,78.0,2496.0
16415,106.0,78.0,2497.0
16416,106.0,78.0,2739.0
16417,106.0,78.0,2740.0
16418,106.0,78.0,2741.0
16419,106.0,78.0,2742.0
16420,106.0,78.0,2743.0
16421,106.0,78.0,2752.0
16422,106.0,78.0,2753.0
16423,106.0,78.0,2995.0
16424,106.0,78.0,2996.0
16425,106.0,78.0,2997.0
16426,106.0,78.0,2998.0
16427,106.0,78.0,2999.0
16428,106.0,78.0,3008.0
16429,106.0,78.0,3009.0
16430,106.0,78.0,3251.0
16431,106.0,78.0,3252.0
16432,106.0,78.0,3253.0
16433,106.0,78.0,3254.0
16434,106.0,78.0,3255.0
16435,106.0,78.0,3264.0
16436,106.0,78.0,3265.0
16437,106.0,78.0,3507.0
16438,106.0,78.0,3508.0
16439,106.0,78.0,3509.0
16440,106.0,78.0,3510.0
16441,106.0,78.0,3511.0
16442,106.0,78.0,3520.0
16443,106.0,78.0,3521.0
16444,106.0,78.0,3763.0
16445,106.0,78.0,3764.0
16446,106.0,78.0,3765.0
16447,106.0,78.0,3766.0
16448,106.0,78.0,3767.0
16449,106.0,78.0,3776.0
16450,106.0,78.0,3777.0
16451,106.0,79.0,2230.0
16452,106.0,79.0,2231.0
16453,106.0,79.0,2232.0
16454,106.0,79.0,2233.0
16455,106.0,79.0,2234.0
16456,106.0,79.0,2238.0
16457,106.0,79.0,2247.0
16458,106.0,79.0,2248.0
16459,106.0,79.0,2249.0
16460,106.0,79.0,2486.0
16461,106.0,79.0,2487.0
16462,106.0,79.0,2488.0
16463,106.0,79.0,2489.0
16464,106.0,79.0,2490.0
16465,106.0,79.0,2494.0
16466,106.0,79.0,2503.0
16467,106.0,79.0,2504.0
16468,106.0,79.0,2505.0
16469,106.0,79.0,2742.0
16470,106.0,79.0,2743.0
16471,106.0,79.0,2744.0
16472,106.0,79.0,2745.0
16473,106.0,79.0,2746.0
16474,106.0,79.0,2750.0
16475,106.0,79.0,2759.0
16476,106.0,79.0,2760.0
16477,106.0,79.0,2761.0
16478,106.0,79.0,2998.0
16479,106.0,79.0,2999.0
16480,106.0,79.0,3000.0
16481,106.0,79.0,3001.0
16482,106.0,79.0,3002.0
16483,106.0,79.0,3006.0
16484,106.0,79.0,3015.0
16485,106.0,79.0,3016.0
16486,106.0,79.0,3017.0
16487,106.0,79.0,3254.0
16488,106.0,79.0,3255.0
16489,106.0,79.0,3256.0
16490,106.0,79.0,3257.0
16491,106.0,79.0,3258.0
16492,106.0,79.0,3262.0
16493,106.0,79.0,3271.0
16494,106.0,79.0,3272.0
16495,106.0,79.0,3273.0
16496,106.0,79.0,3510.0
16497,106.0,79.0,3511.0
16498,106.0,79.0,3512.0
16499,106.0,79.0,3513.0
16500,106.0,79.0,3514.0
16501,106.0,79.0,3518.0
16502,106.0,79.0,3527.0
16503,106.0,79.0,3528.0
16504,106.0,79.0,3529.0
16505,106.0,79.0,3766.0
16506,106.0,79.0,3767.0
16507,106.0,79.0,3768.0
16508,106.0,79.0,3769.0
16509,106.0,79.0,3770.0
16510,106.0,79.0,3774.0
16511,106.0,79.0,3783.0
16512,106.0,79.0,3784.0
16513,106.0,79.0,3785.0
16514,106.0,80.0,2225.0
16515,106.0,80.0,2229.0
16516,106.0,80.0,2230.0
16517,106.0,80.0,2231.0
16518,106.0,80.0,2232.0
16519,106.0,80.0,2233.0
16520,106.0,80.0,2245.0
16521,106.0,80.0,2246.0
16522,106.0,80.0,2247.0
16523,106.0,80.0,2485.0
16524,106.0,80.0,2486.0
16525,106.0,80.0,2487.0
16526,106.0,80.0,2488.0
16527,106.0,80.0,2489.0
16528,106.0,80.0,2501.0
16529,106.0,80.0,2502.0
16530,106.0,80.0,2503.0
16531,106.0,80.0,2737.0
16532,106.0,80.0,2741.0
16533,106.0,80.0,2742.0
16534,106.0,80.0,2743.0
16535,106.0,80.0,2744.0
16536,106.0,80.0,2745.0
16537,106.0,80.0,2757.0
16538,106.0,80.0,2758.0
16539,106.0,80.0,2759.0
16540,106.0,80.0,2993.0
16541,106.0,80.0,2997.0
16542,106.0,80.0,2998.0
16543,106.0,80.0,2999.0
16544,106.0,80.0,3000.0
16545,106.0,80.0,3001.0
16546,106.0,80.0,3013.0
16547,106.0,80.0,3014.0
16548,106.0,80.0,3015.0
16549,106.0,80.0,3249.0
16550,106.0,80.0,3253.0
16551,106.0,80.0,3254.0
16552,106.0,80.0,3255.0
16553,106.0,80.0,3256.0
16554,106.0,80.0,3257.0
16555,106.0,80.0,3269.0
16556,106.0,80.0,3270.0
16557,106.0,80.0,3271.0
16558,106.0,80.0,3509.0
16559,106.0,80.0,3510.0
16560,106.0,80.0,3511.0
16561,106.0,80.0,3512.0
16562,106.0,80.0,3513.0
16563,106.0,80.0,3525.0
16564,106.0,80.0,3526.0
16565,106.0,80.0,3527.0
16566,106.0,80.0,3761.0
16567,106.0,80.0,3765.0
16568,106.0,80.0,3766.0
16569,106.0,80.0,3767.0
16570,106.0,80.0,3768.0
16571,106.0,80.0,3769.0
16572,106.0,80.0,3781.0
16573,106.0,80.0,3782.0
16574,106.0,80.0,3783.0
16575,106.0,81.0,2229.0
16576,106.0,81.0,2230.0
16577,106.0,81.0,2243.0
16578,106.0,81.0,2244.0
16579,106.0,81.0,2485.0
16580,106.0,81.0,2486.0
16581,106.0,81.0,2499.0
16582,106.0,81.0,2500.0
16583,106.0,81.0,2741.0
16584,106.0,81.0,2742.0
16585,106.0,81.0,2755.0
16586,106.0,81.0,2756.0
16587,106.0,81.0,2997.0
16588,106.0,81.0,2998.0
16589,106.0,81.0,3011.0
16590,106.0,81.0,3012.0
16591,106.0,81.0,3253.0
16592,106.0,81.0,3254.0
16593,106.0,81.0,3267.0
16594,106.0,81.0,3268.0
16595,106.0,81.0,3509.0
16596,106.0,81.0,3510.0
16597,106.0,81.0,3523.0
16598,106.0,81.0,3524.0
16599,106.0,81.0,3765.0
16600,106.0,81.0,3766.0
16601,106.0,81.0,3779.0
16602,106.0,81.0,3780.0
16603,106.0,82.0,2226.0
16604,106.0,82.0,2242.0
16605,106.0,82.0,2243.0
16606,106.0,82.0,2498.0
16607,106.0,82.0,2499.0
16608,106.0,82.0,2754.0
16609,106.0,82.0,2755.0
16610,106.0,82.0,3010.0
16611,106.0,82.0,3011.0
16612,106.0,82.0,3266.0
16613,106.0,82.0,3267.0
16614,106.0,82.0,3522.0
16615,106.0,82.0,3523.0
16616,106.0,82.0,3778.0
16617,106.0,82.0,3779.0
16618,106.0,83.0,2225.0
16619,106.0,83.0,2226.0
16620,106.0,83.0,2227.0
16621,106.0,83.0,2242.0
16622,106.0,83.0,2243.0
16623,106.0,83.0,2498.0
16624,106.0,83.0,2499.0
16625,106.0,83.0,2754.0
16626,106.0,83.0,2755.0
16627,106.0,83.0,3010.0
16628,106.0,83.0,3011.0
16629,106.0,83.0,3266.0
16630,106.0,83.0,3267.0
16631,106.0,83.0,3522.0
16632,106.0,83.0,3523.0
16633,106.0,83.0,3778.0
16634,106.0,83.0,3779.0
16635,106.0,84.0,2240.0
16636,106.0,84.0,2496.0
16637,106.0,84.0,2752.0
16638,106.0,84.0,3008.0
16639,106.0,84.0,3264.0
16640,106.0,84.0,3520.0
16641,106.0,84.0,3776.0
16642,106.0,86.0,2226.0
16643,106.0,86.0,2243.0
16644,106.0,86.0,2244.0
16645,106.0,86.0,2245.0
16646,106.0,86.0,2250.0
16647,106.0,86.0,2499.0
16648,106.0,86.0,2500.0
16649,106.0,86.0,2501.0
16650,106.0,86.0,2506.0
16651,106.0,86.0,2755.0
16652,106.0,86.0,2756.0
16653,106.0,86.0,2757.0
16654,106.0,86.0,2762.0
16655,106.0,86.0,3011.0
16656,106.0,86.0,3012.0
16657,106.0,86.0,3013.0
16658,106.0,86.0,3018.0
16659,106.0,86.0,3267.0
16660,106.0,86.0,3268.0
16661,106.0,86.0,3269.0
16662,106.0,86.0,3274.0
16663,106.0,86.0,3523.0
16664,106.0,86.0,3524.0
16665,106.0,86.0,3525.0
16666,106.0,86.0,3530.0
16667,106.0,86.0,3779.0
16668,106.0,86.0,3780.0
16669,106.0,86.0,3781.0
16670,106.0,86.0,3786.0
16671,106.0,87.0,2225.0
16672,106.0,87.0,2244.0
16673,106.0,87.0,2500.0
16674,106.0,87.0,2756.0
16675,106.0,87.0,3012.0
16676,106.0,87.0,3268.0
16677,106.0,87.0,3524.0
16678,106.0,87.0,3780.0
16679,106.0,88.0,2249.0
16680,106.0,89.0,2248.0
16681,106.0,89.0,2249.0
16682,106.0,91.0,2252.0
16683,106.0,91.0,2253.0
16684,106.0,91.0,2508.0
16685,106.0,91.0,2509.0
16686,106.0,91.0,2764.0
16687,106.0,91.0,2765.0
16688,106.0,91.0,3020.0
16689,106.0,91.0,3021.0
16690,106.0,91.0,3276.0
16691,106.0,91.0,3277.0
16692,106.0,91.0,3532.0
16693,106.0,91.0,3533.0
16694,106.0,91.0,3788.0
16695,106.0,91.0,3789.0
16696,106.0,92.0,2249.0
16697,106.0,92.0,2250.0
16698,106.0,92.0,2251.0
16699,106.0,92.0,2505.0
16700,106.0,92.0,2506.0
16701,106.0,92.0,2507.0
16702,106.0,92.0,2761.0
16703,106.0,92.0,2762.0
16704,106.0,92.0,2763.0
16705,106.0,92.0,3017.0
16706,106.0,92.0,3018.0
16707,106.0,92.0,3019.0
16708,106.0,92.0,3273.0
16709,106.0,92.0,3274.0
16710,106.0,92.0,3275.0
16711,106.0,92.0,3529.0
16712,106.0,92.0,3530.0
16713,106.0,92.0,3531.0
16714,106.0,92.0,3785.0
16715,106.0,92.0,3786.0
16716,106.0,92.0,3787.0
16717,106.0,101.0,2240.0
16718,106.0,101.0,2241.0
16719,106.0,101.0,2496.0
16720,106.0,101.0,2497.0
16721,106.0,101.0,2752.0
16722,106.0,101.0,2753.0
16723,106.0,101.0,3008.0
16724,106.0,101.0,3009.0
16725,106.0,101.0,3264.0
16726,106.0,101.0,3265.0
16727,106.0,101.0,3520.0
16728,106.0,101.0,3521.0
16729,106.0,101.0,3776.0
16730,106.0,101.0,3777.0
16731,106.0,102.0,2240.0
16732,106.0,102.0,2241.0
16733,106.0,102.0,2496.0
16734,106.0,102.0,2497.0
16735,106.0,102.0,2752.0
16736,106.0,102.0,2753.0
16737,106.0,102.0,3008.0
16738,106.0,102.0,3009.0
16739,106.0,102.0,3264.0
16740,106.0,102.0,3265.0
16741,106.0,102.0,3520.0
16742,106.0,102.0,3521.0
16743,106.0,102.0,3776.0
16744,106.0,102.0,3777.0
16745,106.0,103.0,2240.0
16746,106.0,103.0,2496.0
16747,106.0,103.0,2752.0
16748,106.0,103.0,3008.0
16749,106.0,103.0,3264.0
16750,106.0,103.0,3520.0
16751,106.0,103.0,3776.0
16752,106.0,107.0,2247.0
16753,106.0,107.0,2248.0
16754,106.0,107.0,2249.0
16755,106.0,107.0,2251.0
16756,106.0,107.0,2503.0
16757,106.0,107.0,2504.0
16758,106.0,107.0,2505.0
16759,106.0,107.0,2507.0
16760,106.0,107.0,2759.0
16761,106.0,107.0,2760.0
16762,106.0,107.0,2761.0
16763,106.0,107.0,2763.0
16764,106.0,107.0,3015.0
16765,106.0,107.0,3016.0
16766,106.0,107.0,3017.0
16767,106.0,107.0,3019.0
16768,106.0,107.0,3271.0
16769,106.0,107.0,3272.0
16770,106.0,107.0,3273.0
16771,106.0,107.0,3275.0
16772,106.0,107.0,3527.0
16773,106.0,107.0,3528.0
16774,106.0,107.0,3529.0
16775,106.0,107.0,3531.0
16776,106.0,107.0,3783.0
16777,106.0,107.0,3784.0
16778,106.0,107.0,3785.0
16779,106.0,107.0,3787.0
16780,106.0,108.0,2239.0
16781,106.0,108.0,2240.0
16782,106.0,108.0,2246.0
16783,106.0,108.0,2247.0
16784,106.0,108.0,2248.0
16785,106.0,108.0,2249.0
16786,106.0,108.0,2250.0
16787,106.0,108.0,2251.0
16788,106.0,108.0,2252.0
16789,106.0,108.0,2495.0
16790,106.0,108.0,2496.0
16791,106.0,108.0,2502.0
16792,106.0,108.0,2503.0
16793,106.0,108.0,2504.0
16794,106.0,108.0,2505.0
16795,106.0,108.0,2506.0
16796,106.0,108.0,2507.0
16797,106.0,108.0,2508.0
16798,106.0,108.0,2751.0
16799,106.0,108.0,2752.0
16800,106.0,108.0,2758.0
16801,106.0,108.0,2759.0
16802,106.0,108.0,2760.0
16803,106.0,108.0,2761.0
16804,106.0,108.0,2762.0
16805,106.0,108.0,2763.0
16806,106.0,108.0,2764.0
16807,106.0,108.0,3007.0
16808,106.0,108.0,3008.0
16809,106.0,108.0,3014.0
16810,106.0,108.0,3015.0
16811,106.0,108.0,3016.0
16812,106.0,108.0,3017.0
16813,106.0,108.0,3018.0
16814,106.0,108.0,3019.0
16815,106.0,108.0,3020.0
16816,106.0,108.0,3263.0
16817,106.0,108.0,3264.0
16818,106.0,108.0,3270.0
16819,106.0,108.0,3271.0
16820,106.0,108.0,3272.0
16821,106.0,108.0,3273.0
16822,106.0,108.0,3274.0
16823,106.0,108.0,3275.0
16824,106.0,108.0,3276.0
16825,106.0,108.0,3519.0
16826,106.0,108.0,3520.0
16827,106.0,108.0,3526.0
16828,106.0,108.0,3527.0
16829,106.0,108.0,3528.0
16830,106.0,108.0,3529.0
16831,106.0,108.0,3530.0
16832,106.0,108.0,3531.0
16833,106.0,108.0,3532.0
16834,106.0,108.0,3775.0
16835,106.0,108.0,3776.0
16836,106.0,108.0,3782.0
16837,106.0,108.0,3783.0
16838,106.0,108.0,3784.0
16839,106.0,108.0,3785.0
16840,106.0,108.0,3786.0
16841,106.0,108.0,3787.0
16842,106.0,108.0,3788.0
16843,106.0,109.0,2219.0
16844,106.0,109.0,2220.0
16845,106.0,109.0,2221.0
16846,106.0,109.0,2243.0
16847,106.0,109.0,2499.0
16848,106.0,109.0,2755.0
16849,106.0,109.0,3011.0
16850,106.0,109.0,3267.0
16851,106.0,109.0,3523.0
16852,106.0,109.0,3779.0
16853,106.0,110.0,2220.0
16854,106.0,110.0,2233.0
16855,106.0,110.0,2240.0
16856,106.0,110.0,2241.0
16857,106.0,110.0,2242.0
16858,106.0,110.0,2243.0
16859,106.0,110.0,2489.0
16860,106.0,110.0,2496.0
16861,106.0,110.0,2497.0
16862,106.0,110.0,2498.0
16863,106.0,110.0,2499.0
16864,106.0,110.0,2745.0
16865,106.0,110.0,2752.0
16866,106.0,110.0,2753.0
16867,106.0,110.0,2754.0
16868,106.0,110.0,2755.0
16869,106.0,110.0,3001.0
16870,106.0,110.0,3008.0
16871,106.0,110.0,3009.0
16872,106.0,110.0,3010.0
16873,106.0,110.0,3011.0
16874,106.0,110.0,3257.0
16875,106.0,110.0,3264.0
16876,106.0,110.0,3265.0
16877,106.0,110.0,3266.0
16878,106.0,110.0,3267.0
16879,106.0,110.0,3513.0
16880,106.0,110.0,3520.0
16881,106.0,110.0,3521.0
16882,106.0,110.0,3522.0
16883,106.0,110.0,3523.0
16884,106.0,110.0,3769.0
16885,106.0,110.0,3776.0
16886,106.0,110.0,3777.0
16887,106.0,110.0,3778.0
16888,106.0,110.0,3779.0
16889,106.0,111.0,2232.0
16890,106.0,111.0,2233.0
16891,106.0,111.0,2234.0
16892,106.0,111.0,2240.0
16893,106.0,111.0,2488.0
16894,106.0,111.0,2489.0
16895,106.0,111.0,2490.0
16896,106.0,111.0,2496.0
16897,106.0,111.0,2744.0
16898,106.0,111.0,2745.0
16899,106.0,111.0,2746.0
16900,106.0,111.0,2752.0
16901,106.0,111.0,3000.0
16902,106.0,111.0,3001.0
16903,106.0,111.0,3002.0
16904,106.0,111.0,3008.0
16905,106.0,111.0,3256.0
16906,106.0,111.0,3257.0
16907,106.0,111.0,3258.0
16908,106.0,111.0,3264.0
16909,106.0,111.0,3512.0
16910,106.0,111.0,3513.0
16911,106.0,111.0,3514.0
16912,106.0,111.0,3520.0
16913,106.0,111.0,3768.0
16914,106.0,111.0,3769.0
16915,106.0,111.0,3770.0
16916,106.0,111.0,3776.0
16917,106.0,112.0,2228.0
16918,106.0,112.0,2229.0
16919,106.0,112.0,2230.0
16920,106.0,112.0,2231.0
16921,106.0,112.0,2232.0
16922,106.0,112.0,2484.0
16923,106.0,112.0,2485.0
16924,106.0,112.0,2486.0
16925,106.0,112.0,2487.0
16926,106.0,112.0,2488.0
16927,106.0,112.0,2740.0
16928,106.0,112.0,2741.0
16929,106.0,112.0,2742.0
16930,106.0,112.0,2743.0
16931,106.0,112.0,2744.0
16932,106.0,112.0,2996.0
16933,106.0,112.0,2997.0
16934,106.0,112.0,2998.0
16935,106.0,112.0,2999.0
16936,106.0,112.0,3000.0
16937,106.0,112.0,3252.0
16938,106.0,112.0,3253.0
16939,106.0,112.0,3254.0
16940,106.0,112.0,3255.0
16941,106.0,112.0,3256.0
16942,106.0,112.0,3508.0
16943,106.0,112.0,3509.0
16944,106.0,112.0,3510.0
16945,106.0,112.0,3511.0
16946,106.0,112.0,3512.0
16947,106.0,112.0,3764.0
16948,106.0,112.0,3765.0
16949,106.0,112.0,3766.0
16950,106.0,112.0,3767.0
16951,106.0,112.0,3768.0
16952,106.0,113.0,2227.0
16953,106.0,113.0,2228.0
16954,106.0,113.0,2229.0
16955,106.0,113.0,2230.0
16956,106.0,113.0,2231.0
16957,106.0,113.0,2232.0
16958,106.0,113.0,2483.0
16959,106.0,113.0,2484.0
16960,106.0,113.0,2485.0
16961,106.0,113.0,2486.0
16962,106.0,113.0,2487.0
16963,106.0,113.0,2488.0
16964,106.0,113.0,2739.0
16965,106.0,113.0,2740.0
16966,106.0,113.0,2741.0
16967,106.0,113.0,2742.0
16968,106.0,113.0,2743.0
16969,106.0,113.0,2744.0
16970,106.0,113.0,2995.0
16971,106.0,113.0,2996.0
16972,106.0,113.0,2997.0
16973,106.0,113.0,2998.0
16974,106.0,113.0,2999.0
16975,106.0,113.0,3000.0
16976,106.0,113.0,3251.0
16977,106.0,113.0,3252.0
16978,106.0,113.0,3253.0
16979,106.0,113.0,3254.0
16980,106.0,113.0,3255.0
16981,106.0,113.0,3256.0
16982,106.0,113.0,3507.0
16983,106.0,113.0,3508.0
16984,106.0,113.0,3509.0
16985,106.0,113.0,3510.0
16986,106.0,113.0,3511.0
16987,106.0,113.0,3512.0
16988,106.0,113.0,3763.0
16989,106.0,113.0,3764.0
16990,106.0,113.0,3765.0
16991,106.0,113.0,3766.0
16992,106.0,113.0,3767.0
16993,106.0,113.0,3768.0
16994,107.0,19.0,2187.0
16995,107.0,19.0,2188.0
16996,107.0,19.0,2699.0
16997,107.0,19.0,2700.0
16998,107.0,19.0,2955.0
16999,107.0,19.0,2956.0
17000,107.0,19.0,3211.0
17001,107.0,19.0,3212.0
17002,107.0,19.0,3723.0
17003,107.0,19.0,3724.0
17004,107.0,27.0,2230.0
17005,107.0,27.0,2231.0
17006,107.0,27.0,2486.0
17007,107.0,27.0,2487.0
17008,107.0,27.0,2742.0
17009,107.0,27.0,2743.0
17010,107.0,27.0,2998.0
17011,107.0,27.0,2999.0
17012,107.0,27.0,3254.0
17013,107.0,27.0,3255.0
17014,107.0,27.0,3510.0
17015,107.0,27.0,3511.0
17016,107.0,27.0,3766.0
17017,107.0,27.0,3767.0
17018,107.0,28.0,2228.0
17019,107.0,28.0,2229.0
17020,107.0,28.0,2232.0
17021,107.0,28.0,2484.0
17022,107.0,28.0,2485.0
17023,107.0,28.0,2488.0
17024,107.0,28.0,2740.0
17025,107.0,28.0,2741.0
17026,107.0,28.0,2744.0
17027,107.0,28.0,2996.0
17028,107.0,28.0,2997.0
17029,107.0,28.0,3000.0
17030,107.0,28.0,3252.0
17031,107.0,28.0,3253.0
17032,107.0,28.0,3256.0
17033,107.0,28.0,3508.0
17034,107.0,28.0,3509.0
17035,107.0,28.0,3512.0
17036,107.0,28.0,3764.0
17037,107.0,28.0,3765.0
17038,107.0,28.0,3768.0
17039,107.0,29.0,2226.0
17040,107.0,29.0,2227.0
17041,107.0,29.0,2228.0
17042,107.0,29.0,2231.0
17043,107.0,29.0,2232.0
17044,107.0,29.0,2482.0
17045,107.0,29.0,2483.0
17046,107.0,29.0,2484.0
17047,107.0,29.0,2487.0
17048,107.0,29.0,2488.0
17049,107.0,29.0,2738.0
17050,107.0,29.0,2739.0
17051,107.0,29.0,2740.0
17052,107.0,29.0,2743.0
17053,107.0,29.0,2744.0
17054,107.0,29.0,2994.0
17055,107.0,29.0,2995.0
17056,107.0,29.0,2996.0
17057,107.0,29.0,2999.0
17058,107.0,29.0,3000.0
17059,107.0,29.0,3250.0
17060,107.0,29.0,3251.0
17061,107.0,29.0,3252.0
17062,107.0,29.0,3255.0
17063,107.0,29.0,3256.0
17064,107.0,29.0,3506.0
17065,107.0,29.0,3507.0
17066,107.0,29.0,3508.0
17067,107.0,29.0,3511.0
17068,107.0,29.0,3512.0
17069,107.0,29.0,3762.0
17070,107.0,29.0,3763.0
17071,107.0,29.0,3764.0
17072,107.0,29.0,3767.0
17073,107.0,29.0,3768.0
17074,107.0,30.0,2224.0
17075,107.0,30.0,2225.0
17076,107.0,30.0,2226.0
17077,107.0,30.0,2229.0
17078,107.0,30.0,2230.0
17079,107.0,30.0,2480.0
17080,107.0,30.0,2481.0
17081,107.0,30.0,2482.0
17082,107.0,30.0,2485.0
17083,107.0,30.0,2486.0
17084,107.0,30.0,2736.0
17085,107.0,30.0,2737.0
17086,107.0,30.0,2738.0
17087,107.0,30.0,2741.0
17088,107.0,30.0,2742.0
17089,107.0,30.0,2992.0
17090,107.0,30.0,2993.0
17091,107.0,30.0,2994.0
17092,107.0,30.0,2997.0
17093,107.0,30.0,2998.0
17094,107.0,30.0,3248.0
17095,107.0,30.0,3249.0
17096,107.0,30.0,3250.0
17097,107.0,30.0,3253.0
17098,107.0,30.0,3254.0
17099,107.0,30.0,3504.0
17100,107.0,30.0,3505.0
17101,107.0,30.0,3506.0
17102,107.0,30.0,3509.0
17103,107.0,30.0,3510.0
17104,107.0,30.0,3760.0
17105,107.0,30.0,3761.0
17106,107.0,30.0,3762.0
17107,107.0,30.0,3765.0
17108,107.0,30.0,3766.0
17109,107.0,32.0,2208.0
17110,107.0,32.0,2209.0
17111,107.0,32.0,2210.0
17112,107.0,36.0,2211.0
17113,107.0,36.0,2212.0
17114,107.0,36.0,2467.0
17115,107.0,36.0,2468.0
17116,107.0,36.0,2723.0
17117,107.0,36.0,2724.0
17118,107.0,36.0,2979.0
17119,107.0,36.0,2980.0
17120,107.0,36.0,3235.0
17121,107.0,36.0,3236.0
17122,107.0,36.0,3491.0
17123,107.0,36.0,3492.0
17124,107.0,36.0,3747.0
17125,107.0,36.0,3748.0
17126,107.0,37.0,2206.0
17127,107.0,37.0,2207.0
17128,107.0,37.0,2208.0
17129,107.0,37.0,2211.0
17130,107.0,37.0,2212.0
17131,107.0,37.0,2227.0
17132,107.0,37.0,2228.0
17133,107.0,37.0,2462.0
17134,107.0,37.0,2463.0
17135,107.0,37.0,2464.0
17136,107.0,37.0,2467.0
17137,107.0,37.0,2468.0
17138,107.0,37.0,2483.0
17139,107.0,37.0,2484.0
17140,107.0,37.0,2718.0
17141,107.0,37.0,2719.0
17142,107.0,37.0,2720.0
17143,107.0,37.0,2723.0
17144,107.0,37.0,2724.0
17145,107.0,37.0,2739.0
17146,107.0,37.0,2740.0
17147,107.0,37.0,2974.0
17148,107.0,37.0,2975.0
17149,107.0,37.0,2976.0
17150,107.0,37.0,2979.0
17151,107.0,37.0,2980.0
17152,107.0,37.0,2995.0
17153,107.0,37.0,2996.0
17154,107.0,37.0,3230.0
17155,107.0,37.0,3231.0
17156,107.0,37.0,3232.0
17157,107.0,37.0,3235.0
17158,107.0,37.0,3236.0
17159,107.0,37.0,3251.0
17160,107.0,37.0,3252.0
17161,107.0,37.0,3486.0
17162,107.0,37.0,3487.0
17163,107.0,37.0,3488.0
17164,107.0,37.0,3491.0
17165,107.0,37.0,3492.0
17166,107.0,37.0,3507.0
17167,107.0,37.0,3508.0
17168,107.0,37.0,3742.0
17169,107.0,37.0,3743.0
17170,107.0,37.0,3744.0
17171,107.0,37.0,3747.0
17172,107.0,37.0,3748.0
17173,107.0,37.0,3763.0
17174,107.0,37.0,3764.0
17175,107.0,38.0,2207.0
17176,107.0,38.0,2208.0
17177,107.0,38.0,2209.0
17178,107.0,38.0,2211.0
17179,107.0,38.0,2226.0
17180,107.0,38.0,2241.0
17181,107.0,38.0,2242.0
17182,107.0,38.0,2463.0
17183,107.0,38.0,2464.0
17184,107.0,38.0,2465.0
17185,107.0,38.0,2467.0
17186,107.0,38.0,2482.0
17187,107.0,38.0,2719.0
17188,107.0,38.0,2720.0
17189,107.0,38.0,2721.0
17190,107.0,38.0,2723.0
17191,107.0,38.0,2738.0
17192,107.0,38.0,2975.0
17193,107.0,38.0,2976.0
17194,107.0,38.0,2977.0
17195,107.0,38.0,2979.0
17196,107.0,38.0,2994.0
17197,107.0,38.0,3231.0
17198,107.0,38.0,3232.0
17199,107.0,38.0,3233.0
17200,107.0,38.0,3235.0
17201,107.0,38.0,3250.0
17202,107.0,38.0,3487.0
17203,107.0,38.0,3488.0
17204,107.0,38.0,3489.0
17205,107.0,38.0,3491.0
17206,107.0,38.0,3506.0
17207,107.0,38.0,3743.0
17208,107.0,38.0,3744.0
17209,107.0,38.0,3745.0
17210,107.0,38.0,3747.0
17211,107.0,38.0,3762.0
17212,107.0,39.0,2207.0
17213,107.0,39.0,2208.0
17214,107.0,39.0,2209.0
17215,107.0,39.0,2240.0
17216,107.0,39.0,2463.0
17217,107.0,39.0,2464.0
17218,107.0,39.0,2465.0
17219,107.0,39.0,2719.0
17220,107.0,39.0,2720.0
17221,107.0,39.0,2721.0
17222,107.0,39.0,2975.0
17223,107.0,39.0,2976.0
17224,107.0,39.0,2977.0
17225,107.0,39.0,3231.0
17226,107.0,39.0,3232.0
17227,107.0,39.0,3233.0
17228,107.0,39.0,3487.0
17229,107.0,39.0,3488.0
17230,107.0,39.0,3489.0
17231,107.0,39.0,3743.0
17232,107.0,39.0,3744.0
17233,107.0,39.0,3745.0
17234,107.0,40.0,2239.0
17235,107.0,42.0,2199.0
17236,107.0,42.0,2200.0
17237,107.0,42.0,2214.0
17238,107.0,42.0,2215.0
17239,107.0,42.0,2222.0
17240,107.0,42.0,2223.0
17241,107.0,42.0,2224.0
17242,107.0,42.0,2225.0
17243,107.0,42.0,2470.0
17244,107.0,42.0,2471.0
17245,107.0,42.0,2478.0
17246,107.0,42.0,2479.0
17247,107.0,42.0,2480.0
17248,107.0,42.0,2481.0
17249,107.0,42.0,2711.0
17250,107.0,42.0,2712.0
17251,107.0,42.0,2726.0
17252,107.0,42.0,2727.0
17253,107.0,42.0,2734.0
17254,107.0,42.0,2735.0
17255,107.0,42.0,2736.0
17256,107.0,42.0,2737.0
17257,107.0,42.0,2967.0
17258,107.0,42.0,2968.0
17259,107.0,42.0,2982.0
17260,107.0,42.0,2983.0
17261,107.0,42.0,2990.0
17262,107.0,42.0,2991.0
17263,107.0,42.0,2992.0
17264,107.0,42.0,2993.0
17265,107.0,42.0,3223.0
17266,107.0,42.0,3224.0
17267,107.0,42.0,3238.0
17268,107.0,42.0,3239.0
17269,107.0,42.0,3246.0
17270,107.0,42.0,3247.0
17271,107.0,42.0,3248.0
17272,107.0,42.0,3249.0
17273,107.0,42.0,3479.0
17274,107.0,42.0,3480.0
17275,107.0,42.0,3494.0
17276,107.0,42.0,3495.0
17277,107.0,42.0,3502.0
17278,107.0,42.0,3503.0
17279,107.0,42.0,3504.0
17280,107.0,42.0,3505.0
17281,107.0,42.0,3735.0
17282,107.0,42.0,3736.0
17283,107.0,42.0,3750.0
17284,107.0,42.0,3751.0
17285,107.0,42.0,3758.0
17286,107.0,42.0,3759.0
17287,107.0,42.0,3760.0
17288,107.0,42.0,3761.0
17289,107.0,43.0,2214.0
17290,107.0,43.0,2221.0
17291,107.0,43.0,2222.0
17292,107.0,43.0,2223.0
17293,107.0,43.0,2470.0
17294,107.0,43.0,2477.0
17295,107.0,43.0,2478.0
17296,107.0,43.0,2479.0
17297,107.0,43.0,2726.0
17298,107.0,43.0,2733.0
17299,107.0,43.0,2734.0
17300,107.0,43.0,2735.0
17301,107.0,43.0,2982.0
17302,107.0,43.0,2989.0
17303,107.0,43.0,2990.0
17304,107.0,43.0,2991.0
17305,107.0,43.0,3238.0
17306,107.0,43.0,3245.0
17307,107.0,43.0,3246.0
17308,107.0,43.0,3247.0
17309,107.0,43.0,3494.0
17310,107.0,43.0,3501.0
17311,107.0,43.0,3502.0
17312,107.0,43.0,3503.0
17313,107.0,43.0,3750.0
17314,107.0,43.0,3757.0
17315,107.0,43.0,3758.0
17316,107.0,43.0,3759.0
17317,107.0,44.0,2219.0
17318,107.0,44.0,2220.0
17319,107.0,44.0,2221.0
17320,107.0,44.0,2475.0
17321,107.0,44.0,2476.0
17322,107.0,44.0,2477.0
17323,107.0,44.0,2731.0
17324,107.0,44.0,2732.0
17325,107.0,44.0,2733.0
17326,107.0,44.0,2987.0
17327,107.0,44.0,2988.0
17328,107.0,44.0,2989.0
17329,107.0,44.0,3243.0
17330,107.0,44.0,3244.0
17331,107.0,44.0,3245.0
17332,107.0,44.0,3499.0
17333,107.0,44.0,3500.0
17334,107.0,44.0,3501.0
17335,107.0,44.0,3755.0
17336,107.0,44.0,3756.0
17337,107.0,44.0,3757.0
17338,107.0,45.0,2220.0
17339,107.0,45.0,2221.0
17340,107.0,45.0,2222.0
17341,107.0,45.0,2223.0
17342,107.0,45.0,2224.0
17343,107.0,45.0,2476.0
17344,107.0,45.0,2477.0
17345,107.0,45.0,2478.0
17346,107.0,45.0,2479.0
17347,107.0,45.0,2480.0
17348,107.0,45.0,2732.0
17349,107.0,45.0,2733.0
17350,107.0,45.0,2734.0
17351,107.0,45.0,2735.0
17352,107.0,45.0,2736.0
17353,107.0,45.0,2988.0
17354,107.0,45.0,2989.0
17355,107.0,45.0,2990.0
17356,107.0,45.0,2991.0
17357,107.0,45.0,2992.0
17358,107.0,45.0,3244.0
17359,107.0,45.0,3245.0
17360,107.0,45.0,3246.0
17361,107.0,45.0,3247.0
17362,107.0,45.0,3248.0
17363,107.0,45.0,3500.0
17364,107.0,45.0,3501.0
17365,107.0,45.0,3502.0
17366,107.0,45.0,3503.0
17367,107.0,45.0,3504.0
17368,107.0,45.0,3756.0
17369,107.0,45.0,3757.0
17370,107.0,45.0,3758.0
17371,107.0,45.0,3759.0
17372,107.0,45.0,3760.0
17373,107.0,49.0,2247.0
17374,107.0,49.0,2248.0
17375,107.0,49.0,2503.0
17376,107.0,49.0,2504.0
17377,107.0,49.0,2759.0
17378,107.0,49.0,2760.0
17379,107.0,49.0,3015.0
17380,107.0,49.0,3016.0
17381,107.0,49.0,3271.0
17382,107.0,49.0,3272.0
17383,107.0,49.0,3527.0
17384,107.0,49.0,3528.0
17385,107.0,49.0,3783.0
17386,107.0,49.0,3784.0
17387,107.0,50.0,2244.0
17388,107.0,50.0,2245.0
17389,107.0,50.0,2500.0
17390,107.0,50.0,2501.0
17391,107.0,50.0,2756.0
17392,107.0,50.0,2757.0
17393,107.0,50.0,3012.0
17394,107.0,50.0,3013.0
17395,107.0,50.0,3268.0
17396,107.0,50.0,3269.0
17397,107.0,50.0,3524.0
17398,107.0,50.0,3525.0
17399,107.0,50.0,3780.0
17400,107.0,50.0,3781.0
17401,107.0,53.0,2236.0
17402,107.0,53.0,2237.0
17403,107.0,53.0,2238.0
17404,107.0,54.0,2234.0
17405,107.0,62.0,2245.0
17406,107.0,63.0,2244.0
17407,107.0,63.0,2245.0
17408,107.0,63.0,2246.0
17409,107.0,65.0,2255.0
17410,107.0,65.0,2256.0
17411,107.0,65.0,2511.0
17412,107.0,65.0,2512.0
17413,107.0,65.0,2767.0
17414,107.0,65.0,2768.0
17415,107.0,65.0,3023.0
17416,107.0,65.0,3024.0
17417,107.0,65.0,3279.0
17418,107.0,65.0,3280.0
17419,107.0,65.0,3535.0
17420,107.0,65.0,3536.0
17421,107.0,65.0,3791.0
17422,107.0,65.0,3792.0
17423,107.0,66.0,2253.0
17424,107.0,66.0,2254.0
17425,107.0,66.0,2255.0
17426,107.0,66.0,2256.0
17427,107.0,66.0,2509.0
17428,107.0,66.0,2510.0
17429,107.0,66.0,2511.0
17430,107.0,66.0,2512.0
17431,107.0,66.0,2765.0
17432,107.0,66.0,2766.0
17433,107.0,66.0,2767.0
17434,107.0,66.0,2768.0
17435,107.0,66.0,3021.0
17436,107.0,66.0,3022.0
17437,107.0,66.0,3023.0
17438,107.0,66.0,3024.0
17439,107.0,66.0,3277.0
17440,107.0,66.0,3278.0
17441,107.0,66.0,3279.0
17442,107.0,66.0,3280.0
17443,107.0,66.0,3533.0
17444,107.0,66.0,3534.0
17445,107.0,66.0,3535.0
17446,107.0,66.0,3536.0
17447,107.0,66.0,3789.0
17448,107.0,66.0,3790.0
17449,107.0,66.0,3791.0
17450,107.0,66.0,3792.0
17451,107.0,67.0,2250.0
17452,107.0,67.0,2251.0
17453,107.0,67.0,2506.0
17454,107.0,67.0,2507.0
17455,107.0,67.0,2762.0
17456,107.0,67.0,2763.0
17457,107.0,67.0,3018.0
17458,107.0,67.0,3019.0
17459,107.0,67.0,3274.0
17460,107.0,67.0,3275.0
17461,107.0,67.0,3530.0
17462,107.0,67.0,3531.0
17463,107.0,67.0,3786.0
17464,107.0,67.0,3787.0
17465,107.0,69.0,2253.0
17466,107.0,69.0,2254.0
17467,107.0,69.0,2255.0
17468,107.0,69.0,2256.0
17469,107.0,69.0,2257.0
17470,107.0,69.0,2258.0
17471,107.0,69.0,2509.0
17472,107.0,69.0,2510.0
17473,107.0,69.0,2511.0
17474,107.0,69.0,2512.0
17475,107.0,69.0,2513.0
17476,107.0,69.0,2514.0
17477,107.0,69.0,2765.0
17478,107.0,69.0,2766.0
17479,107.0,69.0,2767.0
17480,107.0,69.0,2768.0
17481,107.0,69.0,2769.0
17482,107.0,69.0,2770.0
17483,107.0,69.0,3021.0
17484,107.0,69.0,3022.0
17485,107.0,69.0,3023.0
17486,107.0,69.0,3024.0
17487,107.0,69.0,3025.0
17488,107.0,69.0,3026.0
17489,107.0,69.0,3277.0
17490,107.0,69.0,3278.0
17491,107.0,69.0,3279.0
17492,107.0,69.0,3280.0
17493,107.0,69.0,3281.0
17494,107.0,69.0,3282.0
17495,107.0,69.0,3533.0
17496,107.0,69.0,3534.0
17497,107.0,69.0,3535.0
17498,107.0,69.0,3536.0
17499,107.0,69.0,3537.0
17500,107.0,69.0,3538.0
17501,107.0,69.0,3789.0
17502,107.0,69.0,3790.0
17503,107.0,69.0,3791.0
17504,107.0,69.0,3792.0
17505,107.0,69.0,3793.0
17506,107.0,69.0,3794.0
17507,107.0,70.0,2251.0
17508,107.0,70.0,2252.0
17509,107.0,70.0,2257.0
17510,107.0,70.0,2507.0
17511,107.0,70.0,2508.0
17512,107.0,70.0,2513.0
17513,107.0,70.0,2763.0
17514,107.0,70.0,2764.0
17515,107.0,70.0,2769.0
17516,107.0,70.0,3019.0
17517,107.0,70.0,3020.0
17518,107.0,70.0,3025.0
17519,107.0,70.0,3275.0
17520,107.0,70.0,3276.0
17521,107.0,70.0,3281.0
17522,107.0,70.0,3531.0
17523,107.0,70.0,3532.0
17524,107.0,70.0,3537.0
17525,107.0,70.0,3787.0
17526,107.0,70.0,3788.0
17527,107.0,70.0,3793.0
17528,107.0,71.0,2222.0
17529,107.0,71.0,2223.0
17530,107.0,71.0,2734.0
17531,107.0,71.0,2735.0
17532,107.0,71.0,2990.0
17533,107.0,71.0,2991.0
17534,107.0,71.0,3246.0
17535,107.0,71.0,3247.0
17536,107.0,71.0,3502.0
17537,107.0,71.0,3503.0
17538,107.0,71.0,3758.0
17539,107.0,71.0,3759.0
17540,107.0,72.0,2222.0
17541,107.0,72.0,2223.0
17542,107.0,72.0,2246.0
17543,107.0,72.0,2734.0
17544,107.0,72.0,2735.0
17545,107.0,72.0,2990.0
17546,107.0,72.0,2991.0
17547,107.0,72.0,3246.0
17548,107.0,72.0,3247.0
17549,107.0,72.0,3502.0
17550,107.0,72.0,3503.0
17551,107.0,72.0,3758.0
17552,107.0,72.0,3759.0
17553,107.0,74.0,2228.0
17554,107.0,74.0,2229.0
17555,107.0,75.0,2228.0
17556,107.0,76.0,2233.0
17557,107.0,76.0,2238.0
17558,107.0,76.0,2239.0
17559,107.0,76.0,2240.0
17560,107.0,76.0,2489.0
17561,107.0,76.0,2745.0
17562,107.0,76.0,3001.0
17563,107.0,76.0,3257.0
17564,107.0,76.0,3513.0
17565,107.0,76.0,3769.0
17566,107.0,77.0,2229.0
17567,107.0,77.0,2230.0
17568,107.0,77.0,2231.0
17569,107.0,77.0,2232.0
17570,107.0,77.0,2485.0
17571,107.0,77.0,2486.0
17572,107.0,77.0,2487.0
17573,107.0,77.0,2488.0
17574,107.0,77.0,2741.0
17575,107.0,77.0,2742.0
17576,107.0,77.0,2743.0
17577,107.0,77.0,2744.0
17578,107.0,77.0,2997.0
17579,107.0,77.0,2998.0
17580,107.0,77.0,2999.0
17581,107.0,77.0,3000.0
17582,107.0,77.0,3253.0
17583,107.0,77.0,3254.0
17584,107.0,77.0,3255.0
17585,107.0,77.0,3256.0
17586,107.0,77.0,3509.0
17587,107.0,77.0,3510.0
17588,107.0,77.0,3511.0
17589,107.0,77.0,3512.0
17590,107.0,77.0,3765.0
17591,107.0,77.0,3766.0
17592,107.0,77.0,3767.0
17593,107.0,77.0,3768.0
17594,107.0,78.0,2228.0
17595,107.0,78.0,2229.0
17596,107.0,78.0,2230.0
17597,107.0,78.0,2231.0
17598,107.0,78.0,2484.0
17599,107.0,78.0,2485.0
17600,107.0,78.0,2486.0
17601,107.0,78.0,2487.0
17602,107.0,78.0,2740.0
17603,107.0,78.0,2741.0
17604,107.0,78.0,2742.0
17605,107.0,78.0,2743.0
17606,107.0,78.0,2996.0
17607,107.0,78.0,2997.0
17608,107.0,78.0,2998.0
17609,107.0,78.0,2999.0
17610,107.0,78.0,3252.0
17611,107.0,78.0,3253.0
17612,107.0,78.0,3254.0
17613,107.0,78.0,3255.0
17614,107.0,78.0,3508.0
17615,107.0,78.0,3509.0
17616,107.0,78.0,3510.0
17617,107.0,78.0,3511.0
17618,107.0,78.0,3764.0
17619,107.0,78.0,3765.0
17620,107.0,78.0,3766.0
17621,107.0,78.0,3767.0
17622,107.0,79.0,2228.0
17623,107.0,79.0,2229.0
17624,107.0,79.0,2230.0
17625,107.0,79.0,2231.0
17626,107.0,79.0,2484.0
17627,107.0,79.0,2485.0
17628,107.0,79.0,2486.0
17629,107.0,79.0,2487.0
17630,107.0,79.0,2740.0
17631,107.0,79.0,2741.0
17632,107.0,79.0,2742.0
17633,107.0,79.0,2743.0
17634,107.0,79.0,2996.0
17635,107.0,79.0,2997.0
17636,107.0,79.0,2998.0
17637,107.0,79.0,2999.0
17638,107.0,79.0,3252.0
17639,107.0,79.0,3253.0
17640,107.0,79.0,3254.0
17641,107.0,79.0,3255.0
17642,107.0,79.0,3508.0
17643,107.0,79.0,3509.0
17644,107.0,79.0,3510.0
17645,107.0,79.0,3511.0
17646,107.0,79.0,3764.0
17647,107.0,79.0,3765.0
17648,107.0,79.0,3766.0
17649,107.0,79.0,3767.0
17650,107.0,81.0,2224.0
17651,107.0,81.0,2225.0
17652,107.0,83.0,2225.0
17653,107.0,83.0,2226.0
17654,107.0,83.0,2227.0
17655,107.0,91.0,2245.0
17656,107.0,91.0,2252.0
17657,107.0,91.0,2501.0
17658,107.0,91.0,2508.0
17659,107.0,91.0,2757.0
17660,107.0,91.0,2764.0
17661,107.0,91.0,3013.0
17662,107.0,91.0,3020.0
17663,107.0,91.0,3269.0
17664,107.0,91.0,3276.0
17665,107.0,91.0,3525.0
17666,107.0,91.0,3532.0
17667,107.0,91.0,3781.0
17668,107.0,91.0,3788.0
17669,107.0,92.0,2251.0
17670,107.0,92.0,2252.0
17671,107.0,92.0,2253.0
17672,107.0,92.0,2507.0
17673,107.0,92.0,2508.0
17674,107.0,92.0,2509.0
17675,107.0,92.0,2763.0
17676,107.0,92.0,2764.0
17677,107.0,92.0,2765.0
17678,107.0,92.0,3019.0
17679,107.0,92.0,3020.0
17680,107.0,92.0,3021.0
17681,107.0,92.0,3275.0
17682,107.0,92.0,3276.0
17683,107.0,92.0,3277.0
17684,107.0,92.0,3531.0
17685,107.0,92.0,3532.0
17686,107.0,92.0,3533.0
17687,107.0,92.0,3787.0
17688,107.0,92.0,3788.0
17689,107.0,92.0,3789.0
17690,107.0,93.0,2244.0
17691,107.0,93.0,2250.0
17692,107.0,93.0,2500.0
17693,107.0,93.0,2506.0
17694,107.0,93.0,2756.0
17695,107.0,93.0,2762.0
17696,107.0,93.0,3012.0
17697,107.0,93.0,3018.0
17698,107.0,93.0,3268.0
17699,107.0,93.0,3274.0
17700,107.0,93.0,3524.0
17701,107.0,93.0,3530.0
17702,107.0,93.0,3780.0
17703,107.0,93.0,3786.0
17704,107.0,94.0,2241.0
17705,107.0,94.0,2242.0
17706,107.0,94.0,2497.0
17707,107.0,94.0,2498.0
17708,107.0,94.0,2753.0
17709,107.0,94.0,2754.0
17710,107.0,94.0,3009.0
17711,107.0,94.0,3010.0
17712,107.0,94.0,3265.0
17713,107.0,94.0,3266.0
17714,107.0,94.0,3521.0
17715,107.0,94.0,3522.0
17716,107.0,94.0,3777.0
17717,107.0,94.0,3778.0
17718,107.0,95.0,2246.0
17719,107.0,95.0,2247.0
17720,107.0,96.0,2246.0
17721,107.0,97.0,2244.0
17722,107.0,97.0,2245.0
17723,107.0,97.0,2246.0
17724,107.0,98.0,2243.0
17725,107.0,102.0,2237.0
17726,107.0,102.0,2238.0
17727,107.0,102.0,2239.0
17728,107.0,102.0,2240.0
17729,107.0,102.0,2241.0
17730,107.0,102.0,2251.0
17731,107.0,102.0,2493.0
17732,107.0,102.0,2494.0
17733,107.0,102.0,2495.0
17734,107.0,102.0,2496.0
17735,107.0,102.0,2497.0
17736,107.0,102.0,2507.0
17737,107.0,102.0,2749.0
17738,107.0,102.0,2750.0
17739,107.0,102.0,2751.0
17740,107.0,102.0,2752.0
17741,107.0,102.0,2753.0
17742,107.0,102.0,2763.0
17743,107.0,102.0,3005.0
17744,107.0,102.0,3006.0
17745,107.0,102.0,3007.0
17746,107.0,102.0,3008.0
17747,107.0,102.0,3009.0
17748,107.0,102.0,3019.0
17749,107.0,102.0,3261.0
17750,107.0,102.0,3262.0
17751,107.0,102.0,3263.0
17752,107.0,102.0,3264.0
17753,107.0,102.0,3265.0
17754,107.0,102.0,3275.0
17755,107.0,102.0,3517.0
17756,107.0,102.0,3518.0
17757,107.0,102.0,3519.0
17758,107.0,102.0,3520.0
17759,107.0,102.0,3521.0
17760,107.0,102.0,3531.0
17761,107.0,102.0,3773.0
17762,107.0,102.0,3774.0
17763,107.0,102.0,3775.0
17764,107.0,102.0,3776.0
17765,107.0,102.0,3777.0
17766,107.0,102.0,3787.0
17767,107.0,103.0,2237.0
17768,107.0,103.0,2238.0
17769,107.0,103.0,2250.0
17770,107.0,103.0,2493.0
17771,107.0,103.0,2494.0
17772,107.0,103.0,2506.0
17773,107.0,103.0,2749.0
17774,107.0,103.0,2750.0
17775,107.0,103.0,2762.0
17776,107.0,103.0,3005.0
17777,107.0,103.0,3006.0
17778,107.0,103.0,3018.0
17779,107.0,103.0,3261.0
17780,107.0,103.0,3262.0
17781,107.0,103.0,3274.0
17782,107.0,103.0,3517.0
17783,107.0,103.0,3518.0
17784,107.0,103.0,3530.0
17785,107.0,103.0,3773.0
17786,107.0,103.0,3774.0
17787,107.0,103.0,3786.0
17788,107.0,104.0,2236.0
17789,107.0,104.0,2237.0
17790,107.0,104.0,2492.0
17791,107.0,104.0,2493.0
17792,107.0,104.0,2748.0
17793,107.0,104.0,2749.0
17794,107.0,104.0,3004.0
17795,107.0,104.0,3005.0
17796,107.0,104.0,3260.0
17797,107.0,104.0,3261.0
17798,107.0,104.0,3516.0
17799,107.0,104.0,3517.0
17800,107.0,104.0,3772.0
17801,107.0,104.0,3773.0
17802,107.0,107.0,2220.0
17803,107.0,107.0,2249.0
17804,107.0,107.0,2251.0
17805,107.0,107.0,2505.0
17806,107.0,107.0,2507.0
17807,107.0,107.0,2761.0
17808,107.0,107.0,2763.0
17809,107.0,107.0,3017.0
17810,107.0,107.0,3019.0
17811,107.0,107.0,3273.0
17812,107.0,107.0,3275.0
17813,107.0,107.0,3529.0
17814,107.0,107.0,3531.0
17815,107.0,107.0,3785.0
17816,107.0,107.0,3787.0
17817,107.0,108.0,2219.0
17818,107.0,108.0,2220.0
17819,107.0,108.0,2248.0
17820,107.0,108.0,2249.0
17821,107.0,108.0,2250.0
17822,107.0,108.0,2251.0
17823,107.0,108.0,2252.0
17824,107.0,108.0,2504.0
17825,107.0,108.0,2505.0
17826,107.0,108.0,2506.0
17827,107.0,108.0,2507.0
17828,107.0,108.0,2508.0
17829,107.0,108.0,2760.0
17830,107.0,108.0,2761.0
17831,107.0,108.0,2762.0
17832,107.0,108.0,2763.0
17833,107.0,108.0,2764.0
17834,107.0,108.0,3016.0
17835,107.0,108.0,3017.0
17836,107.0,108.0,3018.0
17837,107.0,108.0,3019.0
17838,107.0,108.0,3020.0
17839,107.0,108.0,3272.0
17840,107.0,108.0,3273.0
17841,107.0,108.0,3274.0
17842,107.0,108.0,3275.0
17843,107.0,108.0,3276.0
17844,107.0,108.0,3528.0
17845,107.0,108.0,3529.0
17846,107.0,108.0,3530.0
17847,107.0,108.0,3531.0
17848,107.0,108.0,3532.0
17849,107.0,108.0,3784.0
17850,107.0,108.0,3785.0
17851,107.0,108.0,3786.0
17852,107.0,108.0,3787.0
17853,107.0,108.0,3788.0
17854,107.0,109.0,2248.0
17855,107.0,109.0,2249.0
17856,107.0,109.0,2251.0
17857,107.0,109.0,2504.0
17858,107.0,109.0,2505.0
17859,107.0,109.0,2507.0
17860,107.0,109.0,2760.0
17861,107.0,109.0,2761.0
17862,107.0,109.0,2763.0
17863,107.0,109.0,3016.0
17864,107.0,109.0,3017.0
17865,107.0,109.0,3019.0
17866,107.0,109.0,3272.0
17867,107.0,109.0,3273.0
17868,107.0,109.0,3275.0
17869,107.0,109.0,3528.0
17870,107.0,109.0,3529.0
17871,107.0,109.0,3531.0
17872,107.0,109.0,3784.0
17873,107.0,109.0,3785.0
17874,107.0,109.0,3787.0
17875,107.0,110.0,2219.0
17876,107.0,110.0,2240.0
17877,107.0,110.0,2241.0
17878,107.0,110.0,2242.0
17879,107.0,110.0,2243.0
17880,107.0,110.0,2247.0
17881,107.0,110.0,2248.0
17882,107.0,110.0,2496.0
17883,107.0,110.0,2497.0
17884,107.0,110.0,2498.0
17885,107.0,110.0,2499.0
17886,107.0,110.0,2752.0
17887,107.0,110.0,2753.0
17888,107.0,110.0,2754.0
17889,107.0,110.0,2755.0
17890,107.0,110.0,3008.0
17891,107.0,110.0,3009.0
17892,107.0,110.0,3010.0
17893,107.0,110.0,3011.0
17894,107.0,110.0,3264.0
17895,107.0,110.0,3265.0
17896,107.0,110.0,3266.0
17897,107.0,110.0,3267.0
17898,107.0,110.0,3520.0
17899,107.0,110.0,3521.0
17900,107.0,110.0,3522.0
17901,107.0,110.0,3523.0
17902,107.0,110.0,3776.0
17903,107.0,110.0,3777.0
17904,107.0,110.0,3778.0
17905,107.0,110.0,3779.0
17906,107.0,111.0,2240.0
17907,107.0,111.0,2241.0
17908,107.0,111.0,2242.0
17909,107.0,111.0,2243.0
17910,107.0,111.0,2496.0
17911,107.0,111.0,2497.0
17912,107.0,111.0,2498.0
17913,107.0,111.0,2499.0
17914,107.0,111.0,2752.0
17915,107.0,111.0,2753.0
17916,107.0,111.0,2754.0
17917,107.0,111.0,2755.0
17918,107.0,111.0,3008.0
17919,107.0,111.0,3009.0
17920,107.0,111.0,3010.0
17921,107.0,111.0,3011.0
17922,107.0,111.0,3264.0
17923,107.0,111.0,3265.0
17924,107.0,111.0,3266.0
17925,107.0,111.0,3267.0
17926,107.0,111.0,3520.0
17927,107.0,111.0,3521.0
17928,107.0,111.0,3522.0
17929,107.0,111.0,3523.0
17930,107.0,111.0,3776.0
17931,107.0,111.0,3777.0
17932,107.0,111.0,3778.0
17933,107.0,111.0,3779.0
17934,107.0,112.0,2230.0
17935,107.0,112.0,2240.0
17936,107.0,112.0,2486.0
17937,107.0,112.0,2496.0
17938,107.0,112.0,2742.0
17939,107.0,112.0,2752.0
17940,107.0,112.0,2998.0
17941,107.0,112.0,3008.0
17942,107.0,112.0,3254.0
17943,107.0,112.0,3264.0
17944,107.0,112.0,3510.0
17945,107.0,112.0,3520.0
17946,107.0,112.0,3766.0
17947,107.0,112.0,3776.0
17948,107.0,113.0,2227.0
17949,107.0,113.0,2228.0
17950,107.0,113.0,2229.0
17951,107.0,113.0,2230.0
17952,107.0,113.0,2232.0
17953,107.0,113.0,2483.0
17954,107.0,113.0,2484.0
17955,107.0,113.0,2485.0
17956,107.0,113.0,2486.0
17957,107.0,113.0,2488.0
17958,107.0,113.0,2739.0
17959,107.0,113.0,2740.0
17960,107.0,113.0,2741.0
17961,107.0,113.0,2742.0
17962,107.0,113.0,2744.0
17963,107.0,113.0,2995.0
17964,107.0,113.0,2996.0
17965,107.0,113.0,2997.0
17966,107.0,113.0,2998.0
17967,107.0,113.0,3000.0
17968,107.0,113.0,3251.0
17969,107.0,113.0,3252.0
17970,107.0,113.0,3253.0
17971,107.0,113.0,3254.0
17972,107.0,113.0,3256.0
17973,107.0,113.0,3507.0
17974,107.0,113.0,3508.0
17975,107.0,113.0,3509.0
17976,107.0,113.0,3510.0
17977,107.0,113.0,3512.0
17978,107.0,113.0,3763.0
17979,107.0,113.0,3764.0
17980,107.0,113.0,3765.0
17981,107.0,113.0,3766.0
17982,107.0,113.0,3768.0
17983,107.0,121.0,2230.0
17984,107.0,121.0,2231.0
17985,107.0,121.0,2486.0
17986,107.0,121.0,2487.0
17987,107.0,121.0,2742.0
17988,107.0,121.0,2743.0
17989,107.0,121.0,2998.0
17990,107.0,121.0,2999.0
17991,107.0,121.0,3254.0
17992,107.0,121.0,3255.0
17993,107.0,121.0,3510.0
17994,107.0,121.0,3511.0
17995,107.0,121.0,3766.0
17996,107.0,121.0,3767.0
17997,107.0,122.0,2228.0
17998,107.0,122.0,2484.0
17999,107.0,122.0,2740.0
18000,107.0,122.0,2996.0
18001,107.0,122.0,3252.0
18002,107.0,122.0,3508.0
18003,107.0,122.0,3764.0
18004,108.0,18.0,2187.0
18005,108.0,18.0,2188.0
18006,108.0,18.0,2699.0
18007,108.0,18.0,2700.0
18008,108.0,18.0,2955.0
18009,108.0,18.0,2956.0
18010,108.0,18.0,3211.0
18011,108.0,18.0,3212.0
18012,108.0,18.0,3723.0
18013,108.0,18.0,3724.0
18014,108.0,19.0,2187.0
18015,108.0,19.0,2188.0
18016,108.0,19.0,2699.0
18017,108.0,19.0,2700.0
18018,108.0,19.0,2955.0
18019,108.0,19.0,2956.0
18020,108.0,19.0,3211.0
18021,108.0,19.0,3212.0
18022,108.0,19.0,3723.0
18023,108.0,19.0,3724.0
18024,108.0,34.0,2212.0
18025,108.0,34.0,2213.0
18026,108.0,34.0,2468.0
18027,108.0,34.0,2469.0
18028,108.0,34.0,2724.0
18029,108.0,34.0,2725.0
18030,108.0,34.0,2980.0
18031,108.0,34.0,2981.0
18032,108.0,34.0,3236.0
18033,108.0,34.0,3237.0
18034,108.0,34.0,3492.0
18035,108.0,34.0,3493.0
18036,108.0,34.0,3748.0
18037,108.0,34.0,3749.0
18038,108.0,35.0,2211.0
18039,108.0,35.0,2212.0
18040,108.0,35.0,2213.0
18041,108.0,35.0,2467.0
18042,108.0,35.0,2468.0
18043,108.0,35.0,2469.0
18044,108.0,35.0,2723.0
18045,108.0,35.0,2724.0
18046,108.0,35.0,2725.0
18047,108.0,35.0,2979.0
18048,108.0,35.0,2980.0
18049,108.0,35.0,2981.0
18050,108.0,35.0,3235.0
18051,108.0,35.0,3236.0
18052,108.0,35.0,3237.0
18053,108.0,35.0,3491.0
18054,108.0,35.0,3492.0
18055,108.0,35.0,3493.0
18056,108.0,35.0,3747.0
18057,108.0,35.0,3748.0
18058,108.0,35.0,3749.0
18059,108.0,36.0,2206.0
18060,108.0,36.0,2207.0
18061,108.0,36.0,2210.0
18062,108.0,36.0,2227.0
18063,108.0,36.0,2228.0
18064,108.0,36.0,2229.0
18065,108.0,36.0,2462.0
18066,108.0,36.0,2463.0
18067,108.0,36.0,2466.0
18068,108.0,36.0,2483.0
18069,108.0,36.0,2484.0
18070,108.0,36.0,2485.0
18071,108.0,36.0,2718.0
18072,108.0,36.0,2719.0
18073,108.0,36.0,2722.0
18074,108.0,36.0,2739.0
18075,108.0,36.0,2740.0
18076,108.0,36.0,2741.0
18077,108.0,36.0,2974.0
18078,108.0,36.0,2975.0
18079,108.0,36.0,2978.0
18080,108.0,36.0,2995.0
18081,108.0,36.0,2996.0
18082,108.0,36.0,2997.0
18083,108.0,36.0,3230.0
18084,108.0,36.0,3231.0
18085,108.0,36.0,3234.0
18086,108.0,36.0,3251.0
18087,108.0,36.0,3252.0
18088,108.0,36.0,3253.0
18089,108.0,36.0,3486.0
18090,108.0,36.0,3487.0
18091,108.0,36.0,3490.0
18092,108.0,36.0,3507.0
18093,108.0,36.0,3508.0
18094,108.0,36.0,3509.0
18095,108.0,36.0,3742.0
18096,108.0,36.0,3743.0
18097,108.0,36.0,3746.0
18098,108.0,36.0,3763.0
18099,108.0,36.0,3764.0
18100,108.0,36.0,3765.0
18101,108.0,37.0,2206.0
18102,108.0,37.0,2207.0
18103,108.0,37.0,2228.0
18104,108.0,37.0,2462.0
18105,108.0,37.0,2463.0
18106,108.0,37.0,2484.0
18107,108.0,37.0,2718.0
18108,108.0,37.0,2719.0
18109,108.0,37.0,2740.0
18110,108.0,37.0,2974.0
18111,108.0,37.0,2975.0
18112,108.0,37.0,2996.0
18113,108.0,37.0,3230.0
18114,108.0,37.0,3231.0
18115,108.0,37.0,3252.0
18116,108.0,37.0,3486.0
18117,108.0,37.0,3487.0
18118,108.0,37.0,3508.0
18119,108.0,37.0,3742.0
18120,108.0,37.0,3743.0
18121,108.0,37.0,3764.0
18122,108.0,41.0,2211.0
18123,108.0,41.0,2212.0
18124,108.0,41.0,2467.0
18125,108.0,41.0,2468.0
18126,108.0,41.0,2723.0
18127,108.0,41.0,2724.0
18128,108.0,41.0,2979.0
18129,108.0,41.0,2980.0
18130,108.0,41.0,3235.0
18131,108.0,41.0,3236.0
18132,108.0,41.0,3491.0
18133,108.0,41.0,3492.0
18134,108.0,41.0,3747.0
18135,108.0,41.0,3748.0
18136,108.0,42.0,2199.0
18137,108.0,42.0,2200.0
18138,108.0,42.0,2209.0
18139,108.0,42.0,2210.0
18140,108.0,42.0,2211.0
18141,108.0,42.0,2212.0
18142,108.0,42.0,2213.0
18143,108.0,42.0,2214.0
18144,108.0,42.0,2223.0
18145,108.0,42.0,2465.0
18146,108.0,42.0,2466.0
18147,108.0,42.0,2467.0
18148,108.0,42.0,2468.0
18149,108.0,42.0,2469.0
18150,108.0,42.0,2470.0
18151,108.0,42.0,2479.0
18152,108.0,42.0,2711.0
18153,108.0,42.0,2712.0
18154,108.0,42.0,2721.0
18155,108.0,42.0,2722.0
18156,108.0,42.0,2723.0
18157,108.0,42.0,2724.0
18158,108.0,42.0,2725.0
18159,108.0,42.0,2726.0
18160,108.0,42.0,2735.0
18161,108.0,42.0,2967.0
18162,108.0,42.0,2968.0
18163,108.0,42.0,2977.0
18164,108.0,42.0,2978.0
18165,108.0,42.0,2979.0
18166,108.0,42.0,2980.0
18167,108.0,42.0,2981.0
18168,108.0,42.0,2982.0
18169,108.0,42.0,2991.0
18170,108.0,42.0,3223.0
18171,108.0,42.0,3224.0
18172,108.0,42.0,3233.0
18173,108.0,42.0,3234.0
18174,108.0,42.0,3235.0
18175,108.0,42.0,3236.0
18176,108.0,42.0,3237.0
18177,108.0,42.0,3238.0
18178,108.0,42.0,3247.0
18179,108.0,42.0,3479.0
18180,108.0,42.0,3480.0
18181,108.0,42.0,3489.0
18182,108.0,42.0,3490.0
18183,108.0,42.0,3491.0
18184,108.0,42.0,3492.0
18185,108.0,42.0,3493.0
18186,108.0,42.0,3494.0
18187,108.0,42.0,3503.0
18188,108.0,42.0,3735.0
18189,108.0,42.0,3736.0
18190,108.0,42.0,3745.0
18191,108.0,42.0,3746.0
18192,108.0,42.0,3747.0
18193,108.0,42.0,3748.0
18194,108.0,42.0,3749.0
18195,108.0,42.0,3750.0
18196,108.0,42.0,3759.0
18197,108.0,43.0,2209.0
18198,108.0,43.0,2210.0
18199,108.0,43.0,2211.0
18200,108.0,43.0,2465.0
18201,108.0,43.0,2466.0
18202,108.0,43.0,2467.0
18203,108.0,43.0,2721.0
18204,108.0,43.0,2722.0
18205,108.0,43.0,2723.0
18206,108.0,43.0,2977.0
18207,108.0,43.0,2978.0
18208,108.0,43.0,2979.0
18209,108.0,43.0,3233.0
18210,108.0,43.0,3234.0
18211,108.0,43.0,3235.0
18212,108.0,43.0,3489.0
18213,108.0,43.0,3490.0
18214,108.0,43.0,3491.0
18215,108.0,43.0,3745.0
18216,108.0,43.0,3746.0
18217,108.0,43.0,3747.0
18218,108.0,47.0,2224.0
18219,108.0,47.0,2225.0
18220,108.0,51.0,2239.0
18221,108.0,51.0,2241.0
18222,108.0,52.0,2240.0
18223,108.0,63.0,2246.0
18224,108.0,65.0,2239.0
18225,108.0,65.0,2495.0
18226,108.0,65.0,2751.0
18227,108.0,65.0,3007.0
18228,108.0,65.0,3263.0
18229,108.0,65.0,3775.0
18230,108.0,66.0,2255.0
18231,108.0,66.0,2256.0
18232,108.0,66.0,2511.0
18233,108.0,66.0,2512.0
18234,108.0,66.0,2767.0
18235,108.0,66.0,2768.0
18236,108.0,66.0,3023.0
18237,108.0,66.0,3024.0
18238,108.0,66.0,3279.0
18239,108.0,66.0,3280.0
18240,108.0,66.0,3535.0
18241,108.0,66.0,3536.0
18242,108.0,66.0,3791.0
18243,108.0,66.0,3792.0
18244,108.0,67.0,2256.0
18245,108.0,67.0,2512.0
18246,108.0,67.0,2768.0
18247,108.0,67.0,3024.0
18248,108.0,67.0,3280.0
18249,108.0,67.0,3536.0
18250,108.0,67.0,3792.0
18251,108.0,71.0,2223.0
18252,108.0,71.0,2735.0
18253,108.0,71.0,2991.0
18254,108.0,71.0,3247.0
18255,108.0,71.0,3503.0
18256,108.0,71.0,3759.0
18257,108.0,74.0,2256.0
18258,108.0,74.0,2512.0
18259,108.0,74.0,2768.0
18260,108.0,74.0,3024.0
18261,108.0,74.0,3280.0
18262,108.0,74.0,3536.0
18263,108.0,74.0,3792.0
18264,108.0,79.0,2223.0
18265,108.0,79.0,2224.0
18266,108.0,79.0,2230.0
18267,108.0,79.0,2231.0
18268,108.0,79.0,2486.0
18269,108.0,79.0,2487.0
18270,108.0,79.0,2742.0
18271,108.0,79.0,2743.0
18272,108.0,79.0,2998.0
18273,108.0,79.0,2999.0
18274,108.0,79.0,3254.0
18275,108.0,79.0,3255.0
18276,108.0,79.0,3510.0
18277,108.0,79.0,3511.0
18278,108.0,79.0,3766.0
18279,108.0,79.0,3767.0
18280,108.0,81.0,2224.0
18281,108.0,81.0,2225.0
18282,108.0,88.0,2245.0
18283,108.0,88.0,2246.0
18284,108.0,88.0,2501.0
18285,108.0,88.0,2502.0
18286,108.0,88.0,2757.0
18287,108.0,88.0,2758.0
18288,108.0,88.0,3013.0
18289,108.0,88.0,3014.0
18290,108.0,88.0,3269.0
18291,108.0,88.0,3270.0
18292,108.0,88.0,3525.0
18293,108.0,88.0,3526.0
18294,108.0,88.0,3781.0
18295,108.0,88.0,3782.0
18296,108.0,89.0,2245.0
18297,108.0,89.0,2246.0
18298,108.0,89.0,2247.0
18299,108.0,89.0,2501.0
18300,108.0,89.0,2502.0
18301,108.0,89.0,2503.0
18302,108.0,89.0,2757.0
18303,108.0,89.0,2758.0
18304,108.0,89.0,2759.0
18305,108.0,89.0,3013.0
18306,108.0,89.0,3014.0
18307,108.0,89.0,3015.0
18308,108.0,89.0,3269.0
18309,108.0,89.0,3270.0
18310,108.0,89.0,3271.0
18311,108.0,89.0,3525.0
18312,108.0,89.0,3526.0
18313,108.0,89.0,3527.0
18314,108.0,89.0,3781.0
18315,108.0,89.0,3782.0
18316,108.0,89.0,3783.0
18317,108.0,90.0,2245.0
18318,108.0,90.0,2246.0
18319,108.0,90.0,2247.0
18320,108.0,90.0,2501.0
18321,108.0,90.0,2502.0
18322,108.0,90.0,2503.0
18323,108.0,90.0,2757.0
18324,108.0,90.0,2758.0
18325,108.0,90.0,2759.0
18326,108.0,90.0,3013.0
18327,108.0,90.0,3014.0
18328,108.0,90.0,3015.0
18329,108.0,90.0,3269.0
18330,108.0,90.0,3270.0
18331,108.0,90.0,3271.0
18332,108.0,90.0,3525.0
18333,108.0,90.0,3526.0
18334,108.0,90.0,3527.0
18335,108.0,90.0,3781.0
18336,108.0,90.0,3782.0
18337,108.0,90.0,3783.0
18338,108.0,91.0,2244.0
18339,108.0,91.0,2245.0
18340,108.0,91.0,2252.0
18341,108.0,91.0,2500.0
18342,108.0,91.0,2501.0
18343,108.0,91.0,2508.0
18344,108.0,91.0,2756.0
18345,108.0,91.0,2757.0
18346,108.0,91.0,2764.0
18347,108.0,91.0,3012.0
18348,108.0,91.0,3013.0
18349,108.0,91.0,3020.0
18350,108.0,91.0,3268.0
18351,108.0,91.0,3269.0
18352,108.0,91.0,3276.0
18353,108.0,91.0,3524.0
18354,108.0,91.0,3525.0
18355,108.0,91.0,3532.0
18356,108.0,91.0,3780.0
18357,108.0,91.0,3781.0
18358,108.0,91.0,3788.0
18359,108.0,92.0,2242.0
18360,108.0,92.0,2243.0
18361,108.0,92.0,2252.0
18362,108.0,92.0,2253.0
18363,108.0,92.0,2256.0
18364,108.0,92.0,2257.0
18365,108.0,92.0,2498.0
18366,108.0,92.0,2499.0
18367,108.0,92.0,2508.0
18368,108.0,92.0,2509.0
18369,108.0,92.0,2754.0
18370,108.0,92.0,2755.0
18371,108.0,92.0,2764.0
18372,108.0,92.0,2765.0
18373,108.0,92.0,3010.0
18374,108.0,92.0,3011.0
18375,108.0,92.0,3020.0
18376,108.0,92.0,3021.0
18377,108.0,92.0,3266.0
18378,108.0,92.0,3267.0
18379,108.0,92.0,3276.0
18380,108.0,92.0,3277.0
18381,108.0,92.0,3522.0
18382,108.0,92.0,3523.0
18383,108.0,92.0,3532.0
18384,108.0,92.0,3533.0
18385,108.0,92.0,3778.0
18386,108.0,92.0,3779.0
18387,108.0,92.0,3788.0
18388,108.0,92.0,3789.0
18389,108.0,93.0,2244.0
18390,108.0,93.0,2500.0
18391,108.0,93.0,2756.0
18392,108.0,93.0,3012.0
18393,108.0,93.0,3268.0
18394,108.0,93.0,3524.0
18395,108.0,93.0,3780.0
18396,108.0,94.0,2241.0
18397,108.0,94.0,2242.0
18398,108.0,94.0,2497.0
18399,108.0,94.0,2498.0
18400,108.0,94.0,2753.0
18401,108.0,94.0,2754.0
18402,108.0,94.0,3009.0
18403,108.0,94.0,3010.0
18404,108.0,94.0,3265.0
18405,108.0,94.0,3266.0
18406,108.0,94.0,3521.0
18407,108.0,94.0,3522.0
18408,108.0,94.0,3777.0
18409,108.0,94.0,3778.0
18410,108.0,102.0,2233.0
18411,108.0,102.0,2234.0
18412,108.0,102.0,2235.0
18413,108.0,102.0,2236.0
18414,108.0,102.0,2239.0
18415,108.0,102.0,2251.0
18416,108.0,102.0,2491.0
18417,108.0,102.0,2492.0
18418,108.0,102.0,2495.0
18419,108.0,102.0,2507.0
18420,108.0,102.0,2747.0
18421,108.0,102.0,2748.0
18422,108.0,102.0,2751.0
18423,108.0,102.0,2763.0
18424,108.0,102.0,3003.0
18425,108.0,102.0,3004.0
18426,108.0,102.0,3007.0
18427,108.0,102.0,3019.0
18428,108.0,102.0,3259.0
18429,108.0,102.0,3260.0
18430,108.0,102.0,3263.0
18431,108.0,102.0,3275.0
18432,108.0,102.0,3515.0
18433,108.0,102.0,3516.0
18434,108.0,102.0,3519.0
18435,108.0,102.0,3531.0
18436,108.0,102.0,3771.0
18437,108.0,102.0,3772.0
18438,108.0,102.0,3775.0
18439,108.0,102.0,3787.0
18440,108.0,103.0,2235.0
18441,108.0,103.0,2236.0
18442,108.0,103.0,2237.0
18443,108.0,103.0,2238.0
18444,108.0,103.0,2250.0
18445,108.0,103.0,2251.0
18446,108.0,103.0,2491.0
18447,108.0,103.0,2492.0
18448,108.0,103.0,2493.0
18449,108.0,103.0,2494.0
18450,108.0,103.0,2506.0
18451,108.0,103.0,2507.0
18452,108.0,103.0,2747.0
18453,108.0,103.0,2748.0
18454,108.0,103.0,2749.0
18455,108.0,103.0,2750.0
18456,108.0,103.0,2762.0
18457,108.0,103.0,2763.0
18458,108.0,103.0,3003.0
18459,108.0,103.0,3004.0
18460,108.0,103.0,3005.0
18461,108.0,103.0,3006.0
18462,108.0,103.0,3018.0
18463,108.0,103.0,3019.0
18464,108.0,103.0,3259.0
18465,108.0,103.0,3260.0
18466,108.0,103.0,3261.0
18467,108.0,103.0,3262.0
18468,108.0,103.0,3274.0
18469,108.0,103.0,3275.0
18470,108.0,103.0,3515.0
18471,108.0,103.0,3516.0
18472,108.0,103.0,3517.0
18473,108.0,103.0,3518.0
18474,108.0,103.0,3530.0
18475,108.0,103.0,3531.0
18476,108.0,103.0,3771.0
18477,108.0,103.0,3772.0
18478,108.0,103.0,3773.0
18479,108.0,103.0,3774.0
18480,108.0,103.0,3786.0
18481,108.0,103.0,3787.0
18482,108.0,104.0,2248.0
18483,108.0,104.0,2249.0
18484,108.0,104.0,2251.0
18485,108.0,104.0,2252.0
18486,108.0,104.0,2253.0
18487,108.0,104.0,2254.0
18488,108.0,104.0,2504.0
18489,108.0,104.0,2505.0
18490,108.0,104.0,2507.0
18491,108.0,104.0,2508.0
18492,108.0,104.0,2509.0
18493,108.0,104.0,2510.0
18494,108.0,104.0,2760.0
18495,108.0,104.0,2761.0
18496,108.0,104.0,2763.0
18497,108.0,104.0,2764.0
18498,108.0,104.0,2765.0
18499,108.0,104.0,2766.0
18500,108.0,104.0,3016.0
18501,108.0,104.0,3017.0
18502,108.0,104.0,3019.0
18503,108.0,104.0,3020.0
18504,108.0,104.0,3021.0
18505,108.0,104.0,3022.0
18506,108.0,104.0,3272.0
18507,108.0,104.0,3273.0
18508,108.0,104.0,3275.0
18509,108.0,104.0,3276.0
18510,108.0,104.0,3277.0
18511,108.0,104.0,3278.0
18512,108.0,104.0,3528.0
18513,108.0,104.0,3529.0
18514,108.0,104.0,3531.0
18515,108.0,104.0,3532.0
18516,108.0,104.0,3533.0
18517,108.0,104.0,3534.0
18518,108.0,104.0,3784.0
18519,108.0,104.0,3785.0
18520,108.0,104.0,3787.0
18521,108.0,104.0,3788.0
18522,108.0,104.0,3789.0
18523,108.0,104.0,3790.0
18524,108.0,105.0,2251.0
18525,108.0,105.0,2253.0
18526,108.0,105.0,2507.0
18527,108.0,105.0,2509.0
18528,108.0,105.0,2763.0
18529,108.0,105.0,2765.0
18530,108.0,105.0,3019.0
18531,108.0,105.0,3021.0
18532,108.0,105.0,3275.0
18533,108.0,105.0,3277.0
18534,108.0,105.0,3531.0
18535,108.0,105.0,3533.0
18536,108.0,105.0,3787.0
18537,108.0,105.0,3789.0
18538,108.0,107.0,2249.0
18539,108.0,107.0,2505.0
18540,108.0,107.0,2761.0
18541,108.0,107.0,3017.0
18542,108.0,107.0,3273.0
18543,108.0,107.0,3529.0
18544,108.0,107.0,3785.0
18545,108.0,110.0,2219.0
18546,108.0,110.0,2240.0
18547,108.0,110.0,2241.0
18548,108.0,110.0,2242.0
18549,108.0,110.0,2243.0
18550,108.0,110.0,2496.0
18551,108.0,110.0,2497.0
18552,108.0,110.0,2498.0
18553,108.0,110.0,2499.0
18554,108.0,110.0,2752.0
18555,108.0,110.0,2753.0
18556,108.0,110.0,2754.0
18557,108.0,110.0,2755.0
18558,108.0,110.0,3008.0
18559,108.0,110.0,3009.0
18560,108.0,110.0,3010.0
18561,108.0,110.0,3011.0
18562,108.0,110.0,3264.0
18563,108.0,110.0,3265.0
18564,108.0,110.0,3266.0
18565,108.0,110.0,3267.0
18566,108.0,110.0,3520.0
18567,108.0,110.0,3521.0
18568,108.0,110.0,3522.0
18569,108.0,110.0,3523.0
18570,108.0,110.0,3776.0
18571,108.0,110.0,3777.0
18572,108.0,110.0,3778.0
18573,108.0,110.0,3779.0
18574,108.0,111.0,2218.0
18575,108.0,111.0,2219.0
18576,108.0,111.0,2242.0
18577,108.0,111.0,2243.0
18578,108.0,111.0,2244.0
18579,108.0,111.0,2245.0
18580,108.0,111.0,2246.0
18581,108.0,111.0,2498.0
18582,108.0,111.0,2499.0
18583,108.0,111.0,2500.0
18584,108.0,111.0,2501.0
18585,108.0,111.0,2502.0
18586,108.0,111.0,2754.0
18587,108.0,111.0,2755.0
18588,108.0,111.0,2756.0
18589,108.0,111.0,2757.0
18590,108.0,111.0,2758.0
18591,108.0,111.0,3010.0
18592,108.0,111.0,3011.0
18593,108.0,111.0,3012.0
18594,108.0,111.0,3013.0
18595,108.0,111.0,3014.0
18596,108.0,111.0,3266.0
18597,108.0,111.0,3267.0
18598,108.0,111.0,3268.0
18599,108.0,111.0,3269.0
18600,108.0,111.0,3270.0
18601,108.0,111.0,3522.0
18602,108.0,111.0,3523.0
18603,108.0,111.0,3524.0
18604,108.0,111.0,3525.0
18605,108.0,111.0,3526.0
18606,108.0,111.0,3778.0
18607,108.0,111.0,3779.0
18608,108.0,111.0,3780.0
18609,108.0,111.0,3781.0
18610,108.0,111.0,3782.0
18611,108.0,112.0,2243.0
18612,108.0,112.0,2499.0
18613,108.0,112.0,2755.0
18614,108.0,112.0,3011.0
18615,108.0,112.0,3267.0
18616,108.0,112.0,3523.0
18617,108.0,112.0,3779.0
18618,108.0,113.0,2232.0
18619,108.0,113.0,2488.0
18620,108.0,113.0,2744.0
18621,108.0,113.0,3000.0
18622,108.0,113.0,3256.0
18623,108.0,113.0,3512.0
18624,108.0,113.0,3768.0
18625,108.0,114.0,2232.0
18626,108.0,114.0,2233.0
18627,108.0,114.0,2488.0
18628,108.0,114.0,2489.0
18629,108.0,114.0,2744.0
18630,108.0,114.0,2745.0
18631,108.0,114.0,3000.0
18632,108.0,114.0,3001.0
18633,108.0,114.0,3256.0
18634,108.0,114.0,3257.0
18635,108.0,114.0,3512.0
18636,108.0,114.0,3513.0
18637,108.0,114.0,3768.0
18638,108.0,114.0,3769.0
18639,108.0,115.0,2230.0
18640,108.0,115.0,2231.0
18641,108.0,115.0,2232.0
18642,108.0,115.0,2233.0
18643,108.0,115.0,2486.0
18644,108.0,115.0,2487.0
18645,108.0,115.0,2488.0
18646,108.0,115.0,2489.0
18647,108.0,115.0,2742.0
18648,108.0,115.0,2743.0
18649,108.0,115.0,2744.0
18650,108.0,115.0,2745.0
18651,108.0,115.0,2998.0
18652,108.0,115.0,2999.0
18653,108.0,115.0,3000.0
18654,108.0,115.0,3001.0
18655,108.0,115.0,3254.0
18656,108.0,115.0,3255.0
18657,108.0,115.0,3256.0
18658,108.0,115.0,3257.0
18659,108.0,115.0,3510.0
18660,108.0,115.0,3511.0
18661,108.0,115.0,3512.0
18662,108.0,115.0,3513.0
18663,108.0,115.0,3766.0
18664,108.0,115.0,3767.0
18665,108.0,115.0,3768.0
18666,108.0,115.0,3769.0
18667,108.0,116.0,2233.0
18668,108.0,116.0,2234.0
18669,108.0,116.0,2489.0
18670,108.0,116.0,2490.0
18671,108.0,116.0,2745.0
18672,108.0,116.0,2746.0
18673,108.0,116.0,3001.0
18674,108.0,116.0,3002.0
18675,108.0,116.0,3257.0
18676,108.0,116.0,3258.0
18677,108.0,116.0,3513.0
18678,108.0,116.0,3514.0
18679,108.0,116.0,3769.0
18680,108.0,116.0,3770.0
18681,108.0,119.0,2229.0
18682,108.0,119.0,2230.0
18683,108.0,119.0,2231.0
18684,108.0,119.0,2236.0
18685,108.0,119.0,2237.0
18686,108.0,119.0,2238.0
18687,108.0,119.0,2485.0
18688,108.0,119.0,2486.0
18689,108.0,119.0,2487.0
18690,108.0,119.0,2492.0
18691,108.0,119.0,2493.0
18692,108.0,119.0,2494.0
18693,108.0,119.0,2741.0
18694,108.0,119.0,2742.0
18695,108.0,119.0,2743.0
18696,108.0,119.0,2748.0
18697,108.0,119.0,2749.0
18698,108.0,119.0,2750.0
18699,108.0,119.0,2997.0
18700,108.0,119.0,2998.0
18701,108.0,119.0,2999.0
18702,108.0,119.0,3004.0
18703,108.0,119.0,3005.0
18704,108.0,119.0,3006.0
18705,108.0,119.0,3253.0
18706,108.0,119.0,3254.0
18707,108.0,119.0,3255.0
18708,108.0,119.0,3260.0
18709,108.0,119.0,3261.0
18710,108.0,119.0,3262.0
18711,108.0,119.0,3509.0
18712,108.0,119.0,3510.0
18713,108.0,119.0,3511.0
18714,108.0,119.0,3516.0
18715,108.0,119.0,3517.0
18716,108.0,119.0,3518.0
18717,108.0,119.0,3765.0
18718,108.0,119.0,3766.0
18719,108.0,119.0,3767.0
18720,108.0,119.0,3772.0
18721,108.0,119.0,3773.0
18722,108.0,119.0,3774.0
18723,108.0,120.0,2230.0
18724,108.0,120.0,2231.0
18725,108.0,120.0,2486.0
18726,108.0,120.0,2487.0
18727,108.0,120.0,2742.0
18728,108.0,120.0,2743.0
18729,108.0,120.0,2998.0
18730,108.0,120.0,2999.0
18731,108.0,120.0,3254.0
18732,108.0,120.0,3255.0
18733,108.0,120.0,3510.0
18734,108.0,120.0,3511.0
18735,108.0,120.0,3766.0
18736,108.0,120.0,3767.0
18737,108.0,121.0,2230.0
18738,108.0,121.0,2231.0
18739,108.0,121.0,2486.0
18740,108.0,121.0,2487.0
18741,108.0,121.0,2742.0
18742,108.0,121.0,2743.0
18743,108.0,121.0,2998.0
18744,108.0,121.0,2999.0
18745,108.0,121.0,3254.0
18746,108.0,121.0,3255.0
18747,108.0,121.0,3510.0
18748,108.0,121.0,3511.0
18749,108.0,121.0,3766.0
18750,108.0,121.0,3767.0
18751,109.0,19.0,2187.0
18752,109.0,19.0,2188.0
18753,109.0,19.0,2699.0
18754,109.0,19.0,2700.0
18755,109.0,19.0,2955.0
18756,109.0,19.0,2956.0
18757,109.0,19.0,3211.0
18758,109.0,19.0,3212.0
18759,109.0,19.0,3723.0
18760,109.0,19.0,3724.0
18761,109.0,33.0,2212.0
18762,109.0,33.0,2213.0
18763,109.0,33.0,2468.0
18764,109.0,33.0,2469.0
18765,109.0,33.0,2724.0
18766,109.0,33.0,2725.0
18767,109.0,33.0,2980.0
18768,109.0,33.0,2981.0
18769,109.0,33.0,3236.0
18770,109.0,33.0,3237.0
18771,109.0,33.0,3492.0
18772,109.0,33.0,3493.0
18773,109.0,33.0,3748.0
18774,109.0,33.0,3749.0
18775,109.0,34.0,2212.0
18776,109.0,34.0,2213.0
18777,109.0,34.0,2468.0
18778,109.0,34.0,2469.0
18779,109.0,34.0,2724.0
18780,109.0,34.0,2725.0
18781,109.0,34.0,2980.0
18782,109.0,34.0,2981.0
18783,109.0,34.0,3236.0
18784,109.0,34.0,3237.0
18785,109.0,34.0,3492.0
18786,109.0,34.0,3493.0
18787,109.0,34.0,3748.0
18788,109.0,34.0,3749.0
18789,109.0,35.0,2207.0
18790,109.0,35.0,2208.0
18791,109.0,35.0,2209.0
18792,109.0,35.0,2463.0
18793,109.0,35.0,2464.0
18794,109.0,35.0,2465.0
18795,109.0,35.0,2719.0
18796,109.0,35.0,2720.0
18797,109.0,35.0,2721.0
18798,109.0,35.0,2975.0
18799,109.0,35.0,2976.0
18800,109.0,35.0,2977.0
18801,109.0,35.0,3231.0
18802,109.0,35.0,3232.0
18803,109.0,35.0,3233.0
18804,109.0,35.0,3487.0
18805,109.0,35.0,3488.0
18806,109.0,35.0,3489.0
18807,109.0,35.0,3743.0
18808,109.0,35.0,3744.0
18809,109.0,35.0,3745.0
18810,109.0,36.0,2206.0
18811,109.0,36.0,2207.0
18812,109.0,36.0,2208.0
18813,109.0,36.0,2462.0
18814,109.0,36.0,2463.0
18815,109.0,36.0,2464.0
18816,109.0,36.0,2718.0
18817,109.0,36.0,2719.0
18818,109.0,36.0,2720.0
18819,109.0,36.0,2974.0
18820,109.0,36.0,2975.0
18821,109.0,36.0,2976.0
18822,109.0,36.0,3230.0
18823,109.0,36.0,3231.0
18824,109.0,36.0,3232.0
18825,109.0,36.0,3486.0
18826,109.0,36.0,3487.0
18827,109.0,36.0,3488.0
18828,109.0,36.0,3742.0
18829,109.0,36.0,3743.0
18830,109.0,36.0,3744.0
18831,109.0,41.0,2211.0
18832,109.0,41.0,2212.0
18833,109.0,41.0,2467.0
18834,109.0,41.0,2468.0
18835,109.0,41.0,2723.0
18836,109.0,41.0,2724.0
18837,109.0,41.0,2979.0
18838,109.0,41.0,2980.0
18839,109.0,41.0,3235.0
18840,109.0,41.0,3236.0
18841,109.0,41.0,3491.0
18842,109.0,41.0,3492.0
18843,109.0,41.0,3747.0
18844,109.0,41.0,3748.0
18845,109.0,42.0,2209.0
18846,109.0,42.0,2210.0
18847,109.0,42.0,2211.0
18848,109.0,42.0,2212.0
18849,109.0,42.0,2465.0
18850,109.0,42.0,2466.0
18851,109.0,42.0,2467.0
18852,109.0,42.0,2468.0
18853,109.0,42.0,2721.0
18854,109.0,42.0,2722.0
18855,109.0,42.0,2723.0
18856,109.0,42.0,2724.0
18857,109.0,42.0,2977.0
18858,109.0,42.0,2978.0
18859,109.0,42.0,2979.0
18860,109.0,42.0,2980.0
18861,109.0,42.0,3233.0
18862,109.0,42.0,3234.0
18863,109.0,42.0,3235.0
18864,109.0,42.0,3236.0
18865,109.0,42.0,3489.0
18866,109.0,42.0,3490.0
18867,109.0,42.0,3491.0
18868,109.0,42.0,3492.0
18869,109.0,42.0,3745.0
18870,109.0,42.0,3746.0
18871,109.0,42.0,3747.0
18872,109.0,42.0,3748.0
18873,109.0,43.0,2209.0
18874,109.0,43.0,2465.0
18875,109.0,43.0,2721.0
18876,109.0,43.0,2977.0
18877,109.0,43.0,3233.0
18878,109.0,43.0,3489.0
18879,109.0,43.0,3745.0
18880,109.0,45.0,2225.0
18881,109.0,45.0,2226.0
18882,109.0,46.0,2225.0
18883,109.0,46.0,2226.0
18884,109.0,47.0,2224.0
18885,109.0,47.0,2225.0
18886,109.0,51.0,2241.0
18887,109.0,52.0,2240.0
18888,109.0,56.0,2241.0
18889,109.0,56.0,2242.0
18890,109.0,56.0,2497.0
18891,109.0,56.0,2498.0
18892,109.0,56.0,2753.0
18893,109.0,56.0,2754.0
18894,109.0,56.0,3009.0
18895,109.0,56.0,3010.0
18896,109.0,56.0,3265.0
18897,109.0,56.0,3266.0
18898,109.0,56.0,3521.0
18899,109.0,56.0,3522.0
18900,109.0,56.0,3777.0
18901,109.0,56.0,3778.0
18902,109.0,57.0,2238.0
18903,109.0,57.0,2239.0
18904,109.0,57.0,2241.0
18905,109.0,57.0,2242.0
18906,109.0,57.0,2494.0
18907,109.0,57.0,2495.0
18908,109.0,57.0,2497.0
18909,109.0,57.0,2498.0
18910,109.0,57.0,2750.0
18911,109.0,57.0,2751.0
18912,109.0,57.0,2753.0
18913,109.0,57.0,2754.0
18914,109.0,57.0,3006.0
18915,109.0,57.0,3007.0
18916,109.0,57.0,3009.0
18917,109.0,57.0,3010.0
18918,109.0,57.0,3262.0
18919,109.0,57.0,3263.0
18920,109.0,57.0,3265.0
18921,109.0,57.0,3266.0
18922,109.0,57.0,3518.0
18923,109.0,57.0,3519.0
18924,109.0,57.0,3521.0
18925,109.0,57.0,3522.0
18926,109.0,57.0,3774.0
18927,109.0,57.0,3775.0
18928,109.0,57.0,3777.0
18929,109.0,57.0,3778.0
18930,109.0,59.0,2242.0
18931,109.0,59.0,2243.0
18932,109.0,60.0,2240.0
18933,109.0,65.0,2239.0
18934,109.0,65.0,2241.0
18935,109.0,65.0,2495.0
18936,109.0,65.0,2497.0
18937,109.0,65.0,2751.0
18938,109.0,65.0,2753.0
18939,109.0,65.0,3007.0
18940,109.0,65.0,3009.0
18941,109.0,65.0,3263.0
18942,109.0,65.0,3265.0
18943,109.0,65.0,3775.0
18944,109.0,65.0,3777.0
18945,109.0,66.0,2238.0
18946,109.0,66.0,2239.0
18947,109.0,66.0,2240.0
18948,109.0,66.0,2494.0
18949,109.0,66.0,2495.0
18950,109.0,66.0,2496.0
18951,109.0,66.0,2750.0
18952,109.0,66.0,2751.0
18953,109.0,66.0,2752.0
18954,109.0,66.0,3006.0
18955,109.0,66.0,3007.0
18956,109.0,66.0,3008.0
18957,109.0,66.0,3262.0
18958,109.0,66.0,3263.0
18959,109.0,66.0,3264.0
18960,109.0,66.0,3774.0
18961,109.0,66.0,3775.0
18962,109.0,66.0,3776.0
18963,109.0,70.0,2253.0
18964,109.0,70.0,2254.0
18965,109.0,70.0,2509.0
18966,109.0,70.0,2510.0
18967,109.0,70.0,2765.0
18968,109.0,70.0,2766.0
18969,109.0,70.0,3021.0
18970,109.0,70.0,3022.0
18971,109.0,70.0,3277.0
18972,109.0,70.0,3278.0
18973,109.0,70.0,3533.0
18974,109.0,70.0,3534.0
18975,109.0,70.0,3789.0
18976,109.0,70.0,3790.0
18977,109.0,72.0,2245.0
18978,109.0,73.0,2249.0
18979,109.0,73.0,2250.0
18980,109.0,74.0,2256.0
18981,109.0,74.0,2512.0
18982,109.0,74.0,2768.0
18983,109.0,74.0,3024.0
18984,109.0,74.0,3280.0
18985,109.0,74.0,3536.0
18986,109.0,74.0,3792.0
18987,109.0,75.0,2255.0
18988,109.0,75.0,2256.0
18989,109.0,75.0,2511.0
18990,109.0,75.0,2512.0
18991,109.0,75.0,2767.0
18992,109.0,75.0,2768.0
18993,109.0,75.0,3023.0
18994,109.0,75.0,3024.0
18995,109.0,75.0,3279.0
18996,109.0,75.0,3280.0
18997,109.0,75.0,3535.0
18998,109.0,75.0,3536.0
18999,109.0,75.0,3791.0
19000,109.0,75.0,3792.0
19001,109.0,76.0,2255.0
19002,109.0,76.0,2256.0
19003,109.0,76.0,2257.0
19004,109.0,76.0,2511.0
19005,109.0,76.0,2512.0
19006,109.0,76.0,2513.0
19007,109.0,76.0,2767.0
19008,109.0,76.0,2768.0
19009,109.0,76.0,2769.0
19010,109.0,76.0,3023.0
19011,109.0,76.0,3024.0
19012,109.0,76.0,3025.0
19013,109.0,76.0,3279.0
19014,109.0,76.0,3280.0
19015,109.0,76.0,3281.0
19016,109.0,76.0,3535.0
19017,109.0,76.0,3536.0
19018,109.0,76.0,3537.0
19019,109.0,76.0,3791.0
19020,109.0,76.0,3792.0
19021,109.0,76.0,3793.0
19022,109.0,77.0,2253.0
19023,109.0,77.0,2509.0
19024,109.0,77.0,2765.0
19025,109.0,77.0,3021.0
19026,109.0,77.0,3277.0
19027,109.0,77.0,3533.0
19028,109.0,77.0,3789.0
19029,109.0,78.0,2244.0
19030,109.0,78.0,2247.0
19031,109.0,78.0,2248.0
19032,109.0,78.0,2249.0
19033,109.0,78.0,2250.0
19034,109.0,78.0,2251.0
19035,109.0,78.0,2503.0
19036,109.0,78.0,2504.0
19037,109.0,78.0,2505.0
19038,109.0,78.0,2506.0
19039,109.0,78.0,2507.0
19040,109.0,78.0,2759.0
19041,109.0,78.0,2760.0
19042,109.0,78.0,2761.0
19043,109.0,78.0,2762.0
19044,109.0,78.0,2763.0
19045,109.0,78.0,3271.0
19046,109.0,78.0,3272.0
19047,109.0,78.0,3273.0
19048,109.0,78.0,3274.0
19049,109.0,78.0,3275.0
19050,109.0,78.0,3527.0
19051,109.0,78.0,3528.0
19052,109.0,78.0,3529.0
19053,109.0,78.0,3530.0
19054,109.0,78.0,3531.0
19055,109.0,78.0,3783.0
19056,109.0,78.0,3784.0
19057,109.0,78.0,3785.0
19058,109.0,78.0,3786.0
19059,109.0,78.0,3787.0
19060,109.0,79.0,2247.0
19061,109.0,79.0,2248.0
19062,109.0,79.0,2249.0
19063,109.0,79.0,2250.0
19064,109.0,79.0,2503.0
19065,109.0,79.0,2504.0
19066,109.0,79.0,2505.0
19067,109.0,79.0,2506.0
19068,109.0,79.0,2759.0
19069,109.0,79.0,2760.0
19070,109.0,79.0,2761.0
19071,109.0,79.0,2762.0
19072,109.0,79.0,3271.0
19073,109.0,79.0,3272.0
19074,109.0,79.0,3273.0
19075,109.0,79.0,3274.0
19076,109.0,79.0,3527.0
19077,109.0,79.0,3528.0
19078,109.0,79.0,3529.0
19079,109.0,79.0,3530.0
19080,109.0,79.0,3783.0
19081,109.0,79.0,3784.0
19082,109.0,79.0,3785.0
19083,109.0,79.0,3786.0
19084,109.0,88.0,2245.0
19085,109.0,88.0,2246.0
19086,109.0,88.0,2501.0
19087,109.0,88.0,2502.0
19088,109.0,88.0,2757.0
19089,109.0,88.0,2758.0
19090,109.0,88.0,3013.0
19091,109.0,88.0,3014.0
19092,109.0,88.0,3269.0
19093,109.0,88.0,3270.0
19094,109.0,88.0,3525.0
19095,109.0,88.0,3526.0
19096,109.0,88.0,3781.0
19097,109.0,88.0,3782.0
19098,109.0,89.0,2245.0
19099,109.0,89.0,2501.0
19100,109.0,89.0,2757.0
19101,109.0,89.0,3013.0
19102,109.0,89.0,3269.0
19103,109.0,89.0,3525.0
19104,109.0,89.0,3781.0
19105,109.0,92.0,2237.0
19106,109.0,92.0,2238.0
19107,109.0,93.0,2238.0
19108,109.0,93.0,2244.0
19109,109.0,93.0,2248.0
19110,109.0,93.0,2249.0
19111,109.0,93.0,2500.0
19112,109.0,93.0,2756.0
19113,109.0,93.0,3012.0
19114,109.0,93.0,3268.0
19115,109.0,93.0,3524.0
19116,109.0,93.0,3780.0
19117,109.0,94.0,2242.0
19118,109.0,94.0,2243.0
19119,109.0,94.0,2244.0
19120,109.0,94.0,2246.0
19121,109.0,94.0,2247.0
19122,109.0,94.0,2248.0
19123,109.0,94.0,2249.0
19124,109.0,94.0,2498.0
19125,109.0,94.0,2499.0
19126,109.0,94.0,2500.0
19127,109.0,94.0,2754.0
19128,109.0,94.0,2755.0
19129,109.0,94.0,2756.0
19130,109.0,94.0,3010.0
19131,109.0,94.0,3011.0
19132,109.0,94.0,3012.0
19133,109.0,94.0,3266.0
19134,109.0,94.0,3267.0
19135,109.0,94.0,3268.0
19136,109.0,94.0,3522.0
19137,109.0,94.0,3523.0
19138,109.0,94.0,3524.0
19139,109.0,94.0,3778.0
19140,109.0,94.0,3779.0
19141,109.0,94.0,3780.0
19142,109.0,104.0,2253.0
19143,109.0,104.0,2254.0
19144,109.0,104.0,2509.0
19145,109.0,104.0,2510.0
19146,109.0,104.0,2765.0
19147,109.0,104.0,2766.0
19148,109.0,104.0,3021.0
19149,109.0,104.0,3022.0
19150,109.0,104.0,3277.0
19151,109.0,104.0,3278.0
19152,109.0,104.0,3533.0
19153,109.0,104.0,3534.0
19154,109.0,104.0,3789.0
19155,109.0,104.0,3790.0
19156,109.0,105.0,2253.0
19157,109.0,105.0,2509.0
19158,109.0,105.0,2765.0
19159,109.0,105.0,3021.0
19160,109.0,105.0,3277.0
19161,109.0,105.0,3533.0
19162,109.0,105.0,3789.0
19163,109.0,112.0,2243.0
19164,109.0,112.0,2499.0
19165,109.0,112.0,2755.0
19166,109.0,112.0,3011.0
19167,109.0,112.0,3267.0
19168,109.0,112.0,3523.0
19169,109.0,112.0,3779.0
19170,109.0,114.0,2231.0
19171,109.0,114.0,2232.0
19172,109.0,114.0,2487.0
19173,109.0,114.0,2488.0
19174,109.0,114.0,2743.0
19175,109.0,114.0,2744.0
19176,109.0,114.0,2999.0
19177,109.0,114.0,3000.0
19178,109.0,114.0,3255.0
19179,109.0,114.0,3256.0
19180,109.0,114.0,3511.0
19181,109.0,114.0,3512.0
19182,109.0,114.0,3767.0
19183,109.0,114.0,3768.0
19184,109.0,116.0,2232.0
19185,109.0,116.0,2233.0
19186,109.0,116.0,2234.0
19187,109.0,116.0,2488.0
19188,109.0,116.0,2489.0
19189,109.0,116.0,2490.0
19190,109.0,116.0,2744.0
19191,109.0,116.0,2745.0
19192,109.0,116.0,2746.0
19193,109.0,116.0,3000.0
19194,109.0,116.0,3001.0
19195,109.0,116.0,3002.0
19196,109.0,116.0,3256.0
19197,109.0,116.0,3257.0
19198,109.0,116.0,3258.0
19199,109.0,116.0,3512.0
19200,109.0,116.0,3513.0
19201,109.0,116.0,3514.0
19202,109.0,116.0,3768.0
19203,109.0,116.0,3769.0
19204,109.0,116.0,3770.0
19205,109.0,117.0,2231.0
19206,109.0,117.0,2233.0
19207,109.0,117.0,2236.0
19208,109.0,117.0,2237.0
19209,109.0,117.0,2487.0
19210,109.0,117.0,2489.0
19211,109.0,117.0,2743.0
19212,109.0,117.0,2745.0
19213,109.0,117.0,2999.0
19214,109.0,117.0,3001.0
19215,109.0,117.0,3255.0
19216,109.0,117.0,3257.0
19217,109.0,117.0,3511.0
19218,109.0,117.0,3513.0
19219,109.0,117.0,3767.0
19220,109.0,117.0,3769.0
19221,109.0,119.0,2235.0
19222,109.0,119.0,2236.0
19223,109.0,119.0,2237.0
19224,109.0,119.0,2491.0
19225,109.0,119.0,2492.0
19226,109.0,119.0,2493.0
19227,109.0,119.0,2747.0
19228,109.0,119.0,2748.0
19229,109.0,119.0,2749.0
19230,109.0,119.0,3003.0
19231,109.0,119.0,3004.0
19232,109.0,119.0,3005.0
19233,109.0,119.0,3259.0
19234,109.0,119.0,3260.0
19235,109.0,119.0,3261.0
19236,109.0,119.0,3515.0
19237,109.0,119.0,3516.0
19238,109.0,119.0,3517.0
19239,109.0,119.0,3771.0
19240,109.0,119.0,3772.0
19241,109.0,119.0,3773.0
19242,110.0,22.0,2194.0
19243,110.0,22.0,2195.0
19244,110.0,33.0,2212.0
19245,110.0,33.0,2213.0
19246,110.0,33.0,2468.0
19247,110.0,33.0,2469.0
19248,110.0,33.0,2724.0
19249,110.0,33.0,2725.0
19250,110.0,33.0,2980.0
19251,110.0,33.0,2981.0
19252,110.0,33.0,3236.0
19253,110.0,33.0,3237.0
19254,110.0,33.0,3492.0
19255,110.0,33.0,3493.0
19256,110.0,33.0,3748.0
19257,110.0,33.0,3749.0
19258,110.0,40.0,2209.0
19259,110.0,40.0,2465.0
19260,110.0,40.0,2721.0
19261,110.0,40.0,2977.0
19262,110.0,40.0,3233.0
19263,110.0,40.0,3489.0
19264,110.0,40.0,3745.0
19265,110.0,41.0,2208.0
19266,110.0,41.0,2209.0
19267,110.0,41.0,2210.0
19268,110.0,41.0,2464.0
19269,110.0,41.0,2465.0
19270,110.0,41.0,2466.0
19271,110.0,41.0,2720.0
19272,110.0,41.0,2721.0
19273,110.0,41.0,2722.0
19274,110.0,41.0,2976.0
19275,110.0,41.0,2977.0
19276,110.0,41.0,2978.0
19277,110.0,41.0,3232.0
19278,110.0,41.0,3233.0
19279,110.0,41.0,3234.0
19280,110.0,41.0,3488.0
19281,110.0,41.0,3489.0
19282,110.0,41.0,3490.0
19283,110.0,41.0,3744.0
19284,110.0,41.0,3745.0
19285,110.0,41.0,3746.0
19286,110.0,42.0,2206.0
19287,110.0,42.0,2207.0
19288,110.0,42.0,2209.0
19289,110.0,42.0,2462.0
19290,110.0,42.0,2463.0
19291,110.0,42.0,2465.0
19292,110.0,42.0,2718.0
19293,110.0,42.0,2719.0
19294,110.0,42.0,2721.0
19295,110.0,42.0,2974.0
19296,110.0,42.0,2975.0
19297,110.0,42.0,2977.0
19298,110.0,42.0,3230.0
19299,110.0,42.0,3231.0
19300,110.0,42.0,3233.0
19301,110.0,42.0,3486.0
19302,110.0,42.0,3487.0
19303,110.0,42.0,3489.0
19304,110.0,42.0,3742.0
19305,110.0,42.0,3743.0
19306,110.0,42.0,3745.0
19307,110.0,44.0,2252.0
19308,110.0,45.0,2251.0
19309,110.0,51.0,2223.0
19310,110.0,51.0,2224.0
19311,110.0,51.0,2479.0
19312,110.0,51.0,2480.0
19313,110.0,51.0,2735.0
19314,110.0,51.0,2736.0
19315,110.0,51.0,2991.0
19316,110.0,51.0,2992.0
19317,110.0,51.0,3247.0
19318,110.0,51.0,3248.0
19319,110.0,51.0,3503.0
19320,110.0,51.0,3504.0
19321,110.0,51.0,3759.0
19322,110.0,51.0,3760.0
19323,110.0,55.0,2242.0
19324,110.0,55.0,2243.0
19325,110.0,55.0,2498.0
19326,110.0,55.0,2499.0
19327,110.0,55.0,2754.0
19328,110.0,55.0,2755.0
19329,110.0,55.0,3010.0
19330,110.0,55.0,3011.0
19331,110.0,55.0,3266.0
19332,110.0,55.0,3267.0
19333,110.0,55.0,3522.0
19334,110.0,55.0,3523.0
19335,110.0,55.0,3778.0
19336,110.0,55.0,3779.0
19337,110.0,56.0,2241.0
19338,110.0,56.0,2242.0
19339,110.0,56.0,2497.0
19340,110.0,56.0,2498.0
19341,110.0,56.0,2753.0
19342,110.0,56.0,2754.0
19343,110.0,56.0,3009.0
19344,110.0,56.0,3010.0
19345,110.0,56.0,3265.0
19346,110.0,56.0,3266.0
19347,110.0,56.0,3521.0
19348,110.0,56.0,3522.0
19349,110.0,56.0,3777.0
19350,110.0,56.0,3778.0
19351,110.0,59.0,2242.0
19352,110.0,59.0,2243.0
19353,110.0,64.0,2235.0
19354,110.0,64.0,2236.0
19355,110.0,64.0,2242.0
19356,110.0,64.0,2243.0
19357,110.0,64.0,2491.0
19358,110.0,64.0,2492.0
19359,110.0,64.0,2498.0
19360,110.0,64.0,2499.0
19361,110.0,64.0,2747.0
19362,110.0,64.0,2748.0
19363,110.0,64.0,2754.0
19364,110.0,64.0,2755.0
19365,110.0,64.0,3003.0
19366,110.0,64.0,3004.0
19367,110.0,64.0,3010.0
19368,110.0,64.0,3011.0
19369,110.0,64.0,3259.0
19370,110.0,64.0,3260.0
19371,110.0,64.0,3266.0
19372,110.0,64.0,3267.0
19373,110.0,64.0,3515.0
19374,110.0,64.0,3516.0
19375,110.0,64.0,3771.0
19376,110.0,64.0,3772.0
19377,110.0,64.0,3778.0
19378,110.0,64.0,3779.0
19379,110.0,65.0,2233.0
19380,110.0,65.0,2234.0
19381,110.0,65.0,2241.0
19382,110.0,65.0,2242.0
19383,110.0,65.0,2489.0
19384,110.0,65.0,2490.0
19385,110.0,65.0,2497.0
19386,110.0,65.0,2498.0
19387,110.0,65.0,2745.0
19388,110.0,65.0,2746.0
19389,110.0,65.0,2753.0
19390,110.0,65.0,2754.0
19391,110.0,65.0,3001.0
19392,110.0,65.0,3002.0
19393,110.0,65.0,3009.0
19394,110.0,65.0,3010.0
19395,110.0,65.0,3257.0
19396,110.0,65.0,3258.0
19397,110.0,65.0,3265.0
19398,110.0,65.0,3266.0
19399,110.0,65.0,3513.0
19400,110.0,65.0,3514.0
19401,110.0,65.0,3769.0
19402,110.0,65.0,3770.0
19403,110.0,65.0,3777.0
19404,110.0,65.0,3778.0
19405,110.0,66.0,2233.0
19406,110.0,66.0,2240.0
19407,110.0,66.0,2489.0
19408,110.0,66.0,2496.0
19409,110.0,66.0,2745.0
19410,110.0,66.0,2752.0
19411,110.0,66.0,3001.0
19412,110.0,66.0,3008.0
19413,110.0,66.0,3257.0
19414,110.0,66.0,3264.0
19415,110.0,66.0,3513.0
19416,110.0,66.0,3769.0
19417,110.0,66.0,3776.0
19418,110.0,70.0,2253.0
19419,110.0,70.0,2254.0
19420,110.0,70.0,2255.0
19421,110.0,70.0,2256.0
19422,110.0,70.0,2509.0
19423,110.0,70.0,2510.0
19424,110.0,70.0,2511.0
19425,110.0,70.0,2512.0
19426,110.0,70.0,2765.0
19427,110.0,70.0,2766.0
19428,110.0,70.0,2767.0
19429,110.0,70.0,2768.0
19430,110.0,70.0,3021.0
19431,110.0,70.0,3022.0
19432,110.0,70.0,3023.0
19433,110.0,70.0,3024.0
19434,110.0,70.0,3277.0
19435,110.0,70.0,3278.0
19436,110.0,70.0,3279.0
19437,110.0,70.0,3280.0
19438,110.0,70.0,3533.0
19439,110.0,70.0,3534.0
19440,110.0,70.0,3535.0
19441,110.0,70.0,3536.0
19442,110.0,70.0,3789.0
19443,110.0,70.0,3790.0
19444,110.0,70.0,3791.0
19445,110.0,70.0,3792.0
19446,110.0,73.0,2249.0
19447,110.0,73.0,2250.0
19448,110.0,76.0,2240.0
19449,110.0,76.0,2259.0
19450,110.0,76.0,2515.0
19451,110.0,76.0,2771.0
19452,110.0,76.0,3027.0
19453,110.0,76.0,3283.0
19454,110.0,76.0,3539.0
19455,110.0,76.0,3795.0
19456,110.0,77.0,2222.0
19457,110.0,77.0,2237.0
19458,110.0,77.0,2238.0
19459,110.0,77.0,2239.0
19460,110.0,77.0,2240.0
19461,110.0,77.0,2256.0
19462,110.0,77.0,2257.0
19463,110.0,77.0,2258.0
19464,110.0,77.0,2259.0
19465,110.0,77.0,2260.0
19466,110.0,77.0,2512.0
19467,110.0,77.0,2513.0
19468,110.0,77.0,2514.0
19469,110.0,77.0,2515.0
19470,110.0,77.0,2516.0
19471,110.0,77.0,2768.0
19472,110.0,77.0,2769.0
19473,110.0,77.0,2770.0
19474,110.0,77.0,2771.0
19475,110.0,77.0,2772.0
19476,110.0,77.0,3024.0
19477,110.0,77.0,3025.0
19478,110.0,77.0,3026.0
19479,110.0,77.0,3027.0
19480,110.0,77.0,3028.0
19481,110.0,77.0,3280.0
19482,110.0,77.0,3281.0
19483,110.0,77.0,3282.0
19484,110.0,77.0,3283.0
19485,110.0,77.0,3284.0
19486,110.0,77.0,3536.0
19487,110.0,77.0,3537.0
19488,110.0,77.0,3538.0
19489,110.0,77.0,3539.0
19490,110.0,77.0,3540.0
19491,110.0,77.0,3792.0
19492,110.0,77.0,3793.0
19493,110.0,77.0,3794.0
19494,110.0,77.0,3795.0
19495,110.0,77.0,3796.0
19496,110.0,78.0,2244.0
19497,110.0,78.0,2245.0
19498,110.0,78.0,2246.0
19499,110.0,78.0,2253.0
19500,110.0,79.0,2244.0
19501,110.0,79.0,2245.0
19502,110.0,79.0,2252.0
19503,110.0,87.0,2244.0
19504,110.0,87.0,2245.0
19505,110.0,92.0,2254.0
19506,110.0,92.0,2255.0
19507,110.0,92.0,2510.0
19508,110.0,92.0,2511.0
19509,110.0,92.0,2766.0
19510,110.0,92.0,2767.0
19511,110.0,92.0,3022.0
19512,110.0,92.0,3023.0
19513,110.0,92.0,3278.0
19514,110.0,92.0,3279.0
19515,110.0,92.0,3534.0
19516,110.0,92.0,3535.0
19517,110.0,92.0,3790.0
19518,110.0,92.0,3791.0
19519,110.0,93.0,2238.0
19520,110.0,93.0,2244.0
19521,110.0,93.0,2500.0
19522,110.0,93.0,2756.0
19523,110.0,93.0,3012.0
19524,110.0,93.0,3268.0
19525,110.0,93.0,3524.0
19526,110.0,93.0,3780.0
19527,110.0,95.0,2236.0
19528,110.0,95.0,2492.0
19529,110.0,95.0,2748.0
19530,110.0,95.0,3004.0
19531,110.0,95.0,3260.0
19532,110.0,95.0,3516.0
19533,110.0,95.0,3772.0
19534,110.0,103.0,2232.0
19535,110.0,104.0,2231.0
19536,110.0,104.0,2232.0
19537,110.0,106.0,2252.0
19538,110.0,106.0,2253.0
19539,110.0,110.0,2254.0
19540,110.0,110.0,2255.0
19541,110.0,115.0,2222.0
19542,110.0,116.0,2233.0
19543,110.0,116.0,2234.0
19544,110.0,116.0,2489.0
19545,110.0,116.0,2490.0
19546,110.0,116.0,2745.0
19547,110.0,116.0,2746.0
19548,110.0,116.0,3001.0
19549,110.0,116.0,3002.0
19550,110.0,116.0,3257.0
19551,110.0,116.0,3258.0
19552,110.0,116.0,3513.0
19553,110.0,116.0,3514.0
19554,110.0,116.0,3769.0
19555,110.0,116.0,3770.0
19556,110.0,117.0,2233.0
19557,110.0,117.0,2234.0
19558,110.0,117.0,2236.0
19559,110.0,117.0,2237.0
19560,110.0,117.0,2489.0
19561,110.0,117.0,2490.0
19562,110.0,117.0,2745.0
19563,110.0,117.0,2746.0
19564,110.0,117.0,3001.0
19565,110.0,117.0,3002.0
19566,110.0,117.0,3257.0
19567,110.0,117.0,3258.0
19568,110.0,117.0,3513.0
19569,110.0,117.0,3514.0
19570,110.0,117.0,3769.0
19571,110.0,117.0,3770.0
19572,110.0,123.0,2234.0
19573,110.0,123.0,2235.0
19574,110.0,123.0,2746.0
19575,110.0,123.0,2747.0
19576,110.0,123.0,3002.0
19577,110.0,123.0,3003.0
19578,110.0,123.0,3258.0
19579,110.0,123.0,3259.0
19580,110.0,123.0,3514.0
19581,110.0,123.0,3515.0
19582,110.0,123.0,3770.0
19583,110.0,123.0,3771.0
19584,111.0,23.0,2217.0
19585,111.0,23.0,2218.0
19586,111.0,23.0,2219.0
19587,111.0,23.0,2473.0
19588,111.0,23.0,2474.0
19589,111.0,23.0,2475.0
19590,111.0,23.0,2729.0
19591,111.0,23.0,2730.0
19592,111.0,23.0,2731.0
19593,111.0,23.0,2985.0
19594,111.0,23.0,2986.0
19595,111.0,23.0,2987.0
19596,111.0,23.0,3241.0
19597,111.0,23.0,3242.0
19598,111.0,23.0,3243.0
19599,111.0,23.0,3497.0
19600,111.0,23.0,3498.0
19601,111.0,23.0,3499.0
19602,111.0,23.0,3753.0
19603,111.0,23.0,3754.0
19604,111.0,23.0,3755.0
19605,111.0,24.0,2216.0
19606,111.0,24.0,2472.0
19607,111.0,24.0,2728.0
19608,111.0,24.0,2984.0
19609,111.0,24.0,3240.0
19610,111.0,24.0,3496.0
19611,111.0,24.0,3752.0
19612,111.0,26.0,2230.0
19613,111.0,26.0,2231.0
19614,111.0,28.0,2230.0
19615,111.0,41.0,2208.0
19616,111.0,41.0,2209.0
19617,111.0,41.0,2464.0
19618,111.0,41.0,2465.0
19619,111.0,41.0,2720.0
19620,111.0,41.0,2721.0
19621,111.0,41.0,2976.0
19622,111.0,41.0,2977.0
19623,111.0,41.0,3232.0
19624,111.0,41.0,3233.0
19625,111.0,41.0,3488.0
19626,111.0,41.0,3489.0
19627,111.0,41.0,3744.0
19628,111.0,41.0,3745.0
19629,111.0,42.0,2206.0
19630,111.0,42.0,2207.0
19631,111.0,42.0,2462.0
19632,111.0,42.0,2463.0
19633,111.0,42.0,2718.0
19634,111.0,42.0,2719.0
19635,111.0,42.0,2974.0
19636,111.0,42.0,2975.0
19637,111.0,42.0,3230.0
19638,111.0,42.0,3231.0
19639,111.0,42.0,3486.0
19640,111.0,42.0,3487.0
19641,111.0,42.0,3742.0
19642,111.0,42.0,3743.0
19643,111.0,45.0,2251.0
19644,111.0,45.0,2252.0
19645,111.0,49.0,2225.0
19646,111.0,49.0,2226.0
19647,111.0,49.0,2247.0
19648,111.0,49.0,2248.0
19649,111.0,49.0,2481.0
19650,111.0,49.0,2482.0
19651,111.0,49.0,2503.0
19652,111.0,49.0,2504.0
19653,111.0,49.0,2737.0
19654,111.0,49.0,2738.0
19655,111.0,49.0,2759.0
19656,111.0,49.0,2760.0
19657,111.0,49.0,2993.0
19658,111.0,49.0,2994.0
19659,111.0,49.0,3015.0
19660,111.0,49.0,3016.0
19661,111.0,49.0,3249.0
19662,111.0,49.0,3250.0
19663,111.0,49.0,3271.0
19664,111.0,49.0,3272.0
19665,111.0,49.0,3505.0
19666,111.0,49.0,3506.0
19667,111.0,49.0,3761.0
19668,111.0,49.0,3762.0
19669,111.0,49.0,3783.0
19670,111.0,49.0,3784.0
19671,111.0,50.0,2223.0
19672,111.0,50.0,2224.0
19673,111.0,50.0,2479.0
19674,111.0,50.0,2480.0
19675,111.0,50.0,2735.0
19676,111.0,50.0,2736.0
19677,111.0,50.0,2991.0
19678,111.0,50.0,2992.0
19679,111.0,50.0,3247.0
19680,111.0,50.0,3248.0
19681,111.0,50.0,3503.0
19682,111.0,50.0,3504.0
19683,111.0,50.0,3759.0
19684,111.0,50.0,3760.0
19685,111.0,51.0,2223.0
19686,111.0,51.0,2479.0
19687,111.0,51.0,2735.0
19688,111.0,51.0,2991.0
19689,111.0,51.0,3247.0
19690,111.0,51.0,3503.0
19691,111.0,51.0,3759.0
19692,111.0,58.0,2244.0
19693,111.0,60.0,2249.0
19694,111.0,64.0,2232.0
19695,111.0,64.0,2233.0
19696,111.0,64.0,2234.0
19697,111.0,64.0,2235.0
19698,111.0,64.0,2236.0
19699,111.0,64.0,2488.0
19700,111.0,64.0,2489.0
19701,111.0,64.0,2490.0
19702,111.0,64.0,2491.0
19703,111.0,64.0,2492.0
19704,111.0,64.0,2744.0
19705,111.0,64.0,2745.0
19706,111.0,64.0,2746.0
19707,111.0,64.0,2747.0
19708,111.0,64.0,2748.0
19709,111.0,64.0,3000.0
19710,111.0,64.0,3001.0
19711,111.0,64.0,3002.0
19712,111.0,64.0,3003.0
19713,111.0,64.0,3004.0
19714,111.0,64.0,3256.0
19715,111.0,64.0,3257.0
19716,111.0,64.0,3258.0
19717,111.0,64.0,3259.0
19718,111.0,64.0,3260.0
19719,111.0,64.0,3512.0
19720,111.0,64.0,3513.0
19721,111.0,64.0,3514.0
19722,111.0,64.0,3515.0
19723,111.0,64.0,3516.0
19724,111.0,64.0,3768.0
19725,111.0,64.0,3769.0
19726,111.0,64.0,3770.0
19727,111.0,64.0,3771.0
19728,111.0,64.0,3772.0
19729,111.0,65.0,2233.0
19730,111.0,65.0,2234.0
19731,111.0,65.0,2489.0
19732,111.0,65.0,2490.0
19733,111.0,65.0,2745.0
19734,111.0,65.0,2746.0
19735,111.0,65.0,3001.0
19736,111.0,65.0,3002.0
19737,111.0,65.0,3257.0
19738,111.0,65.0,3258.0
19739,111.0,65.0,3513.0
19740,111.0,65.0,3514.0
19741,111.0,65.0,3769.0
19742,111.0,65.0,3770.0
19743,111.0,67.0,2236.0
19744,111.0,67.0,2237.0
19745,111.0,67.0,2748.0
19746,111.0,67.0,2749.0
19747,111.0,67.0,3260.0
19748,111.0,67.0,3261.0
19749,111.0,67.0,3516.0
19750,111.0,67.0,3517.0
19751,111.0,67.0,3772.0
19752,111.0,67.0,3773.0
19753,111.0,68.0,2235.0
19754,111.0,68.0,2236.0
19755,111.0,68.0,2237.0
19756,111.0,68.0,2238.0
19757,111.0,68.0,2747.0
19758,111.0,68.0,2748.0
19759,111.0,68.0,2749.0
19760,111.0,68.0,2750.0
19761,111.0,68.0,3259.0
19762,111.0,68.0,3260.0
19763,111.0,68.0,3261.0
19764,111.0,68.0,3262.0
19765,111.0,68.0,3515.0
19766,111.0,68.0,3516.0
19767,111.0,68.0,3517.0
19768,111.0,68.0,3518.0
19769,111.0,68.0,3771.0
19770,111.0,68.0,3772.0
19771,111.0,68.0,3773.0
19772,111.0,68.0,3774.0
19773,111.0,70.0,2260.0
19774,111.0,70.0,2261.0
19775,111.0,71.0,2260.0
19776,111.0,71.0,2261.0
19777,111.0,72.0,2254.0
19778,111.0,72.0,2255.0
19779,111.0,76.0,2259.0
19780,111.0,76.0,2260.0
19781,111.0,76.0,2515.0
19782,111.0,76.0,2516.0
19783,111.0,76.0,2771.0
19784,111.0,76.0,2772.0
19785,111.0,76.0,3027.0
19786,111.0,76.0,3028.0
19787,111.0,76.0,3283.0
19788,111.0,76.0,3284.0
19789,111.0,76.0,3539.0
19790,111.0,76.0,3540.0
19791,111.0,76.0,3795.0
19792,111.0,76.0,3796.0
19793,111.0,77.0,2258.0
19794,111.0,77.0,2259.0
19795,111.0,77.0,2260.0
19796,111.0,77.0,2514.0
19797,111.0,77.0,2515.0
19798,111.0,77.0,2516.0
19799,111.0,77.0,2770.0
19800,111.0,77.0,2771.0
19801,111.0,77.0,2772.0
19802,111.0,77.0,3026.0
19803,111.0,77.0,3027.0
19804,111.0,77.0,3028.0
19805,111.0,77.0,3282.0
19806,111.0,77.0,3283.0
19807,111.0,77.0,3284.0
19808,111.0,77.0,3538.0
19809,111.0,77.0,3539.0
19810,111.0,77.0,3540.0
19811,111.0,77.0,3794.0
19812,111.0,77.0,3795.0
19813,111.0,77.0,3796.0
19814,111.0,82.0,2256.0
19815,111.0,82.0,2257.0
19816,111.0,88.0,2242.0
19817,111.0,88.0,2243.0
19818,111.0,91.0,2259.0
19819,111.0,91.0,2260.0
19820,111.0,91.0,2515.0
19821,111.0,91.0,2516.0
19822,111.0,91.0,2771.0
19823,111.0,91.0,2772.0
19824,111.0,91.0,3027.0
19825,111.0,91.0,3028.0
19826,111.0,91.0,3283.0
19827,111.0,91.0,3284.0
19828,111.0,91.0,3539.0
19829,111.0,91.0,3540.0
19830,111.0,91.0,3795.0
19831,111.0,91.0,3796.0
19832,111.0,92.0,2254.0
19833,111.0,92.0,2255.0
19834,111.0,92.0,2256.0
19835,111.0,92.0,2257.0
19836,111.0,92.0,2510.0
19837,111.0,92.0,2511.0
19838,111.0,92.0,2512.0
19839,111.0,92.0,2513.0
19840,111.0,92.0,2766.0
19841,111.0,92.0,2767.0
19842,111.0,92.0,2768.0
19843,111.0,92.0,2769.0
19844,111.0,92.0,3022.0
19845,111.0,92.0,3023.0
19846,111.0,92.0,3024.0
19847,111.0,92.0,3025.0
19848,111.0,92.0,3278.0
19849,111.0,92.0,3279.0
19850,111.0,92.0,3280.0
19851,111.0,92.0,3281.0
19852,111.0,92.0,3534.0
19853,111.0,92.0,3535.0
19854,111.0,92.0,3536.0
19855,111.0,92.0,3537.0
19856,111.0,92.0,3790.0
19857,111.0,92.0,3791.0
19858,111.0,92.0,3792.0
19859,111.0,92.0,3793.0
19860,111.0,93.0,2254.0
19861,111.0,93.0,2510.0
19862,111.0,93.0,2766.0
19863,111.0,93.0,3022.0
19864,111.0,93.0,3278.0
19865,111.0,93.0,3534.0
19866,111.0,93.0,3790.0
19867,111.0,95.0,2236.0
19868,111.0,95.0,2237.0
19869,111.0,95.0,2238.0
19870,111.0,95.0,2239.0
19871,111.0,95.0,2241.0
19872,111.0,95.0,2242.0
19873,111.0,95.0,2492.0
19874,111.0,95.0,2493.0
19875,111.0,95.0,2494.0
19876,111.0,95.0,2495.0
19877,111.0,95.0,2748.0
19878,111.0,95.0,2749.0
19879,111.0,95.0,2750.0
19880,111.0,95.0,2751.0
19881,111.0,95.0,3004.0
19882,111.0,95.0,3005.0
19883,111.0,95.0,3006.0
19884,111.0,95.0,3007.0
19885,111.0,95.0,3260.0
19886,111.0,95.0,3261.0
19887,111.0,95.0,3262.0
19888,111.0,95.0,3263.0
19889,111.0,95.0,3516.0
19890,111.0,95.0,3517.0
19891,111.0,95.0,3518.0
19892,111.0,95.0,3519.0
19893,111.0,95.0,3772.0
19894,111.0,95.0,3773.0
19895,111.0,95.0,3774.0
19896,111.0,95.0,3775.0
19897,111.0,103.0,2232.0
19898,111.0,109.0,2240.0
19899,111.0,109.0,2253.0
19900,111.0,110.0,2239.0
19901,111.0,110.0,2240.0
19902,111.0,115.0,2222.0
19903,111.0,115.0,2223.0
19904,111.0,115.0,2224.0
19905,111.0,121.0,2230.0
19906,111.0,121.0,2231.0
19907,111.0,121.0,2486.0
19908,111.0,121.0,2487.0
19909,111.0,121.0,2742.0
19910,111.0,121.0,2743.0
19911,111.0,121.0,2998.0
19912,111.0,121.0,2999.0
19913,111.0,121.0,3254.0
19914,111.0,121.0,3255.0
19915,111.0,121.0,3510.0
19916,111.0,121.0,3511.0
19917,111.0,121.0,3766.0
19918,111.0,121.0,3767.0
19919,111.0,122.0,2234.0
19920,111.0,122.0,2235.0
19921,111.0,122.0,2746.0
19922,111.0,122.0,2747.0
19923,111.0,122.0,3002.0
19924,111.0,122.0,3003.0
19925,111.0,122.0,3258.0
19926,111.0,122.0,3259.0
19927,111.0,122.0,3514.0
19928,111.0,122.0,3515.0
19929,111.0,122.0,3770.0
19930,111.0,122.0,3771.0
19931,111.0,123.0,2229.0
19932,111.0,123.0,2230.0
19933,111.0,123.0,2234.0
19934,111.0,123.0,2235.0
19935,111.0,123.0,2485.0
19936,111.0,123.0,2486.0
19937,111.0,123.0,2741.0
19938,111.0,123.0,2742.0
19939,111.0,123.0,2746.0
19940,111.0,123.0,2747.0
19941,111.0,123.0,2997.0
19942,111.0,123.0,2998.0
19943,111.0,123.0,3002.0
19944,111.0,123.0,3003.0
19945,111.0,123.0,3253.0
19946,111.0,123.0,3254.0
19947,111.0,123.0,3258.0
19948,111.0,123.0,3259.0
19949,111.0,123.0,3509.0
19950,111.0,123.0,3510.0
19951,111.0,123.0,3514.0
19952,111.0,123.0,3515.0
19953,111.0,123.0,3765.0
19954,111.0,123.0,3766.0
19955,111.0,123.0,3770.0
19956,111.0,123.0,3771.0
19957,111.0,124.0,2229.0
19958,111.0,124.0,2485.0
19959,111.0,124.0,2741.0
19960,111.0,124.0,2997.0
19961,111.0,124.0,3253.0
19962,111.0,124.0,3509.0
19963,111.0,124.0,3765.0
19964,112.0,23.0,2217.0
19965,112.0,23.0,2473.0
19966,112.0,23.0,2729.0
19967,112.0,23.0,2985.0
19968,112.0,23.0,3241.0
19969,112.0,23.0,3497.0
19970,112.0,23.0,3753.0
19971,112.0,24.0,2216.0
19972,112.0,24.0,2472.0
19973,112.0,24.0,2728.0
19974,112.0,24.0,2984.0
19975,112.0,24.0,3240.0
19976,112.0,24.0,3496.0
19977,112.0,24.0,3752.0
19978,112.0,26.0,2230.0
19979,112.0,26.0,2231.0
19980,112.0,30.0,2212.0
19981,112.0,30.0,2213.0
19982,112.0,48.0,2249.0
19983,112.0,48.0,2505.0
19984,112.0,48.0,2761.0
19985,112.0,48.0,3017.0
19986,112.0,48.0,3273.0
19987,112.0,48.0,3785.0
19988,112.0,49.0,2225.0
19989,112.0,49.0,2226.0
19990,112.0,49.0,2247.0
19991,112.0,49.0,2248.0
19992,112.0,49.0,2481.0
19993,112.0,49.0,2482.0
19994,112.0,49.0,2503.0
19995,112.0,49.0,2504.0
19996,112.0,49.0,2737.0
19997,112.0,49.0,2738.0
19998,112.0,49.0,2759.0
19999,112.0,49.0,2760.0
20000,112.0,49.0,2993.0
20001,112.0,49.0,2994.0
20002,112.0,49.0,3015.0
20003,112.0,49.0,3016.0
20004,112.0,49.0,3249.0
20005,112.0,49.0,3250.0
20006,112.0,49.0,3271.0
20007,112.0,49.0,3272.0
20008,112.0,49.0,3505.0
20009,112.0,49.0,3506.0
20010,112.0,49.0,3761.0
20011,112.0,49.0,3762.0
20012,112.0,49.0,3783.0
20013,112.0,49.0,3784.0
20014,112.0,51.0,2250.0
20015,112.0,51.0,2251.0
20016,112.0,51.0,2506.0
20017,112.0,51.0,2507.0
20018,112.0,51.0,2762.0
20019,112.0,51.0,2763.0
20020,112.0,51.0,3018.0
20021,112.0,51.0,3019.0
20022,112.0,51.0,3274.0
20023,112.0,51.0,3275.0
20024,112.0,51.0,3530.0
20025,112.0,51.0,3531.0
20026,112.0,51.0,3786.0
20027,112.0,51.0,3787.0
20028,112.0,53.0,2245.0
20029,112.0,54.0,2244.0
20030,112.0,54.0,2245.0
20031,112.0,60.0,2249.0
20032,112.0,60.0,2250.0
20033,112.0,64.0,2234.0
20034,112.0,64.0,2235.0
20035,112.0,64.0,2236.0
20036,112.0,64.0,2490.0
20037,112.0,64.0,2491.0
20038,112.0,64.0,2492.0
20039,112.0,64.0,2746.0
20040,112.0,64.0,2747.0
20041,112.0,64.0,2748.0
20042,112.0,64.0,3002.0
20043,112.0,64.0,3003.0
20044,112.0,64.0,3004.0
20045,112.0,64.0,3258.0
20046,112.0,64.0,3259.0
20047,112.0,64.0,3260.0
20048,112.0,64.0,3514.0
20049,112.0,64.0,3515.0
20050,112.0,64.0,3516.0
20051,112.0,64.0,3770.0
20052,112.0,64.0,3771.0
20053,112.0,64.0,3772.0
20054,112.0,65.0,2233.0
20055,112.0,65.0,2234.0
20056,112.0,65.0,2489.0
20057,112.0,65.0,2490.0
20058,112.0,65.0,2745.0
20059,112.0,65.0,2746.0
20060,112.0,65.0,3001.0
20061,112.0,65.0,3002.0
20062,112.0,65.0,3257.0
20063,112.0,65.0,3258.0
20064,112.0,65.0,3513.0
20065,112.0,65.0,3514.0
20066,112.0,65.0,3769.0
20067,112.0,65.0,3770.0
20068,112.0,70.0,2257.0
20069,112.0,70.0,2258.0
20070,112.0,71.0,2260.0
20071,112.0,71.0,2261.0
20072,112.0,77.0,2241.0
20073,112.0,85.0,2259.0
20074,112.0,85.0,2515.0
20075,112.0,85.0,2771.0
20076,112.0,85.0,3027.0
20077,112.0,85.0,3283.0
20078,112.0,85.0,3539.0
20079,112.0,85.0,3795.0
20080,112.0,86.0,2258.0
20081,112.0,86.0,2259.0
20082,112.0,86.0,2514.0
20083,112.0,86.0,2515.0
20084,112.0,86.0,2770.0
20085,112.0,86.0,2771.0
20086,112.0,86.0,3026.0
20087,112.0,86.0,3027.0
20088,112.0,86.0,3282.0
20089,112.0,86.0,3283.0
20090,112.0,86.0,3538.0
20091,112.0,86.0,3539.0
20092,112.0,86.0,3794.0
20093,112.0,86.0,3795.0
20094,112.0,91.0,2263.0
20095,112.0,91.0,2264.0
20096,112.0,92.0,2256.0
20097,112.0,92.0,2257.0
20098,112.0,92.0,2512.0
20099,112.0,92.0,2513.0
20100,112.0,92.0,2768.0
20101,112.0,92.0,2769.0
20102,112.0,92.0,3024.0
20103,112.0,92.0,3025.0
20104,112.0,92.0,3280.0
20105,112.0,92.0,3281.0
20106,112.0,92.0,3536.0
20107,112.0,92.0,3537.0
20108,112.0,92.0,3792.0
20109,112.0,92.0,3793.0
20110,112.0,93.0,2241.0
20111,112.0,93.0,2497.0
20112,112.0,93.0,2753.0
20113,112.0,93.0,3009.0
20114,112.0,93.0,3265.0
20115,112.0,93.0,3521.0
20116,112.0,93.0,3777.0
20117,112.0,94.0,2240.0
20118,112.0,94.0,2241.0
20119,112.0,94.0,2242.0
20120,112.0,94.0,2496.0
20121,112.0,94.0,2497.0
20122,112.0,94.0,2498.0
20123,112.0,94.0,2752.0
20124,112.0,94.0,2753.0
20125,112.0,94.0,2754.0
20126,112.0,94.0,3008.0
20127,112.0,94.0,3009.0
20128,112.0,94.0,3010.0
20129,112.0,94.0,3264.0
20130,112.0,94.0,3265.0
20131,112.0,94.0,3266.0
20132,112.0,94.0,3520.0
20133,112.0,94.0,3521.0
20134,112.0,94.0,3522.0
20135,112.0,94.0,3776.0
20136,112.0,94.0,3777.0
20137,112.0,94.0,3778.0
20138,112.0,95.0,2238.0
20139,112.0,95.0,2239.0
20140,112.0,95.0,2240.0
20141,112.0,95.0,2494.0
20142,112.0,95.0,2495.0
20143,112.0,95.0,2496.0
20144,112.0,95.0,2750.0
20145,112.0,95.0,2751.0
20146,112.0,95.0,2752.0
20147,112.0,95.0,3006.0
20148,112.0,95.0,3007.0
20149,112.0,95.0,3008.0
20150,112.0,95.0,3262.0
20151,112.0,95.0,3263.0
20152,112.0,95.0,3264.0
20153,112.0,95.0,3518.0
20154,112.0,95.0,3519.0
20155,112.0,95.0,3520.0
20156,112.0,95.0,3774.0
20157,112.0,95.0,3775.0
20158,112.0,95.0,3776.0
20159,112.0,96.0,2239.0
20160,112.0,96.0,2495.0
20161,112.0,96.0,2751.0
20162,112.0,96.0,3007.0
20163,112.0,96.0,3263.0
20164,112.0,96.0,3519.0
20165,112.0,96.0,3775.0
20166,112.0,99.0,2260.0
20167,112.0,99.0,2261.0
20168,112.0,99.0,2262.0
20169,112.0,99.0,2263.0
20170,112.0,99.0,2516.0
20171,112.0,99.0,2517.0
20172,112.0,99.0,2518.0
20173,112.0,99.0,2519.0
20174,112.0,99.0,2772.0
20175,112.0,99.0,2773.0
20176,112.0,99.0,2774.0
20177,112.0,99.0,2775.0
20178,112.0,99.0,3028.0
20179,112.0,99.0,3029.0
20180,112.0,99.0,3030.0
20181,112.0,99.0,3031.0
20182,112.0,99.0,3284.0
20183,112.0,99.0,3285.0
20184,112.0,99.0,3286.0
20185,112.0,99.0,3287.0
20186,112.0,99.0,3540.0
20187,112.0,99.0,3541.0
20188,112.0,99.0,3542.0
20189,112.0,99.0,3543.0
20190,112.0,99.0,3796.0
20191,112.0,99.0,3797.0
20192,112.0,99.0,3798.0
20193,112.0,99.0,3799.0
20194,112.0,100.0,2233.0
20195,112.0,100.0,2260.0
20196,112.0,100.0,2516.0
20197,112.0,100.0,2772.0
20198,112.0,100.0,3028.0
20199,112.0,100.0,3284.0
20200,112.0,100.0,3540.0
20201,112.0,100.0,3796.0
20202,112.0,101.0,2237.0
20203,112.0,101.0,2238.0
20204,112.0,102.0,2235.0
20205,112.0,102.0,2236.0
20206,112.0,109.0,2253.0
20207,112.0,109.0,2254.0
20208,112.0,110.0,2240.0
20209,112.0,113.0,2243.0
20210,112.0,113.0,2244.0
20211,112.0,113.0,2755.0
20212,112.0,113.0,2756.0
20213,112.0,113.0,3011.0
20214,112.0,113.0,3012.0
20215,112.0,113.0,3267.0
20216,112.0,113.0,3268.0
20217,112.0,113.0,3779.0
20218,112.0,113.0,3780.0
20219,112.0,114.0,2244.0
20220,112.0,114.0,2756.0
20221,112.0,114.0,3012.0
20222,112.0,114.0,3268.0
20223,112.0,114.0,3780.0
20224,112.0,115.0,2223.0
20225,112.0,115.0,2224.0
20226,112.0,120.0,2230.0
20227,112.0,120.0,2231.0
20228,112.0,120.0,2486.0
20229,112.0,120.0,2487.0
20230,112.0,120.0,2742.0
20231,112.0,120.0,2743.0
20232,112.0,120.0,2998.0
20233,112.0,120.0,2999.0
20234,112.0,120.0,3254.0
20235,112.0,120.0,3255.0
20236,112.0,120.0,3510.0
20237,112.0,120.0,3511.0
20238,112.0,120.0,3766.0
20239,112.0,120.0,3767.0
20240,112.0,121.0,2230.0
20241,112.0,121.0,2231.0
20242,112.0,121.0,2232.0
20243,112.0,121.0,2486.0
20244,112.0,121.0,2487.0
20245,112.0,121.0,2488.0
20246,112.0,121.0,2742.0
20247,112.0,121.0,2743.0
20248,112.0,121.0,2744.0
20249,112.0,121.0,2998.0
20250,112.0,121.0,2999.0
20251,112.0,121.0,3000.0
20252,112.0,121.0,3254.0
20253,112.0,121.0,3255.0
20254,112.0,121.0,3256.0
20255,112.0,121.0,3510.0
20256,112.0,121.0,3511.0
20257,112.0,121.0,3512.0
20258,112.0,121.0,3766.0
20259,112.0,121.0,3767.0
20260,112.0,121.0,3768.0
20261,112.0,122.0,2229.0
20262,112.0,122.0,2230.0
20263,112.0,122.0,2234.0
20264,112.0,122.0,2235.0
20265,112.0,122.0,2485.0
20266,112.0,122.0,2486.0
20267,112.0,122.0,2741.0
20268,112.0,122.0,2742.0
20269,112.0,122.0,2746.0
20270,112.0,122.0,2747.0
20271,112.0,122.0,2997.0
20272,112.0,122.0,2998.0
20273,112.0,122.0,3002.0
20274,112.0,122.0,3003.0
20275,112.0,122.0,3253.0
20276,112.0,122.0,3254.0
20277,112.0,122.0,3258.0
20278,112.0,122.0,3259.0
20279,112.0,122.0,3509.0
20280,112.0,122.0,3510.0
20281,112.0,122.0,3514.0
20282,112.0,122.0,3515.0
20283,112.0,122.0,3765.0
20284,112.0,122.0,3766.0
20285,112.0,122.0,3770.0
20286,112.0,122.0,3771.0
20287,112.0,123.0,2229.0
20288,112.0,123.0,2230.0
20289,112.0,123.0,2485.0
20290,112.0,123.0,2486.0
20291,112.0,123.0,2741.0
20292,112.0,123.0,2742.0
20293,112.0,123.0,2997.0
20294,112.0,123.0,2998.0
20295,112.0,123.0,3253.0
20296,112.0,123.0,3254.0
20297,112.0,123.0,3509.0
20298,112.0,123.0,3510.0
20299,112.0,123.0,3765.0
20300,112.0,123.0,3766.0
20301,113.0,28.0,2213.0
20302,113.0,28.0,2214.0
20303,113.0,28.0,2725.0
20304,113.0,28.0,2726.0
20305,113.0,28.0,2981.0
20306,113.0,28.0,2982.0
20307,113.0,28.0,3237.0
20308,113.0,28.0,3238.0
20309,113.0,28.0,3493.0
20310,113.0,28.0,3494.0
20311,113.0,28.0,3749.0
20312,113.0,28.0,3750.0
20313,113.0,48.0,2249.0
20314,113.0,48.0,2250.0
20315,113.0,48.0,2251.0
20316,113.0,48.0,2505.0
20317,113.0,48.0,2506.0
20318,113.0,48.0,2507.0
20319,113.0,48.0,2761.0
20320,113.0,48.0,2762.0
20321,113.0,48.0,2763.0
20322,113.0,48.0,3017.0
20323,113.0,48.0,3018.0
20324,113.0,48.0,3019.0
20325,113.0,48.0,3273.0
20326,113.0,48.0,3274.0
20327,113.0,48.0,3275.0
20328,113.0,48.0,3785.0
20329,113.0,48.0,3786.0
20330,113.0,48.0,3787.0
20331,113.0,49.0,2248.0
20332,113.0,49.0,2504.0
20333,113.0,49.0,2760.0
20334,113.0,49.0,3016.0
20335,113.0,49.0,3272.0
20336,113.0,49.0,3784.0
20337,113.0,50.0,2253.0
20338,113.0,50.0,2509.0
20339,113.0,50.0,2765.0
20340,113.0,50.0,3021.0
20341,113.0,50.0,3277.0
20342,113.0,50.0,3533.0
20343,113.0,50.0,3789.0
20344,113.0,51.0,2250.0
20345,113.0,51.0,2251.0
20346,113.0,51.0,2252.0
20347,113.0,51.0,2506.0
20348,113.0,51.0,2507.0
20349,113.0,51.0,2508.0
20350,113.0,51.0,2762.0
20351,113.0,51.0,2763.0
20352,113.0,51.0,2764.0
20353,113.0,51.0,3018.0
20354,113.0,51.0,3019.0
20355,113.0,51.0,3020.0
20356,113.0,51.0,3274.0
20357,113.0,51.0,3275.0
20358,113.0,51.0,3276.0
20359,113.0,51.0,3530.0
20360,113.0,51.0,3531.0
20361,113.0,51.0,3532.0
20362,113.0,51.0,3786.0
20363,113.0,51.0,3787.0
20364,113.0,51.0,3788.0
20365,113.0,64.0,2235.0
20366,113.0,64.0,2236.0
20367,113.0,64.0,2491.0
20368,113.0,64.0,2492.0
20369,113.0,64.0,2747.0
20370,113.0,64.0,2748.0
20371,113.0,64.0,3003.0
20372,113.0,64.0,3004.0
20373,113.0,64.0,3259.0
20374,113.0,64.0,3260.0
20375,113.0,64.0,3515.0
20376,113.0,64.0,3516.0
20377,113.0,64.0,3771.0
20378,113.0,64.0,3772.0
20379,113.0,65.0,2233.0
20380,113.0,65.0,2489.0
20381,113.0,65.0,2745.0
20382,113.0,65.0,3001.0
20383,113.0,65.0,3257.0
20384,113.0,65.0,3513.0
20385,113.0,65.0,3769.0
20386,113.0,66.0,2238.0
20387,113.0,66.0,2239.0
20388,113.0,71.0,2240.0
20389,113.0,71.0,2261.0
20390,113.0,71.0,2496.0
20391,113.0,71.0,2752.0
20392,113.0,71.0,3008.0
20393,113.0,71.0,3264.0
20394,113.0,71.0,3520.0
20395,113.0,71.0,3776.0
20396,113.0,72.0,2239.0
20397,113.0,72.0,2240.0
20398,113.0,72.0,2260.0
20399,113.0,72.0,2495.0
20400,113.0,72.0,2496.0
20401,113.0,72.0,2751.0
20402,113.0,72.0,2752.0
20403,113.0,72.0,3007.0
20404,113.0,72.0,3008.0
20405,113.0,72.0,3263.0
20406,113.0,72.0,3264.0
20407,113.0,72.0,3519.0
20408,113.0,72.0,3520.0
20409,113.0,72.0,3775.0
20410,113.0,72.0,3776.0
20411,113.0,73.0,2237.0
20412,113.0,73.0,2238.0
20413,113.0,73.0,2493.0
20414,113.0,73.0,2494.0
20415,113.0,73.0,2749.0
20416,113.0,73.0,2750.0
20417,113.0,73.0,3005.0
20418,113.0,73.0,3006.0
20419,113.0,73.0,3261.0
20420,113.0,73.0,3262.0
20421,113.0,73.0,3517.0
20422,113.0,73.0,3518.0
20423,113.0,73.0,3773.0
20424,113.0,73.0,3774.0
20425,113.0,76.0,2242.0
20426,113.0,77.0,2241.0
20427,113.0,85.0,2259.0
20428,113.0,85.0,2515.0
20429,113.0,85.0,2771.0
20430,113.0,85.0,3027.0
20431,113.0,85.0,3283.0
20432,113.0,85.0,3539.0
20433,113.0,85.0,3795.0
20434,113.0,86.0,2258.0
20435,113.0,86.0,2259.0
20436,113.0,86.0,2514.0
20437,113.0,86.0,2515.0
20438,113.0,86.0,2770.0
20439,113.0,86.0,2771.0
20440,113.0,86.0,3026.0
20441,113.0,86.0,3027.0
20442,113.0,86.0,3282.0
20443,113.0,86.0,3283.0
20444,113.0,86.0,3538.0
20445,113.0,86.0,3539.0
20446,113.0,86.0,3794.0
20447,113.0,86.0,3795.0
20448,113.0,87.0,2258.0
20449,113.0,87.0,2259.0
20450,113.0,87.0,2260.0
20451,113.0,87.0,2514.0
20452,113.0,87.0,2515.0
20453,113.0,87.0,2516.0
20454,113.0,87.0,2770.0
20455,113.0,87.0,2771.0
20456,113.0,87.0,2772.0
20457,113.0,87.0,3026.0
20458,113.0,87.0,3027.0
20459,113.0,87.0,3028.0
20460,113.0,87.0,3282.0
20461,113.0,87.0,3283.0
20462,113.0,87.0,3284.0
20463,113.0,87.0,3538.0
20464,113.0,87.0,3539.0
20465,113.0,87.0,3540.0
20466,113.0,87.0,3794.0
20467,113.0,87.0,3795.0
20468,113.0,87.0,3796.0
20469,113.0,92.0,2261.0
20470,113.0,92.0,2262.0
20471,113.0,99.0,2262.0
20472,113.0,99.0,2263.0
20473,113.0,99.0,2518.0
20474,113.0,99.0,2519.0
20475,113.0,99.0,2774.0
20476,113.0,99.0,2775.0
20477,113.0,99.0,3030.0
20478,113.0,99.0,3031.0
20479,113.0,99.0,3286.0
20480,113.0,99.0,3287.0
20481,113.0,99.0,3542.0
20482,113.0,99.0,3543.0
20483,113.0,99.0,3798.0
20484,113.0,99.0,3799.0
20485,113.0,100.0,2233.0
20486,113.0,100.0,2234.0
20487,113.0,103.0,2228.0
20488,113.0,103.0,2484.0
20489,113.0,103.0,2740.0
20490,113.0,103.0,2996.0
20491,113.0,103.0,3252.0
20492,113.0,103.0,3764.0
20493,113.0,113.0,2243.0
20494,113.0,113.0,2244.0
20495,113.0,113.0,2755.0
20496,113.0,113.0,2756.0
20497,113.0,113.0,3011.0
20498,113.0,113.0,3012.0
20499,113.0,113.0,3267.0
20500,113.0,113.0,3268.0
20501,113.0,113.0,3779.0
20502,113.0,113.0,3780.0
20503,113.0,114.0,2243.0
20504,113.0,114.0,2244.0
20505,113.0,114.0,2755.0
20506,113.0,114.0,2756.0
20507,113.0,114.0,3011.0
20508,113.0,114.0,3012.0
20509,113.0,114.0,3267.0
20510,113.0,114.0,3268.0
20511,113.0,114.0,3779.0
20512,113.0,114.0,3780.0
20513,114.0,26.0,2213.0
20514,114.0,26.0,2725.0
20515,114.0,26.0,2981.0
20516,114.0,26.0,3237.0
20517,114.0,26.0,3493.0
20518,114.0,26.0,3749.0
20519,114.0,27.0,2213.0
20520,114.0,27.0,2214.0
20521,114.0,27.0,2725.0
20522,114.0,27.0,2726.0
20523,114.0,27.0,2981.0
20524,114.0,27.0,2982.0
20525,114.0,27.0,3237.0
20526,114.0,27.0,3238.0
20527,114.0,27.0,3493.0
20528,114.0,27.0,3494.0
20529,114.0,27.0,3749.0
20530,114.0,27.0,3750.0
20531,114.0,28.0,2213.0
20532,114.0,28.0,2214.0
20533,114.0,28.0,2725.0
20534,114.0,28.0,2726.0
20535,114.0,28.0,2981.0
20536,114.0,28.0,2982.0
20537,114.0,28.0,3237.0
20538,114.0,28.0,3238.0
20539,114.0,28.0,3493.0
20540,114.0,28.0,3494.0
20541,114.0,28.0,3749.0
20542,114.0,28.0,3750.0
20543,114.0,49.0,2254.0
20544,114.0,49.0,2255.0
20545,114.0,49.0,2510.0
20546,114.0,49.0,2511.0
20547,114.0,49.0,2766.0
20548,114.0,49.0,2767.0
20549,114.0,49.0,3022.0
20550,114.0,49.0,3023.0
20551,114.0,49.0,3278.0
20552,114.0,49.0,3279.0
20553,114.0,49.0,3534.0
20554,114.0,49.0,3535.0
20555,114.0,49.0,3790.0
20556,114.0,49.0,3791.0
20557,114.0,50.0,2253.0
20558,114.0,50.0,2254.0
20559,114.0,50.0,2509.0
20560,114.0,50.0,2510.0
20561,114.0,50.0,2765.0
20562,114.0,50.0,2766.0
20563,114.0,50.0,3021.0
20564,114.0,50.0,3022.0
20565,114.0,50.0,3277.0
20566,114.0,50.0,3278.0
20567,114.0,50.0,3533.0
20568,114.0,50.0,3534.0
20569,114.0,50.0,3789.0
20570,114.0,50.0,3790.0
20571,114.0,51.0,2252.0
20572,114.0,51.0,2508.0
20573,114.0,51.0,2764.0
20574,114.0,51.0,3020.0
20575,114.0,51.0,3276.0
20576,114.0,51.0,3532.0
20577,114.0,51.0,3788.0
20578,114.0,60.0,2255.0
20579,114.0,60.0,2256.0
20580,114.0,61.0,2255.0
20581,114.0,61.0,2256.0
20582,114.0,72.0,2239.0
20583,114.0,72.0,2495.0
20584,114.0,72.0,2751.0
20585,114.0,72.0,3007.0
20586,114.0,72.0,3263.0
20587,114.0,72.0,3519.0
20588,114.0,72.0,3775.0
20589,114.0,77.0,2241.0
20590,114.0,85.0,2261.0
20591,114.0,85.0,2517.0
20592,114.0,85.0,2773.0
20593,114.0,85.0,3029.0
20594,114.0,85.0,3285.0
20595,114.0,85.0,3541.0
20596,114.0,85.0,3797.0
20597,114.0,86.0,2258.0
20598,114.0,86.0,2259.0
20599,114.0,86.0,2260.0
20600,114.0,86.0,2261.0
20601,114.0,86.0,2262.0
20602,114.0,86.0,2514.0
20603,114.0,86.0,2515.0
20604,114.0,86.0,2516.0
20605,114.0,86.0,2517.0
20606,114.0,86.0,2518.0
20607,114.0,86.0,2770.0
20608,114.0,86.0,2771.0
20609,114.0,86.0,2772.0
20610,114.0,86.0,2773.0
20611,114.0,86.0,2774.0
20612,114.0,86.0,3026.0
20613,114.0,86.0,3027.0
20614,114.0,86.0,3028.0
20615,114.0,86.0,3029.0
20616,114.0,86.0,3030.0
20617,114.0,86.0,3282.0
20618,114.0,86.0,3283.0
20619,114.0,86.0,3284.0
20620,114.0,86.0,3285.0
20621,114.0,86.0,3286.0
20622,114.0,86.0,3538.0
20623,114.0,86.0,3539.0
20624,114.0,86.0,3540.0
20625,114.0,86.0,3541.0
20626,114.0,86.0,3542.0
20627,114.0,86.0,3794.0
20628,114.0,86.0,3795.0
20629,114.0,86.0,3796.0
20630,114.0,86.0,3797.0
20631,114.0,86.0,3798.0
20632,114.0,87.0,2258.0
20633,114.0,87.0,2259.0
20634,114.0,87.0,2514.0
20635,114.0,87.0,2515.0
20636,114.0,87.0,2770.0
20637,114.0,87.0,2771.0
20638,114.0,87.0,3026.0
20639,114.0,87.0,3027.0
20640,114.0,87.0,3282.0
20641,114.0,87.0,3283.0
20642,114.0,87.0,3538.0
20643,114.0,87.0,3539.0
20644,114.0,87.0,3794.0
20645,114.0,87.0,3795.0
20646,114.0,99.0,2263.0
20647,114.0,99.0,2519.0
20648,114.0,99.0,2775.0
20649,114.0,99.0,3031.0
20650,114.0,99.0,3287.0
20651,114.0,99.0,3543.0
20652,114.0,99.0,3799.0
20653,114.0,100.0,2235.0
20654,114.0,100.0,2491.0
20655,114.0,100.0,2747.0
20656,114.0,100.0,3003.0
20657,114.0,100.0,3259.0
20658,114.0,100.0,3515.0
20659,114.0,100.0,3771.0
20660,114.0,101.0,2234.0
20661,114.0,101.0,2490.0
20662,114.0,101.0,2746.0
20663,114.0,101.0,3002.0
20664,114.0,101.0,3258.0
20665,114.0,101.0,3514.0
20666,114.0,101.0,3770.0
20667,114.0,102.0,2229.0
20668,114.0,102.0,2485.0
20669,114.0,102.0,2741.0
20670,114.0,102.0,2997.0
20671,114.0,102.0,3253.0
20672,114.0,102.0,3765.0
20673,114.0,103.0,2228.0
20674,114.0,103.0,2484.0
20675,114.0,103.0,2740.0
20676,114.0,103.0,2996.0
20677,114.0,103.0,3252.0
20678,114.0,103.0,3764.0
20679,114.0,106.0,2251.0
20680,114.0,106.0,2252.0
20681,114.0,112.0,2218.0
20682,114.0,112.0,2219.0
20683,114.0,112.0,2220.0
20684,114.0,112.0,2730.0
20685,114.0,112.0,2731.0
20686,114.0,112.0,2732.0
20687,114.0,112.0,3242.0
20688,114.0,112.0,3243.0
20689,114.0,112.0,3244.0
20690,114.0,112.0,3498.0
20691,114.0,112.0,3499.0
20692,114.0,112.0,3500.0
20693,114.0,112.0,3754.0
20694,114.0,112.0,3755.0
20695,114.0,112.0,3756.0
20696,114.0,113.0,2219.0
20697,114.0,113.0,2220.0
20698,114.0,113.0,2731.0
20699,114.0,113.0,2732.0
20700,114.0,113.0,3243.0
20701,114.0,113.0,3244.0
20702,114.0,113.0,3499.0
20703,114.0,113.0,3500.0
20704,114.0,113.0,3755.0
20705,114.0,113.0,3756.0
20706,115.0,26.0,2213.0
20707,115.0,26.0,2214.0
20708,115.0,26.0,2725.0
20709,115.0,26.0,2726.0
20710,115.0,26.0,2981.0
20711,115.0,26.0,2982.0
20712,115.0,26.0,3237.0
20713,115.0,26.0,3238.0
20714,115.0,26.0,3493.0
20715,115.0,26.0,3494.0
20716,115.0,26.0,3749.0
20717,115.0,26.0,3750.0
20718,115.0,27.0,2213.0
20719,115.0,27.0,2214.0
20720,115.0,27.0,2725.0
20721,115.0,27.0,2726.0
20722,115.0,27.0,2981.0
20723,115.0,27.0,2982.0
20724,115.0,27.0,3237.0
20725,115.0,27.0,3238.0
20726,115.0,27.0,3493.0
20727,115.0,27.0,3494.0
20728,115.0,27.0,3749.0
20729,115.0,27.0,3750.0
20730,115.0,49.0,2256.0
20731,115.0,49.0,2257.0
20732,115.0,49.0,2512.0
20733,115.0,49.0,2513.0
20734,115.0,49.0,2768.0
20735,115.0,49.0,2769.0
20736,115.0,49.0,3024.0
20737,115.0,49.0,3025.0
20738,115.0,49.0,3280.0
20739,115.0,49.0,3281.0
20740,115.0,49.0,3536.0
20741,115.0,49.0,3537.0
20742,115.0,49.0,3792.0
20743,115.0,49.0,3793.0
20744,115.0,50.0,2254.0
20745,115.0,50.0,2510.0
20746,115.0,50.0,2766.0
20747,115.0,50.0,3022.0
20748,115.0,50.0,3278.0
20749,115.0,50.0,3534.0
20750,115.0,50.0,3790.0
20751,115.0,85.0,2261.0
20752,115.0,85.0,2517.0
20753,115.0,85.0,2773.0
20754,115.0,85.0,3029.0
20755,115.0,85.0,3285.0
20756,115.0,85.0,3541.0
20757,115.0,85.0,3797.0
20758,115.0,86.0,2260.0
20759,115.0,86.0,2516.0
20760,115.0,86.0,2772.0
20761,115.0,86.0,3028.0
20762,115.0,86.0,3284.0
20763,115.0,86.0,3540.0
20764,115.0,86.0,3796.0
20765,115.0,100.0,2235.0
20766,115.0,100.0,2491.0
20767,115.0,100.0,2747.0
20768,115.0,100.0,3003.0
20769,115.0,100.0,3259.0
20770,115.0,100.0,3515.0
20771,115.0,100.0,3771.0
20772,115.0,101.0,2234.0
20773,115.0,101.0,2235.0
20774,115.0,101.0,2236.0
20775,115.0,101.0,2490.0
20776,115.0,101.0,2491.0
20777,115.0,101.0,2492.0
20778,115.0,101.0,2746.0
20779,115.0,101.0,2747.0
20780,115.0,101.0,2748.0
20781,115.0,101.0,3002.0
20782,115.0,101.0,3003.0
20783,115.0,101.0,3004.0
20784,115.0,101.0,3258.0
20785,115.0,101.0,3259.0
20786,115.0,101.0,3260.0
20787,115.0,101.0,3514.0
20788,115.0,101.0,3515.0
20789,115.0,101.0,3516.0
20790,115.0,101.0,3770.0
20791,115.0,101.0,3771.0
20792,115.0,101.0,3772.0
20793,115.0,102.0,2229.0
20794,115.0,102.0,2230.0
20795,115.0,102.0,2231.0
20796,115.0,102.0,2485.0
20797,115.0,102.0,2486.0
20798,115.0,102.0,2487.0
20799,115.0,102.0,2741.0
20800,115.0,102.0,2742.0
20801,115.0,102.0,2743.0
20802,115.0,102.0,2997.0
20803,115.0,102.0,2998.0
20804,115.0,102.0,2999.0
20805,115.0,102.0,3253.0
20806,115.0,102.0,3254.0
20807,115.0,102.0,3255.0
20808,115.0,102.0,3765.0
20809,115.0,102.0,3766.0
20810,115.0,102.0,3767.0
20811,115.0,103.0,2228.0
20812,115.0,103.0,2484.0
20813,115.0,103.0,2740.0
20814,115.0,103.0,2996.0
20815,115.0,103.0,3252.0
20816,115.0,103.0,3764.0
20817,115.0,106.0,2253.0
20818,115.0,107.0,2252.0
20819,115.0,112.0,2218.0
20820,115.0,112.0,2219.0
20821,115.0,112.0,2220.0
20822,115.0,112.0,2730.0
20823,115.0,112.0,2731.0
20824,115.0,112.0,2732.0
20825,115.0,112.0,3242.0
20826,115.0,112.0,3243.0
20827,115.0,112.0,3244.0
20828,115.0,112.0,3498.0
20829,115.0,112.0,3499.0
20830,115.0,112.0,3500.0
20831,115.0,112.0,3754.0
20832,115.0,112.0,3755.0
20833,115.0,112.0,3756.0
20834,115.0,113.0,2219.0
20835,115.0,113.0,2220.0
20836,115.0,113.0,2731.0
20837,115.0,113.0,2732.0
20838,115.0,113.0,3243.0
20839,115.0,113.0,3244.0
20840,115.0,113.0,3499.0
20841,115.0,113.0,3500.0
20842,115.0,113.0,3755.0
20843,115.0,113.0,3756.0
20844,115.0,114.0,2219.0
20845,115.0,114.0,2220.0
20846,115.0,114.0,2731.0
20847,115.0,114.0,2732.0
20848,115.0,114.0,3243.0
20849,115.0,114.0,3244.0
20850,115.0,114.0,3499.0
20851,115.0,114.0,3500.0
20852,115.0,114.0,3755.0
20853,115.0,114.0,3756.0
20854,115.0,119.0,2242.0
20855,115.0,119.0,2243.0
20856,116.0,40.0,2208.0
20857,116.0,40.0,2209.0
20858,116.0,49.0,2256.0
20859,116.0,49.0,2257.0
20860,116.0,49.0,2512.0
20861,116.0,49.0,2513.0
20862,116.0,49.0,2768.0
20863,116.0,49.0,2769.0
20864,116.0,49.0,3024.0
20865,116.0,49.0,3025.0
20866,116.0,49.0,3280.0
20867,116.0,49.0,3281.0
20868,116.0,49.0,3536.0
20869,116.0,49.0,3537.0
20870,116.0,49.0,3792.0
20871,116.0,49.0,3793.0
20872,116.0,61.0,2254.0
20873,116.0,62.0,2253.0
20874,116.0,100.0,2235.0
20875,116.0,100.0,2491.0
20876,116.0,100.0,2747.0
20877,116.0,100.0,3003.0
20878,116.0,100.0,3259.0
20879,116.0,100.0,3515.0
20880,116.0,100.0,3771.0
20881,116.0,101.0,2234.0
20882,116.0,101.0,2235.0
20883,116.0,101.0,2236.0
20884,116.0,101.0,2490.0
20885,116.0,101.0,2491.0
20886,116.0,101.0,2492.0
20887,116.0,101.0,2746.0
20888,116.0,101.0,2747.0
20889,116.0,101.0,2748.0
20890,116.0,101.0,3002.0
20891,116.0,101.0,3003.0
20892,116.0,101.0,3004.0
20893,116.0,101.0,3258.0
20894,116.0,101.0,3259.0
20895,116.0,101.0,3260.0
20896,116.0,101.0,3514.0
20897,116.0,101.0,3515.0
20898,116.0,101.0,3516.0
20899,116.0,101.0,3770.0
20900,116.0,101.0,3771.0
20901,116.0,101.0,3772.0
20902,116.0,103.0,2223.0
20903,116.0,103.0,2224.0
20904,116.0,103.0,2225.0
20905,116.0,103.0,2479.0
20906,116.0,103.0,2480.0
20907,116.0,103.0,2481.0
20908,116.0,103.0,2735.0
20909,116.0,103.0,2736.0
20910,116.0,103.0,2737.0
20911,116.0,103.0,2991.0
20912,116.0,103.0,2992.0
20913,116.0,103.0,2993.0
20914,116.0,103.0,3247.0
20915,116.0,103.0,3248.0
20916,116.0,103.0,3249.0
20917,116.0,103.0,3503.0
20918,116.0,103.0,3504.0
20919,116.0,103.0,3505.0
20920,116.0,103.0,3759.0
20921,116.0,103.0,3760.0
20922,116.0,103.0,3761.0
20923,116.0,104.0,2221.0
20924,116.0,104.0,2222.0
20925,116.0,104.0,2223.0
20926,116.0,104.0,2477.0
20927,116.0,104.0,2478.0
20928,116.0,104.0,2479.0
20929,116.0,104.0,2733.0
20930,116.0,104.0,2734.0
20931,116.0,104.0,2735.0
20932,116.0,104.0,2989.0
20933,116.0,104.0,2990.0
20934,116.0,104.0,2991.0
20935,116.0,104.0,3245.0
20936,116.0,104.0,3246.0
20937,116.0,104.0,3247.0
20938,116.0,104.0,3501.0
20939,116.0,104.0,3502.0
20940,116.0,104.0,3503.0
20941,116.0,104.0,3757.0
20942,116.0,104.0,3758.0
20943,116.0,104.0,3759.0
20944,116.0,113.0,2219.0
20945,116.0,113.0,2220.0
20946,116.0,113.0,2731.0
20947,116.0,113.0,2732.0
20948,116.0,113.0,3243.0
20949,116.0,113.0,3244.0
20950,116.0,113.0,3499.0
20951,116.0,113.0,3500.0
20952,116.0,113.0,3755.0
20953,116.0,113.0,3756.0
20954,116.0,114.0,2219.0
20955,116.0,114.0,2220.0
20956,116.0,114.0,2731.0
20957,116.0,114.0,2732.0
20958,116.0,114.0,3243.0
20959,116.0,114.0,3244.0
20960,116.0,114.0,3499.0
20961,116.0,114.0,3500.0
20962,116.0,114.0,3755.0
20963,116.0,114.0,3756.0
20964,117.0,101.0,2234.0
20965,117.0,101.0,2235.0
20966,117.0,101.0,2236.0
20967,117.0,101.0,2490.0
20968,117.0,101.0,2491.0
20969,117.0,101.0,2492.0
20970,117.0,101.0,2746.0
20971,117.0,101.0,2747.0
20972,117.0,101.0,2748.0
20973,117.0,101.0,3002.0
20974,117.0,101.0,3003.0
20975,117.0,101.0,3004.0
20976,117.0,101.0,3258.0
20977,117.0,101.0,3259.0
20978,117.0,101.0,3260.0
20979,117.0,101.0,3514.0
20980,117.0,101.0,3515.0
20981,117.0,101.0,3516.0
20982,117.0,101.0,3770.0
20983,117.0,101.0,3771.0
20984,117.0,101.0,3772.0
20985,117.0,102.0,2222.0
20986,117.0,102.0,2234.0
20987,117.0,102.0,2235.0
20988,117.0,102.0,2478.0
20989,117.0,102.0,2490.0
20990,117.0,102.0,2491.0
20991,117.0,102.0,2734.0
20992,117.0,102.0,2746.0
20993,117.0,102.0,2747.0
20994,117.0,102.0,2990.0
20995,117.0,102.0,3002.0
20996,117.0,102.0,3003.0
20997,117.0,102.0,3246.0
20998,117.0,102.0,3258.0
20999,117.0,102.0,3259.0
21000,117.0,102.0,3502.0
21001,117.0,102.0,3514.0
21002,117.0,102.0,3515.0
21003,117.0,102.0,3758.0
21004,117.0,102.0,3770.0
21005,117.0,102.0,3771.0
21006,117.0,103.0,2221.0
21007,117.0,103.0,2222.0
21008,117.0,103.0,2223.0
21009,117.0,103.0,2224.0
21010,117.0,103.0,2225.0
21011,117.0,103.0,2477.0
21012,117.0,103.0,2478.0
21013,117.0,103.0,2479.0
21014,117.0,103.0,2480.0
21015,117.0,103.0,2481.0
21016,117.0,103.0,2733.0
21017,117.0,103.0,2734.0
21018,117.0,103.0,2735.0
21019,117.0,103.0,2736.0
21020,117.0,103.0,2737.0
21021,117.0,103.0,2989.0
21022,117.0,103.0,2990.0
21023,117.0,103.0,2991.0
21024,117.0,103.0,2992.0
21025,117.0,103.0,2993.0
21026,117.0,103.0,3245.0
21027,117.0,103.0,3246.0
21028,117.0,103.0,3247.0
21029,117.0,103.0,3248.0
21030,117.0,103.0,3249.0
21031,117.0,103.0,3501.0
21032,117.0,103.0,3502.0
21033,117.0,103.0,3503.0
21034,117.0,103.0,3504.0
21035,117.0,103.0,3505.0
21036,117.0,103.0,3757.0
21037,117.0,103.0,3758.0
21038,117.0,103.0,3759.0
21039,117.0,103.0,3760.0
21040,117.0,103.0,3761.0
21041,117.0,104.0,2221.0
21042,117.0,104.0,2222.0
21043,117.0,104.0,2223.0
21044,117.0,104.0,2477.0
21045,117.0,104.0,2478.0
21046,117.0,104.0,2479.0
21047,117.0,104.0,2733.0
21048,117.0,104.0,2734.0
21049,117.0,104.0,2735.0
21050,117.0,104.0,2989.0
21051,117.0,104.0,2990.0
21052,117.0,104.0,2991.0
21053,117.0,104.0,3245.0
21054,117.0,104.0,3246.0
21055,117.0,104.0,3247.0
21056,117.0,104.0,3501.0
21057,117.0,104.0,3502.0
21058,117.0,104.0,3503.0
21059,117.0,104.0,3757.0
21060,117.0,104.0,3758.0
21061,117.0,104.0,3759.0
21062,118.0,102.0,2235.0
21063,118.0,102.0,2236.0
21064,118.0,102.0,2491.0
21065,118.0,102.0,2492.0
21066,118.0,102.0,2747.0
21067,118.0,102.0,2748.0
21068,118.0,102.0,3003.0
21069,118.0,102.0,3004.0
21070,118.0,102.0,3259.0
21071,118.0,102.0,3260.0
21072,118.0,102.0,3515.0
21073,118.0,102.0,3516.0
21074,118.0,102.0,3771.0
21075,118.0,102.0,3772.0
21076,118.0,103.0,2235.0
21077,118.0,103.0,2491.0
21078,118.0,103.0,2747.0
21079,118.0,103.0,3003.0
21080,118.0,103.0,3259.0
21081,118.0,103.0,3515.0
21082,118.0,103.0,3771.0
21083,132.0,106.0,460.0
21084,132.0,106.0,972.0
21085,132.0,106.0,1228.0
21086,132.0,106.0,1484.0
21087,132.0,106.0,1996.0
21088,132.0,107.0,459.0
21089,132.0,107.0,971.0
21090,132.0,107.0,1227.0
21091,132.0,107.0,1483.0
21092,132.0,107.0,1995.0
21093,133.0,36.0,460.0
21094,133.0,36.0,716.0
21095,133.0,36.0,972.0
21096,133.0,36.0,1228.0
21097,133.0,36.0,1484.0
21098,133.0,36.0,1740.0
21099,133.0,36.0,1996.0
21100,133.0,105.0,460.0
21101,133.0,105.0,465.0
21102,133.0,105.0,972.0
21103,133.0,105.0,1228.0
21104,133.0,105.0,1484.0
21105,133.0,105.0,1996.0
21106,133.0,106.0,459.0
21107,133.0,106.0,460.0
21108,133.0,106.0,971.0
21109,133.0,106.0,972.0
21110,133.0,106.0,1227.0
21111,133.0,106.0,1228.0
21112,133.0,106.0,1483.0
21113,133.0,106.0,1484.0
21114,133.0,106.0,1995.0
21115,133.0,106.0,1996.0
21116,133.0,107.0,459.0
21117,133.0,107.0,460.0
21118,133.0,107.0,971.0
21119,133.0,107.0,972.0
21120,133.0,107.0,1227.0
21121,133.0,107.0,1228.0
21122,133.0,107.0,1483.0
21123,133.0,107.0,1484.0
21124,133.0,107.0,1995.0
21125,133.0,107.0,1996.0
21126,134.0,32.0,412.0
21127,134.0,33.0,411.0
21128,134.0,36.0,460.0
21129,134.0,36.0,716.0
21130,134.0,36.0,972.0
21131,134.0,36.0,1228.0
21132,134.0,36.0,1484.0
21133,134.0,36.0,1740.0
21134,134.0,36.0,1996.0
21135,134.0,37.0,459.0
21136,134.0,37.0,460.0
21137,134.0,37.0,461.0
21138,134.0,37.0,715.0
21139,134.0,37.0,716.0
21140,134.0,37.0,717.0
21141,134.0,37.0,971.0
21142,134.0,37.0,972.0
21143,134.0,37.0,973.0
21144,134.0,37.0,1227.0
21145,134.0,37.0,1228.0
21146,134.0,37.0,1229.0
21147,134.0,37.0,1483.0
21148,134.0,37.0,1484.0
21149,134.0,37.0,1485.0
21150,134.0,37.0,1739.0
21151,134.0,37.0,1740.0
21152,134.0,37.0,1741.0
21153,134.0,37.0,1995.0
21154,134.0,37.0,1996.0
21155,134.0,37.0,1997.0
21156,134.0,38.0,460.0
21157,134.0,38.0,716.0
21158,134.0,38.0,972.0
21159,134.0,38.0,1228.0
21160,134.0,38.0,1484.0
21161,134.0,38.0,1740.0
21162,134.0,38.0,1996.0
21163,134.0,39.0,406.0
21164,134.0,39.0,662.0
21165,134.0,39.0,918.0
21166,134.0,39.0,1174.0
21167,134.0,39.0,1430.0
21168,134.0,39.0,1686.0
21169,134.0,39.0,1942.0
21170,134.0,40.0,405.0
21171,134.0,40.0,661.0
21172,134.0,40.0,917.0
21173,134.0,40.0,1173.0
21174,134.0,40.0,1429.0
21175,134.0,40.0,1685.0
21176,134.0,40.0,1941.0
21177,134.0,104.0,437.0
21178,134.0,104.0,466.0
21179,134.0,105.0,465.0
21180,134.0,106.0,460.0
21181,134.0,106.0,464.0
21182,134.0,106.0,972.0
21183,134.0,106.0,1228.0
21184,134.0,106.0,1484.0
21185,134.0,106.0,1996.0
21186,134.0,107.0,459.0
21187,134.0,107.0,460.0
21188,134.0,107.0,461.0
21189,134.0,107.0,971.0
21190,134.0,107.0,972.0
21191,134.0,107.0,973.0
21192,134.0,107.0,1227.0
21193,134.0,107.0,1228.0
21194,134.0,107.0,1229.0
21195,134.0,107.0,1483.0
21196,134.0,107.0,1484.0
21197,134.0,107.0,1485.0
21198,134.0,107.0,1995.0
21199,134.0,107.0,1996.0
21200,134.0,107.0,1997.0
21201,135.0,37.0,461.0
21202,135.0,37.0,717.0
21203,135.0,37.0,973.0
21204,135.0,37.0,1229.0
21205,135.0,37.0,1485.0
21206,135.0,37.0,1741.0
21207,135.0,37.0,1997.0
21208,135.0,38.0,457.0
21209,135.0,38.0,458.0
21210,135.0,38.0,459.0
21211,135.0,38.0,460.0
21212,135.0,38.0,713.0
21213,135.0,38.0,714.0
21214,135.0,38.0,715.0
21215,135.0,38.0,716.0
21216,135.0,38.0,969.0
21217,135.0,38.0,970.0
21218,135.0,38.0,971.0
21219,135.0,38.0,972.0
21220,135.0,38.0,1225.0
21221,135.0,38.0,1226.0
21222,135.0,38.0,1227.0
21223,135.0,38.0,1228.0
21224,135.0,38.0,1481.0
21225,135.0,38.0,1482.0
21226,135.0,38.0,1483.0
21227,135.0,38.0,1484.0
21228,135.0,38.0,1737.0
21229,135.0,38.0,1738.0
21230,135.0,38.0,1739.0
21231,135.0,38.0,1740.0
21232,135.0,38.0,1993.0
21233,135.0,38.0,1994.0
21234,135.0,38.0,1995.0
21235,135.0,38.0,1996.0
21236,135.0,39.0,406.0
21237,135.0,39.0,662.0
21238,135.0,39.0,918.0
21239,135.0,39.0,1174.0
21240,135.0,39.0,1430.0
21241,135.0,39.0,1686.0
21242,135.0,39.0,1942.0
21243,135.0,40.0,405.0
21244,135.0,40.0,413.0
21245,135.0,40.0,414.0
21246,135.0,40.0,449.0
21247,135.0,40.0,661.0
21248,135.0,40.0,669.0
21249,135.0,40.0,670.0
21250,135.0,40.0,917.0
21251,135.0,40.0,925.0
21252,135.0,40.0,926.0
21253,135.0,40.0,1173.0
21254,135.0,40.0,1181.0
21255,135.0,40.0,1182.0
21256,135.0,40.0,1429.0
21257,135.0,40.0,1437.0
21258,135.0,40.0,1438.0
21259,135.0,40.0,1685.0
21260,135.0,40.0,1693.0
21261,135.0,40.0,1694.0
21262,135.0,40.0,1941.0
21263,135.0,40.0,1949.0
21264,135.0,40.0,1950.0
21265,135.0,101.0,443.0
21266,135.0,101.0,699.0
21267,135.0,101.0,955.0
21268,135.0,101.0,1211.0
21269,135.0,101.0,1467.0
21270,135.0,101.0,1723.0
21271,135.0,101.0,1979.0
21272,135.0,102.0,442.0
21273,135.0,102.0,698.0
21274,135.0,102.0,954.0
21275,135.0,102.0,1210.0
21276,135.0,102.0,1466.0
21277,135.0,102.0,1722.0
21278,135.0,102.0,1978.0
21279,135.0,103.0,443.0
21280,135.0,103.0,444.0
21281,135.0,104.0,436.0
21282,135.0,104.0,461.0
21283,135.0,104.0,462.0
21284,135.0,104.0,466.0
21285,135.0,104.0,973.0
21286,135.0,104.0,974.0
21287,135.0,104.0,1229.0
21288,135.0,104.0,1230.0
21289,135.0,104.0,1485.0
21290,135.0,104.0,1486.0
21291,135.0,104.0,1741.0
21292,135.0,104.0,1742.0
21293,135.0,104.0,1997.0
21294,135.0,104.0,1998.0
21295,135.0,106.0,460.0
21296,135.0,106.0,972.0
21297,135.0,106.0,1228.0
21298,135.0,106.0,1484.0
21299,135.0,106.0,1996.0
21300,136.0,38.0,458.0
21301,136.0,38.0,459.0
21302,136.0,38.0,714.0
21303,136.0,38.0,715.0
21304,136.0,38.0,970.0
21305,136.0,38.0,971.0
21306,136.0,38.0,1226.0
21307,136.0,38.0,1227.0
21308,136.0,38.0,1482.0
21309,136.0,38.0,1483.0
21310,136.0,38.0,1738.0
21311,136.0,38.0,1739.0
21312,136.0,38.0,1994.0
21313,136.0,38.0,1995.0
21314,136.0,39.0,406.0
21315,136.0,39.0,407.0
21316,136.0,39.0,408.0
21317,136.0,39.0,413.0
21318,136.0,39.0,456.0
21319,136.0,39.0,457.0
21320,136.0,39.0,662.0
21321,136.0,39.0,663.0
21322,136.0,39.0,664.0
21323,136.0,39.0,669.0
21324,136.0,39.0,712.0
21325,136.0,39.0,713.0
21326,136.0,39.0,918.0
21327,136.0,39.0,919.0
21328,136.0,39.0,920.0
21329,136.0,39.0,925.0
21330,136.0,39.0,968.0
21331,136.0,39.0,969.0
21332,136.0,39.0,1174.0
21333,136.0,39.0,1175.0
21334,136.0,39.0,1176.0
21335,136.0,39.0,1181.0
21336,136.0,39.0,1224.0
21337,136.0,39.0,1225.0
21338,136.0,39.0,1430.0
21339,136.0,39.0,1431.0
21340,136.0,39.0,1432.0
21341,136.0,39.0,1437.0
21342,136.0,39.0,1480.0
21343,136.0,39.0,1481.0
21344,136.0,39.0,1686.0
21345,136.0,39.0,1687.0
21346,136.0,39.0,1688.0
21347,136.0,39.0,1693.0
21348,136.0,39.0,1736.0
21349,136.0,39.0,1737.0
21350,136.0,39.0,1942.0
21351,136.0,39.0,1943.0
21352,136.0,39.0,1944.0
21353,136.0,39.0,1949.0
21354,136.0,39.0,1992.0
21355,136.0,39.0,1993.0
21356,136.0,40.0,405.0
21357,136.0,40.0,412.0
21358,136.0,40.0,413.0
21359,136.0,40.0,414.0
21360,136.0,40.0,449.0
21361,136.0,40.0,661.0
21362,136.0,40.0,668.0
21363,136.0,40.0,669.0
21364,136.0,40.0,670.0
21365,136.0,40.0,917.0
21366,136.0,40.0,924.0
21367,136.0,40.0,925.0
21368,136.0,40.0,926.0
21369,136.0,40.0,1173.0
21370,136.0,40.0,1180.0
21371,136.0,40.0,1181.0
21372,136.0,40.0,1182.0
21373,136.0,40.0,1429.0
21374,136.0,40.0,1436.0
21375,136.0,40.0,1437.0
21376,136.0,40.0,1438.0
21377,136.0,40.0,1685.0
21378,136.0,40.0,1692.0
21379,136.0,40.0,1693.0
21380,136.0,40.0,1694.0
21381,136.0,40.0,1941.0
21382,136.0,40.0,1948.0
21383,136.0,40.0,1949.0
21384,136.0,40.0,1950.0
21385,136.0,41.0,411.0
21386,136.0,41.0,667.0
21387,136.0,41.0,923.0
21388,136.0,41.0,1179.0
21389,136.0,41.0,1435.0
21390,136.0,41.0,1691.0
21391,136.0,41.0,1947.0
21392,136.0,49.0,461.0
21393,136.0,49.0,462.0
21394,136.0,49.0,717.0
21395,136.0,49.0,718.0
21396,136.0,49.0,973.0
21397,136.0,49.0,974.0
21398,136.0,49.0,1229.0
21399,136.0,49.0,1230.0
21400,136.0,49.0,1485.0
21401,136.0,49.0,1486.0
21402,136.0,49.0,1741.0
21403,136.0,49.0,1742.0
21404,136.0,49.0,1997.0
21405,136.0,49.0,1998.0
21406,136.0,50.0,461.0
21407,136.0,50.0,717.0
21408,136.0,50.0,973.0
21409,136.0,50.0,1229.0
21410,136.0,50.0,1485.0
21411,136.0,50.0,1741.0
21412,136.0,50.0,1997.0
21413,136.0,52.0,468.0
21414,136.0,98.0,468.0
21415,136.0,99.0,467.0
21416,136.0,101.0,442.0
21417,136.0,101.0,443.0
21418,136.0,101.0,698.0
21419,136.0,101.0,699.0
21420,136.0,101.0,954.0
21421,136.0,101.0,955.0
21422,136.0,101.0,1210.0
21423,136.0,101.0,1211.0
21424,136.0,101.0,1466.0
21425,136.0,101.0,1467.0
21426,136.0,101.0,1722.0
21427,136.0,101.0,1723.0
21428,136.0,101.0,1978.0
21429,136.0,101.0,1979.0
21430,136.0,102.0,442.0
21431,136.0,102.0,443.0
21432,136.0,102.0,444.0
21433,136.0,102.0,698.0
21434,136.0,102.0,699.0
21435,136.0,102.0,700.0
21436,136.0,102.0,954.0
21437,136.0,102.0,955.0
21438,136.0,102.0,956.0
21439,136.0,102.0,1210.0
21440,136.0,102.0,1211.0
21441,136.0,102.0,1212.0
21442,136.0,102.0,1466.0
21443,136.0,102.0,1467.0
21444,136.0,102.0,1468.0
21445,136.0,102.0,1722.0
21446,136.0,102.0,1723.0
21447,136.0,102.0,1724.0
21448,136.0,102.0,1978.0
21449,136.0,102.0,1979.0
21450,136.0,102.0,1980.0
21451,136.0,103.0,461.0
21452,136.0,103.0,973.0
21453,136.0,103.0,1229.0
21454,136.0,103.0,1485.0
21455,136.0,103.0,1741.0
21456,136.0,103.0,1997.0
21457,136.0,104.0,436.0
21458,136.0,104.0,460.0
21459,136.0,104.0,461.0
21460,136.0,104.0,462.0
21461,136.0,104.0,972.0
21462,136.0,104.0,973.0
21463,136.0,104.0,974.0
21464,136.0,104.0,1228.0
21465,136.0,104.0,1229.0
21466,136.0,104.0,1230.0
21467,136.0,104.0,1484.0
21468,136.0,104.0,1485.0
21469,136.0,104.0,1486.0
21470,136.0,104.0,1740.0
21471,136.0,104.0,1741.0
21472,136.0,104.0,1742.0
21473,136.0,104.0,1996.0
21474,136.0,104.0,1997.0
21475,136.0,104.0,1998.0
21476,136.0,106.0,460.0
21477,136.0,106.0,972.0
21478,136.0,106.0,1228.0
21479,136.0,106.0,1484.0
21480,136.0,106.0,1996.0
21481,136.0,108.0,459.0
21482,136.0,109.0,458.0
21483,136.0,109.0,459.0
21484,137.0,27.0,394.0
21485,137.0,27.0,395.0
21486,137.0,27.0,906.0
21487,137.0,27.0,907.0
21488,137.0,27.0,1162.0
21489,137.0,27.0,1163.0
21490,137.0,27.0,1418.0
21491,137.0,27.0,1419.0
21492,137.0,27.0,1674.0
21493,137.0,27.0,1675.0
21494,137.0,27.0,1930.0
21495,137.0,27.0,1931.0
21496,137.0,33.0,411.0
21497,137.0,33.0,412.0
21498,137.0,33.0,413.0
21499,137.0,33.0,667.0
21500,137.0,33.0,668.0
21501,137.0,33.0,669.0
21502,137.0,33.0,923.0
21503,137.0,33.0,924.0
21504,137.0,33.0,925.0
21505,137.0,33.0,1179.0
21506,137.0,33.0,1180.0
21507,137.0,33.0,1181.0
21508,137.0,33.0,1435.0
21509,137.0,33.0,1436.0
21510,137.0,33.0,1437.0
21511,137.0,33.0,1691.0
21512,137.0,33.0,1692.0
21513,137.0,33.0,1693.0
21514,137.0,33.0,1947.0
21515,137.0,33.0,1948.0
21516,137.0,33.0,1949.0
21517,137.0,34.0,412.0
21518,137.0,34.0,668.0
21519,137.0,34.0,924.0
21520,137.0,34.0,1180.0
21521,137.0,34.0,1436.0
21522,137.0,34.0,1692.0
21523,137.0,34.0,1948.0
21524,137.0,38.0,409.0
21525,137.0,38.0,410.0
21526,137.0,38.0,465.0
21527,137.0,38.0,466.0
21528,137.0,38.0,665.0
21529,137.0,38.0,666.0
21530,137.0,38.0,921.0
21531,137.0,38.0,922.0
21532,137.0,38.0,1177.0
21533,137.0,38.0,1178.0
21534,137.0,38.0,1433.0
21535,137.0,38.0,1434.0
21536,137.0,38.0,1689.0
21537,137.0,38.0,1690.0
21538,137.0,38.0,1945.0
21539,137.0,38.0,1946.0
21540,137.0,39.0,407.0
21541,137.0,39.0,409.0
21542,137.0,39.0,410.0
21543,137.0,39.0,455.0
21544,137.0,39.0,456.0
21545,137.0,39.0,457.0
21546,137.0,39.0,663.0
21547,137.0,39.0,665.0
21548,137.0,39.0,666.0
21549,137.0,39.0,711.0
21550,137.0,39.0,712.0
21551,137.0,39.0,713.0
21552,137.0,39.0,919.0
21553,137.0,39.0,921.0
21554,137.0,39.0,922.0
21555,137.0,39.0,967.0
21556,137.0,39.0,968.0
21557,137.0,39.0,969.0
21558,137.0,39.0,1175.0
21559,137.0,39.0,1177.0
21560,137.0,39.0,1178.0
21561,137.0,39.0,1223.0
21562,137.0,39.0,1224.0
21563,137.0,39.0,1225.0
21564,137.0,39.0,1431.0
21565,137.0,39.0,1433.0
21566,137.0,39.0,1434.0
21567,137.0,39.0,1479.0
21568,137.0,39.0,1480.0
21569,137.0,39.0,1481.0
21570,137.0,39.0,1687.0
21571,137.0,39.0,1689.0
21572,137.0,39.0,1690.0
21573,137.0,39.0,1735.0
21574,137.0,39.0,1736.0
21575,137.0,39.0,1737.0
21576,137.0,39.0,1943.0
21577,137.0,39.0,1945.0
21578,137.0,39.0,1946.0
21579,137.0,39.0,1991.0
21580,137.0,39.0,1992.0
21581,137.0,39.0,1993.0
21582,137.0,41.0,447.0
21583,137.0,41.0,448.0
21584,137.0,41.0,703.0
21585,137.0,41.0,704.0
21586,137.0,41.0,959.0
21587,137.0,41.0,960.0
21588,137.0,41.0,1215.0
21589,137.0,41.0,1216.0
21590,137.0,41.0,1471.0
21591,137.0,41.0,1472.0
21592,137.0,41.0,1727.0
21593,137.0,41.0,1728.0
21594,137.0,41.0,1983.0
21595,137.0,41.0,1984.0
21596,137.0,42.0,447.0
21597,137.0,42.0,448.0
21598,137.0,42.0,703.0
21599,137.0,42.0,704.0
21600,137.0,42.0,959.0
21601,137.0,42.0,960.0
21602,137.0,42.0,1215.0
21603,137.0,42.0,1216.0
21604,137.0,42.0,1471.0
21605,137.0,42.0,1472.0
21606,137.0,42.0,1727.0
21607,137.0,42.0,1728.0
21608,137.0,42.0,1983.0
21609,137.0,42.0,1984.0
21610,137.0,47.0,462.0
21611,137.0,47.0,463.0
21612,137.0,47.0,718.0
21613,137.0,47.0,719.0
21614,137.0,47.0,974.0
21615,137.0,47.0,975.0
21616,137.0,47.0,1230.0
21617,137.0,47.0,1231.0
21618,137.0,47.0,1486.0
21619,137.0,47.0,1487.0
21620,137.0,47.0,1742.0
21621,137.0,47.0,1743.0
21622,137.0,47.0,1998.0
21623,137.0,47.0,1999.0
21624,137.0,48.0,460.0
21625,137.0,48.0,461.0
21626,137.0,48.0,462.0
21627,137.0,48.0,716.0
21628,137.0,48.0,717.0
21629,137.0,48.0,718.0
21630,137.0,48.0,972.0
21631,137.0,48.0,973.0
21632,137.0,48.0,974.0
21633,137.0,48.0,1228.0
21634,137.0,48.0,1229.0
21635,137.0,48.0,1230.0
21636,137.0,48.0,1484.0
21637,137.0,48.0,1485.0
21638,137.0,48.0,1486.0
21639,137.0,48.0,1740.0
21640,137.0,48.0,1741.0
21641,137.0,48.0,1742.0
21642,137.0,48.0,1996.0
21643,137.0,48.0,1997.0
21644,137.0,48.0,1998.0
21645,137.0,49.0,461.0
21646,137.0,49.0,462.0
21647,137.0,49.0,717.0
21648,137.0,49.0,718.0
21649,137.0,49.0,973.0
21650,137.0,49.0,974.0
21651,137.0,49.0,1229.0
21652,137.0,49.0,1230.0
21653,137.0,49.0,1485.0
21654,137.0,49.0,1486.0
21655,137.0,49.0,1741.0
21656,137.0,49.0,1742.0
21657,137.0,49.0,1997.0
21658,137.0,49.0,1998.0
21659,137.0,50.0,459.0
21660,137.0,50.0,460.0
21661,137.0,50.0,461.0
21662,137.0,50.0,715.0
21663,137.0,50.0,716.0
21664,137.0,50.0,717.0
21665,137.0,50.0,971.0
21666,137.0,50.0,972.0
21667,137.0,50.0,973.0
21668,137.0,50.0,1227.0
21669,137.0,50.0,1228.0
21670,137.0,50.0,1229.0
21671,137.0,50.0,1483.0
21672,137.0,50.0,1484.0
21673,137.0,50.0,1485.0
21674,137.0,50.0,1739.0
21675,137.0,50.0,1740.0
21676,137.0,50.0,1741.0
21677,137.0,50.0,1995.0
21678,137.0,50.0,1996.0
21679,137.0,50.0,1997.0
21680,137.0,52.0,465.0
21681,137.0,52.0,466.0
21682,137.0,80.0,468.0
21683,137.0,81.0,467.0
21684,137.0,82.0,466.0
21685,137.0,86.0,465.0
21686,137.0,86.0,466.0
21687,137.0,86.0,721.0
21688,137.0,86.0,722.0
21689,137.0,86.0,977.0
21690,137.0,86.0,978.0
21691,137.0,86.0,1233.0
21692,137.0,86.0,1234.0
21693,137.0,86.0,1489.0
21694,137.0,86.0,1490.0
21695,137.0,86.0,1745.0
21696,137.0,86.0,1746.0
21697,137.0,86.0,2001.0
21698,137.0,86.0,2002.0
21699,137.0,96.0,466.0
21700,137.0,98.0,466.0
21701,137.0,98.0,978.0
21702,137.0,98.0,1234.0
21703,137.0,98.0,1490.0
21704,137.0,98.0,1746.0
21705,137.0,98.0,2002.0
21706,137.0,99.0,465.0
21707,137.0,99.0,466.0
21708,137.0,99.0,977.0
21709,137.0,99.0,978.0
21710,137.0,99.0,1233.0
21711,137.0,99.0,1234.0
21712,137.0,99.0,1489.0
21713,137.0,99.0,1490.0
21714,137.0,99.0,1745.0
21715,137.0,99.0,1746.0
21716,137.0,99.0,2001.0
21717,137.0,99.0,2002.0
21718,137.0,100.0,463.0
21719,137.0,100.0,464.0
21720,137.0,100.0,975.0
21721,137.0,100.0,976.0
21722,137.0,100.0,1231.0
21723,137.0,100.0,1232.0
21724,137.0,100.0,1487.0
21725,137.0,100.0,1488.0
21726,137.0,100.0,1743.0
21727,137.0,100.0,1744.0
21728,137.0,100.0,1999.0
21729,137.0,100.0,2000.0
21730,137.0,101.0,442.0
21731,137.0,101.0,443.0
21732,137.0,101.0,698.0
21733,137.0,101.0,699.0
21734,137.0,101.0,954.0
21735,137.0,101.0,955.0
21736,137.0,101.0,1210.0
21737,137.0,101.0,1211.0
21738,137.0,101.0,1466.0
21739,137.0,101.0,1467.0
21740,137.0,101.0,1722.0
21741,137.0,101.0,1723.0
21742,137.0,101.0,1978.0
21743,137.0,101.0,1979.0
21744,137.0,102.0,442.0
21745,137.0,102.0,698.0
21746,137.0,102.0,954.0
21747,137.0,102.0,1210.0
21748,137.0,102.0,1466.0
21749,137.0,102.0,1722.0
21750,137.0,102.0,1978.0
21751,137.0,103.0,461.0
21752,137.0,103.0,973.0
21753,137.0,103.0,1229.0
21754,137.0,103.0,1485.0
21755,137.0,103.0,1741.0
21756,137.0,103.0,1997.0
21757,137.0,104.0,460.0
21758,137.0,104.0,972.0
21759,137.0,104.0,1228.0
21760,137.0,104.0,1484.0
21761,137.0,104.0,1740.0
21762,137.0,104.0,1996.0
21763,137.0,112.0,447.0
21764,137.0,112.0,448.0
21765,137.0,112.0,449.0
21766,137.0,113.0,451.0
21767,137.0,113.0,452.0
21768,138.0,23.0,426.0
21769,138.0,23.0,427.0
21770,138.0,24.0,423.0
21771,138.0,24.0,424.0
21772,138.0,26.0,394.0
21773,138.0,26.0,906.0
21774,138.0,26.0,1162.0
21775,138.0,26.0,1418.0
21776,138.0,26.0,1674.0
21777,138.0,26.0,1930.0
21778,138.0,27.0,394.0
21779,138.0,27.0,906.0
21780,138.0,27.0,1162.0
21781,138.0,27.0,1418.0
21782,138.0,27.0,1674.0
21783,138.0,27.0,1930.0
21784,138.0,34.0,412.0
21785,138.0,34.0,413.0
21786,138.0,34.0,668.0
21787,138.0,34.0,669.0
21788,138.0,34.0,924.0
21789,138.0,34.0,925.0
21790,138.0,34.0,1180.0
21791,138.0,34.0,1181.0
21792,138.0,34.0,1436.0
21793,138.0,34.0,1437.0
21794,138.0,34.0,1692.0
21795,138.0,34.0,1693.0
21796,138.0,34.0,1948.0
21797,138.0,34.0,1949.0
21798,138.0,35.0,412.0
21799,138.0,35.0,668.0
21800,138.0,35.0,924.0
21801,138.0,35.0,1180.0
21802,138.0,35.0,1436.0
21803,138.0,35.0,1692.0
21804,138.0,35.0,1948.0
21805,138.0,39.0,409.0
21806,138.0,39.0,410.0
21807,138.0,39.0,665.0
21808,138.0,39.0,666.0
21809,138.0,39.0,921.0
21810,138.0,39.0,922.0
21811,138.0,39.0,1177.0
21812,138.0,39.0,1178.0
21813,138.0,39.0,1433.0
21814,138.0,39.0,1434.0
21815,138.0,39.0,1689.0
21816,138.0,39.0,1690.0
21817,138.0,39.0,1945.0
21818,138.0,39.0,1946.0
21819,138.0,42.0,447.0
21820,138.0,42.0,448.0
21821,138.0,42.0,703.0
21822,138.0,42.0,704.0
21823,138.0,42.0,959.0
21824,138.0,42.0,960.0
21825,138.0,42.0,1215.0
21826,138.0,42.0,1216.0
21827,138.0,42.0,1471.0
21828,138.0,42.0,1472.0
21829,138.0,42.0,1727.0
21830,138.0,42.0,1728.0
21831,138.0,42.0,1983.0
21832,138.0,42.0,1984.0
21833,138.0,43.0,445.0
21834,138.0,43.0,701.0
21835,138.0,43.0,957.0
21836,138.0,43.0,1213.0
21837,138.0,43.0,1469.0
21838,138.0,43.0,1725.0
21839,138.0,43.0,1981.0
21840,138.0,47.0,457.0
21841,138.0,47.0,713.0
21842,138.0,47.0,969.0
21843,138.0,47.0,1225.0
21844,138.0,47.0,1481.0
21845,138.0,47.0,1737.0
21846,138.0,47.0,1993.0
21847,138.0,48.0,460.0
21848,138.0,48.0,461.0
21849,138.0,48.0,716.0
21850,138.0,48.0,717.0
21851,138.0,48.0,972.0
21852,138.0,48.0,973.0
21853,138.0,48.0,1228.0
21854,138.0,48.0,1229.0
21855,138.0,48.0,1484.0
21856,138.0,48.0,1485.0
21857,138.0,48.0,1740.0
21858,138.0,48.0,1741.0
21859,138.0,48.0,1996.0
21860,138.0,48.0,1997.0
21861,138.0,49.0,461.0
21862,138.0,49.0,717.0
21863,138.0,49.0,973.0
21864,138.0,49.0,1229.0
21865,138.0,49.0,1485.0
21866,138.0,49.0,1741.0
21867,138.0,49.0,1997.0
21868,138.0,50.0,459.0
21869,138.0,50.0,460.0
21870,138.0,50.0,715.0
21871,138.0,50.0,716.0
21872,138.0,50.0,971.0
21873,138.0,50.0,972.0
21874,138.0,50.0,1227.0
21875,138.0,50.0,1228.0
21876,138.0,50.0,1483.0
21877,138.0,50.0,1484.0
21878,138.0,50.0,1739.0
21879,138.0,50.0,1740.0
21880,138.0,50.0,1995.0
21881,138.0,50.0,1996.0
21882,138.0,51.0,457.0
21883,138.0,51.0,458.0
21884,138.0,51.0,713.0
21885,138.0,51.0,714.0
21886,138.0,51.0,969.0
21887,138.0,51.0,970.0
21888,138.0,51.0,1225.0
21889,138.0,51.0,1226.0
21890,138.0,51.0,1481.0
21891,138.0,51.0,1482.0
21892,138.0,51.0,1737.0
21893,138.0,51.0,1738.0
21894,138.0,51.0,1993.0
21895,138.0,51.0,1994.0
21896,138.0,53.0,460.0
21897,138.0,53.0,461.0
21898,138.0,53.0,462.0
21899,138.0,53.0,716.0
21900,138.0,53.0,717.0
21901,138.0,53.0,718.0
21902,138.0,53.0,972.0
21903,138.0,53.0,973.0
21904,138.0,53.0,974.0
21905,138.0,53.0,1228.0
21906,138.0,53.0,1229.0
21907,138.0,53.0,1230.0
21908,138.0,53.0,1484.0
21909,138.0,53.0,1485.0
21910,138.0,53.0,1486.0
21911,138.0,53.0,1740.0
21912,138.0,53.0,1741.0
21913,138.0,53.0,1742.0
21914,138.0,53.0,1996.0
21915,138.0,53.0,1997.0
21916,138.0,53.0,1998.0
21917,138.0,54.0,458.0
21918,138.0,54.0,459.0
21919,138.0,54.0,460.0
21920,138.0,54.0,461.0
21921,138.0,54.0,714.0
21922,138.0,54.0,715.0
21923,138.0,54.0,716.0
21924,138.0,54.0,717.0
21925,138.0,54.0,970.0
21926,138.0,54.0,971.0
21927,138.0,54.0,972.0
21928,138.0,54.0,973.0
21929,138.0,54.0,1226.0
21930,138.0,54.0,1227.0
21931,138.0,54.0,1228.0
21932,138.0,54.0,1229.0
21933,138.0,54.0,1482.0
21934,138.0,54.0,1483.0
21935,138.0,54.0,1484.0
21936,138.0,54.0,1485.0
21937,138.0,54.0,1738.0
21938,138.0,54.0,1739.0
21939,138.0,54.0,1740.0
21940,138.0,54.0,1741.0
21941,138.0,54.0,1994.0
21942,138.0,54.0,1995.0
21943,138.0,54.0,1996.0
21944,138.0,54.0,1997.0
21945,138.0,68.0,456.0
21946,138.0,81.0,468.0
21947,138.0,81.0,469.0
21948,138.0,84.0,468.0
21949,138.0,84.0,724.0
21950,138.0,84.0,980.0
21951,138.0,84.0,1236.0
21952,138.0,84.0,1492.0
21953,138.0,84.0,1748.0
21954,138.0,84.0,2004.0
21955,138.0,85.0,465.0
21956,138.0,85.0,466.0
21957,138.0,85.0,467.0
21958,138.0,85.0,721.0
21959,138.0,85.0,722.0
21960,138.0,85.0,723.0
21961,138.0,85.0,977.0
21962,138.0,85.0,978.0
21963,138.0,85.0,979.0
21964,138.0,85.0,1233.0
21965,138.0,85.0,1234.0
21966,138.0,85.0,1235.0
21967,138.0,85.0,1489.0
21968,138.0,85.0,1490.0
21969,138.0,85.0,1491.0
21970,138.0,85.0,1745.0
21971,138.0,85.0,1746.0
21972,138.0,85.0,1747.0
21973,138.0,85.0,2001.0
21974,138.0,85.0,2002.0
21975,138.0,85.0,2003.0
21976,138.0,86.0,465.0
21977,138.0,86.0,466.0
21978,138.0,86.0,721.0
21979,138.0,86.0,722.0
21980,138.0,86.0,977.0
21981,138.0,86.0,978.0
21982,138.0,86.0,1233.0
21983,138.0,86.0,1234.0
21984,138.0,86.0,1489.0
21985,138.0,86.0,1490.0
21986,138.0,86.0,1745.0
21987,138.0,86.0,1746.0
21988,138.0,86.0,2001.0
21989,138.0,86.0,2002.0
21990,138.0,98.0,466.0
21991,138.0,98.0,978.0
21992,138.0,98.0,1234.0
21993,138.0,98.0,1490.0
21994,138.0,98.0,1746.0
21995,138.0,98.0,2002.0
21996,138.0,99.0,463.0
21997,138.0,99.0,464.0
21998,138.0,99.0,465.0
21999,138.0,99.0,466.0
22000,138.0,99.0,975.0
22001,138.0,99.0,976.0
22002,138.0,99.0,977.0
22003,138.0,99.0,978.0
22004,138.0,99.0,1231.0
22005,138.0,99.0,1232.0
22006,138.0,99.0,1233.0
22007,138.0,99.0,1234.0
22008,138.0,99.0,1487.0
22009,138.0,99.0,1488.0
22010,138.0,99.0,1489.0
22011,138.0,99.0,1490.0
22012,138.0,99.0,1743.0
22013,138.0,99.0,1744.0
22014,138.0,99.0,1745.0
22015,138.0,99.0,1746.0
22016,138.0,99.0,1999.0
22017,138.0,99.0,2000.0
22018,138.0,99.0,2001.0
22019,138.0,99.0,2002.0
22020,138.0,101.0,443.0
22021,138.0,101.0,699.0
22022,138.0,101.0,955.0
22023,138.0,101.0,1211.0
22024,138.0,101.0,1467.0
22025,138.0,101.0,1723.0
22026,138.0,101.0,1979.0
22027,138.0,102.0,442.0
22028,138.0,102.0,443.0
22029,138.0,102.0,444.0
22030,138.0,102.0,698.0
22031,138.0,102.0,699.0
22032,138.0,102.0,700.0
22033,138.0,102.0,954.0
22034,138.0,102.0,955.0
22035,138.0,102.0,956.0
22036,138.0,102.0,1210.0
22037,138.0,102.0,1211.0
22038,138.0,102.0,1212.0
22039,138.0,102.0,1466.0
22040,138.0,102.0,1467.0
22041,138.0,102.0,1468.0
22042,138.0,102.0,1722.0
22043,138.0,102.0,1723.0
22044,138.0,102.0,1724.0
22045,138.0,102.0,1978.0
22046,138.0,102.0,1979.0
22047,138.0,102.0,1980.0
22048,138.0,103.0,459.0
22049,138.0,104.0,430.0
22050,138.0,104.0,686.0
22051,138.0,104.0,942.0
22052,138.0,104.0,1198.0
22053,138.0,104.0,1454.0
22054,138.0,104.0,1710.0
22055,138.0,104.0,1966.0
22056,138.0,105.0,429.0
22057,138.0,105.0,685.0
22058,138.0,105.0,941.0
22059,138.0,105.0,1197.0
22060,138.0,105.0,1453.0
22061,138.0,105.0,1709.0
22062,138.0,105.0,1965.0
22063,138.0,112.0,450.0
22064,138.0,112.0,451.0
22065,138.0,112.0,706.0
22066,138.0,112.0,707.0
22067,138.0,112.0,962.0
22068,138.0,112.0,963.0
22069,138.0,112.0,1218.0
22070,138.0,112.0,1219.0
22071,138.0,112.0,1474.0
22072,138.0,112.0,1475.0
22073,138.0,112.0,1730.0
22074,138.0,112.0,1731.0
22075,138.0,112.0,1986.0
22076,138.0,112.0,1987.0
22077,138.0,113.0,448.0
22078,138.0,113.0,450.0
22079,138.0,113.0,704.0
22080,138.0,113.0,706.0
22081,138.0,113.0,960.0
22082,138.0,113.0,962.0
22083,138.0,113.0,1216.0
22084,138.0,113.0,1218.0
22085,138.0,113.0,1472.0
22086,138.0,113.0,1474.0
22087,138.0,113.0,1728.0
22088,138.0,113.0,1730.0
22089,138.0,113.0,1984.0
22090,138.0,113.0,1986.0
22091,139.0,23.0,426.0
22092,139.0,23.0,427.0
22093,139.0,24.0,425.0
22094,139.0,25.0,424.0
22095,139.0,26.0,394.0
22096,139.0,26.0,906.0
22097,139.0,26.0,1162.0
22098,139.0,26.0,1418.0
22099,139.0,26.0,1674.0
22100,139.0,26.0,1930.0
22101,139.0,27.0,394.0
22102,139.0,27.0,906.0
22103,139.0,27.0,1162.0
22104,139.0,27.0,1418.0
22105,139.0,27.0,1674.0
22106,139.0,27.0,1930.0
22107,139.0,29.0,431.0
22108,139.0,29.0,687.0
22109,139.0,29.0,943.0
22110,139.0,29.0,1199.0
22111,139.0,29.0,1455.0
22112,139.0,29.0,1711.0
22113,139.0,29.0,1967.0
22114,139.0,34.0,413.0
22115,139.0,34.0,669.0
22116,139.0,34.0,925.0
22117,139.0,34.0,1181.0
22118,139.0,34.0,1437.0
22119,139.0,34.0,1693.0
22120,139.0,34.0,1949.0
22121,139.0,35.0,412.0
22122,139.0,35.0,668.0
22123,139.0,35.0,924.0
22124,139.0,35.0,1180.0
22125,139.0,35.0,1436.0
22126,139.0,35.0,1692.0
22127,139.0,35.0,1948.0
22128,139.0,42.0,451.0
22129,139.0,42.0,454.0
22130,139.0,43.0,450.0
22131,139.0,46.0,457.0
22132,139.0,46.0,458.0
22133,139.0,46.0,459.0
22134,139.0,46.0,460.0
22135,139.0,46.0,461.0
22136,139.0,46.0,462.0
22137,139.0,46.0,463.0
22138,139.0,46.0,713.0
22139,139.0,46.0,714.0
22140,139.0,46.0,715.0
22141,139.0,46.0,716.0
22142,139.0,46.0,717.0
22143,139.0,46.0,718.0
22144,139.0,46.0,719.0
22145,139.0,46.0,969.0
22146,139.0,46.0,970.0
22147,139.0,46.0,971.0
22148,139.0,46.0,972.0
22149,139.0,46.0,973.0
22150,139.0,46.0,974.0
22151,139.0,46.0,975.0
22152,139.0,46.0,1225.0
22153,139.0,46.0,1226.0
22154,139.0,46.0,1227.0
22155,139.0,46.0,1228.0
22156,139.0,46.0,1229.0
22157,139.0,46.0,1230.0
22158,139.0,46.0,1231.0
22159,139.0,46.0,1481.0
22160,139.0,46.0,1482.0
22161,139.0,46.0,1483.0
22162,139.0,46.0,1484.0
22163,139.0,46.0,1485.0
22164,139.0,46.0,1486.0
22165,139.0,46.0,1487.0
22166,139.0,46.0,1737.0
22167,139.0,46.0,1738.0
22168,139.0,46.0,1739.0
22169,139.0,46.0,1740.0
22170,139.0,46.0,1741.0
22171,139.0,46.0,1742.0
22172,139.0,46.0,1743.0
22173,139.0,46.0,1993.0
22174,139.0,46.0,1994.0
22175,139.0,46.0,1995.0
22176,139.0,46.0,1996.0
22177,139.0,46.0,1997.0
22178,139.0,46.0,1998.0
22179,139.0,46.0,1999.0
22180,139.0,47.0,455.0
22181,139.0,47.0,456.0
22182,139.0,47.0,457.0
22183,139.0,47.0,458.0
22184,139.0,47.0,459.0
22185,139.0,47.0,460.0
22186,139.0,47.0,711.0
22187,139.0,47.0,712.0
22188,139.0,47.0,713.0
22189,139.0,47.0,714.0
22190,139.0,47.0,715.0
22191,139.0,47.0,716.0
22192,139.0,47.0,967.0
22193,139.0,47.0,968.0
22194,139.0,47.0,969.0
22195,139.0,47.0,970.0
22196,139.0,47.0,971.0
22197,139.0,47.0,972.0
22198,139.0,47.0,1223.0
22199,139.0,47.0,1224.0
22200,139.0,47.0,1225.0
22201,139.0,47.0,1226.0
22202,139.0,47.0,1227.0
22203,139.0,47.0,1228.0
22204,139.0,47.0,1479.0
22205,139.0,47.0,1480.0
22206,139.0,47.0,1481.0
22207,139.0,47.0,1482.0
22208,139.0,47.0,1483.0
22209,139.0,47.0,1484.0
22210,139.0,47.0,1735.0
22211,139.0,47.0,1736.0
22212,139.0,47.0,1737.0
22213,139.0,47.0,1738.0
22214,139.0,47.0,1739.0
22215,139.0,47.0,1740.0
22216,139.0,47.0,1991.0
22217,139.0,47.0,1992.0
22218,139.0,47.0,1993.0
22219,139.0,47.0,1994.0
22220,139.0,47.0,1995.0
22221,139.0,47.0,1996.0
22222,139.0,48.0,453.0
22223,139.0,48.0,454.0
22224,139.0,48.0,455.0
22225,139.0,48.0,456.0
22226,139.0,48.0,457.0
22227,139.0,48.0,709.0
22228,139.0,48.0,710.0
22229,139.0,48.0,711.0
22230,139.0,48.0,712.0
22231,139.0,48.0,713.0
22232,139.0,48.0,965.0
22233,139.0,48.0,966.0
22234,139.0,48.0,967.0
22235,139.0,48.0,968.0
22236,139.0,48.0,969.0
22237,139.0,48.0,1221.0
22238,139.0,48.0,1222.0
22239,139.0,48.0,1223.0
22240,139.0,48.0,1224.0
22241,139.0,48.0,1225.0
22242,139.0,48.0,1477.0
22243,139.0,48.0,1478.0
22244,139.0,48.0,1479.0
22245,139.0,48.0,1480.0
22246,139.0,48.0,1481.0
22247,139.0,48.0,1733.0
22248,139.0,48.0,1734.0
22249,139.0,48.0,1735.0
22250,139.0,48.0,1736.0
22251,139.0,48.0,1737.0
22252,139.0,48.0,1989.0
22253,139.0,48.0,1990.0
22254,139.0,48.0,1991.0
22255,139.0,48.0,1992.0
22256,139.0,48.0,1993.0
22257,139.0,51.0,456.0
22258,139.0,51.0,457.0
22259,139.0,51.0,458.0
22260,139.0,51.0,712.0
22261,139.0,51.0,713.0
22262,139.0,51.0,714.0
22263,139.0,51.0,968.0
22264,139.0,51.0,969.0
22265,139.0,51.0,970.0
22266,139.0,51.0,1224.0
22267,139.0,51.0,1225.0
22268,139.0,51.0,1226.0
22269,139.0,51.0,1480.0
22270,139.0,51.0,1481.0
22271,139.0,51.0,1482.0
22272,139.0,51.0,1736.0
22273,139.0,51.0,1737.0
22274,139.0,51.0,1738.0
22275,139.0,51.0,1992.0
22276,139.0,51.0,1993.0
22277,139.0,51.0,1994.0
22278,139.0,52.0,455.0
22279,139.0,52.0,456.0
22280,139.0,52.0,457.0
22281,139.0,52.0,711.0
22282,139.0,52.0,712.0
22283,139.0,52.0,713.0
22284,139.0,52.0,967.0
22285,139.0,52.0,968.0
22286,139.0,52.0,969.0
22287,139.0,52.0,1223.0
22288,139.0,52.0,1224.0
22289,139.0,52.0,1225.0
22290,139.0,52.0,1479.0
22291,139.0,52.0,1480.0
22292,139.0,52.0,1481.0
22293,139.0,52.0,1735.0
22294,139.0,52.0,1736.0
22295,139.0,52.0,1737.0
22296,139.0,52.0,1991.0
22297,139.0,52.0,1992.0
22298,139.0,52.0,1993.0
22299,139.0,53.0,460.0
22300,139.0,53.0,461.0
22301,139.0,53.0,716.0
22302,139.0,53.0,717.0
22303,139.0,53.0,972.0
22304,139.0,53.0,973.0
22305,139.0,53.0,1228.0
22306,139.0,53.0,1229.0
22307,139.0,53.0,1484.0
22308,139.0,53.0,1485.0
22309,139.0,53.0,1740.0
22310,139.0,53.0,1741.0
22311,139.0,53.0,1996.0
22312,139.0,53.0,1997.0
22313,139.0,54.0,458.0
22314,139.0,54.0,459.0
22315,139.0,54.0,460.0
22316,139.0,54.0,714.0
22317,139.0,54.0,715.0
22318,139.0,54.0,716.0
22319,139.0,54.0,970.0
22320,139.0,54.0,971.0
22321,139.0,54.0,972.0
22322,139.0,54.0,1226.0
22323,139.0,54.0,1227.0
22324,139.0,54.0,1228.0
22325,139.0,54.0,1482.0
22326,139.0,54.0,1483.0
22327,139.0,54.0,1484.0
22328,139.0,54.0,1738.0
22329,139.0,54.0,1739.0
22330,139.0,54.0,1740.0
22331,139.0,54.0,1994.0
22332,139.0,54.0,1995.0
22333,139.0,54.0,1996.0
22334,139.0,68.0,456.0
22335,139.0,68.0,457.0
22336,139.0,69.0,456.0
22337,139.0,77.0,472.0
22338,139.0,79.0,457.0
22339,139.0,79.0,458.0
22340,139.0,79.0,969.0
22341,139.0,79.0,970.0
22342,139.0,79.0,1225.0
22343,139.0,79.0,1226.0
22344,139.0,79.0,1481.0
22345,139.0,79.0,1482.0
22346,139.0,79.0,1993.0
22347,139.0,79.0,1994.0
22348,139.0,80.0,457.0
22349,139.0,80.0,969.0
22350,139.0,80.0,1225.0
22351,139.0,80.0,1481.0
22352,139.0,80.0,1993.0
22353,139.0,84.0,466.0
22354,139.0,84.0,722.0
22355,139.0,84.0,978.0
22356,139.0,84.0,1234.0
22357,139.0,84.0,1490.0
22358,139.0,84.0,1746.0
22359,139.0,84.0,2002.0
22360,139.0,85.0,463.0
22361,139.0,85.0,464.0
22362,139.0,85.0,465.0
22363,139.0,85.0,466.0
22364,139.0,85.0,719.0
22365,139.0,85.0,720.0
22366,139.0,85.0,721.0
22367,139.0,85.0,722.0
22368,139.0,85.0,975.0
22369,139.0,85.0,976.0
22370,139.0,85.0,977.0
22371,139.0,85.0,978.0
22372,139.0,85.0,1231.0
22373,139.0,85.0,1232.0
22374,139.0,85.0,1233.0
22375,139.0,85.0,1234.0
22376,139.0,85.0,1487.0
22377,139.0,85.0,1488.0
22378,139.0,85.0,1489.0
22379,139.0,85.0,1490.0
22380,139.0,85.0,1743.0
22381,139.0,85.0,1744.0
22382,139.0,85.0,1745.0
22383,139.0,85.0,1746.0
22384,139.0,85.0,1999.0
22385,139.0,85.0,2000.0
22386,139.0,85.0,2001.0
22387,139.0,85.0,2002.0
22388,139.0,86.0,460.0
22389,139.0,86.0,461.0
22390,139.0,86.0,463.0
22391,139.0,86.0,464.0
22392,139.0,86.0,465.0
22393,139.0,86.0,466.0
22394,139.0,86.0,716.0
22395,139.0,86.0,717.0
22396,139.0,86.0,719.0
22397,139.0,86.0,720.0
22398,139.0,86.0,721.0
22399,139.0,86.0,722.0
22400,139.0,86.0,972.0
22401,139.0,86.0,973.0
22402,139.0,86.0,975.0
22403,139.0,86.0,976.0
22404,139.0,86.0,977.0
22405,139.0,86.0,978.0
22406,139.0,86.0,1228.0
22407,139.0,86.0,1229.0
22408,139.0,86.0,1231.0
22409,139.0,86.0,1232.0
22410,139.0,86.0,1233.0
22411,139.0,86.0,1234.0
22412,139.0,86.0,1484.0
22413,139.0,86.0,1485.0
22414,139.0,86.0,1487.0
22415,139.0,86.0,1488.0
22416,139.0,86.0,1489.0
22417,139.0,86.0,1490.0
22418,139.0,86.0,1740.0
22419,139.0,86.0,1741.0
22420,139.0,86.0,1743.0
22421,139.0,86.0,1744.0
22422,139.0,86.0,1745.0
22423,139.0,86.0,1746.0
22424,139.0,86.0,1996.0
22425,139.0,86.0,1997.0
22426,139.0,86.0,1999.0
22427,139.0,86.0,2000.0
22428,139.0,86.0,2001.0
22429,139.0,86.0,2002.0
22430,139.0,88.0,469.0
22431,139.0,88.0,470.0
22432,139.0,99.0,462.0
22433,139.0,101.0,444.0
22434,139.0,101.0,445.0
22435,139.0,101.0,464.0
22436,139.0,101.0,465.0
22437,139.0,101.0,700.0
22438,139.0,101.0,701.0
22439,139.0,101.0,956.0
22440,139.0,101.0,957.0
22441,139.0,101.0,1212.0
22442,139.0,101.0,1213.0
22443,139.0,101.0,1468.0
22444,139.0,101.0,1469.0
22445,139.0,101.0,1724.0
22446,139.0,101.0,1725.0
22447,139.0,101.0,1980.0
22448,139.0,101.0,1981.0
22449,139.0,102.0,443.0
22450,139.0,102.0,444.0
22451,139.0,102.0,699.0
22452,139.0,102.0,700.0
22453,139.0,102.0,955.0
22454,139.0,102.0,956.0
22455,139.0,102.0,1211.0
22456,139.0,102.0,1212.0
22457,139.0,102.0,1467.0
22458,139.0,102.0,1468.0
22459,139.0,102.0,1723.0
22460,139.0,102.0,1724.0
22461,139.0,102.0,1979.0
22462,139.0,102.0,1980.0
22463,139.0,103.0,428.0
22464,139.0,103.0,429.0
22465,139.0,103.0,430.0
22466,139.0,103.0,459.0
22467,139.0,103.0,684.0
22468,139.0,103.0,685.0
22469,139.0,103.0,686.0
22470,139.0,103.0,940.0
22471,139.0,103.0,941.0
22472,139.0,103.0,942.0
22473,139.0,103.0,1196.0
22474,139.0,103.0,1197.0
22475,139.0,103.0,1198.0
22476,139.0,103.0,1452.0
22477,139.0,103.0,1453.0
22478,139.0,103.0,1454.0
22479,139.0,103.0,1708.0
22480,139.0,103.0,1709.0
22481,139.0,103.0,1710.0
22482,139.0,103.0,1964.0
22483,139.0,103.0,1965.0
22484,139.0,103.0,1966.0
22485,139.0,104.0,428.0
22486,139.0,104.0,429.0
22487,139.0,104.0,430.0
22488,139.0,104.0,684.0
22489,139.0,104.0,685.0
22490,139.0,104.0,686.0
22491,139.0,104.0,940.0
22492,139.0,104.0,941.0
22493,139.0,104.0,942.0
22494,139.0,104.0,1196.0
22495,139.0,104.0,1197.0
22496,139.0,104.0,1198.0
22497,139.0,104.0,1452.0
22498,139.0,104.0,1453.0
22499,139.0,104.0,1454.0
22500,139.0,104.0,1708.0
22501,139.0,104.0,1709.0
22502,139.0,104.0,1710.0
22503,139.0,104.0,1964.0
22504,139.0,104.0,1965.0
22505,139.0,104.0,1966.0
22506,139.0,112.0,450.0
22507,139.0,112.0,451.0
22508,139.0,112.0,706.0
22509,139.0,112.0,707.0
22510,139.0,112.0,962.0
22511,139.0,112.0,963.0
22512,139.0,112.0,1218.0
22513,139.0,112.0,1219.0
22514,139.0,112.0,1474.0
22515,139.0,112.0,1475.0
22516,139.0,112.0,1730.0
22517,139.0,112.0,1731.0
22518,139.0,112.0,1986.0
22519,139.0,112.0,1987.0
22520,139.0,122.0,444.0
22521,139.0,123.0,443.0
22522,140.0,26.0,433.0
22523,140.0,26.0,689.0
22524,140.0,26.0,945.0
22525,140.0,26.0,1201.0
22526,140.0,26.0,1457.0
22527,140.0,26.0,1713.0
22528,140.0,26.0,1969.0
22529,140.0,27.0,431.0
22530,140.0,27.0,432.0
22531,140.0,27.0,433.0
22532,140.0,27.0,434.0
22533,140.0,27.0,438.0
22534,140.0,27.0,687.0
22535,140.0,27.0,688.0
22536,140.0,27.0,689.0
22537,140.0,27.0,690.0
22538,140.0,27.0,694.0
22539,140.0,27.0,943.0
22540,140.0,27.0,944.0
22541,140.0,27.0,945.0
22542,140.0,27.0,946.0
22543,140.0,27.0,950.0
22544,140.0,27.0,1199.0
22545,140.0,27.0,1200.0
22546,140.0,27.0,1201.0
22547,140.0,27.0,1202.0
22548,140.0,27.0,1206.0
22549,140.0,27.0,1455.0
22550,140.0,27.0,1456.0
22551,140.0,27.0,1457.0
22552,140.0,27.0,1458.0
22553,140.0,27.0,1462.0
22554,140.0,27.0,1711.0
22555,140.0,27.0,1712.0
22556,140.0,27.0,1713.0
22557,140.0,27.0,1714.0
22558,140.0,27.0,1718.0
22559,140.0,27.0,1967.0
22560,140.0,27.0,1968.0
22561,140.0,27.0,1969.0
22562,140.0,27.0,1970.0
22563,140.0,27.0,1974.0
22564,140.0,28.0,430.0
22565,140.0,28.0,431.0
22566,140.0,28.0,432.0
22567,140.0,28.0,435.0
22568,140.0,28.0,436.0
22569,140.0,28.0,437.0
22570,140.0,28.0,438.0
22571,140.0,28.0,439.0
22572,140.0,28.0,686.0
22573,140.0,28.0,687.0
22574,140.0,28.0,688.0
22575,140.0,28.0,691.0
22576,140.0,28.0,692.0
22577,140.0,28.0,693.0
22578,140.0,28.0,694.0
22579,140.0,28.0,695.0
22580,140.0,28.0,942.0
22581,140.0,28.0,943.0
22582,140.0,28.0,944.0
22583,140.0,28.0,947.0
22584,140.0,28.0,948.0
22585,140.0,28.0,949.0
22586,140.0,28.0,950.0
22587,140.0,28.0,951.0
22588,140.0,28.0,1198.0
22589,140.0,28.0,1199.0
22590,140.0,28.0,1200.0
22591,140.0,28.0,1203.0
22592,140.0,28.0,1204.0
22593,140.0,28.0,1205.0
22594,140.0,28.0,1206.0
22595,140.0,28.0,1207.0
22596,140.0,28.0,1454.0
22597,140.0,28.0,1455.0
22598,140.0,28.0,1456.0
22599,140.0,28.0,1459.0
22600,140.0,28.0,1460.0
22601,140.0,28.0,1461.0
22602,140.0,28.0,1462.0
22603,140.0,28.0,1463.0
22604,140.0,28.0,1710.0
22605,140.0,28.0,1711.0
22606,140.0,28.0,1712.0
22607,140.0,28.0,1715.0
22608,140.0,28.0,1716.0
22609,140.0,28.0,1717.0
22610,140.0,28.0,1718.0
22611,140.0,28.0,1719.0
22612,140.0,28.0,1966.0
22613,140.0,28.0,1967.0
22614,140.0,28.0,1968.0
22615,140.0,28.0,1971.0
22616,140.0,28.0,1972.0
22617,140.0,28.0,1973.0
22618,140.0,28.0,1974.0
22619,140.0,28.0,1975.0
22620,140.0,29.0,428.0
22621,140.0,29.0,429.0
22622,140.0,29.0,430.0
22623,140.0,29.0,431.0
22624,140.0,29.0,436.0
22625,140.0,29.0,684.0
22626,140.0,29.0,685.0
22627,140.0,29.0,686.0
22628,140.0,29.0,687.0
22629,140.0,29.0,692.0
22630,140.0,29.0,940.0
22631,140.0,29.0,941.0
22632,140.0,29.0,942.0
22633,140.0,29.0,943.0
22634,140.0,29.0,948.0
22635,140.0,29.0,1196.0
22636,140.0,29.0,1197.0
22637,140.0,29.0,1198.0
22638,140.0,29.0,1199.0
22639,140.0,29.0,1204.0
22640,140.0,29.0,1452.0
22641,140.0,29.0,1453.0
22642,140.0,29.0,1454.0
22643,140.0,29.0,1455.0
22644,140.0,29.0,1460.0
22645,140.0,29.0,1708.0
22646,140.0,29.0,1709.0
22647,140.0,29.0,1710.0
22648,140.0,29.0,1711.0
22649,140.0,29.0,1716.0
22650,140.0,29.0,1964.0
22651,140.0,29.0,1965.0
22652,140.0,29.0,1966.0
22653,140.0,29.0,1967.0
22654,140.0,29.0,1972.0
22655,140.0,34.0,413.0
22656,140.0,34.0,669.0
22657,140.0,34.0,925.0
22658,140.0,34.0,1181.0
22659,140.0,34.0,1437.0
22660,140.0,34.0,1693.0
22661,140.0,34.0,1949.0
22662,140.0,35.0,412.0
22663,140.0,35.0,413.0
22664,140.0,35.0,414.0
22665,140.0,35.0,668.0
22666,140.0,35.0,669.0
22667,140.0,35.0,670.0
22668,140.0,35.0,924.0
22669,140.0,35.0,925.0
22670,140.0,35.0,926.0
22671,140.0,35.0,1180.0
22672,140.0,35.0,1181.0
22673,140.0,35.0,1182.0
22674,140.0,35.0,1436.0
22675,140.0,35.0,1437.0
22676,140.0,35.0,1438.0
22677,140.0,35.0,1692.0
22678,140.0,35.0,1693.0
22679,140.0,35.0,1694.0
22680,140.0,35.0,1948.0
22681,140.0,35.0,1949.0
22682,140.0,35.0,1950.0
22683,140.0,39.0,418.0
22684,140.0,39.0,420.0
22685,140.0,39.0,674.0
22686,140.0,39.0,676.0
22687,140.0,39.0,930.0
22688,140.0,39.0,932.0
22689,140.0,39.0,1186.0
22690,140.0,39.0,1188.0
22691,140.0,39.0,1442.0
22692,140.0,39.0,1444.0
22693,140.0,39.0,1698.0
22694,140.0,39.0,1700.0
22695,140.0,39.0,1954.0
22696,140.0,39.0,1956.0
22697,140.0,40.0,417.0
22698,140.0,40.0,418.0
22699,140.0,40.0,673.0
22700,140.0,40.0,674.0
22701,140.0,40.0,929.0
22702,140.0,40.0,930.0
22703,140.0,40.0,1185.0
22704,140.0,40.0,1186.0
22705,140.0,40.0,1441.0
22706,140.0,40.0,1442.0
22707,140.0,40.0,1697.0
22708,140.0,40.0,1698.0
22709,140.0,40.0,1953.0
22710,140.0,40.0,1954.0
22711,140.0,42.0,452.0
22712,140.0,42.0,453.0
22713,140.0,47.0,456.0
22714,140.0,47.0,458.0
22715,140.0,47.0,459.0
22716,140.0,47.0,460.0
22717,140.0,47.0,712.0
22718,140.0,47.0,714.0
22719,140.0,47.0,715.0
22720,140.0,47.0,716.0
22721,140.0,47.0,968.0
22722,140.0,47.0,970.0
22723,140.0,47.0,971.0
22724,140.0,47.0,972.0
22725,140.0,47.0,1224.0
22726,140.0,47.0,1226.0
22727,140.0,47.0,1227.0
22728,140.0,47.0,1228.0
22729,140.0,47.0,1480.0
22730,140.0,47.0,1482.0
22731,140.0,47.0,1483.0
22732,140.0,47.0,1484.0
22733,140.0,47.0,1736.0
22734,140.0,47.0,1738.0
22735,140.0,47.0,1739.0
22736,140.0,47.0,1740.0
22737,140.0,47.0,1992.0
22738,140.0,47.0,1994.0
22739,140.0,47.0,1995.0
22740,140.0,47.0,1996.0
22741,140.0,48.0,453.0
22742,140.0,48.0,454.0
22743,140.0,48.0,458.0
22744,140.0,48.0,459.0
22745,140.0,48.0,709.0
22746,140.0,48.0,710.0
22747,140.0,48.0,714.0
22748,140.0,48.0,715.0
22749,140.0,48.0,965.0
22750,140.0,48.0,966.0
22751,140.0,48.0,970.0
22752,140.0,48.0,971.0
22753,140.0,48.0,1221.0
22754,140.0,48.0,1222.0
22755,140.0,48.0,1226.0
22756,140.0,48.0,1227.0
22757,140.0,48.0,1477.0
22758,140.0,48.0,1478.0
22759,140.0,48.0,1482.0
22760,140.0,48.0,1483.0
22761,140.0,48.0,1733.0
22762,140.0,48.0,1734.0
22763,140.0,48.0,1738.0
22764,140.0,48.0,1739.0
22765,140.0,48.0,1989.0
22766,140.0,48.0,1990.0
22767,140.0,48.0,1994.0
22768,140.0,48.0,1995.0
22769,140.0,49.0,453.0
22770,140.0,49.0,454.0
22771,140.0,49.0,456.0
22772,140.0,49.0,709.0
22773,140.0,49.0,710.0
22774,140.0,49.0,712.0
22775,140.0,49.0,965.0
22776,140.0,49.0,966.0
22777,140.0,49.0,968.0
22778,140.0,49.0,1221.0
22779,140.0,49.0,1222.0
22780,140.0,49.0,1224.0
22781,140.0,49.0,1477.0
22782,140.0,49.0,1478.0
22783,140.0,49.0,1480.0
22784,140.0,49.0,1733.0
22785,140.0,49.0,1734.0
22786,140.0,49.0,1736.0
22787,140.0,49.0,1989.0
22788,140.0,49.0,1990.0
22789,140.0,49.0,1992.0
22790,140.0,52.0,437.0
22791,140.0,58.0,450.0
22792,140.0,59.0,449.0
22793,140.0,73.0,467.0
22794,140.0,73.0,979.0
22795,140.0,73.0,1235.0
22796,140.0,73.0,1491.0
22797,140.0,73.0,1747.0
22798,140.0,73.0,2003.0
22799,140.0,74.0,466.0
22800,140.0,74.0,467.0
22801,140.0,74.0,978.0
22802,140.0,74.0,979.0
22803,140.0,74.0,1234.0
22804,140.0,74.0,1235.0
22805,140.0,74.0,1490.0
22806,140.0,74.0,1491.0
22807,140.0,74.0,1746.0
22808,140.0,74.0,1747.0
22809,140.0,74.0,2002.0
22810,140.0,74.0,2003.0
22811,140.0,75.0,458.0
22812,140.0,75.0,459.0
22813,140.0,75.0,461.0
22814,140.0,76.0,449.0
22815,140.0,77.0,446.0
22816,140.0,77.0,447.0
22817,140.0,79.0,452.0
22818,140.0,79.0,453.0
22819,140.0,79.0,457.0
22820,140.0,79.0,458.0
22821,140.0,79.0,969.0
22822,140.0,79.0,970.0
22823,140.0,79.0,1225.0
22824,140.0,79.0,1226.0
22825,140.0,79.0,1481.0
22826,140.0,79.0,1482.0
22827,140.0,79.0,1993.0
22828,140.0,79.0,1994.0
22829,140.0,80.0,457.0
22830,140.0,80.0,969.0
22831,140.0,80.0,1225.0
22832,140.0,80.0,1481.0
22833,140.0,80.0,1993.0
22834,140.0,84.0,461.0
22835,140.0,84.0,463.0
22836,140.0,84.0,717.0
22837,140.0,84.0,719.0
22838,140.0,84.0,973.0
22839,140.0,84.0,975.0
22840,140.0,84.0,1229.0
22841,140.0,84.0,1231.0
22842,140.0,84.0,1485.0
22843,140.0,84.0,1487.0
22844,140.0,84.0,1741.0
22845,140.0,84.0,1743.0
22846,140.0,84.0,1997.0
22847,140.0,84.0,1999.0
22848,140.0,85.0,458.0
22849,140.0,85.0,459.0
22850,140.0,85.0,460.0
22851,140.0,85.0,461.0
22852,140.0,85.0,462.0
22853,140.0,85.0,463.0
22854,140.0,85.0,464.0
22855,140.0,85.0,714.0
22856,140.0,85.0,715.0
22857,140.0,85.0,716.0
22858,140.0,85.0,717.0
22859,140.0,85.0,718.0
22860,140.0,85.0,719.0
22861,140.0,85.0,720.0
22862,140.0,85.0,970.0
22863,140.0,85.0,971.0
22864,140.0,85.0,972.0
22865,140.0,85.0,973.0
22866,140.0,85.0,974.0
22867,140.0,85.0,975.0
22868,140.0,85.0,976.0
22869,140.0,85.0,1226.0
22870,140.0,85.0,1227.0
22871,140.0,85.0,1228.0
22872,140.0,85.0,1229.0
22873,140.0,85.0,1230.0
22874,140.0,85.0,1231.0
22875,140.0,85.0,1232.0
22876,140.0,85.0,1482.0
22877,140.0,85.0,1483.0
22878,140.0,85.0,1484.0
22879,140.0,85.0,1485.0
22880,140.0,85.0,1486.0
22881,140.0,85.0,1487.0
22882,140.0,85.0,1488.0
22883,140.0,85.0,1738.0
22884,140.0,85.0,1739.0
22885,140.0,85.0,1740.0
22886,140.0,85.0,1741.0
22887,140.0,85.0,1742.0
22888,140.0,85.0,1743.0
22889,140.0,85.0,1744.0
22890,140.0,85.0,1994.0
22891,140.0,85.0,1995.0
22892,140.0,85.0,1996.0
22893,140.0,85.0,1997.0
22894,140.0,85.0,1998.0
22895,140.0,85.0,1999.0
22896,140.0,85.0,2000.0
22897,140.0,86.0,460.0
22898,140.0,86.0,461.0
22899,140.0,86.0,716.0
22900,140.0,86.0,717.0
22901,140.0,86.0,972.0
22902,140.0,86.0,973.0
22903,140.0,86.0,1228.0
22904,140.0,86.0,1229.0
22905,140.0,86.0,1484.0
22906,140.0,86.0,1485.0
22907,140.0,86.0,1740.0
22908,140.0,86.0,1741.0
22909,140.0,86.0,1996.0
22910,140.0,86.0,1997.0
22911,140.0,87.0,450.0
22912,140.0,87.0,706.0
22913,140.0,87.0,962.0
22914,140.0,87.0,1218.0
22915,140.0,87.0,1474.0
22916,140.0,87.0,1730.0
22917,140.0,87.0,1986.0
22918,140.0,88.0,449.0
22919,140.0,88.0,459.0
22920,140.0,88.0,460.0
22921,140.0,88.0,705.0
22922,140.0,88.0,715.0
22923,140.0,88.0,716.0
22924,140.0,88.0,961.0
22925,140.0,88.0,971.0
22926,140.0,88.0,972.0
22927,140.0,88.0,1217.0
22928,140.0,88.0,1227.0
22929,140.0,88.0,1228.0
22930,140.0,88.0,1473.0
22931,140.0,88.0,1483.0
22932,140.0,88.0,1484.0
22933,140.0,88.0,1729.0
22934,140.0,88.0,1739.0
22935,140.0,88.0,1740.0
22936,140.0,88.0,1985.0
22937,140.0,88.0,1995.0
22938,140.0,88.0,1996.0
22939,140.0,89.0,449.0
22940,140.0,89.0,455.0
22941,140.0,89.0,456.0
22942,140.0,89.0,457.0
22943,140.0,89.0,705.0
22944,140.0,89.0,711.0
22945,140.0,89.0,712.0
22946,140.0,89.0,713.0
22947,140.0,89.0,961.0
22948,140.0,89.0,967.0
22949,140.0,89.0,968.0
22950,140.0,89.0,969.0
22951,140.0,89.0,1217.0
22952,140.0,89.0,1223.0
22953,140.0,89.0,1224.0
22954,140.0,89.0,1225.0
22955,140.0,89.0,1473.0
22956,140.0,89.0,1479.0
22957,140.0,89.0,1480.0
22958,140.0,89.0,1481.0
22959,140.0,89.0,1729.0
22960,140.0,89.0,1735.0
22961,140.0,89.0,1736.0
22962,140.0,89.0,1737.0
22963,140.0,89.0,1985.0
22964,140.0,89.0,1991.0
22965,140.0,89.0,1992.0
22966,140.0,89.0,1993.0
22967,140.0,90.0,446.0
22968,140.0,90.0,447.0
22969,140.0,90.0,448.0
22970,140.0,90.0,449.0
22971,140.0,90.0,451.0
22972,140.0,90.0,452.0
22973,140.0,90.0,702.0
22974,140.0,90.0,703.0
22975,140.0,90.0,704.0
22976,140.0,90.0,705.0
22977,140.0,90.0,958.0
22978,140.0,90.0,959.0
22979,140.0,90.0,960.0
22980,140.0,90.0,961.0
22981,140.0,90.0,1214.0
22982,140.0,90.0,1215.0
22983,140.0,90.0,1216.0
22984,140.0,90.0,1217.0
22985,140.0,90.0,1470.0
22986,140.0,90.0,1471.0
22987,140.0,90.0,1472.0
22988,140.0,90.0,1473.0
22989,140.0,90.0,1726.0
22990,140.0,90.0,1727.0
22991,140.0,90.0,1728.0
22992,140.0,90.0,1729.0
22993,140.0,90.0,1982.0
22994,140.0,90.0,1983.0
22995,140.0,90.0,1984.0
22996,140.0,90.0,1985.0
22997,140.0,95.0,458.0
22998,140.0,95.0,459.0
22999,140.0,95.0,714.0
23000,140.0,95.0,715.0
23001,140.0,95.0,970.0
23002,140.0,95.0,971.0
23003,140.0,95.0,1226.0
23004,140.0,95.0,1227.0
23005,140.0,95.0,1482.0
23006,140.0,95.0,1483.0
23007,140.0,95.0,1738.0
23008,140.0,95.0,1739.0
23009,140.0,95.0,1994.0
23010,140.0,95.0,1995.0
23011,140.0,98.0,461.0
23012,140.0,99.0,460.0
23013,140.0,99.0,461.0
23014,140.0,101.0,463.0
23015,140.0,101.0,464.0
23016,140.0,101.0,465.0
23017,140.0,102.0,459.0
23018,140.0,102.0,460.0
23019,140.0,103.0,430.0
23020,140.0,103.0,431.0
23021,140.0,103.0,432.0
23022,140.0,103.0,686.0
23023,140.0,103.0,687.0
23024,140.0,103.0,688.0
23025,140.0,103.0,942.0
23026,140.0,103.0,943.0
23027,140.0,103.0,944.0
23028,140.0,103.0,1198.0
23029,140.0,103.0,1199.0
23030,140.0,103.0,1200.0
23031,140.0,103.0,1454.0
23032,140.0,103.0,1455.0
23033,140.0,103.0,1456.0
23034,140.0,103.0,1710.0
23035,140.0,103.0,1711.0
23036,140.0,103.0,1712.0
23037,140.0,103.0,1966.0
23038,140.0,103.0,1967.0
23039,140.0,103.0,1968.0
23040,140.0,104.0,428.0
23041,140.0,104.0,429.0
23042,140.0,104.0,430.0
23043,140.0,104.0,431.0
23044,140.0,104.0,684.0
23045,140.0,104.0,685.0
23046,140.0,104.0,686.0
23047,140.0,104.0,687.0
23048,140.0,104.0,940.0
23049,140.0,104.0,941.0
23050,140.0,104.0,942.0
23051,140.0,104.0,943.0
23052,140.0,104.0,1196.0
23053,140.0,104.0,1197.0
23054,140.0,104.0,1198.0
23055,140.0,104.0,1199.0
23056,140.0,104.0,1452.0
23057,140.0,104.0,1453.0
23058,140.0,104.0,1454.0
23059,140.0,104.0,1455.0
23060,140.0,104.0,1708.0
23061,140.0,104.0,1709.0
23062,140.0,104.0,1710.0
23063,140.0,104.0,1711.0
23064,140.0,104.0,1964.0
23065,140.0,104.0,1965.0
23066,140.0,104.0,1966.0
23067,140.0,104.0,1967.0
23068,140.0,105.0,427.0
23069,140.0,105.0,428.0
23070,140.0,105.0,683.0
23071,140.0,105.0,684.0
23072,140.0,105.0,939.0
23073,140.0,105.0,940.0
23074,140.0,105.0,1195.0
23075,140.0,105.0,1196.0
23076,140.0,105.0,1451.0
23077,140.0,105.0,1452.0
23078,140.0,105.0,1707.0
23079,140.0,105.0,1708.0
23080,140.0,105.0,1963.0
23081,140.0,105.0,1964.0
23082,140.0,106.0,427.0
23083,140.0,106.0,428.0
23084,140.0,106.0,683.0
23085,140.0,106.0,684.0
23086,140.0,106.0,939.0
23087,140.0,106.0,940.0
23088,140.0,106.0,1195.0
23089,140.0,106.0,1196.0
23090,140.0,106.0,1451.0
23091,140.0,106.0,1452.0
23092,140.0,106.0,1707.0
23093,140.0,106.0,1708.0
23094,140.0,106.0,1963.0
23095,140.0,106.0,1964.0
23096,140.0,111.0,423.0
23097,140.0,111.0,424.0
23098,140.0,112.0,423.0
23099,140.0,119.0,441.0
23100,140.0,119.0,442.0
23101,140.0,119.0,443.0
23102,141.0,26.0,433.0
23103,141.0,26.0,689.0
23104,141.0,26.0,945.0
23105,141.0,26.0,1201.0
23106,141.0,26.0,1457.0
23107,141.0,26.0,1713.0
23108,141.0,26.0,1969.0
23109,141.0,27.0,432.0
23110,141.0,27.0,438.0
23111,141.0,27.0,688.0
23112,141.0,27.0,694.0
23113,141.0,27.0,944.0
23114,141.0,27.0,950.0
23115,141.0,27.0,1200.0
23116,141.0,27.0,1206.0
23117,141.0,27.0,1456.0
23118,141.0,27.0,1462.0
23119,141.0,27.0,1712.0
23120,141.0,27.0,1718.0
23121,141.0,27.0,1968.0
23122,141.0,27.0,1974.0
23123,141.0,28.0,430.0
23124,141.0,28.0,431.0
23125,141.0,28.0,432.0
23126,141.0,28.0,435.0
23127,141.0,28.0,436.0
23128,141.0,28.0,437.0
23129,141.0,28.0,686.0
23130,141.0,28.0,687.0
23131,141.0,28.0,688.0
23132,141.0,28.0,691.0
23133,141.0,28.0,692.0
23134,141.0,28.0,693.0
23135,141.0,28.0,942.0
23136,141.0,28.0,943.0
23137,141.0,28.0,944.0
23138,141.0,28.0,947.0
23139,141.0,28.0,948.0
23140,141.0,28.0,949.0
23141,141.0,28.0,1198.0
23142,141.0,28.0,1199.0
23143,141.0,28.0,1200.0
23144,141.0,28.0,1203.0
23145,141.0,28.0,1204.0
23146,141.0,28.0,1205.0
23147,141.0,28.0,1454.0
23148,141.0,28.0,1455.0
23149,141.0,28.0,1456.0
23150,141.0,28.0,1459.0
23151,141.0,28.0,1460.0
23152,141.0,28.0,1461.0
23153,141.0,28.0,1710.0
23154,141.0,28.0,1711.0
23155,141.0,28.0,1712.0
23156,141.0,28.0,1715.0
23157,141.0,28.0,1716.0
23158,141.0,28.0,1717.0
23159,141.0,28.0,1966.0
23160,141.0,28.0,1967.0
23161,141.0,28.0,1968.0
23162,141.0,28.0,1971.0
23163,141.0,28.0,1972.0
23164,141.0,28.0,1973.0
23165,141.0,29.0,428.0
23166,141.0,29.0,429.0
23167,141.0,29.0,430.0
23168,141.0,29.0,431.0
23169,141.0,29.0,434.0
23170,141.0,29.0,435.0
23171,141.0,29.0,436.0
23172,141.0,29.0,684.0
23173,141.0,29.0,685.0
23174,141.0,29.0,686.0
23175,141.0,29.0,687.0
23176,141.0,29.0,690.0
23177,141.0,29.0,691.0
23178,141.0,29.0,692.0
23179,141.0,29.0,940.0
23180,141.0,29.0,941.0
23181,141.0,29.0,942.0
23182,141.0,29.0,943.0
23183,141.0,29.0,946.0
23184,141.0,29.0,947.0
23185,141.0,29.0,948.0
23186,141.0,29.0,1196.0
23187,141.0,29.0,1197.0
23188,141.0,29.0,1198.0
23189,141.0,29.0,1199.0
23190,141.0,29.0,1202.0
23191,141.0,29.0,1203.0
23192,141.0,29.0,1204.0
23193,141.0,29.0,1452.0
23194,141.0,29.0,1453.0
23195,141.0,29.0,1454.0
23196,141.0,29.0,1455.0
23197,141.0,29.0,1458.0
23198,141.0,29.0,1459.0
23199,141.0,29.0,1460.0
23200,141.0,29.0,1708.0
23201,141.0,29.0,1709.0
23202,141.0,29.0,1710.0
23203,141.0,29.0,1711.0
23204,141.0,29.0,1714.0
23205,141.0,29.0,1715.0
23206,141.0,29.0,1716.0
23207,141.0,29.0,1964.0
23208,141.0,29.0,1965.0
23209,141.0,29.0,1966.0
23210,141.0,29.0,1967.0
23211,141.0,29.0,1970.0
23212,141.0,29.0,1971.0
23213,141.0,29.0,1972.0
23214,141.0,30.0,434.0
23215,141.0,30.0,435.0
23216,141.0,30.0,690.0
23217,141.0,30.0,691.0
23218,141.0,30.0,946.0
23219,141.0,30.0,947.0
23220,141.0,30.0,1202.0
23221,141.0,30.0,1203.0
23222,141.0,30.0,1458.0
23223,141.0,30.0,1459.0
23224,141.0,30.0,1714.0
23225,141.0,30.0,1715.0
23226,141.0,30.0,1970.0
23227,141.0,30.0,1971.0
23228,141.0,31.0,432.0
23229,141.0,31.0,433.0
23230,141.0,31.0,688.0
23231,141.0,31.0,689.0
23232,141.0,31.0,944.0
23233,141.0,31.0,945.0
23234,141.0,31.0,1200.0
23235,141.0,31.0,1201.0
23236,141.0,31.0,1456.0
23237,141.0,31.0,1457.0
23238,141.0,31.0,1712.0
23239,141.0,31.0,1713.0
23240,141.0,31.0,1968.0
23241,141.0,31.0,1969.0
23242,141.0,32.0,432.0
23243,141.0,32.0,688.0
23244,141.0,32.0,944.0
23245,141.0,32.0,1200.0
23246,141.0,32.0,1456.0
23247,141.0,32.0,1712.0
23248,141.0,32.0,1968.0
23249,141.0,35.0,412.0
23250,141.0,35.0,413.0
23251,141.0,35.0,414.0
23252,141.0,35.0,668.0
23253,141.0,35.0,669.0
23254,141.0,35.0,670.0
23255,141.0,35.0,924.0
23256,141.0,35.0,925.0
23257,141.0,35.0,926.0
23258,141.0,35.0,1180.0
23259,141.0,35.0,1181.0
23260,141.0,35.0,1182.0
23261,141.0,35.0,1436.0
23262,141.0,35.0,1437.0
23263,141.0,35.0,1438.0
23264,141.0,35.0,1692.0
23265,141.0,35.0,1693.0
23266,141.0,35.0,1694.0
23267,141.0,35.0,1948.0
23268,141.0,35.0,1949.0
23269,141.0,35.0,1950.0
23270,141.0,36.0,410.0
23271,141.0,36.0,411.0
23272,141.0,36.0,666.0
23273,141.0,36.0,667.0
23274,141.0,36.0,922.0
23275,141.0,36.0,923.0
23276,141.0,36.0,1178.0
23277,141.0,36.0,1179.0
23278,141.0,36.0,1434.0
23279,141.0,36.0,1435.0
23280,141.0,36.0,1690.0
23281,141.0,36.0,1691.0
23282,141.0,36.0,1946.0
23283,141.0,36.0,1947.0
23284,141.0,38.0,420.0
23285,141.0,38.0,676.0
23286,141.0,38.0,932.0
23287,141.0,38.0,1188.0
23288,141.0,38.0,1444.0
23289,141.0,38.0,1700.0
23290,141.0,38.0,1956.0
23291,141.0,39.0,405.0
23292,141.0,39.0,417.0
23293,141.0,39.0,418.0
23294,141.0,39.0,419.0
23295,141.0,39.0,420.0
23296,141.0,39.0,673.0
23297,141.0,39.0,674.0
23298,141.0,39.0,675.0
23299,141.0,39.0,676.0
23300,141.0,39.0,929.0
23301,141.0,39.0,930.0
23302,141.0,39.0,931.0
23303,141.0,39.0,932.0
23304,141.0,39.0,1185.0
23305,141.0,39.0,1186.0
23306,141.0,39.0,1187.0
23307,141.0,39.0,1188.0
23308,141.0,39.0,1441.0
23309,141.0,39.0,1442.0
23310,141.0,39.0,1443.0
23311,141.0,39.0,1444.0
23312,141.0,39.0,1697.0
23313,141.0,39.0,1698.0
23314,141.0,39.0,1699.0
23315,141.0,39.0,1700.0
23316,141.0,39.0,1953.0
23317,141.0,39.0,1954.0
23318,141.0,39.0,1955.0
23319,141.0,39.0,1956.0
23320,141.0,40.0,417.0
23321,141.0,40.0,418.0
23322,141.0,40.0,419.0
23323,141.0,40.0,673.0
23324,141.0,40.0,674.0
23325,141.0,40.0,675.0
23326,141.0,40.0,929.0
23327,141.0,40.0,930.0
23328,141.0,40.0,931.0
23329,141.0,40.0,1185.0
23330,141.0,40.0,1186.0
23331,141.0,40.0,1187.0
23332,141.0,40.0,1441.0
23333,141.0,40.0,1442.0
23334,141.0,40.0,1443.0
23335,141.0,40.0,1697.0
23336,141.0,40.0,1698.0
23337,141.0,40.0,1699.0
23338,141.0,40.0,1953.0
23339,141.0,40.0,1954.0
23340,141.0,40.0,1955.0
23341,141.0,41.0,418.0
23342,141.0,41.0,674.0
23343,141.0,41.0,930.0
23344,141.0,41.0,1186.0
23345,141.0,41.0,1442.0
23346,141.0,41.0,1698.0
23347,141.0,41.0,1954.0
23348,141.0,48.0,458.0
23349,141.0,48.0,459.0
23350,141.0,48.0,714.0
23351,141.0,48.0,715.0
23352,141.0,48.0,970.0
23353,141.0,48.0,971.0
23354,141.0,48.0,1226.0
23355,141.0,48.0,1227.0
23356,141.0,48.0,1482.0
23357,141.0,48.0,1483.0
23358,141.0,48.0,1738.0
23359,141.0,48.0,1739.0
23360,141.0,48.0,1994.0
23361,141.0,48.0,1995.0
23362,141.0,49.0,455.0
23363,141.0,49.0,456.0
23364,141.0,49.0,711.0
23365,141.0,49.0,712.0
23366,141.0,49.0,967.0
23367,141.0,49.0,968.0
23368,141.0,49.0,1223.0
23369,141.0,49.0,1224.0
23370,141.0,49.0,1479.0
23371,141.0,49.0,1480.0
23372,141.0,49.0,1735.0
23373,141.0,49.0,1736.0
23374,141.0,49.0,1991.0
23375,141.0,49.0,1992.0
23376,141.0,50.0,452.0
23377,141.0,50.0,453.0
23378,141.0,50.0,454.0
23379,141.0,50.0,455.0
23380,141.0,50.0,461.0
23381,141.0,50.0,462.0
23382,141.0,50.0,708.0
23383,141.0,50.0,709.0
23384,141.0,50.0,710.0
23385,141.0,50.0,711.0
23386,141.0,50.0,964.0
23387,141.0,50.0,965.0
23388,141.0,50.0,966.0
23389,141.0,50.0,967.0
23390,141.0,50.0,973.0
23391,141.0,50.0,974.0
23392,141.0,50.0,1220.0
23393,141.0,50.0,1221.0
23394,141.0,50.0,1222.0
23395,141.0,50.0,1223.0
23396,141.0,50.0,1229.0
23397,141.0,50.0,1230.0
23398,141.0,50.0,1476.0
23399,141.0,50.0,1477.0
23400,141.0,50.0,1478.0
23401,141.0,50.0,1479.0
23402,141.0,50.0,1485.0
23403,141.0,50.0,1486.0
23404,141.0,50.0,1732.0
23405,141.0,50.0,1733.0
23406,141.0,50.0,1734.0
23407,141.0,50.0,1735.0
23408,141.0,50.0,1988.0
23409,141.0,50.0,1989.0
23410,141.0,50.0,1990.0
23411,141.0,50.0,1991.0
23412,141.0,50.0,1997.0
23413,141.0,50.0,1998.0
23414,141.0,51.0,449.0
23415,141.0,51.0,450.0
23416,141.0,51.0,451.0
23417,141.0,51.0,452.0
23418,141.0,51.0,453.0
23419,141.0,51.0,454.0
23420,141.0,51.0,455.0
23421,141.0,51.0,462.0
23422,141.0,51.0,705.0
23423,141.0,51.0,706.0
23424,141.0,51.0,707.0
23425,141.0,51.0,708.0
23426,141.0,51.0,709.0
23427,141.0,51.0,710.0
23428,141.0,51.0,711.0
23429,141.0,51.0,961.0
23430,141.0,51.0,962.0
23431,141.0,51.0,963.0
23432,141.0,51.0,964.0
23433,141.0,51.0,965.0
23434,141.0,51.0,966.0
23435,141.0,51.0,967.0
23436,141.0,51.0,974.0
23437,141.0,51.0,1217.0
23438,141.0,51.0,1218.0
23439,141.0,51.0,1219.0
23440,141.0,51.0,1220.0
23441,141.0,51.0,1221.0
23442,141.0,51.0,1222.0
23443,141.0,51.0,1223.0
23444,141.0,51.0,1230.0
23445,141.0,51.0,1473.0
23446,141.0,51.0,1474.0
23447,141.0,51.0,1475.0
23448,141.0,51.0,1476.0
23449,141.0,51.0,1477.0
23450,141.0,51.0,1478.0
23451,141.0,51.0,1479.0
23452,141.0,51.0,1486.0
23453,141.0,51.0,1729.0
23454,141.0,51.0,1730.0
23455,141.0,51.0,1731.0
23456,141.0,51.0,1732.0
23457,141.0,51.0,1733.0
23458,141.0,51.0,1734.0
23459,141.0,51.0,1735.0
23460,141.0,51.0,1985.0
23461,141.0,51.0,1986.0
23462,141.0,51.0,1987.0
23463,141.0,51.0,1988.0
23464,141.0,51.0,1989.0
23465,141.0,51.0,1990.0
23466,141.0,51.0,1991.0
23467,141.0,51.0,1998.0
23468,141.0,52.0,437.0
23469,141.0,58.0,450.0
23470,141.0,59.0,449.0
23471,141.0,67.0,446.0
23472,141.0,67.0,447.0
23473,141.0,67.0,958.0
23474,141.0,67.0,959.0
23475,141.0,67.0,1214.0
23476,141.0,67.0,1215.0
23477,141.0,67.0,1470.0
23478,141.0,67.0,1471.0
23479,141.0,67.0,1726.0
23480,141.0,67.0,1727.0
23481,141.0,67.0,1982.0
23482,141.0,67.0,1983.0
23483,141.0,68.0,445.0
23484,141.0,68.0,446.0
23485,141.0,68.0,447.0
23486,141.0,68.0,957.0
23487,141.0,68.0,958.0
23488,141.0,68.0,959.0
23489,141.0,68.0,1213.0
23490,141.0,68.0,1214.0
23491,141.0,68.0,1215.0
23492,141.0,68.0,1469.0
23493,141.0,68.0,1470.0
23494,141.0,68.0,1471.0
23495,141.0,68.0,1725.0
23496,141.0,68.0,1726.0
23497,141.0,68.0,1727.0
23498,141.0,68.0,1981.0
23499,141.0,68.0,1982.0
23500,141.0,68.0,1983.0
23501,141.0,69.0,444.0
23502,141.0,69.0,956.0
23503,141.0,69.0,1212.0
23504,141.0,69.0,1468.0
23505,141.0,69.0,1724.0
23506,141.0,69.0,1980.0
23507,141.0,71.0,453.0
23508,141.0,71.0,454.0
23509,141.0,71.0,460.0
23510,141.0,71.0,461.0
23511,141.0,71.0,716.0
23512,141.0,71.0,717.0
23513,141.0,71.0,972.0
23514,141.0,71.0,973.0
23515,141.0,71.0,1228.0
23516,141.0,71.0,1229.0
23517,141.0,71.0,1484.0
23518,141.0,71.0,1485.0
23519,141.0,71.0,1740.0
23520,141.0,71.0,1741.0
23521,141.0,71.0,1996.0
23522,141.0,71.0,1997.0
23523,141.0,72.0,458.0
23524,141.0,72.0,459.0
23525,141.0,72.0,460.0
23526,141.0,72.0,461.0
23527,141.0,72.0,465.0
23528,141.0,72.0,466.0
23529,141.0,72.0,467.0
23530,141.0,72.0,714.0
23531,141.0,72.0,715.0
23532,141.0,72.0,716.0
23533,141.0,72.0,717.0
23534,141.0,72.0,970.0
23535,141.0,72.0,971.0
23536,141.0,72.0,972.0
23537,141.0,72.0,973.0
23538,141.0,72.0,977.0
23539,141.0,72.0,978.0
23540,141.0,72.0,979.0
23541,141.0,72.0,1226.0
23542,141.0,72.0,1227.0
23543,141.0,72.0,1228.0
23544,141.0,72.0,1229.0
23545,141.0,72.0,1233.0
23546,141.0,72.0,1234.0
23547,141.0,72.0,1235.0
23548,141.0,72.0,1482.0
23549,141.0,72.0,1483.0
23550,141.0,72.0,1484.0
23551,141.0,72.0,1485.0
23552,141.0,72.0,1489.0
23553,141.0,72.0,1490.0
23554,141.0,72.0,1491.0
23555,141.0,72.0,1738.0
23556,141.0,72.0,1739.0
23557,141.0,72.0,1740.0
23558,141.0,72.0,1741.0
23559,141.0,72.0,1745.0
23560,141.0,72.0,1746.0
23561,141.0,72.0,1747.0
23562,141.0,72.0,1994.0
23563,141.0,72.0,1995.0
23564,141.0,72.0,1996.0
23565,141.0,72.0,1997.0
23566,141.0,72.0,2001.0
23567,141.0,72.0,2002.0
23568,141.0,72.0,2003.0
23569,141.0,73.0,466.0
23570,141.0,73.0,467.0
23571,141.0,73.0,978.0
23572,141.0,73.0,979.0
23573,141.0,73.0,1234.0
23574,141.0,73.0,1235.0
23575,141.0,73.0,1490.0
23576,141.0,73.0,1491.0
23577,141.0,73.0,1746.0
23578,141.0,73.0,1747.0
23579,141.0,73.0,2002.0
23580,141.0,73.0,2003.0
23581,141.0,74.0,454.0
23582,141.0,74.0,455.0
23583,141.0,74.0,456.0
23584,141.0,75.0,457.0
23585,141.0,76.0,448.0
23586,141.0,76.0,449.0
23587,141.0,76.0,456.0
23588,141.0,76.0,457.0
23589,141.0,77.0,455.0
23590,141.0,77.0,711.0
23591,141.0,77.0,967.0
23592,141.0,77.0,1223.0
23593,141.0,77.0,1479.0
23594,141.0,77.0,1735.0
23595,141.0,77.0,1991.0
23596,141.0,78.0,454.0
23597,141.0,78.0,455.0
23598,141.0,78.0,710.0
23599,141.0,78.0,711.0
23600,141.0,78.0,966.0
23601,141.0,78.0,967.0
23602,141.0,78.0,1222.0
23603,141.0,78.0,1223.0
23604,141.0,78.0,1478.0
23605,141.0,78.0,1479.0
23606,141.0,78.0,1734.0
23607,141.0,78.0,1735.0
23608,141.0,78.0,1990.0
23609,141.0,78.0,1991.0
23610,141.0,79.0,447.0
23611,141.0,79.0,448.0
23612,141.0,79.0,449.0
23613,141.0,79.0,450.0
23614,141.0,79.0,451.0
23615,141.0,79.0,703.0
23616,141.0,79.0,704.0
23617,141.0,79.0,705.0
23618,141.0,79.0,706.0
23619,141.0,79.0,707.0
23620,141.0,79.0,959.0
23621,141.0,79.0,960.0
23622,141.0,79.0,961.0
23623,141.0,79.0,962.0
23624,141.0,79.0,963.0
23625,141.0,79.0,1215.0
23626,141.0,79.0,1216.0
23627,141.0,79.0,1217.0
23628,141.0,79.0,1218.0
23629,141.0,79.0,1219.0
23630,141.0,79.0,1471.0
23631,141.0,79.0,1472.0
23632,141.0,79.0,1473.0
23633,141.0,79.0,1474.0
23634,141.0,79.0,1475.0
23635,141.0,79.0,1727.0
23636,141.0,79.0,1728.0
23637,141.0,79.0,1729.0
23638,141.0,79.0,1730.0
23639,141.0,79.0,1731.0
23640,141.0,79.0,1983.0
23641,141.0,79.0,1984.0
23642,141.0,79.0,1985.0
23643,141.0,79.0,1986.0
23644,141.0,79.0,1987.0
23645,141.0,80.0,448.0
23646,141.0,80.0,449.0
23647,141.0,80.0,450.0
23648,141.0,80.0,704.0
23649,141.0,80.0,705.0
23650,141.0,80.0,706.0
23651,141.0,80.0,960.0
23652,141.0,80.0,961.0
23653,141.0,80.0,962.0
23654,141.0,80.0,1216.0
23655,141.0,80.0,1217.0
23656,141.0,80.0,1218.0
23657,141.0,80.0,1472.0
23658,141.0,80.0,1473.0
23659,141.0,80.0,1474.0
23660,141.0,80.0,1728.0
23661,141.0,80.0,1729.0
23662,141.0,80.0,1730.0
23663,141.0,80.0,1984.0
23664,141.0,80.0,1985.0
23665,141.0,80.0,1986.0
23666,141.0,82.0,455.0
23667,141.0,83.0,454.0
23668,141.0,83.0,455.0
23669,141.0,84.0,454.0
23670,141.0,84.0,455.0
23671,141.0,84.0,461.0
23672,141.0,84.0,717.0
23673,141.0,84.0,973.0
23674,141.0,84.0,1229.0
23675,141.0,84.0,1485.0
23676,141.0,84.0,1741.0
23677,141.0,84.0,1997.0
23678,141.0,85.0,457.0
23679,141.0,85.0,458.0
23680,141.0,85.0,459.0
23681,141.0,85.0,460.0
23682,141.0,85.0,461.0
23683,141.0,85.0,713.0
23684,141.0,85.0,714.0
23685,141.0,85.0,715.0
23686,141.0,85.0,716.0
23687,141.0,85.0,717.0
23688,141.0,85.0,969.0
23689,141.0,85.0,970.0
23690,141.0,85.0,971.0
23691,141.0,85.0,972.0
23692,141.0,85.0,973.0
23693,141.0,85.0,1225.0
23694,141.0,85.0,1226.0
23695,141.0,85.0,1227.0
23696,141.0,85.0,1228.0
23697,141.0,85.0,1229.0
23698,141.0,85.0,1481.0
23699,141.0,85.0,1482.0
23700,141.0,85.0,1483.0
23701,141.0,85.0,1484.0
23702,141.0,85.0,1485.0
23703,141.0,85.0,1737.0
23704,141.0,85.0,1738.0
23705,141.0,85.0,1739.0
23706,141.0,85.0,1740.0
23707,141.0,85.0,1741.0
23708,141.0,85.0,1993.0
23709,141.0,85.0,1994.0
23710,141.0,85.0,1995.0
23711,141.0,85.0,1996.0
23712,141.0,85.0,1997.0
23713,141.0,87.0,449.0
23714,141.0,87.0,450.0
23715,141.0,87.0,705.0
23716,141.0,87.0,706.0
23717,141.0,87.0,961.0
23718,141.0,87.0,962.0
23719,141.0,87.0,1217.0
23720,141.0,87.0,1218.0
23721,141.0,87.0,1473.0
23722,141.0,87.0,1474.0
23723,141.0,87.0,1729.0
23724,141.0,87.0,1730.0
23725,141.0,87.0,1985.0
23726,141.0,87.0,1986.0
23727,141.0,88.0,449.0
23728,141.0,88.0,454.0
23729,141.0,88.0,455.0
23730,141.0,88.0,456.0
23731,141.0,88.0,460.0
23732,141.0,88.0,705.0
23733,141.0,88.0,710.0
23734,141.0,88.0,711.0
23735,141.0,88.0,712.0
23736,141.0,88.0,716.0
23737,141.0,88.0,961.0
23738,141.0,88.0,966.0
23739,141.0,88.0,967.0
23740,141.0,88.0,968.0
23741,141.0,88.0,972.0
23742,141.0,88.0,1217.0
23743,141.0,88.0,1222.0
23744,141.0,88.0,1223.0
23745,141.0,88.0,1224.0
23746,141.0,88.0,1228.0
23747,141.0,88.0,1473.0
23748,141.0,88.0,1478.0
23749,141.0,88.0,1479.0
23750,141.0,88.0,1480.0
23751,141.0,88.0,1484.0
23752,141.0,88.0,1729.0
23753,141.0,88.0,1734.0
23754,141.0,88.0,1735.0
23755,141.0,88.0,1736.0
23756,141.0,88.0,1740.0
23757,141.0,88.0,1985.0
23758,141.0,88.0,1990.0
23759,141.0,88.0,1991.0
23760,141.0,88.0,1992.0
23761,141.0,88.0,1996.0
23762,141.0,89.0,454.0
23763,141.0,89.0,455.0
23764,141.0,89.0,456.0
23765,141.0,89.0,457.0
23766,141.0,89.0,458.0
23767,141.0,89.0,459.0
23768,141.0,89.0,710.0
23769,141.0,89.0,711.0
23770,141.0,89.0,712.0
23771,141.0,89.0,713.0
23772,141.0,89.0,714.0
23773,141.0,89.0,715.0
23774,141.0,89.0,966.0
23775,141.0,89.0,967.0
23776,141.0,89.0,968.0
23777,141.0,89.0,969.0
23778,141.0,89.0,970.0
23779,141.0,89.0,971.0
23780,141.0,89.0,1222.0
23781,141.0,89.0,1223.0
23782,141.0,89.0,1224.0
23783,141.0,89.0,1225.0
23784,141.0,89.0,1226.0
23785,141.0,89.0,1227.0
23786,141.0,89.0,1478.0
23787,141.0,89.0,1479.0
23788,141.0,89.0,1480.0
23789,141.0,89.0,1481.0
23790,141.0,89.0,1482.0
23791,141.0,89.0,1483.0
23792,141.0,89.0,1734.0
23793,141.0,89.0,1735.0
23794,141.0,89.0,1736.0
23795,141.0,89.0,1737.0
23796,141.0,89.0,1738.0
23797,141.0,89.0,1739.0
23798,141.0,89.0,1990.0
23799,141.0,89.0,1991.0
23800,141.0,89.0,1992.0
23801,141.0,89.0,1993.0
23802,141.0,89.0,1994.0
23803,141.0,89.0,1995.0
23804,141.0,90.0,449.0
23805,141.0,90.0,455.0
23806,141.0,90.0,705.0
23807,141.0,90.0,711.0
23808,141.0,90.0,961.0
23809,141.0,90.0,967.0
23810,141.0,90.0,1217.0
23811,141.0,90.0,1223.0
23812,141.0,90.0,1473.0
23813,141.0,90.0,1479.0
23814,141.0,90.0,1729.0
23815,141.0,90.0,1735.0
23816,141.0,90.0,1985.0
23817,141.0,90.0,1991.0
23818,141.0,94.0,458.0
23819,141.0,94.0,459.0
23820,141.0,94.0,714.0
23821,141.0,94.0,715.0
23822,141.0,94.0,970.0
23823,141.0,94.0,971.0
23824,141.0,94.0,1226.0
23825,141.0,94.0,1227.0
23826,141.0,94.0,1482.0
23827,141.0,94.0,1483.0
23828,141.0,94.0,1738.0
23829,141.0,94.0,1739.0
23830,141.0,94.0,1994.0
23831,141.0,94.0,1995.0
23832,141.0,95.0,458.0
23833,141.0,95.0,459.0
23834,141.0,95.0,714.0
23835,141.0,95.0,715.0
23836,141.0,95.0,970.0
23837,141.0,95.0,971.0
23838,141.0,95.0,1226.0
23839,141.0,95.0,1227.0
23840,141.0,95.0,1482.0
23841,141.0,95.0,1483.0
23842,141.0,95.0,1738.0
23843,141.0,95.0,1739.0
23844,141.0,95.0,1994.0
23845,141.0,95.0,1995.0
23846,141.0,96.0,456.0
23847,141.0,96.0,712.0
23848,141.0,96.0,968.0
23849,141.0,96.0,1224.0
23850,141.0,96.0,1480.0
23851,141.0,96.0,1736.0
23852,141.0,96.0,1992.0
23853,141.0,101.0,465.0
23854,141.0,102.0,445.0
23855,141.0,102.0,446.0
23856,141.0,102.0,957.0
23857,141.0,102.0,958.0
23858,141.0,102.0,1213.0
23859,141.0,102.0,1214.0
23860,141.0,102.0,1469.0
23861,141.0,102.0,1470.0
23862,141.0,102.0,1725.0
23863,141.0,102.0,1726.0
23864,141.0,102.0,1981.0
23865,141.0,102.0,1982.0
23866,141.0,103.0,445.0
23867,141.0,103.0,446.0
23868,141.0,103.0,957.0
23869,141.0,103.0,958.0
23870,141.0,103.0,1213.0
23871,141.0,103.0,1214.0
23872,141.0,103.0,1469.0
23873,141.0,103.0,1470.0
23874,141.0,103.0,1725.0
23875,141.0,103.0,1726.0
23876,141.0,103.0,1981.0
23877,141.0,103.0,1982.0
23878,141.0,104.0,431.0
23879,141.0,104.0,687.0
23880,141.0,104.0,943.0
23881,141.0,104.0,1199.0
23882,141.0,104.0,1455.0
23883,141.0,104.0,1711.0
23884,141.0,104.0,1967.0
23885,141.0,105.0,429.0
23886,141.0,105.0,430.0
23887,141.0,105.0,431.0
23888,141.0,105.0,685.0
23889,141.0,105.0,686.0
23890,141.0,105.0,687.0
23891,141.0,105.0,941.0
23892,141.0,105.0,942.0
23893,141.0,105.0,943.0
23894,141.0,105.0,1197.0
23895,141.0,105.0,1198.0
23896,141.0,105.0,1199.0
23897,141.0,105.0,1453.0
23898,141.0,105.0,1454.0
23899,141.0,105.0,1455.0
23900,141.0,105.0,1709.0
23901,141.0,105.0,1710.0
23902,141.0,105.0,1711.0
23903,141.0,105.0,1965.0
23904,141.0,105.0,1966.0
23905,141.0,105.0,1967.0
23906,141.0,106.0,429.0
23907,141.0,106.0,430.0
23908,141.0,106.0,431.0
23909,141.0,106.0,685.0
23910,141.0,106.0,686.0
23911,141.0,106.0,687.0
23912,141.0,106.0,941.0
23913,141.0,106.0,942.0
23914,141.0,106.0,943.0
23915,141.0,106.0,1197.0
23916,141.0,106.0,1198.0
23917,141.0,106.0,1199.0
23918,141.0,106.0,1453.0
23919,141.0,106.0,1454.0
23920,141.0,106.0,1455.0
23921,141.0,106.0,1709.0
23922,141.0,106.0,1710.0
23923,141.0,106.0,1711.0
23924,141.0,106.0,1965.0
23925,141.0,106.0,1966.0
23926,141.0,106.0,1967.0
23927,141.0,107.0,430.0
23928,141.0,107.0,686.0
23929,141.0,107.0,942.0
23930,141.0,107.0,1198.0
23931,141.0,107.0,1454.0
23932,141.0,107.0,1710.0
23933,141.0,107.0,1966.0
23934,142.0,26.0,440.0
23935,142.0,26.0,441.0
23936,142.0,26.0,442.0
23937,142.0,26.0,696.0
23938,142.0,26.0,697.0
23939,142.0,26.0,698.0
23940,142.0,26.0,952.0
23941,142.0,26.0,953.0
23942,142.0,26.0,954.0
23943,142.0,26.0,1208.0
23944,142.0,26.0,1209.0
23945,142.0,26.0,1210.0
23946,142.0,26.0,1464.0
23947,142.0,26.0,1465.0
23948,142.0,26.0,1466.0
23949,142.0,26.0,1720.0
23950,142.0,26.0,1721.0
23951,142.0,26.0,1722.0
23952,142.0,26.0,1976.0
23953,142.0,26.0,1977.0
23954,142.0,26.0,1978.0
23955,142.0,27.0,438.0
23956,142.0,27.0,439.0
23957,142.0,27.0,694.0
23958,142.0,27.0,695.0
23959,142.0,27.0,950.0
23960,142.0,27.0,951.0
23961,142.0,27.0,1206.0
23962,142.0,27.0,1207.0
23963,142.0,27.0,1462.0
23964,142.0,27.0,1463.0
23965,142.0,27.0,1718.0
23966,142.0,27.0,1719.0
23967,142.0,27.0,1974.0
23968,142.0,27.0,1975.0
23969,142.0,31.0,427.0
23970,142.0,39.0,404.0
23971,142.0,39.0,405.0
23972,142.0,43.0,460.0
23973,142.0,43.0,461.0
23974,142.0,45.0,458.0
23975,142.0,45.0,459.0
23976,142.0,45.0,460.0
23977,142.0,47.0,457.0
23978,142.0,50.0,452.0
23979,142.0,50.0,453.0
23980,142.0,50.0,461.0
23981,142.0,50.0,462.0
23982,142.0,50.0,708.0
23983,142.0,50.0,709.0
23984,142.0,50.0,964.0
23985,142.0,50.0,965.0
23986,142.0,50.0,973.0
23987,142.0,50.0,974.0
23988,142.0,50.0,1220.0
23989,142.0,50.0,1221.0
23990,142.0,50.0,1229.0
23991,142.0,50.0,1230.0
23992,142.0,50.0,1476.0
23993,142.0,50.0,1477.0
23994,142.0,50.0,1485.0
23995,142.0,50.0,1486.0
23996,142.0,50.0,1732.0
23997,142.0,50.0,1733.0
23998,142.0,50.0,1988.0
23999,142.0,50.0,1989.0
24000,142.0,50.0,1997.0
24001,142.0,50.0,1998.0
24002,142.0,51.0,451.0
24003,142.0,51.0,452.0
24004,142.0,51.0,453.0
24005,142.0,51.0,462.0
24006,142.0,51.0,707.0
24007,142.0,51.0,708.0
24008,142.0,51.0,709.0
24009,142.0,51.0,963.0
24010,142.0,51.0,964.0
24011,142.0,51.0,965.0
24012,142.0,51.0,974.0
24013,142.0,51.0,1219.0
24014,142.0,51.0,1220.0
24015,142.0,51.0,1221.0
24016,142.0,51.0,1230.0
24017,142.0,51.0,1475.0
24018,142.0,51.0,1476.0
24019,142.0,51.0,1477.0
24020,142.0,51.0,1486.0
24021,142.0,51.0,1731.0
24022,142.0,51.0,1732.0
24023,142.0,51.0,1733.0
24024,142.0,51.0,1987.0
24025,142.0,51.0,1988.0
24026,142.0,51.0,1989.0
24027,142.0,51.0,1998.0
24028,142.0,52.0,450.0
24029,142.0,52.0,457.0
24030,142.0,52.0,706.0
24031,142.0,52.0,962.0
24032,142.0,52.0,1218.0
24033,142.0,52.0,1474.0
24034,142.0,52.0,1730.0
24035,142.0,52.0,1986.0
24036,142.0,62.0,446.0
24037,142.0,62.0,702.0
24038,142.0,62.0,958.0
24039,142.0,62.0,1214.0
24040,142.0,62.0,1470.0
24041,142.0,62.0,1726.0
24042,142.0,62.0,1982.0
24043,142.0,68.0,445.0
24044,142.0,68.0,446.0
24045,142.0,68.0,447.0
24046,142.0,68.0,448.0
24047,142.0,68.0,957.0
24048,142.0,68.0,958.0
24049,142.0,68.0,959.0
24050,142.0,68.0,960.0
24051,142.0,68.0,1213.0
24052,142.0,68.0,1214.0
24053,142.0,68.0,1215.0
24054,142.0,68.0,1216.0
24055,142.0,68.0,1469.0
24056,142.0,68.0,1470.0
24057,142.0,68.0,1471.0
24058,142.0,68.0,1472.0
24059,142.0,68.0,1725.0
24060,142.0,68.0,1726.0
24061,142.0,68.0,1727.0
24062,142.0,68.0,1728.0
24063,142.0,68.0,1981.0
24064,142.0,68.0,1982.0
24065,142.0,68.0,1983.0
24066,142.0,68.0,1984.0
24067,142.0,69.0,444.0
24068,142.0,69.0,956.0
24069,142.0,69.0,1212.0
24070,142.0,69.0,1468.0
24071,142.0,69.0,1724.0
24072,142.0,69.0,1980.0
24073,142.0,71.0,451.0
24074,142.0,71.0,452.0
24075,142.0,72.0,450.0
24076,142.0,72.0,451.0
24077,142.0,72.0,452.0
24078,142.0,72.0,460.0
24079,142.0,72.0,461.0
24080,142.0,72.0,463.0
24081,142.0,72.0,464.0
24082,142.0,72.0,465.0
24083,142.0,72.0,466.0
24084,142.0,72.0,716.0
24085,142.0,72.0,717.0
24086,142.0,72.0,972.0
24087,142.0,72.0,973.0
24088,142.0,72.0,977.0
24089,142.0,72.0,978.0
24090,142.0,72.0,1228.0
24091,142.0,72.0,1229.0
24092,142.0,72.0,1233.0
24093,142.0,72.0,1234.0
24094,142.0,72.0,1484.0
24095,142.0,72.0,1485.0
24096,142.0,72.0,1489.0
24097,142.0,72.0,1490.0
24098,142.0,72.0,1740.0
24099,142.0,72.0,1741.0
24100,142.0,72.0,1745.0
24101,142.0,72.0,1746.0
24102,142.0,72.0,1996.0
24103,142.0,72.0,1997.0
24104,142.0,72.0,2001.0
24105,142.0,72.0,2002.0
24106,142.0,73.0,449.0
24107,142.0,74.0,455.0
24108,142.0,75.0,454.0
24109,142.0,75.0,710.0
24110,142.0,75.0,966.0
24111,142.0,75.0,1222.0
24112,142.0,75.0,1478.0
24113,142.0,75.0,1734.0
24114,142.0,75.0,1990.0
24115,142.0,76.0,449.0
24116,142.0,77.0,455.0
24117,142.0,77.0,456.0
24118,142.0,77.0,711.0
24119,142.0,77.0,712.0
24120,142.0,77.0,967.0
24121,142.0,77.0,968.0
24122,142.0,77.0,1223.0
24123,142.0,77.0,1224.0
24124,142.0,77.0,1479.0
24125,142.0,77.0,1480.0
24126,142.0,77.0,1735.0
24127,142.0,77.0,1736.0
24128,142.0,77.0,1991.0
24129,142.0,77.0,1992.0
24130,142.0,78.0,454.0
24131,142.0,78.0,455.0
24132,142.0,78.0,710.0
24133,142.0,78.0,711.0
24134,142.0,78.0,966.0
24135,142.0,78.0,967.0
24136,142.0,78.0,1222.0
24137,142.0,78.0,1223.0
24138,142.0,78.0,1478.0
24139,142.0,78.0,1479.0
24140,142.0,78.0,1734.0
24141,142.0,78.0,1735.0
24142,142.0,78.0,1990.0
24143,142.0,78.0,1991.0
24144,142.0,79.0,449.0
24145,142.0,79.0,450.0
24146,142.0,79.0,451.0
24147,142.0,79.0,454.0
24148,142.0,79.0,455.0
24149,142.0,79.0,456.0
24150,142.0,79.0,705.0
24151,142.0,79.0,706.0
24152,142.0,79.0,707.0
24153,142.0,79.0,710.0
24154,142.0,79.0,711.0
24155,142.0,79.0,712.0
24156,142.0,79.0,961.0
24157,142.0,79.0,962.0
24158,142.0,79.0,963.0
24159,142.0,79.0,966.0
24160,142.0,79.0,967.0
24161,142.0,79.0,968.0
24162,142.0,79.0,1217.0
24163,142.0,79.0,1218.0
24164,142.0,79.0,1219.0
24165,142.0,79.0,1222.0
24166,142.0,79.0,1223.0
24167,142.0,79.0,1224.0
24168,142.0,79.0,1473.0
24169,142.0,79.0,1474.0
24170,142.0,79.0,1475.0
24171,142.0,79.0,1478.0
24172,142.0,79.0,1479.0
24173,142.0,79.0,1480.0
24174,142.0,79.0,1729.0
24175,142.0,79.0,1730.0
24176,142.0,79.0,1731.0
24177,142.0,79.0,1734.0
24178,142.0,79.0,1735.0
24179,142.0,79.0,1736.0
24180,142.0,79.0,1985.0
24181,142.0,79.0,1986.0
24182,142.0,79.0,1987.0
24183,142.0,79.0,1990.0
24184,142.0,79.0,1991.0
24185,142.0,79.0,1992.0
24186,142.0,80.0,448.0
24187,142.0,80.0,449.0
24188,142.0,80.0,450.0
24189,142.0,80.0,455.0
24190,142.0,80.0,456.0
24191,142.0,80.0,704.0
24192,142.0,80.0,705.0
24193,142.0,80.0,706.0
24194,142.0,80.0,711.0
24195,142.0,80.0,712.0
24196,142.0,80.0,960.0
24197,142.0,80.0,961.0
24198,142.0,80.0,962.0
24199,142.0,80.0,967.0
24200,142.0,80.0,968.0
24201,142.0,80.0,1216.0
24202,142.0,80.0,1217.0
24203,142.0,80.0,1218.0
24204,142.0,80.0,1223.0
24205,142.0,80.0,1224.0
24206,142.0,80.0,1472.0
24207,142.0,80.0,1473.0
24208,142.0,80.0,1474.0
24209,142.0,80.0,1479.0
24210,142.0,80.0,1480.0
24211,142.0,80.0,1728.0
24212,142.0,80.0,1729.0
24213,142.0,80.0,1730.0
24214,142.0,80.0,1735.0
24215,142.0,80.0,1736.0
24216,142.0,80.0,1984.0
24217,142.0,80.0,1985.0
24218,142.0,80.0,1986.0
24219,142.0,80.0,1991.0
24220,142.0,80.0,1992.0
24221,142.0,81.0,453.0
24222,142.0,81.0,454.0
24223,142.0,81.0,709.0
24224,142.0,81.0,710.0
24225,142.0,81.0,965.0
24226,142.0,81.0,966.0
24227,142.0,81.0,1221.0
24228,142.0,81.0,1222.0
24229,142.0,81.0,1477.0
24230,142.0,81.0,1478.0
24231,142.0,81.0,1733.0
24232,142.0,81.0,1734.0
24233,142.0,81.0,1989.0
24234,142.0,81.0,1990.0
24235,142.0,82.0,453.0
24236,142.0,82.0,454.0
24237,142.0,82.0,709.0
24238,142.0,82.0,710.0
24239,142.0,82.0,965.0
24240,142.0,82.0,966.0
24241,142.0,82.0,1221.0
24242,142.0,82.0,1222.0
24243,142.0,82.0,1477.0
24244,142.0,82.0,1478.0
24245,142.0,82.0,1733.0
24246,142.0,82.0,1734.0
24247,142.0,82.0,1989.0
24248,142.0,82.0,1990.0
24249,142.0,85.0,457.0
24250,142.0,85.0,465.0
24251,142.0,85.0,466.0
24252,142.0,85.0,713.0
24253,142.0,85.0,969.0
24254,142.0,85.0,1225.0
24255,142.0,85.0,1481.0
24256,142.0,85.0,1737.0
24257,142.0,85.0,1993.0
24258,142.0,86.0,450.0
24259,142.0,86.0,451.0
24260,142.0,86.0,452.0
24261,142.0,86.0,463.0
24262,142.0,86.0,706.0
24263,142.0,86.0,707.0
24264,142.0,86.0,708.0
24265,142.0,86.0,962.0
24266,142.0,86.0,963.0
24267,142.0,86.0,964.0
24268,142.0,86.0,1218.0
24269,142.0,86.0,1219.0
24270,142.0,86.0,1220.0
24271,142.0,86.0,1474.0
24272,142.0,86.0,1475.0
24273,142.0,86.0,1476.0
24274,142.0,86.0,1730.0
24275,142.0,86.0,1731.0
24276,142.0,86.0,1732.0
24277,142.0,86.0,1986.0
24278,142.0,86.0,1987.0
24279,142.0,86.0,1988.0
24280,142.0,87.0,448.0
24281,142.0,87.0,449.0
24282,142.0,87.0,450.0
24283,142.0,87.0,451.0
24284,142.0,87.0,452.0
24285,142.0,87.0,453.0
24286,142.0,87.0,704.0
24287,142.0,87.0,705.0
24288,142.0,87.0,706.0
24289,142.0,87.0,707.0
24290,142.0,87.0,708.0
24291,142.0,87.0,709.0
24292,142.0,87.0,960.0
24293,142.0,87.0,961.0
24294,142.0,87.0,962.0
24295,142.0,87.0,963.0
24296,142.0,87.0,964.0
24297,142.0,87.0,965.0
24298,142.0,87.0,1216.0
24299,142.0,87.0,1217.0
24300,142.0,87.0,1218.0
24301,142.0,87.0,1219.0
24302,142.0,87.0,1220.0
24303,142.0,87.0,1221.0
24304,142.0,87.0,1472.0
24305,142.0,87.0,1473.0
24306,142.0,87.0,1474.0
24307,142.0,87.0,1475.0
24308,142.0,87.0,1476.0
24309,142.0,87.0,1477.0
24310,142.0,87.0,1728.0
24311,142.0,87.0,1729.0
24312,142.0,87.0,1730.0
24313,142.0,87.0,1731.0
24314,142.0,87.0,1732.0
24315,142.0,87.0,1733.0
24316,142.0,87.0,1984.0
24317,142.0,87.0,1985.0
24318,142.0,87.0,1986.0
24319,142.0,87.0,1987.0
24320,142.0,87.0,1988.0
24321,142.0,87.0,1989.0
24322,142.0,89.0,455.0
24323,142.0,89.0,456.0
24324,142.0,89.0,457.0
24325,142.0,89.0,711.0
24326,142.0,89.0,712.0
24327,142.0,89.0,713.0
24328,142.0,89.0,967.0
24329,142.0,89.0,968.0
24330,142.0,89.0,969.0
24331,142.0,89.0,1223.0
24332,142.0,89.0,1224.0
24333,142.0,89.0,1225.0
24334,142.0,89.0,1479.0
24335,142.0,89.0,1480.0
24336,142.0,89.0,1481.0
24337,142.0,89.0,1735.0
24338,142.0,89.0,1736.0
24339,142.0,89.0,1737.0
24340,142.0,89.0,1991.0
24341,142.0,89.0,1992.0
24342,142.0,89.0,1993.0
24343,142.0,90.0,448.0
24344,142.0,90.0,449.0
24345,142.0,90.0,455.0
24346,142.0,90.0,704.0
24347,142.0,90.0,705.0
24348,142.0,90.0,711.0
24349,142.0,90.0,960.0
24350,142.0,90.0,961.0
24351,142.0,90.0,967.0
24352,142.0,90.0,1216.0
24353,142.0,90.0,1217.0
24354,142.0,90.0,1223.0
24355,142.0,90.0,1472.0
24356,142.0,90.0,1473.0
24357,142.0,90.0,1479.0
24358,142.0,90.0,1728.0
24359,142.0,90.0,1729.0
24360,142.0,90.0,1735.0
24361,142.0,90.0,1984.0
24362,142.0,90.0,1985.0
24363,142.0,90.0,1991.0
24364,142.0,91.0,467.0
24365,142.0,92.0,466.0
24366,142.0,92.0,467.0
24367,142.0,94.0,451.0
24368,142.0,94.0,457.0
24369,142.0,94.0,707.0
24370,142.0,94.0,963.0
24371,142.0,94.0,1219.0
24372,142.0,94.0,1475.0
24373,142.0,94.0,1731.0
24374,142.0,94.0,1987.0
24375,142.0,95.0,450.0
24376,142.0,95.0,706.0
24377,142.0,95.0,962.0
24378,142.0,95.0,1218.0
24379,142.0,95.0,1474.0
24380,142.0,95.0,1730.0
24381,142.0,95.0,1986.0
24382,142.0,99.0,446.0
24383,142.0,99.0,447.0
24384,142.0,100.0,446.0
24385,142.0,100.0,447.0
24386,142.0,100.0,448.0
24387,142.0,100.0,449.0
24388,142.0,100.0,450.0
24389,142.0,103.0,445.0
24390,142.0,103.0,446.0
24391,142.0,103.0,957.0
24392,142.0,103.0,958.0
24393,142.0,103.0,1213.0
24394,142.0,103.0,1214.0
24395,142.0,103.0,1469.0
24396,142.0,103.0,1470.0
24397,142.0,103.0,1725.0
24398,142.0,103.0,1726.0
24399,142.0,103.0,1981.0
24400,142.0,103.0,1982.0
24401,142.0,105.0,429.0
24402,142.0,105.0,430.0
24403,142.0,105.0,457.0
24404,142.0,105.0,685.0
24405,142.0,105.0,686.0
24406,142.0,105.0,941.0
24407,142.0,105.0,942.0
24408,142.0,105.0,1197.0
24409,142.0,105.0,1198.0
24410,142.0,105.0,1453.0
24411,142.0,105.0,1454.0
24412,142.0,105.0,1709.0
24413,142.0,105.0,1710.0
24414,142.0,105.0,1965.0
24415,142.0,105.0,1966.0
24416,142.0,106.0,427.0
24417,142.0,106.0,428.0
24418,142.0,106.0,430.0
24419,142.0,106.0,456.0
24420,142.0,106.0,457.0
24421,142.0,106.0,458.0
24422,142.0,106.0,683.0
24423,142.0,106.0,684.0
24424,142.0,106.0,686.0
24425,142.0,106.0,939.0
24426,142.0,106.0,940.0
24427,142.0,106.0,942.0
24428,142.0,106.0,1195.0
24429,142.0,106.0,1196.0
24430,142.0,106.0,1198.0
24431,142.0,106.0,1451.0
24432,142.0,106.0,1452.0
24433,142.0,106.0,1454.0
24434,142.0,106.0,1707.0
24435,142.0,106.0,1708.0
24436,142.0,106.0,1710.0
24437,142.0,106.0,1963.0
24438,142.0,106.0,1964.0
24439,142.0,106.0,1966.0
24440,142.0,109.0,434.0
24441,142.0,109.0,435.0
24442,142.0,109.0,690.0
24443,142.0,109.0,691.0
24444,142.0,109.0,946.0
24445,142.0,109.0,947.0
24446,142.0,109.0,1202.0
24447,142.0,109.0,1203.0
24448,142.0,109.0,1458.0
24449,142.0,109.0,1459.0
24450,142.0,109.0,1714.0
24451,142.0,109.0,1715.0
24452,142.0,109.0,1970.0
24453,142.0,109.0,1971.0
24454,142.0,110.0,434.0
24455,142.0,110.0,435.0
24456,142.0,110.0,436.0
24457,142.0,110.0,690.0
24458,142.0,110.0,691.0
24459,142.0,110.0,692.0
24460,142.0,110.0,946.0
24461,142.0,110.0,947.0
24462,142.0,110.0,948.0
24463,142.0,110.0,1202.0
24464,142.0,110.0,1203.0
24465,142.0,110.0,1204.0
24466,142.0,110.0,1458.0
24467,142.0,110.0,1459.0
24468,142.0,110.0,1460.0
24469,142.0,110.0,1714.0
24470,142.0,110.0,1715.0
24471,142.0,110.0,1716.0
24472,142.0,110.0,1970.0
24473,142.0,110.0,1971.0
24474,142.0,110.0,1972.0
24475,142.0,111.0,436.0
24476,142.0,111.0,692.0
24477,142.0,111.0,948.0
24478,142.0,111.0,1204.0
24479,142.0,111.0,1460.0
24480,142.0,111.0,1716.0
24481,142.0,111.0,1972.0
24482,143.0,26.0,440.0
24483,143.0,26.0,696.0
24484,143.0,26.0,952.0
24485,143.0,26.0,1208.0
24486,143.0,26.0,1464.0
24487,143.0,26.0,1720.0
24488,143.0,26.0,1976.0
24489,143.0,27.0,439.0
24490,143.0,27.0,695.0
24491,143.0,27.0,951.0
24492,143.0,27.0,1207.0
24493,143.0,27.0,1463.0
24494,143.0,27.0,1719.0
24495,143.0,27.0,1975.0
24496,143.0,31.0,428.0
24497,143.0,32.0,427.0
24498,143.0,47.0,457.0
24499,143.0,47.0,458.0
24500,143.0,48.0,448.0
24501,143.0,48.0,449.0
24502,143.0,49.0,448.0
24503,143.0,49.0,449.0
24504,143.0,52.0,456.0
24505,143.0,53.0,453.0
24506,143.0,53.0,454.0
24507,143.0,54.0,453.0
24508,143.0,54.0,454.0
24509,143.0,61.0,446.0
24510,143.0,61.0,449.0
24511,143.0,61.0,702.0
24512,143.0,61.0,705.0
24513,143.0,61.0,958.0
24514,143.0,61.0,961.0
24515,143.0,61.0,1214.0
24516,143.0,61.0,1217.0
24517,143.0,61.0,1470.0
24518,143.0,61.0,1473.0
24519,143.0,61.0,1726.0
24520,143.0,61.0,1729.0
24521,143.0,61.0,1982.0
24522,143.0,61.0,1985.0
24523,143.0,62.0,446.0
24524,143.0,62.0,447.0
24525,143.0,62.0,702.0
24526,143.0,62.0,703.0
24527,143.0,62.0,958.0
24528,143.0,62.0,959.0
24529,143.0,62.0,1214.0
24530,143.0,62.0,1215.0
24531,143.0,62.0,1470.0
24532,143.0,62.0,1471.0
24533,143.0,62.0,1726.0
24534,143.0,62.0,1727.0
24535,143.0,62.0,1982.0
24536,143.0,62.0,1983.0
24537,143.0,72.0,460.0
24538,143.0,72.0,461.0
24539,143.0,72.0,716.0
24540,143.0,72.0,717.0
24541,143.0,72.0,972.0
24542,143.0,72.0,973.0
24543,143.0,72.0,1228.0
24544,143.0,72.0,1229.0
24545,143.0,72.0,1484.0
24546,143.0,72.0,1485.0
24547,143.0,72.0,1740.0
24548,143.0,72.0,1741.0
24549,143.0,72.0,1996.0
24550,143.0,72.0,1997.0
24551,143.0,74.0,456.0
24552,143.0,74.0,712.0
24553,143.0,74.0,968.0
24554,143.0,74.0,1224.0
24555,143.0,74.0,1480.0
24556,143.0,74.0,1736.0
24557,143.0,74.0,1992.0
24558,143.0,75.0,454.0
24559,143.0,75.0,455.0
24560,143.0,75.0,710.0
24561,143.0,75.0,711.0
24562,143.0,75.0,966.0
24563,143.0,75.0,967.0
24564,143.0,75.0,1222.0
24565,143.0,75.0,1223.0
24566,143.0,75.0,1478.0
24567,143.0,75.0,1479.0
24568,143.0,75.0,1734.0
24569,143.0,75.0,1735.0
24570,143.0,75.0,1990.0
24571,143.0,75.0,1991.0
24572,143.0,76.0,453.0
24573,143.0,76.0,454.0
24574,143.0,76.0,709.0
24575,143.0,76.0,710.0
24576,143.0,76.0,965.0
24577,143.0,76.0,966.0
24578,143.0,76.0,1221.0
24579,143.0,76.0,1222.0
24580,143.0,76.0,1477.0
24581,143.0,76.0,1478.0
24582,143.0,76.0,1733.0
24583,143.0,76.0,1734.0
24584,143.0,76.0,1989.0
24585,143.0,76.0,1990.0
24586,143.0,80.0,450.0
24587,143.0,80.0,452.0
24588,143.0,80.0,706.0
24589,143.0,80.0,962.0
24590,143.0,80.0,1218.0
24591,143.0,80.0,1474.0
24592,143.0,80.0,1730.0
24593,143.0,80.0,1986.0
24594,143.0,85.0,465.0
24595,143.0,85.0,466.0
24596,143.0,86.0,448.0
24597,143.0,86.0,449.0
24598,143.0,86.0,450.0
24599,143.0,86.0,451.0
24600,143.0,86.0,452.0
24601,143.0,86.0,463.0
24602,143.0,86.0,464.0
24603,143.0,86.0,704.0
24604,143.0,86.0,705.0
24605,143.0,86.0,706.0
24606,143.0,86.0,707.0
24607,143.0,86.0,708.0
24608,143.0,86.0,960.0
24609,143.0,86.0,961.0
24610,143.0,86.0,962.0
24611,143.0,86.0,963.0
24612,143.0,86.0,964.0
24613,143.0,86.0,1216.0
24614,143.0,86.0,1217.0
24615,143.0,86.0,1218.0
24616,143.0,86.0,1219.0
24617,143.0,86.0,1220.0
24618,143.0,86.0,1472.0
24619,143.0,86.0,1473.0
24620,143.0,86.0,1474.0
24621,143.0,86.0,1475.0
24622,143.0,86.0,1476.0
24623,143.0,86.0,1728.0
24624,143.0,86.0,1729.0
24625,143.0,86.0,1730.0
24626,143.0,86.0,1731.0
24627,143.0,86.0,1732.0
24628,143.0,86.0,1984.0
24629,143.0,86.0,1985.0
24630,143.0,86.0,1986.0
24631,143.0,86.0,1987.0
24632,143.0,86.0,1988.0
24633,143.0,87.0,448.0
24634,143.0,87.0,449.0
24635,143.0,87.0,450.0
24636,143.0,87.0,451.0
24637,143.0,87.0,452.0
24638,143.0,87.0,453.0
24639,143.0,87.0,704.0
24640,143.0,87.0,705.0
24641,143.0,87.0,706.0
24642,143.0,87.0,707.0
24643,143.0,87.0,708.0
24644,143.0,87.0,709.0
24645,143.0,87.0,960.0
24646,143.0,87.0,961.0
24647,143.0,87.0,962.0
24648,143.0,87.0,963.0
24649,143.0,87.0,964.0
24650,143.0,87.0,965.0
24651,143.0,87.0,1216.0
24652,143.0,87.0,1217.0
24653,143.0,87.0,1218.0
24654,143.0,87.0,1219.0
24655,143.0,87.0,1220.0
24656,143.0,87.0,1221.0
24657,143.0,87.0,1472.0
24658,143.0,87.0,1473.0
24659,143.0,87.0,1474.0
24660,143.0,87.0,1475.0
24661,143.0,87.0,1476.0
24662,143.0,87.0,1477.0
24663,143.0,87.0,1728.0
24664,143.0,87.0,1729.0
24665,143.0,87.0,1730.0
24666,143.0,87.0,1731.0
24667,143.0,87.0,1732.0
24668,143.0,87.0,1733.0
24669,143.0,87.0,1984.0
24670,143.0,87.0,1985.0
24671,143.0,87.0,1986.0
24672,143.0,87.0,1987.0
24673,143.0,87.0,1988.0
24674,143.0,87.0,1989.0
24675,143.0,88.0,447.0
24676,143.0,88.0,448.0
24677,143.0,88.0,449.0
24678,143.0,88.0,450.0
24679,143.0,88.0,451.0
24680,143.0,88.0,456.0
24681,143.0,88.0,703.0
24682,143.0,88.0,704.0
24683,143.0,88.0,705.0
24684,143.0,88.0,706.0
24685,143.0,88.0,707.0
24686,143.0,88.0,712.0
24687,143.0,88.0,959.0
24688,143.0,88.0,960.0
24689,143.0,88.0,961.0
24690,143.0,88.0,962.0
24691,143.0,88.0,963.0
24692,143.0,88.0,968.0
24693,143.0,88.0,1215.0
24694,143.0,88.0,1216.0
24695,143.0,88.0,1217.0
24696,143.0,88.0,1218.0
24697,143.0,88.0,1219.0
24698,143.0,88.0,1224.0
24699,143.0,88.0,1471.0
24700,143.0,88.0,1472.0
24701,143.0,88.0,1473.0
24702,143.0,88.0,1474.0
24703,143.0,88.0,1475.0
24704,143.0,88.0,1480.0
24705,143.0,88.0,1727.0
24706,143.0,88.0,1728.0
24707,143.0,88.0,1729.0
24708,143.0,88.0,1730.0
24709,143.0,88.0,1731.0
24710,143.0,88.0,1736.0
24711,143.0,88.0,1983.0
24712,143.0,88.0,1984.0
24713,143.0,88.0,1985.0
24714,143.0,88.0,1986.0
24715,143.0,88.0,1987.0
24716,143.0,88.0,1992.0
24717,143.0,89.0,455.0
24718,143.0,89.0,456.0
24719,143.0,89.0,711.0
24720,143.0,89.0,712.0
24721,143.0,89.0,967.0
24722,143.0,89.0,968.0
24723,143.0,89.0,1223.0
24724,143.0,89.0,1224.0
24725,143.0,89.0,1479.0
24726,143.0,89.0,1480.0
24727,143.0,89.0,1735.0
24728,143.0,89.0,1736.0
24729,143.0,89.0,1991.0
24730,143.0,89.0,1992.0
24731,143.0,90.0,465.0
24732,143.0,90.0,466.0
24733,143.0,92.0,452.0
24734,143.0,92.0,453.0
24735,143.0,92.0,708.0
24736,143.0,92.0,709.0
24737,143.0,92.0,964.0
24738,143.0,92.0,965.0
24739,143.0,92.0,1220.0
24740,143.0,92.0,1221.0
24741,143.0,92.0,1476.0
24742,143.0,92.0,1477.0
24743,143.0,92.0,1732.0
24744,143.0,92.0,1733.0
24745,143.0,92.0,1988.0
24746,143.0,92.0,1989.0
24747,143.0,93.0,452.0
24748,143.0,93.0,453.0
24749,143.0,93.0,454.0
24750,143.0,93.0,455.0
24751,143.0,93.0,456.0
24752,143.0,93.0,462.0
24753,143.0,93.0,708.0
24754,143.0,93.0,709.0
24755,143.0,93.0,710.0
24756,143.0,93.0,711.0
24757,143.0,93.0,712.0
24758,143.0,93.0,718.0
24759,143.0,93.0,964.0
24760,143.0,93.0,965.0
24761,143.0,93.0,966.0
24762,143.0,93.0,967.0
24763,143.0,93.0,968.0
24764,143.0,93.0,974.0
24765,143.0,93.0,1220.0
24766,143.0,93.0,1221.0
24767,143.0,93.0,1222.0
24768,143.0,93.0,1223.0
24769,143.0,93.0,1224.0
24770,143.0,93.0,1230.0
24771,143.0,93.0,1476.0
24772,143.0,93.0,1477.0
24773,143.0,93.0,1478.0
24774,143.0,93.0,1479.0
24775,143.0,93.0,1480.0
24776,143.0,93.0,1486.0
24777,143.0,93.0,1732.0
24778,143.0,93.0,1733.0
24779,143.0,93.0,1734.0
24780,143.0,93.0,1735.0
24781,143.0,93.0,1736.0
24782,143.0,93.0,1742.0
24783,143.0,93.0,1988.0
24784,143.0,93.0,1989.0
24785,143.0,93.0,1990.0
24786,143.0,93.0,1991.0
24787,143.0,93.0,1992.0
24788,143.0,93.0,1998.0
24789,143.0,94.0,450.0
24790,143.0,94.0,451.0
24791,143.0,94.0,452.0
24792,143.0,94.0,453.0
24793,143.0,94.0,454.0
24794,143.0,94.0,455.0
24795,143.0,94.0,456.0
24796,143.0,94.0,463.0
24797,143.0,94.0,464.0
24798,143.0,94.0,706.0
24799,143.0,94.0,707.0
24800,143.0,94.0,708.0
24801,143.0,94.0,709.0
24802,143.0,94.0,710.0
24803,143.0,94.0,711.0
24804,143.0,94.0,712.0
24805,143.0,94.0,719.0
24806,143.0,94.0,720.0
24807,143.0,94.0,962.0
24808,143.0,94.0,963.0
24809,143.0,94.0,964.0
24810,143.0,94.0,965.0
24811,143.0,94.0,966.0
24812,143.0,94.0,967.0
24813,143.0,94.0,968.0
24814,143.0,94.0,975.0
24815,143.0,94.0,976.0
24816,143.0,94.0,1218.0
24817,143.0,94.0,1219.0
24818,143.0,94.0,1220.0
24819,143.0,94.0,1221.0
24820,143.0,94.0,1222.0
24821,143.0,94.0,1223.0
24822,143.0,94.0,1224.0
24823,143.0,94.0,1231.0
24824,143.0,94.0,1232.0
24825,143.0,94.0,1474.0
24826,143.0,94.0,1475.0
24827,143.0,94.0,1476.0
24828,143.0,94.0,1477.0
24829,143.0,94.0,1478.0
24830,143.0,94.0,1479.0
24831,143.0,94.0,1480.0
24832,143.0,94.0,1487.0
24833,143.0,94.0,1488.0
24834,143.0,94.0,1730.0
24835,143.0,94.0,1731.0
24836,143.0,94.0,1732.0
24837,143.0,94.0,1733.0
24838,143.0,94.0,1734.0
24839,143.0,94.0,1735.0
24840,143.0,94.0,1736.0
24841,143.0,94.0,1743.0
24842,143.0,94.0,1744.0
24843,143.0,94.0,1986.0
24844,143.0,94.0,1987.0
24845,143.0,94.0,1988.0
24846,143.0,94.0,1989.0
24847,143.0,94.0,1990.0
24848,143.0,94.0,1991.0
24849,143.0,94.0,1992.0
24850,143.0,94.0,1999.0
24851,143.0,94.0,2000.0
24852,143.0,95.0,450.0
24853,143.0,95.0,453.0
24854,143.0,95.0,454.0
24855,143.0,95.0,706.0
24856,143.0,95.0,709.0
24857,143.0,95.0,710.0
24858,143.0,95.0,962.0
24859,143.0,95.0,965.0
24860,143.0,95.0,966.0
24861,143.0,95.0,1218.0
24862,143.0,95.0,1221.0
24863,143.0,95.0,1222.0
24864,143.0,95.0,1474.0
24865,143.0,95.0,1477.0
24866,143.0,95.0,1478.0
24867,143.0,95.0,1730.0
24868,143.0,95.0,1733.0
24869,143.0,95.0,1734.0
24870,143.0,95.0,1986.0
24871,143.0,95.0,1989.0
24872,143.0,95.0,1990.0
24873,143.0,98.0,444.0
24874,143.0,98.0,459.0
24875,143.0,98.0,460.0
24876,143.0,98.0,461.0
24877,143.0,98.0,700.0
24878,143.0,98.0,715.0
24879,143.0,98.0,716.0
24880,143.0,98.0,717.0
24881,143.0,98.0,956.0
24882,143.0,98.0,971.0
24883,143.0,98.0,972.0
24884,143.0,98.0,973.0
24885,143.0,98.0,1212.0
24886,143.0,98.0,1227.0
24887,143.0,98.0,1228.0
24888,143.0,98.0,1229.0
24889,143.0,98.0,1468.0
24890,143.0,98.0,1483.0
24891,143.0,98.0,1484.0
24892,143.0,98.0,1485.0
24893,143.0,98.0,1724.0
24894,143.0,98.0,1739.0
24895,143.0,98.0,1740.0
24896,143.0,98.0,1741.0
24897,143.0,98.0,1980.0
24898,143.0,98.0,1995.0
24899,143.0,98.0,1996.0
24900,143.0,98.0,1997.0
24901,143.0,99.0,443.0
24902,143.0,99.0,444.0
24903,143.0,99.0,445.0
24904,143.0,99.0,458.0
24905,143.0,99.0,459.0
24906,143.0,99.0,460.0
24907,143.0,99.0,461.0
24908,143.0,99.0,699.0
24909,143.0,99.0,700.0
24910,143.0,99.0,701.0
24911,143.0,99.0,714.0
24912,143.0,99.0,715.0
24913,143.0,99.0,716.0
24914,143.0,99.0,717.0
24915,143.0,99.0,955.0
24916,143.0,99.0,956.0
24917,143.0,99.0,957.0
24918,143.0,99.0,970.0
24919,143.0,99.0,971.0
24920,143.0,99.0,972.0
24921,143.0,99.0,973.0
24922,143.0,99.0,1211.0
24923,143.0,99.0,1212.0
24924,143.0,99.0,1213.0
24925,143.0,99.0,1226.0
24926,143.0,99.0,1227.0
24927,143.0,99.0,1228.0
24928,143.0,99.0,1229.0
24929,143.0,99.0,1467.0
24930,143.0,99.0,1468.0
24931,143.0,99.0,1469.0
24932,143.0,99.0,1482.0
24933,143.0,99.0,1483.0
24934,143.0,99.0,1484.0
24935,143.0,99.0,1485.0
24936,143.0,99.0,1723.0
24937,143.0,99.0,1724.0
24938,143.0,99.0,1725.0
24939,143.0,99.0,1738.0
24940,143.0,99.0,1739.0
24941,143.0,99.0,1740.0
24942,143.0,99.0,1741.0
24943,143.0,99.0,1979.0
24944,143.0,99.0,1980.0
24945,143.0,99.0,1981.0
24946,143.0,99.0,1994.0
24947,143.0,99.0,1995.0
24948,143.0,99.0,1996.0
24949,143.0,99.0,1997.0
24950,143.0,103.0,445.0
24951,143.0,103.0,446.0
24952,143.0,103.0,957.0
24953,143.0,103.0,958.0
24954,143.0,103.0,1213.0
24955,143.0,103.0,1214.0
24956,143.0,103.0,1469.0
24957,143.0,103.0,1470.0
24958,143.0,103.0,1725.0
24959,143.0,103.0,1726.0
24960,143.0,103.0,1981.0
24961,143.0,103.0,1982.0
24962,143.0,104.0,427.0
24963,143.0,104.0,428.0
24964,143.0,104.0,429.0
24965,143.0,104.0,430.0
24966,143.0,104.0,437.0
24967,143.0,104.0,445.0
24968,143.0,104.0,453.0
24969,143.0,104.0,693.0
24970,143.0,104.0,709.0
24971,143.0,104.0,949.0
24972,143.0,104.0,957.0
24973,143.0,104.0,965.0
24974,143.0,104.0,1205.0
24975,143.0,104.0,1213.0
24976,143.0,104.0,1221.0
24977,143.0,104.0,1461.0
24978,143.0,104.0,1469.0
24979,143.0,104.0,1477.0
24980,143.0,104.0,1717.0
24981,143.0,104.0,1725.0
24982,143.0,104.0,1733.0
24983,143.0,104.0,1973.0
24984,143.0,104.0,1981.0
24985,143.0,104.0,1989.0
24986,143.0,105.0,434.0
24987,143.0,105.0,435.0
24988,143.0,105.0,436.0
24989,143.0,105.0,437.0
24990,143.0,105.0,438.0
24991,143.0,105.0,456.0
24992,143.0,105.0,690.0
24993,143.0,105.0,691.0
24994,143.0,105.0,692.0
24995,143.0,105.0,693.0
24996,143.0,105.0,694.0
24997,143.0,105.0,946.0
24998,143.0,105.0,947.0
24999,143.0,105.0,948.0
25000,143.0,105.0,949.0
25001,143.0,105.0,950.0
25002,143.0,105.0,1202.0
25003,143.0,105.0,1203.0
25004,143.0,105.0,1204.0
25005,143.0,105.0,1205.0
25006,143.0,105.0,1206.0
25007,143.0,105.0,1458.0
25008,143.0,105.0,1459.0
25009,143.0,105.0,1460.0
25010,143.0,105.0,1461.0
25011,143.0,105.0,1462.0
25012,143.0,105.0,1714.0
25013,143.0,105.0,1715.0
25014,143.0,105.0,1716.0
25015,143.0,105.0,1717.0
25016,143.0,105.0,1718.0
25017,143.0,105.0,1970.0
25018,143.0,105.0,1971.0
25019,143.0,105.0,1972.0
25020,143.0,105.0,1973.0
25021,143.0,105.0,1974.0
25022,143.0,109.0,455.0
25023,143.0,109.0,456.0
25024,143.0,109.0,457.0
25025,143.0,109.0,458.0
25026,143.0,109.0,459.0
25027,143.0,109.0,711.0
25028,143.0,109.0,712.0
25029,143.0,109.0,713.0
25030,143.0,109.0,714.0
25031,143.0,109.0,715.0
25032,143.0,109.0,967.0
25033,143.0,109.0,968.0
25034,143.0,109.0,969.0
25035,143.0,109.0,970.0
25036,143.0,109.0,971.0
25037,143.0,109.0,1223.0
25038,143.0,109.0,1224.0
25039,143.0,109.0,1225.0
25040,143.0,109.0,1226.0
25041,143.0,109.0,1227.0
25042,143.0,109.0,1479.0
25043,143.0,109.0,1480.0
25044,143.0,109.0,1481.0
25045,143.0,109.0,1482.0
25046,143.0,109.0,1483.0
25047,143.0,109.0,1735.0
25048,143.0,109.0,1736.0
25049,143.0,109.0,1737.0
25050,143.0,109.0,1738.0
25051,143.0,109.0,1739.0
25052,143.0,109.0,1991.0
25053,143.0,109.0,1992.0
25054,143.0,109.0,1993.0
25055,143.0,109.0,1994.0
25056,143.0,109.0,1995.0
25057,143.0,110.0,434.0
25058,143.0,110.0,435.0
25059,143.0,110.0,456.0
25060,143.0,110.0,458.0
25061,143.0,110.0,459.0
25062,143.0,110.0,690.0
25063,143.0,110.0,691.0
25064,143.0,110.0,712.0
25065,143.0,110.0,714.0
25066,143.0,110.0,715.0
25067,143.0,110.0,946.0
25068,143.0,110.0,947.0
25069,143.0,110.0,968.0
25070,143.0,110.0,970.0
25071,143.0,110.0,971.0
25072,143.0,110.0,1202.0
25073,143.0,110.0,1203.0
25074,143.0,110.0,1224.0
25075,143.0,110.0,1226.0
25076,143.0,110.0,1227.0
25077,143.0,110.0,1458.0
25078,143.0,110.0,1459.0
25079,143.0,110.0,1480.0
25080,143.0,110.0,1482.0
25081,143.0,110.0,1483.0
25082,143.0,110.0,1714.0
25083,143.0,110.0,1715.0
25084,143.0,110.0,1736.0
25085,143.0,110.0,1738.0
25086,143.0,110.0,1739.0
25087,143.0,110.0,1970.0
25088,143.0,110.0,1971.0
25089,143.0,110.0,1992.0
25090,143.0,110.0,1994.0
25091,143.0,110.0,1995.0
25092,143.0,111.0,432.0
25093,143.0,111.0,435.0
25094,143.0,111.0,436.0
25095,143.0,111.0,688.0
25096,143.0,111.0,691.0
25097,143.0,111.0,692.0
25098,143.0,111.0,944.0
25099,143.0,111.0,947.0
25100,143.0,111.0,948.0
25101,143.0,111.0,1200.0
25102,143.0,111.0,1203.0
25103,143.0,111.0,1204.0
25104,143.0,111.0,1456.0
25105,143.0,111.0,1459.0
25106,143.0,111.0,1460.0
25107,143.0,111.0,1712.0
25108,143.0,111.0,1715.0
25109,143.0,111.0,1716.0
25110,143.0,111.0,1968.0
25111,143.0,111.0,1971.0
25112,143.0,111.0,1972.0
25113,143.0,112.0,433.0
25114,143.0,112.0,434.0
25115,143.0,112.0,435.0
25116,143.0,112.0,436.0
25117,143.0,112.0,689.0
25118,143.0,112.0,690.0
25119,143.0,112.0,691.0
25120,143.0,112.0,692.0
25121,143.0,112.0,945.0
25122,143.0,112.0,946.0
25123,143.0,112.0,947.0
25124,143.0,112.0,948.0
25125,143.0,112.0,1201.0
25126,143.0,112.0,1202.0
25127,143.0,112.0,1203.0
25128,143.0,112.0,1204.0
25129,143.0,112.0,1457.0
25130,143.0,112.0,1458.0
25131,143.0,112.0,1459.0
25132,143.0,112.0,1460.0
25133,143.0,112.0,1713.0
25134,143.0,112.0,1714.0
25135,143.0,112.0,1715.0
25136,143.0,112.0,1716.0
25137,143.0,112.0,1969.0
25138,143.0,112.0,1970.0
25139,143.0,112.0,1971.0
25140,143.0,112.0,1972.0
25141,143.0,115.0,427.0
25142,143.0,115.0,428.0
25143,143.0,116.0,427.0
25144,144.0,21.0,429.0
25145,144.0,21.0,430.0
25146,144.0,22.0,428.0
25147,144.0,23.0,428.0
25148,144.0,23.0,429.0
25149,144.0,23.0,684.0
25150,144.0,23.0,685.0
25151,144.0,23.0,940.0
25152,144.0,23.0,941.0
25153,144.0,23.0,1196.0
25154,144.0,23.0,1197.0
25155,144.0,23.0,1452.0
25156,144.0,23.0,1453.0
25157,144.0,23.0,1708.0
25158,144.0,23.0,1709.0
25159,144.0,23.0,1964.0
25160,144.0,23.0,1965.0
25161,144.0,24.0,426.0
25162,144.0,24.0,682.0
25163,144.0,24.0,938.0
25164,144.0,24.0,1194.0
25165,144.0,24.0,1450.0
25166,144.0,24.0,1706.0
25167,144.0,24.0,1962.0
25168,144.0,25.0,427.0
25169,144.0,25.0,428.0
25170,144.0,30.0,426.0
25171,144.0,30.0,427.0
25172,144.0,30.0,428.0
25173,144.0,30.0,682.0
25174,144.0,30.0,683.0
25175,144.0,30.0,684.0
25176,144.0,30.0,938.0
25177,144.0,30.0,939.0
25178,144.0,30.0,940.0
25179,144.0,30.0,1194.0
25180,144.0,30.0,1195.0
25181,144.0,30.0,1196.0
25182,144.0,30.0,1450.0
25183,144.0,30.0,1451.0
25184,144.0,30.0,1452.0
25185,144.0,30.0,1706.0
25186,144.0,30.0,1707.0
25187,144.0,30.0,1708.0
25188,144.0,30.0,1962.0
25189,144.0,30.0,1963.0
25190,144.0,30.0,1964.0
25191,144.0,31.0,427.0
25192,144.0,31.0,683.0
25193,144.0,31.0,939.0
25194,144.0,31.0,1195.0
25195,144.0,31.0,1451.0
25196,144.0,31.0,1707.0
25197,144.0,31.0,1963.0
25198,144.0,47.0,430.0
25199,144.0,47.0,431.0
25200,144.0,47.0,432.0
25201,144.0,48.0,431.0
25202,144.0,49.0,455.0
25203,144.0,49.0,456.0
25204,144.0,49.0,457.0
25205,144.0,49.0,711.0
25206,144.0,49.0,712.0
25207,144.0,49.0,713.0
25208,144.0,49.0,967.0
25209,144.0,49.0,968.0
25210,144.0,49.0,969.0
25211,144.0,49.0,1223.0
25212,144.0,49.0,1224.0
25213,144.0,49.0,1225.0
25214,144.0,49.0,1479.0
25215,144.0,49.0,1480.0
25216,144.0,49.0,1481.0
25217,144.0,49.0,1735.0
25218,144.0,49.0,1736.0
25219,144.0,49.0,1737.0
25220,144.0,49.0,1991.0
25221,144.0,49.0,1992.0
25222,144.0,49.0,1993.0
25223,144.0,50.0,456.0
25224,144.0,50.0,712.0
25225,144.0,50.0,968.0
25226,144.0,50.0,1224.0
25227,144.0,50.0,1480.0
25228,144.0,50.0,1736.0
25229,144.0,50.0,1992.0
25230,144.0,61.0,446.0
25231,144.0,61.0,702.0
25232,144.0,61.0,958.0
25233,144.0,61.0,1214.0
25234,144.0,61.0,1470.0
25235,144.0,61.0,1726.0
25236,144.0,61.0,1982.0
25237,144.0,62.0,445.0
25238,144.0,62.0,446.0
25239,144.0,62.0,447.0
25240,144.0,62.0,701.0
25241,144.0,62.0,702.0
25242,144.0,62.0,703.0
25243,144.0,62.0,957.0
25244,144.0,62.0,958.0
25245,144.0,62.0,959.0
25246,144.0,62.0,1213.0
25247,144.0,62.0,1214.0
25248,144.0,62.0,1215.0
25249,144.0,62.0,1469.0
25250,144.0,62.0,1470.0
25251,144.0,62.0,1471.0
25252,144.0,62.0,1725.0
25253,144.0,62.0,1726.0
25254,144.0,62.0,1727.0
25255,144.0,62.0,1981.0
25256,144.0,62.0,1982.0
25257,144.0,62.0,1983.0
25258,144.0,76.0,458.0
25259,144.0,76.0,459.0
25260,144.0,76.0,714.0
25261,144.0,76.0,715.0
25262,144.0,76.0,970.0
25263,144.0,76.0,971.0
25264,144.0,76.0,1226.0
25265,144.0,76.0,1227.0
25266,144.0,76.0,1482.0
25267,144.0,76.0,1483.0
25268,144.0,76.0,1738.0
25269,144.0,76.0,1739.0
25270,144.0,76.0,1994.0
25271,144.0,76.0,1995.0
25272,144.0,86.0,450.0
25273,144.0,86.0,451.0
25274,144.0,86.0,452.0
25275,144.0,86.0,706.0
25276,144.0,86.0,707.0
25277,144.0,86.0,708.0
25278,144.0,86.0,962.0
25279,144.0,86.0,963.0
25280,144.0,86.0,964.0
25281,144.0,86.0,1218.0
25282,144.0,86.0,1219.0
25283,144.0,86.0,1220.0
25284,144.0,86.0,1474.0
25285,144.0,86.0,1475.0
25286,144.0,86.0,1476.0
25287,144.0,86.0,1730.0
25288,144.0,86.0,1731.0
25289,144.0,86.0,1732.0
25290,144.0,86.0,1986.0
25291,144.0,86.0,1987.0
25292,144.0,86.0,1988.0
25293,144.0,87.0,447.0
25294,144.0,87.0,448.0
25295,144.0,87.0,449.0
25296,144.0,87.0,450.0
25297,144.0,87.0,451.0
25298,144.0,87.0,703.0
25299,144.0,87.0,704.0
25300,144.0,87.0,705.0
25301,144.0,87.0,706.0
25302,144.0,87.0,707.0
25303,144.0,87.0,959.0
25304,144.0,87.0,960.0
25305,144.0,87.0,961.0
25306,144.0,87.0,962.0
25307,144.0,87.0,963.0
25308,144.0,87.0,1215.0
25309,144.0,87.0,1216.0
25310,144.0,87.0,1217.0
25311,144.0,87.0,1218.0
25312,144.0,87.0,1219.0
25313,144.0,87.0,1471.0
25314,144.0,87.0,1472.0
25315,144.0,87.0,1473.0
25316,144.0,87.0,1474.0
25317,144.0,87.0,1475.0
25318,144.0,87.0,1727.0
25319,144.0,87.0,1728.0
25320,144.0,87.0,1729.0
25321,144.0,87.0,1730.0
25322,144.0,87.0,1731.0
25323,144.0,87.0,1983.0
25324,144.0,87.0,1984.0
25325,144.0,87.0,1985.0
25326,144.0,87.0,1986.0
25327,144.0,87.0,1987.0
25328,144.0,88.0,447.0
25329,144.0,88.0,448.0
25330,144.0,88.0,449.0
25331,144.0,88.0,450.0
25332,144.0,88.0,451.0
25333,144.0,88.0,703.0
25334,144.0,88.0,704.0
25335,144.0,88.0,705.0
25336,144.0,88.0,706.0
25337,144.0,88.0,707.0
25338,144.0,88.0,959.0
25339,144.0,88.0,960.0
25340,144.0,88.0,961.0
25341,144.0,88.0,962.0
25342,144.0,88.0,963.0
25343,144.0,88.0,1215.0
25344,144.0,88.0,1216.0
25345,144.0,88.0,1217.0
25346,144.0,88.0,1218.0
25347,144.0,88.0,1219.0
25348,144.0,88.0,1471.0
25349,144.0,88.0,1472.0
25350,144.0,88.0,1473.0
25351,144.0,88.0,1474.0
25352,144.0,88.0,1475.0
25353,144.0,88.0,1727.0
25354,144.0,88.0,1728.0
25355,144.0,88.0,1729.0
25356,144.0,88.0,1730.0
25357,144.0,88.0,1731.0
25358,144.0,88.0,1983.0
25359,144.0,88.0,1984.0
25360,144.0,88.0,1985.0
25361,144.0,88.0,1986.0
25362,144.0,88.0,1987.0
25363,144.0,92.0,459.0
25364,144.0,92.0,460.0
25365,144.0,92.0,715.0
25366,144.0,92.0,716.0
25367,144.0,92.0,971.0
25368,144.0,92.0,972.0
25369,144.0,92.0,1227.0
25370,144.0,92.0,1228.0
25371,144.0,92.0,1483.0
25372,144.0,92.0,1484.0
25373,144.0,92.0,1739.0
25374,144.0,92.0,1740.0
25375,144.0,92.0,1995.0
25376,144.0,92.0,1996.0
25377,144.0,93.0,452.0
25378,144.0,93.0,453.0
25379,144.0,93.0,454.0
25380,144.0,93.0,455.0
25381,144.0,93.0,456.0
25382,144.0,93.0,457.0
25383,144.0,93.0,458.0
25384,144.0,93.0,459.0
25385,144.0,93.0,460.0
25386,144.0,93.0,461.0
25387,144.0,93.0,462.0
25388,144.0,93.0,463.0
25389,144.0,93.0,708.0
25390,144.0,93.0,709.0
25391,144.0,93.0,710.0
25392,144.0,93.0,711.0
25393,144.0,93.0,712.0
25394,144.0,93.0,713.0
25395,144.0,93.0,714.0
25396,144.0,93.0,715.0
25397,144.0,93.0,716.0
25398,144.0,93.0,717.0
25399,144.0,93.0,718.0
25400,144.0,93.0,719.0
25401,144.0,93.0,964.0
25402,144.0,93.0,965.0
25403,144.0,93.0,966.0
25404,144.0,93.0,967.0
25405,144.0,93.0,968.0
25406,144.0,93.0,969.0
25407,144.0,93.0,970.0
25408,144.0,93.0,971.0
25409,144.0,93.0,972.0
25410,144.0,93.0,973.0
25411,144.0,93.0,974.0
25412,144.0,93.0,975.0
25413,144.0,93.0,1220.0
25414,144.0,93.0,1221.0
25415,144.0,93.0,1222.0
25416,144.0,93.0,1223.0
25417,144.0,93.0,1224.0
25418,144.0,93.0,1225.0
25419,144.0,93.0,1226.0
25420,144.0,93.0,1227.0
25421,144.0,93.0,1228.0
25422,144.0,93.0,1229.0
25423,144.0,93.0,1230.0
25424,144.0,93.0,1231.0
25425,144.0,93.0,1476.0
25426,144.0,93.0,1477.0
25427,144.0,93.0,1478.0
25428,144.0,93.0,1479.0
25429,144.0,93.0,1480.0
25430,144.0,93.0,1481.0
25431,144.0,93.0,1482.0
25432,144.0,93.0,1483.0
25433,144.0,93.0,1484.0
25434,144.0,93.0,1485.0
25435,144.0,93.0,1486.0
25436,144.0,93.0,1487.0
25437,144.0,93.0,1732.0
25438,144.0,93.0,1733.0
25439,144.0,93.0,1734.0
25440,144.0,93.0,1735.0
25441,144.0,93.0,1736.0
25442,144.0,93.0,1737.0
25443,144.0,93.0,1738.0
25444,144.0,93.0,1739.0
25445,144.0,93.0,1740.0
25446,144.0,93.0,1741.0
25447,144.0,93.0,1742.0
25448,144.0,93.0,1743.0
25449,144.0,93.0,1988.0
25450,144.0,93.0,1989.0
25451,144.0,93.0,1990.0
25452,144.0,93.0,1991.0
25453,144.0,93.0,1992.0
25454,144.0,93.0,1993.0
25455,144.0,93.0,1994.0
25456,144.0,93.0,1995.0
25457,144.0,93.0,1996.0
25458,144.0,93.0,1997.0
25459,144.0,93.0,1998.0
25460,144.0,93.0,1999.0
25461,144.0,94.0,451.0
25462,144.0,94.0,452.0
25463,144.0,94.0,453.0
25464,144.0,94.0,454.0
25465,144.0,94.0,455.0
25466,144.0,94.0,456.0
25467,144.0,94.0,457.0
25468,144.0,94.0,462.0
25469,144.0,94.0,463.0
25470,144.0,94.0,464.0
25471,144.0,94.0,465.0
25472,144.0,94.0,466.0
25473,144.0,94.0,707.0
25474,144.0,94.0,708.0
25475,144.0,94.0,709.0
25476,144.0,94.0,710.0
25477,144.0,94.0,711.0
25478,144.0,94.0,712.0
25479,144.0,94.0,713.0
25480,144.0,94.0,718.0
25481,144.0,94.0,719.0
25482,144.0,94.0,720.0
25483,144.0,94.0,721.0
25484,144.0,94.0,722.0
25485,144.0,94.0,963.0
25486,144.0,94.0,964.0
25487,144.0,94.0,965.0
25488,144.0,94.0,966.0
25489,144.0,94.0,967.0
25490,144.0,94.0,968.0
25491,144.0,94.0,969.0
25492,144.0,94.0,974.0
25493,144.0,94.0,975.0
25494,144.0,94.0,976.0
25495,144.0,94.0,977.0
25496,144.0,94.0,978.0
25497,144.0,94.0,1219.0
25498,144.0,94.0,1220.0
25499,144.0,94.0,1221.0
25500,144.0,94.0,1222.0
25501,144.0,94.0,1223.0
25502,144.0,94.0,1224.0
25503,144.0,94.0,1225.0
25504,144.0,94.0,1230.0
25505,144.0,94.0,1231.0
25506,144.0,94.0,1232.0
25507,144.0,94.0,1233.0
25508,144.0,94.0,1234.0
25509,144.0,94.0,1475.0
25510,144.0,94.0,1476.0
25511,144.0,94.0,1477.0
25512,144.0,94.0,1478.0
25513,144.0,94.0,1479.0
25514,144.0,94.0,1480.0
25515,144.0,94.0,1481.0
25516,144.0,94.0,1486.0
25517,144.0,94.0,1487.0
25518,144.0,94.0,1488.0
25519,144.0,94.0,1489.0
25520,144.0,94.0,1490.0
25521,144.0,94.0,1731.0
25522,144.0,94.0,1732.0
25523,144.0,94.0,1733.0
25524,144.0,94.0,1734.0
25525,144.0,94.0,1735.0
25526,144.0,94.0,1736.0
25527,144.0,94.0,1737.0
25528,144.0,94.0,1742.0
25529,144.0,94.0,1743.0
25530,144.0,94.0,1744.0
25531,144.0,94.0,1745.0
25532,144.0,94.0,1746.0
25533,144.0,94.0,1987.0
25534,144.0,94.0,1988.0
25535,144.0,94.0,1989.0
25536,144.0,94.0,1990.0
25537,144.0,94.0,1991.0
25538,144.0,94.0,1992.0
25539,144.0,94.0,1993.0
25540,144.0,94.0,1998.0
25541,144.0,94.0,1999.0
25542,144.0,94.0,2000.0
25543,144.0,94.0,2001.0
25544,144.0,94.0,2002.0
25545,144.0,95.0,450.0
25546,144.0,95.0,451.0
25547,144.0,95.0,452.0
25548,144.0,95.0,453.0
25549,144.0,95.0,454.0
25550,144.0,95.0,455.0
25551,144.0,95.0,456.0
25552,144.0,95.0,457.0
25553,144.0,95.0,463.0
25554,144.0,95.0,464.0
25555,144.0,95.0,706.0
25556,144.0,95.0,707.0
25557,144.0,95.0,708.0
25558,144.0,95.0,709.0
25559,144.0,95.0,710.0
25560,144.0,95.0,711.0
25561,144.0,95.0,712.0
25562,144.0,95.0,713.0
25563,144.0,95.0,719.0
25564,144.0,95.0,720.0
25565,144.0,95.0,962.0
25566,144.0,95.0,963.0
25567,144.0,95.0,964.0
25568,144.0,95.0,965.0
25569,144.0,95.0,966.0
25570,144.0,95.0,967.0
25571,144.0,95.0,968.0
25572,144.0,95.0,969.0
25573,144.0,95.0,975.0
25574,144.0,95.0,976.0
25575,144.0,95.0,1218.0
25576,144.0,95.0,1219.0
25577,144.0,95.0,1220.0
25578,144.0,95.0,1221.0
25579,144.0,95.0,1222.0
25580,144.0,95.0,1223.0
25581,144.0,95.0,1224.0
25582,144.0,95.0,1225.0
25583,144.0,95.0,1231.0
25584,144.0,95.0,1232.0
25585,144.0,95.0,1474.0
25586,144.0,95.0,1475.0
25587,144.0,95.0,1476.0
25588,144.0,95.0,1477.0
25589,144.0,95.0,1478.0
25590,144.0,95.0,1479.0
25591,144.0,95.0,1480.0
25592,144.0,95.0,1481.0
25593,144.0,95.0,1487.0
25594,144.0,95.0,1488.0
25595,144.0,95.0,1730.0
25596,144.0,95.0,1731.0
25597,144.0,95.0,1732.0
25598,144.0,95.0,1733.0
25599,144.0,95.0,1734.0
25600,144.0,95.0,1735.0
25601,144.0,95.0,1736.0
25602,144.0,95.0,1737.0
25603,144.0,95.0,1743.0
25604,144.0,95.0,1744.0
25605,144.0,95.0,1986.0
25606,144.0,95.0,1987.0
25607,144.0,95.0,1988.0
25608,144.0,95.0,1989.0
25609,144.0,95.0,1990.0
25610,144.0,95.0,1991.0
25611,144.0,95.0,1992.0
25612,144.0,95.0,1993.0
25613,144.0,95.0,1999.0
25614,144.0,95.0,2000.0
25615,144.0,98.0,459.0
25616,144.0,98.0,460.0
25617,144.0,98.0,461.0
25618,144.0,98.0,715.0
25619,144.0,98.0,716.0
25620,144.0,98.0,717.0
25621,144.0,98.0,971.0
25622,144.0,98.0,972.0
25623,144.0,98.0,973.0
25624,144.0,98.0,1227.0
25625,144.0,98.0,1228.0
25626,144.0,98.0,1229.0
25627,144.0,98.0,1483.0
25628,144.0,98.0,1484.0
25629,144.0,98.0,1485.0
25630,144.0,98.0,1739.0
25631,144.0,98.0,1740.0
25632,144.0,98.0,1741.0
25633,144.0,98.0,1995.0
25634,144.0,98.0,1996.0
25635,144.0,98.0,1997.0
25636,144.0,99.0,445.0
25637,144.0,99.0,458.0
25638,144.0,99.0,459.0
25639,144.0,99.0,701.0
25640,144.0,99.0,714.0
25641,144.0,99.0,715.0
25642,144.0,99.0,957.0
25643,144.0,99.0,970.0
25644,144.0,99.0,971.0
25645,144.0,99.0,1213.0
25646,144.0,99.0,1226.0
25647,144.0,99.0,1227.0
25648,144.0,99.0,1469.0
25649,144.0,99.0,1482.0
25650,144.0,99.0,1483.0
25651,144.0,99.0,1725.0
25652,144.0,99.0,1738.0
25653,144.0,99.0,1739.0
25654,144.0,99.0,1981.0
25655,144.0,99.0,1994.0
25656,144.0,99.0,1995.0
25657,144.0,102.0,452.0
25658,144.0,102.0,453.0
25659,144.0,102.0,708.0
25660,144.0,102.0,709.0
25661,144.0,102.0,964.0
25662,144.0,102.0,965.0
25663,144.0,102.0,1220.0
25664,144.0,102.0,1221.0
25665,144.0,102.0,1476.0
25666,144.0,102.0,1477.0
25667,144.0,102.0,1732.0
25668,144.0,102.0,1733.0
25669,144.0,102.0,1988.0
25670,144.0,102.0,1989.0
25671,144.0,103.0,435.0
25672,144.0,103.0,436.0
25673,144.0,103.0,437.0
25674,144.0,103.0,451.0
25675,144.0,103.0,452.0
25676,144.0,103.0,453.0
25677,144.0,103.0,454.0
25678,144.0,103.0,458.0
25679,144.0,103.0,691.0
25680,144.0,103.0,692.0
25681,144.0,103.0,693.0
25682,144.0,103.0,707.0
25683,144.0,103.0,708.0
25684,144.0,103.0,709.0
25685,144.0,103.0,710.0
25686,144.0,103.0,714.0
25687,144.0,103.0,947.0
25688,144.0,103.0,948.0
25689,144.0,103.0,949.0
25690,144.0,103.0,963.0
25691,144.0,103.0,964.0
25692,144.0,103.0,965.0
25693,144.0,103.0,966.0
25694,144.0,103.0,970.0
25695,144.0,103.0,1203.0
25696,144.0,103.0,1204.0
25697,144.0,103.0,1205.0
25698,144.0,103.0,1219.0
25699,144.0,103.0,1220.0
25700,144.0,103.0,1221.0
25701,144.0,103.0,1222.0
25702,144.0,103.0,1226.0
25703,144.0,103.0,1459.0
25704,144.0,103.0,1460.0
25705,144.0,103.0,1461.0
25706,144.0,103.0,1475.0
25707,144.0,103.0,1476.0
25708,144.0,103.0,1477.0
25709,144.0,103.0,1478.0
25710,144.0,103.0,1482.0
25711,144.0,103.0,1715.0
25712,144.0,103.0,1716.0
25713,144.0,103.0,1717.0
25714,144.0,103.0,1731.0
25715,144.0,103.0,1732.0
25716,144.0,103.0,1733.0
25717,144.0,103.0,1734.0
25718,144.0,103.0,1738.0
25719,144.0,103.0,1971.0
25720,144.0,103.0,1972.0
25721,144.0,103.0,1973.0
25722,144.0,103.0,1987.0
25723,144.0,103.0,1988.0
25724,144.0,103.0,1989.0
25725,144.0,103.0,1990.0
25726,144.0,103.0,1994.0
25727,144.0,104.0,436.0
25728,144.0,104.0,437.0
25729,144.0,104.0,450.0
25730,144.0,104.0,451.0
25731,144.0,104.0,453.0
25732,144.0,104.0,454.0
25733,144.0,104.0,458.0
25734,144.0,104.0,459.0
25735,144.0,104.0,692.0
25736,144.0,104.0,693.0
25737,144.0,104.0,706.0
25738,144.0,104.0,707.0
25739,144.0,104.0,709.0
25740,144.0,104.0,710.0
25741,144.0,104.0,714.0
25742,144.0,104.0,715.0
25743,144.0,104.0,948.0
25744,144.0,104.0,949.0
25745,144.0,104.0,962.0
25746,144.0,104.0,963.0
25747,144.0,104.0,965.0
25748,144.0,104.0,966.0
25749,144.0,104.0,970.0
25750,144.0,104.0,971.0
25751,144.0,104.0,1204.0
25752,144.0,104.0,1205.0
25753,144.0,104.0,1218.0
25754,144.0,104.0,1219.0
25755,144.0,104.0,1221.0
25756,144.0,104.0,1222.0
25757,144.0,104.0,1226.0
25758,144.0,104.0,1227.0
25759,144.0,104.0,1460.0
25760,144.0,104.0,1461.0
25761,144.0,104.0,1474.0
25762,144.0,104.0,1475.0
25763,144.0,104.0,1477.0
25764,144.0,104.0,1478.0
25765,144.0,104.0,1482.0
25766,144.0,104.0,1483.0
25767,144.0,104.0,1716.0
25768,144.0,104.0,1717.0
25769,144.0,104.0,1730.0
25770,144.0,104.0,1731.0
25771,144.0,104.0,1733.0
25772,144.0,104.0,1734.0
25773,144.0,104.0,1738.0
25774,144.0,104.0,1739.0
25775,144.0,104.0,1972.0
25776,144.0,104.0,1973.0
25777,144.0,104.0,1986.0
25778,144.0,104.0,1987.0
25779,144.0,104.0,1989.0
25780,144.0,104.0,1990.0
25781,144.0,104.0,1994.0
25782,144.0,104.0,1995.0
25783,144.0,105.0,436.0
25784,144.0,105.0,437.0
25785,144.0,105.0,453.0
25786,144.0,105.0,454.0
25787,144.0,105.0,692.0
25788,144.0,105.0,693.0
25789,144.0,105.0,709.0
25790,144.0,105.0,710.0
25791,144.0,105.0,948.0
25792,144.0,105.0,949.0
25793,144.0,105.0,965.0
25794,144.0,105.0,966.0
25795,144.0,105.0,1204.0
25796,144.0,105.0,1205.0
25797,144.0,105.0,1221.0
25798,144.0,105.0,1222.0
25799,144.0,105.0,1460.0
25800,144.0,105.0,1461.0
25801,144.0,105.0,1477.0
25802,144.0,105.0,1478.0
25803,144.0,105.0,1716.0
25804,144.0,105.0,1717.0
25805,144.0,105.0,1733.0
25806,144.0,105.0,1734.0
25807,144.0,105.0,1972.0
25808,144.0,105.0,1973.0
25809,144.0,105.0,1989.0
25810,144.0,105.0,1990.0
25811,144.0,108.0,456.0
25812,144.0,110.0,434.0
25813,144.0,110.0,435.0
25814,144.0,110.0,458.0
25815,144.0,110.0,459.0
25816,144.0,110.0,690.0
25817,144.0,110.0,691.0
25818,144.0,110.0,714.0
25819,144.0,110.0,715.0
25820,144.0,110.0,946.0
25821,144.0,110.0,947.0
25822,144.0,110.0,970.0
25823,144.0,110.0,971.0
25824,144.0,110.0,1202.0
25825,144.0,110.0,1203.0
25826,144.0,110.0,1226.0
25827,144.0,110.0,1227.0
25828,144.0,110.0,1458.0
25829,144.0,110.0,1459.0
25830,144.0,110.0,1482.0
25831,144.0,110.0,1483.0
25832,144.0,110.0,1714.0
25833,144.0,110.0,1715.0
25834,144.0,110.0,1738.0
25835,144.0,110.0,1739.0
25836,144.0,110.0,1970.0
25837,144.0,110.0,1971.0
25838,144.0,110.0,1994.0
25839,144.0,110.0,1995.0
25840,144.0,111.0,432.0
25841,144.0,111.0,433.0
25842,144.0,111.0,434.0
25843,144.0,111.0,435.0
25844,144.0,111.0,436.0
25845,144.0,111.0,688.0
25846,144.0,111.0,689.0
25847,144.0,111.0,690.0
25848,144.0,111.0,691.0
25849,144.0,111.0,692.0
25850,144.0,111.0,944.0
25851,144.0,111.0,945.0
25852,144.0,111.0,946.0
25853,144.0,111.0,947.0
25854,144.0,111.0,948.0
25855,144.0,111.0,1200.0
25856,144.0,111.0,1201.0
25857,144.0,111.0,1202.0
25858,144.0,111.0,1203.0
25859,144.0,111.0,1204.0
25860,144.0,111.0,1456.0
25861,144.0,111.0,1457.0
25862,144.0,111.0,1458.0
25863,144.0,111.0,1459.0
25864,144.0,111.0,1460.0
25865,144.0,111.0,1712.0
25866,144.0,111.0,1713.0
25867,144.0,111.0,1714.0
25868,144.0,111.0,1715.0
25869,144.0,111.0,1716.0
25870,144.0,111.0,1968.0
25871,144.0,111.0,1969.0
25872,144.0,111.0,1970.0
25873,144.0,111.0,1971.0
25874,144.0,111.0,1972.0
25875,145.0,21.0,430.0
25876,145.0,22.0,428.0
25877,145.0,24.0,426.0
25878,145.0,24.0,427.0
25879,145.0,24.0,682.0
25880,145.0,24.0,683.0
25881,145.0,24.0,938.0
25882,145.0,24.0,939.0
25883,145.0,24.0,1194.0
25884,145.0,24.0,1195.0
25885,145.0,24.0,1450.0
25886,145.0,24.0,1451.0
25887,145.0,24.0,1706.0
25888,145.0,24.0,1707.0
25889,145.0,24.0,1962.0
25890,145.0,24.0,1963.0
25891,145.0,25.0,426.0
25892,145.0,25.0,682.0
25893,145.0,25.0,938.0
25894,145.0,25.0,1194.0
25895,145.0,25.0,1450.0
25896,145.0,25.0,1706.0
25897,145.0,25.0,1962.0
25898,145.0,26.0,426.0
25899,145.0,26.0,682.0
25900,145.0,26.0,938.0
25901,145.0,26.0,1450.0
25902,145.0,26.0,1706.0
25903,145.0,26.0,1962.0
25904,145.0,27.0,425.0
25905,145.0,27.0,426.0
25906,145.0,27.0,681.0
25907,145.0,27.0,682.0
25908,145.0,27.0,937.0
25909,145.0,27.0,938.0
25910,145.0,27.0,1449.0
25911,145.0,27.0,1450.0
25912,145.0,27.0,1705.0
25913,145.0,27.0,1706.0
25914,145.0,27.0,1961.0
25915,145.0,27.0,1962.0
25916,145.0,28.0,423.0
25917,145.0,28.0,424.0
25918,145.0,28.0,445.0
25919,145.0,28.0,679.0
25920,145.0,28.0,680.0
25921,145.0,28.0,935.0
25922,145.0,28.0,936.0
25923,145.0,28.0,1447.0
25924,145.0,28.0,1448.0
25925,145.0,28.0,1703.0
25926,145.0,28.0,1704.0
25927,145.0,28.0,1959.0
25928,145.0,28.0,1960.0
25929,145.0,29.0,423.0
25930,145.0,29.0,424.0
25931,145.0,29.0,679.0
25932,145.0,29.0,680.0
25933,145.0,29.0,935.0
25934,145.0,29.0,936.0
25935,145.0,29.0,1447.0
25936,145.0,29.0,1448.0
25937,145.0,29.0,1703.0
25938,145.0,29.0,1704.0
25939,145.0,29.0,1959.0
25940,145.0,29.0,1960.0
25941,145.0,30.0,426.0
25942,145.0,30.0,427.0
25943,145.0,30.0,428.0
25944,145.0,30.0,682.0
25945,145.0,30.0,683.0
25946,145.0,30.0,684.0
25947,145.0,30.0,938.0
25948,145.0,30.0,939.0
25949,145.0,30.0,940.0
25950,145.0,30.0,1194.0
25951,145.0,30.0,1195.0
25952,145.0,30.0,1196.0
25953,145.0,30.0,1450.0
25954,145.0,30.0,1451.0
25955,145.0,30.0,1452.0
25956,145.0,30.0,1706.0
25957,145.0,30.0,1707.0
25958,145.0,30.0,1708.0
25959,145.0,30.0,1962.0
25960,145.0,30.0,1963.0
25961,145.0,30.0,1964.0
25962,145.0,31.0,424.0
25963,145.0,31.0,425.0
25964,145.0,31.0,426.0
25965,145.0,31.0,427.0
25966,145.0,31.0,680.0
25967,145.0,31.0,681.0
25968,145.0,31.0,682.0
25969,145.0,31.0,683.0
25970,145.0,31.0,936.0
25971,145.0,31.0,937.0
25972,145.0,31.0,938.0
25973,145.0,31.0,939.0
25974,145.0,31.0,1192.0
25975,145.0,31.0,1193.0
25976,145.0,31.0,1194.0
25977,145.0,31.0,1195.0
25978,145.0,31.0,1448.0
25979,145.0,31.0,1449.0
25980,145.0,31.0,1450.0
25981,145.0,31.0,1451.0
25982,145.0,31.0,1704.0
25983,145.0,31.0,1705.0
25984,145.0,31.0,1706.0
25985,145.0,31.0,1707.0
25986,145.0,31.0,1960.0
25987,145.0,31.0,1961.0
25988,145.0,31.0,1962.0
25989,145.0,31.0,1963.0
25990,145.0,32.0,425.0
25991,145.0,32.0,426.0
25992,145.0,32.0,681.0
25993,145.0,32.0,682.0
25994,145.0,32.0,937.0
25995,145.0,32.0,938.0
25996,145.0,32.0,1193.0
25997,145.0,32.0,1194.0
25998,145.0,32.0,1449.0
25999,145.0,32.0,1450.0
26000,145.0,32.0,1705.0
26001,145.0,32.0,1706.0
26002,145.0,32.0,1961.0
26003,145.0,32.0,1962.0
26004,145.0,36.0,449.0
26005,145.0,36.0,450.0
26006,145.0,36.0,705.0
26007,145.0,36.0,706.0
26008,145.0,36.0,961.0
26009,145.0,36.0,962.0
26010,145.0,36.0,1217.0
26011,145.0,36.0,1218.0
26012,145.0,36.0,1473.0
26013,145.0,36.0,1474.0
26014,145.0,36.0,1729.0
26015,145.0,36.0,1730.0
26016,145.0,36.0,1985.0
26017,145.0,36.0,1986.0
26018,145.0,37.0,423.0
26019,145.0,37.0,424.0
26020,145.0,37.0,447.0
26021,145.0,37.0,448.0
26022,145.0,37.0,703.0
26023,145.0,37.0,704.0
26024,145.0,37.0,959.0
26025,145.0,37.0,960.0
26026,145.0,37.0,1215.0
26027,145.0,37.0,1216.0
26028,145.0,37.0,1471.0
26029,145.0,37.0,1472.0
26030,145.0,37.0,1727.0
26031,145.0,37.0,1728.0
26032,145.0,37.0,1983.0
26033,145.0,37.0,1984.0
26034,145.0,49.0,452.0
26035,145.0,49.0,455.0
26036,145.0,49.0,708.0
26037,145.0,49.0,711.0
26038,145.0,49.0,964.0
26039,145.0,49.0,967.0
26040,145.0,49.0,1220.0
26041,145.0,49.0,1223.0
26042,145.0,49.0,1476.0
26043,145.0,49.0,1479.0
26044,145.0,49.0,1732.0
26045,145.0,49.0,1735.0
26046,145.0,49.0,1988.0
26047,145.0,49.0,1991.0
26048,145.0,50.0,451.0
26049,145.0,50.0,452.0
26050,145.0,50.0,453.0
26051,145.0,50.0,707.0
26052,145.0,50.0,708.0
26053,145.0,50.0,709.0
26054,145.0,50.0,963.0
26055,145.0,50.0,964.0
26056,145.0,50.0,965.0
26057,145.0,50.0,1219.0
26058,145.0,50.0,1220.0
26059,145.0,50.0,1221.0
26060,145.0,50.0,1475.0
26061,145.0,50.0,1476.0
26062,145.0,50.0,1477.0
26063,145.0,50.0,1731.0
26064,145.0,50.0,1732.0
26065,145.0,50.0,1733.0
26066,145.0,50.0,1987.0
26067,145.0,50.0,1988.0
26068,145.0,50.0,1989.0
26069,145.0,51.0,449.0
26070,145.0,51.0,450.0
26071,145.0,51.0,452.0
26072,145.0,51.0,453.0
26073,145.0,51.0,454.0
26074,145.0,51.0,455.0
26075,145.0,51.0,705.0
26076,145.0,51.0,706.0
26077,145.0,51.0,708.0
26078,145.0,51.0,709.0
26079,145.0,51.0,710.0
26080,145.0,51.0,711.0
26081,145.0,51.0,961.0
26082,145.0,51.0,962.0
26083,145.0,51.0,964.0
26084,145.0,51.0,965.0
26085,145.0,51.0,966.0
26086,145.0,51.0,967.0
26087,145.0,51.0,1217.0
26088,145.0,51.0,1218.0
26089,145.0,51.0,1220.0
26090,145.0,51.0,1221.0
26091,145.0,51.0,1222.0
26092,145.0,51.0,1223.0
26093,145.0,51.0,1473.0
26094,145.0,51.0,1474.0
26095,145.0,51.0,1476.0
26096,145.0,51.0,1477.0
26097,145.0,51.0,1478.0
26098,145.0,51.0,1479.0
26099,145.0,51.0,1729.0
26100,145.0,51.0,1730.0
26101,145.0,51.0,1732.0
26102,145.0,51.0,1733.0
26103,145.0,51.0,1734.0
26104,145.0,51.0,1735.0
26105,145.0,51.0,1985.0
26106,145.0,51.0,1986.0
26107,145.0,51.0,1988.0
26108,145.0,51.0,1989.0
26109,145.0,51.0,1990.0
26110,145.0,51.0,1991.0
26111,145.0,68.0,441.0
26112,145.0,68.0,442.0
26113,145.0,68.0,443.0
26114,145.0,68.0,953.0
26115,145.0,68.0,954.0
26116,145.0,68.0,955.0
26117,145.0,68.0,1209.0
26118,145.0,68.0,1210.0
26119,145.0,68.0,1211.0
26120,145.0,68.0,1465.0
26121,145.0,68.0,1466.0
26122,145.0,68.0,1467.0
26123,145.0,68.0,1977.0
26124,145.0,68.0,1978.0
26125,145.0,68.0,1979.0
26126,145.0,74.0,435.0
26127,145.0,74.0,436.0
26128,145.0,75.0,437.0
26129,145.0,75.0,444.0
26130,145.0,75.0,458.0
26131,145.0,75.0,693.0
26132,145.0,75.0,714.0
26133,145.0,75.0,949.0
26134,145.0,75.0,970.0
26135,145.0,75.0,1205.0
26136,145.0,75.0,1226.0
26137,145.0,75.0,1461.0
26138,145.0,75.0,1482.0
26139,145.0,75.0,1717.0
26140,145.0,75.0,1738.0
26141,145.0,75.0,1973.0
26142,145.0,75.0,1994.0
26143,145.0,76.0,436.0
26144,145.0,76.0,437.0
26145,145.0,76.0,455.0
26146,145.0,76.0,456.0
26147,145.0,76.0,457.0
26148,145.0,76.0,458.0
26149,145.0,76.0,459.0
26150,145.0,76.0,692.0
26151,145.0,76.0,693.0
26152,145.0,76.0,711.0
26153,145.0,76.0,712.0
26154,145.0,76.0,713.0
26155,145.0,76.0,714.0
26156,145.0,76.0,715.0
26157,145.0,76.0,948.0
26158,145.0,76.0,949.0
26159,145.0,76.0,967.0
26160,145.0,76.0,968.0
26161,145.0,76.0,969.0
26162,145.0,76.0,970.0
26163,145.0,76.0,971.0
26164,145.0,76.0,1204.0
26165,145.0,76.0,1205.0
26166,145.0,76.0,1223.0
26167,145.0,76.0,1224.0
26168,145.0,76.0,1225.0
26169,145.0,76.0,1226.0
26170,145.0,76.0,1227.0
26171,145.0,76.0,1460.0
26172,145.0,76.0,1461.0
26173,145.0,76.0,1479.0
26174,145.0,76.0,1480.0
26175,145.0,76.0,1481.0
26176,145.0,76.0,1482.0
26177,145.0,76.0,1483.0
26178,145.0,76.0,1716.0
26179,145.0,76.0,1717.0
26180,145.0,76.0,1735.0
26181,145.0,76.0,1736.0
26182,145.0,76.0,1737.0
26183,145.0,76.0,1738.0
26184,145.0,76.0,1739.0
26185,145.0,76.0,1972.0
26186,145.0,76.0,1973.0
26187,145.0,76.0,1991.0
26188,145.0,76.0,1992.0
26189,145.0,76.0,1993.0
26190,145.0,76.0,1994.0
26191,145.0,76.0,1995.0
26192,145.0,77.0,434.0
26193,145.0,77.0,435.0
26194,145.0,77.0,690.0
26195,145.0,77.0,691.0
26196,145.0,77.0,946.0
26197,145.0,77.0,947.0
26198,145.0,77.0,1202.0
26199,145.0,77.0,1203.0
26200,145.0,77.0,1458.0
26201,145.0,77.0,1459.0
26202,145.0,77.0,1714.0
26203,145.0,77.0,1715.0
26204,145.0,77.0,1970.0
26205,145.0,77.0,1971.0
26206,145.0,78.0,434.0
26207,145.0,78.0,690.0
26208,145.0,78.0,946.0
26209,145.0,78.0,1202.0
26210,145.0,78.0,1458.0
26211,145.0,78.0,1714.0
26212,145.0,78.0,1970.0
26213,145.0,86.0,450.0
26214,145.0,86.0,455.0
26215,145.0,86.0,456.0
26216,145.0,86.0,457.0
26217,145.0,86.0,458.0
26218,145.0,86.0,462.0
26219,145.0,86.0,706.0
26220,145.0,86.0,711.0
26221,145.0,86.0,712.0
26222,145.0,86.0,713.0
26223,145.0,86.0,714.0
26224,145.0,86.0,718.0
26225,145.0,86.0,962.0
26226,145.0,86.0,967.0
26227,145.0,86.0,968.0
26228,145.0,86.0,969.0
26229,145.0,86.0,970.0
26230,145.0,86.0,974.0
26231,145.0,86.0,1218.0
26232,145.0,86.0,1223.0
26233,145.0,86.0,1224.0
26234,145.0,86.0,1225.0
26235,145.0,86.0,1226.0
26236,145.0,86.0,1230.0
26237,145.0,86.0,1474.0
26238,145.0,86.0,1479.0
26239,145.0,86.0,1480.0
26240,145.0,86.0,1481.0
26241,145.0,86.0,1482.0
26242,145.0,86.0,1486.0
26243,145.0,86.0,1730.0
26244,145.0,86.0,1735.0
26245,145.0,86.0,1736.0
26246,145.0,86.0,1737.0
26247,145.0,86.0,1738.0
26248,145.0,86.0,1742.0
26249,145.0,86.0,1986.0
26250,145.0,86.0,1991.0
26251,145.0,86.0,1992.0
26252,145.0,86.0,1993.0
26253,145.0,86.0,1994.0
26254,145.0,86.0,1998.0
26255,145.0,87.0,449.0
26256,145.0,87.0,459.0
26257,145.0,87.0,460.0
26258,145.0,87.0,461.0
26259,145.0,87.0,464.0
26260,145.0,87.0,465.0
26261,145.0,87.0,705.0
26262,145.0,87.0,715.0
26263,145.0,87.0,716.0
26264,145.0,87.0,717.0
26265,145.0,87.0,720.0
26266,145.0,87.0,721.0
26267,145.0,87.0,961.0
26268,145.0,87.0,971.0
26269,145.0,87.0,972.0
26270,145.0,87.0,973.0
26271,145.0,87.0,976.0
26272,145.0,87.0,977.0
26273,145.0,87.0,1217.0
26274,145.0,87.0,1227.0
26275,145.0,87.0,1228.0
26276,145.0,87.0,1229.0
26277,145.0,87.0,1232.0
26278,145.0,87.0,1233.0
26279,145.0,87.0,1473.0
26280,145.0,87.0,1483.0
26281,145.0,87.0,1484.0
26282,145.0,87.0,1485.0
26283,145.0,87.0,1488.0
26284,145.0,87.0,1489.0
26285,145.0,87.0,1729.0
26286,145.0,87.0,1739.0
26287,145.0,87.0,1740.0
26288,145.0,87.0,1741.0
26289,145.0,87.0,1744.0
26290,145.0,87.0,1745.0
26291,145.0,87.0,1985.0
26292,145.0,87.0,1995.0
26293,145.0,87.0,1996.0
26294,145.0,87.0,1997.0
26295,145.0,87.0,2000.0
26296,145.0,87.0,2001.0
26297,145.0,88.0,461.0
26298,145.0,88.0,462.0
26299,145.0,88.0,464.0
26300,145.0,88.0,465.0
26301,145.0,88.0,717.0
26302,145.0,88.0,718.0
26303,145.0,88.0,720.0
26304,145.0,88.0,721.0
26305,145.0,88.0,973.0
26306,145.0,88.0,974.0
26307,145.0,88.0,976.0
26308,145.0,88.0,977.0
26309,145.0,88.0,1229.0
26310,145.0,88.0,1230.0
26311,145.0,88.0,1232.0
26312,145.0,88.0,1233.0
26313,145.0,88.0,1485.0
26314,145.0,88.0,1486.0
26315,145.0,88.0,1488.0
26316,145.0,88.0,1489.0
26317,145.0,88.0,1741.0
26318,145.0,88.0,1742.0
26319,145.0,88.0,1744.0
26320,145.0,88.0,1745.0
26321,145.0,88.0,1997.0
26322,145.0,88.0,1998.0
26323,145.0,88.0,2000.0
26324,145.0,88.0,2001.0
26325,145.0,100.0,453.0
26326,145.0,100.0,454.0
26327,145.0,100.0,709.0
26328,145.0,100.0,710.0
26329,145.0,100.0,965.0
26330,145.0,100.0,966.0
26331,145.0,100.0,1221.0
26332,145.0,100.0,1222.0
26333,145.0,100.0,1477.0
26334,145.0,100.0,1478.0
26335,145.0,100.0,1733.0
26336,145.0,100.0,1734.0
26337,145.0,100.0,1989.0
26338,145.0,100.0,1990.0
26339,145.0,101.0,454.0
26340,145.0,101.0,455.0
26341,145.0,101.0,710.0
26342,145.0,101.0,711.0
26343,145.0,101.0,966.0
26344,145.0,101.0,967.0
26345,145.0,101.0,1222.0
26346,145.0,101.0,1223.0
26347,145.0,101.0,1478.0
26348,145.0,101.0,1479.0
26349,145.0,101.0,1734.0
26350,145.0,101.0,1735.0
26351,145.0,101.0,1990.0
26352,145.0,101.0,1991.0
26353,145.0,102.0,452.0
26354,145.0,102.0,453.0
26355,145.0,102.0,708.0
26356,145.0,102.0,709.0
26357,145.0,102.0,964.0
26358,145.0,102.0,965.0
26359,145.0,102.0,1220.0
26360,145.0,102.0,1221.0
26361,145.0,102.0,1476.0
26362,145.0,102.0,1477.0
26363,145.0,102.0,1732.0
26364,145.0,102.0,1733.0
26365,145.0,102.0,1988.0
26366,145.0,102.0,1989.0
26367,145.0,103.0,453.0
26368,145.0,103.0,454.0
26369,145.0,103.0,456.0
26370,145.0,103.0,458.0
26371,145.0,103.0,709.0
26372,145.0,103.0,710.0
26373,145.0,103.0,712.0
26374,145.0,103.0,714.0
26375,145.0,103.0,965.0
26376,145.0,103.0,966.0
26377,145.0,103.0,968.0
26378,145.0,103.0,970.0
26379,145.0,103.0,1221.0
26380,145.0,103.0,1222.0
26381,145.0,103.0,1224.0
26382,145.0,103.0,1226.0
26383,145.0,103.0,1477.0
26384,145.0,103.0,1478.0
26385,145.0,103.0,1480.0
26386,145.0,103.0,1482.0
26387,145.0,103.0,1733.0
26388,145.0,103.0,1734.0
26389,145.0,103.0,1736.0
26390,145.0,103.0,1738.0
26391,145.0,103.0,1989.0
26392,145.0,103.0,1990.0
26393,145.0,103.0,1992.0
26394,145.0,103.0,1994.0
26395,145.0,104.0,420.0
26396,145.0,104.0,450.0
26397,145.0,104.0,451.0
26398,145.0,104.0,452.0
26399,145.0,104.0,453.0
26400,145.0,104.0,454.0
26401,145.0,104.0,455.0
26402,145.0,104.0,456.0
26403,145.0,104.0,457.0
26404,145.0,104.0,706.0
26405,145.0,104.0,707.0
26406,145.0,104.0,708.0
26407,145.0,104.0,709.0
26408,145.0,104.0,710.0
26409,145.0,104.0,711.0
26410,145.0,104.0,712.0
26411,145.0,104.0,713.0
26412,145.0,104.0,962.0
26413,145.0,104.0,963.0
26414,145.0,104.0,964.0
26415,145.0,104.0,965.0
26416,145.0,104.0,966.0
26417,145.0,104.0,967.0
26418,145.0,104.0,968.0
26419,145.0,104.0,969.0
26420,145.0,104.0,1218.0
26421,145.0,104.0,1219.0
26422,145.0,104.0,1220.0
26423,145.0,104.0,1221.0
26424,145.0,104.0,1222.0
26425,145.0,104.0,1223.0
26426,145.0,104.0,1224.0
26427,145.0,104.0,1225.0
26428,145.0,104.0,1474.0
26429,145.0,104.0,1475.0
26430,145.0,104.0,1476.0
26431,145.0,104.0,1477.0
26432,145.0,104.0,1478.0
26433,145.0,104.0,1479.0
26434,145.0,104.0,1480.0
26435,145.0,104.0,1481.0
26436,145.0,104.0,1730.0
26437,145.0,104.0,1731.0
26438,145.0,104.0,1732.0
26439,145.0,104.0,1733.0
26440,145.0,104.0,1734.0
26441,145.0,104.0,1735.0
26442,145.0,104.0,1736.0
26443,145.0,104.0,1737.0
26444,145.0,104.0,1986.0
26445,145.0,104.0,1987.0
26446,145.0,104.0,1988.0
26447,145.0,104.0,1989.0
26448,145.0,104.0,1990.0
26449,145.0,104.0,1991.0
26450,145.0,104.0,1992.0
26451,145.0,104.0,1993.0
26452,145.0,105.0,419.0
26453,145.0,105.0,456.0
26454,145.0,105.0,712.0
26455,145.0,105.0,968.0
26456,145.0,105.0,1224.0
26457,145.0,105.0,1480.0
26458,145.0,105.0,1736.0
26459,145.0,105.0,1992.0
26460,145.0,107.0,423.0
26461,145.0,107.0,424.0
26462,145.0,107.0,935.0
26463,145.0,107.0,936.0
26464,145.0,107.0,1191.0
26465,145.0,107.0,1192.0
26466,145.0,107.0,1447.0
26467,145.0,107.0,1448.0
26468,145.0,107.0,1703.0
26469,145.0,107.0,1704.0
26470,145.0,107.0,1959.0
26471,145.0,107.0,1960.0
26472,145.0,108.0,423.0
26473,145.0,108.0,424.0
26474,145.0,108.0,425.0
26475,145.0,108.0,453.0
26476,145.0,108.0,454.0
26477,145.0,108.0,709.0
26478,145.0,108.0,710.0
26479,145.0,108.0,935.0
26480,145.0,108.0,936.0
26481,145.0,108.0,937.0
26482,145.0,108.0,965.0
26483,145.0,108.0,966.0
26484,145.0,108.0,1191.0
26485,145.0,108.0,1192.0
26486,145.0,108.0,1193.0
26487,145.0,108.0,1221.0
26488,145.0,108.0,1222.0
26489,145.0,108.0,1447.0
26490,145.0,108.0,1448.0
26491,145.0,108.0,1449.0
26492,145.0,108.0,1477.0
26493,145.0,108.0,1478.0
26494,145.0,108.0,1703.0
26495,145.0,108.0,1704.0
26496,145.0,108.0,1705.0
26497,145.0,108.0,1733.0
26498,145.0,108.0,1734.0
26499,145.0,108.0,1959.0
26500,145.0,108.0,1960.0
26501,145.0,108.0,1961.0
26502,145.0,108.0,1989.0
26503,145.0,108.0,1990.0
26504,145.0,109.0,424.0
26505,145.0,109.0,453.0
26506,145.0,109.0,454.0
26507,145.0,109.0,709.0
26508,145.0,109.0,710.0
26509,145.0,109.0,936.0
26510,145.0,109.0,965.0
26511,145.0,109.0,966.0
26512,145.0,109.0,1192.0
26513,145.0,109.0,1221.0
26514,145.0,109.0,1222.0
26515,145.0,109.0,1448.0
26516,145.0,109.0,1477.0
26517,145.0,109.0,1478.0
26518,145.0,109.0,1704.0
26519,145.0,109.0,1733.0
26520,145.0,109.0,1734.0
26521,145.0,109.0,1960.0
26522,145.0,109.0,1989.0
26523,145.0,109.0,1990.0
26524,145.0,110.0,438.0
26525,145.0,110.0,451.0
26526,145.0,110.0,453.0
26527,145.0,110.0,454.0
26528,145.0,110.0,707.0
26529,145.0,110.0,709.0
26530,145.0,110.0,710.0
26531,145.0,110.0,963.0
26532,145.0,110.0,965.0
26533,145.0,110.0,966.0
26534,145.0,110.0,1219.0
26535,145.0,110.0,1221.0
26536,145.0,110.0,1222.0
26537,145.0,110.0,1475.0
26538,145.0,110.0,1477.0
26539,145.0,110.0,1478.0
26540,145.0,110.0,1731.0
26541,145.0,110.0,1733.0
26542,145.0,110.0,1734.0
26543,145.0,110.0,1987.0
26544,145.0,110.0,1989.0
26545,145.0,110.0,1990.0
26546,145.0,111.0,437.0
26547,145.0,111.0,438.0
26548,146.0,28.0,444.0
26549,146.0,28.0,445.0
26550,146.0,32.0,425.0
26551,146.0,32.0,426.0
26552,146.0,32.0,681.0
26553,146.0,32.0,682.0
26554,146.0,32.0,937.0
26555,146.0,32.0,938.0
26556,146.0,32.0,1193.0
26557,146.0,32.0,1194.0
26558,146.0,32.0,1449.0
26559,146.0,32.0,1450.0
26560,146.0,32.0,1705.0
26561,146.0,32.0,1706.0
26562,146.0,32.0,1961.0
26563,146.0,32.0,1962.0
26564,146.0,33.0,423.0
26565,146.0,33.0,424.0
26566,146.0,33.0,679.0
26567,146.0,33.0,680.0
26568,146.0,33.0,935.0
26569,146.0,33.0,936.0
26570,146.0,33.0,1191.0
26571,146.0,33.0,1192.0
26572,146.0,33.0,1447.0
26573,146.0,33.0,1448.0
26574,146.0,33.0,1703.0
26575,146.0,33.0,1704.0
26576,146.0,33.0,1959.0
26577,146.0,33.0,1960.0
26578,146.0,36.0,423.0
26579,146.0,36.0,424.0
26580,146.0,36.0,449.0
26581,146.0,36.0,450.0
26582,146.0,36.0,705.0
26583,146.0,36.0,706.0
26584,146.0,36.0,961.0
26585,146.0,36.0,962.0
26586,146.0,36.0,1217.0
26587,146.0,36.0,1218.0
26588,146.0,36.0,1473.0
26589,146.0,36.0,1474.0
26590,146.0,36.0,1729.0
26591,146.0,36.0,1730.0
26592,146.0,36.0,1985.0
26593,146.0,36.0,1986.0
26594,146.0,37.0,423.0
26595,146.0,37.0,424.0
26596,146.0,37.0,446.0
26597,146.0,37.0,447.0
26598,146.0,37.0,448.0
26599,146.0,37.0,702.0
26600,146.0,37.0,703.0
26601,146.0,37.0,704.0
26602,146.0,37.0,958.0
26603,146.0,37.0,959.0
26604,146.0,37.0,960.0
26605,146.0,37.0,1214.0
26606,146.0,37.0,1215.0
26607,146.0,37.0,1216.0
26608,146.0,37.0,1470.0
26609,146.0,37.0,1471.0
26610,146.0,37.0,1472.0
26611,146.0,37.0,1726.0
26612,146.0,37.0,1727.0
26613,146.0,37.0,1728.0
26614,146.0,37.0,1982.0
26615,146.0,37.0,1983.0
26616,146.0,37.0,1984.0
26617,146.0,38.0,445.0
26618,146.0,38.0,447.0
26619,146.0,38.0,701.0
26620,146.0,38.0,703.0
26621,146.0,38.0,957.0
26622,146.0,38.0,959.0
26623,146.0,38.0,1213.0
26624,146.0,38.0,1215.0
26625,146.0,38.0,1469.0
26626,146.0,38.0,1471.0
26627,146.0,38.0,1725.0
26628,146.0,38.0,1727.0
26629,146.0,38.0,1981.0
26630,146.0,38.0,1983.0
26631,146.0,50.0,449.0
26632,146.0,50.0,450.0
26633,146.0,50.0,452.0
26634,146.0,50.0,453.0
26635,146.0,50.0,708.0
26636,146.0,50.0,709.0
26637,146.0,50.0,964.0
26638,146.0,50.0,965.0
26639,146.0,50.0,1220.0
26640,146.0,50.0,1221.0
26641,146.0,50.0,1476.0
26642,146.0,50.0,1477.0
26643,146.0,50.0,1732.0
26644,146.0,50.0,1733.0
26645,146.0,50.0,1988.0
26646,146.0,50.0,1989.0
26647,146.0,51.0,447.0
26648,146.0,51.0,448.0
26649,146.0,51.0,454.0
26650,146.0,51.0,455.0
26651,146.0,51.0,456.0
26652,146.0,51.0,710.0
26653,146.0,51.0,711.0
26654,146.0,51.0,712.0
26655,146.0,51.0,966.0
26656,146.0,51.0,967.0
26657,146.0,51.0,968.0
26658,146.0,51.0,1222.0
26659,146.0,51.0,1223.0
26660,146.0,51.0,1224.0
26661,146.0,51.0,1478.0
26662,146.0,51.0,1479.0
26663,146.0,51.0,1480.0
26664,146.0,51.0,1734.0
26665,146.0,51.0,1735.0
26666,146.0,51.0,1736.0
26667,146.0,51.0,1990.0
26668,146.0,51.0,1991.0
26669,146.0,51.0,1992.0
26670,146.0,52.0,452.0
26671,146.0,52.0,453.0
26672,146.0,52.0,454.0
26673,146.0,52.0,708.0
26674,146.0,52.0,709.0
26675,146.0,52.0,710.0
26676,146.0,52.0,964.0
26677,146.0,52.0,965.0
26678,146.0,52.0,966.0
26679,146.0,52.0,1220.0
26680,146.0,52.0,1221.0
26681,146.0,52.0,1222.0
26682,146.0,52.0,1476.0
26683,146.0,52.0,1477.0
26684,146.0,52.0,1478.0
26685,146.0,52.0,1732.0
26686,146.0,52.0,1733.0
26687,146.0,52.0,1734.0
26688,146.0,52.0,1988.0
26689,146.0,52.0,1989.0
26690,146.0,52.0,1990.0
26691,146.0,53.0,450.0
26692,146.0,53.0,451.0
26693,146.0,53.0,452.0
26694,146.0,53.0,706.0
26695,146.0,53.0,707.0
26696,146.0,53.0,708.0
26697,146.0,53.0,962.0
26698,146.0,53.0,963.0
26699,146.0,53.0,964.0
26700,146.0,53.0,1218.0
26701,146.0,53.0,1219.0
26702,146.0,53.0,1220.0
26703,146.0,53.0,1474.0
26704,146.0,53.0,1475.0
26705,146.0,53.0,1476.0
26706,146.0,53.0,1730.0
26707,146.0,53.0,1731.0
26708,146.0,53.0,1732.0
26709,146.0,53.0,1986.0
26710,146.0,53.0,1987.0
26711,146.0,53.0,1988.0
26712,146.0,54.0,448.0
26713,146.0,54.0,449.0
26714,146.0,54.0,450.0
26715,146.0,54.0,704.0
26716,146.0,54.0,705.0
26717,146.0,54.0,706.0
26718,146.0,54.0,960.0
26719,146.0,54.0,961.0
26720,146.0,54.0,962.0
26721,146.0,54.0,1216.0
26722,146.0,54.0,1217.0
26723,146.0,54.0,1218.0
26724,146.0,54.0,1472.0
26725,146.0,54.0,1473.0
26726,146.0,54.0,1474.0
26727,146.0,54.0,1728.0
26728,146.0,54.0,1729.0
26729,146.0,54.0,1730.0
26730,146.0,54.0,1984.0
26731,146.0,54.0,1985.0
26732,146.0,54.0,1986.0
26733,146.0,55.0,447.0
26734,146.0,55.0,448.0
26735,146.0,55.0,703.0
26736,146.0,55.0,704.0
26737,146.0,55.0,959.0
26738,146.0,55.0,960.0
26739,146.0,55.0,1215.0
26740,146.0,55.0,1216.0
26741,146.0,55.0,1471.0
26742,146.0,55.0,1472.0
26743,146.0,55.0,1727.0
26744,146.0,55.0,1728.0
26745,146.0,55.0,1983.0
26746,146.0,55.0,1984.0
26747,146.0,56.0,442.0
26748,146.0,56.0,443.0
26749,146.0,56.0,446.0
26750,146.0,56.0,447.0
26751,146.0,56.0,448.0
26752,146.0,56.0,702.0
26753,146.0,56.0,703.0
26754,146.0,56.0,704.0
26755,146.0,56.0,958.0
26756,146.0,56.0,959.0
26757,146.0,56.0,960.0
26758,146.0,56.0,1214.0
26759,146.0,56.0,1215.0
26760,146.0,56.0,1216.0
26761,146.0,56.0,1470.0
26762,146.0,56.0,1471.0
26763,146.0,56.0,1472.0
26764,146.0,56.0,1726.0
26765,146.0,56.0,1727.0
26766,146.0,56.0,1728.0
26767,146.0,56.0,1982.0
26768,146.0,56.0,1983.0
26769,146.0,56.0,1984.0
26770,146.0,57.0,445.0
26771,146.0,57.0,446.0
26772,146.0,57.0,447.0
26773,146.0,57.0,701.0
26774,146.0,57.0,702.0
26775,146.0,57.0,703.0
26776,146.0,57.0,957.0
26777,146.0,57.0,958.0
26778,146.0,57.0,959.0
26779,146.0,57.0,1213.0
26780,146.0,57.0,1214.0
26781,146.0,57.0,1215.0
26782,146.0,57.0,1469.0
26783,146.0,57.0,1470.0
26784,146.0,57.0,1471.0
26785,146.0,57.0,1725.0
26786,146.0,57.0,1726.0
26787,146.0,57.0,1727.0
26788,146.0,57.0,1981.0
26789,146.0,57.0,1982.0
26790,146.0,57.0,1983.0
26791,146.0,58.0,443.0
26792,146.0,58.0,444.0
26793,146.0,58.0,445.0
26794,146.0,58.0,699.0
26795,146.0,58.0,700.0
26796,146.0,58.0,701.0
26797,146.0,58.0,955.0
26798,146.0,58.0,956.0
26799,146.0,58.0,957.0
26800,146.0,58.0,1211.0
26801,146.0,58.0,1212.0
26802,146.0,58.0,1213.0
26803,146.0,58.0,1467.0
26804,146.0,58.0,1468.0
26805,146.0,58.0,1469.0
26806,146.0,58.0,1723.0
26807,146.0,58.0,1724.0
26808,146.0,58.0,1725.0
26809,146.0,58.0,1979.0
26810,146.0,58.0,1980.0
26811,146.0,58.0,1981.0
26812,146.0,59.0,444.0
26813,146.0,59.0,450.0
26814,146.0,59.0,700.0
26815,146.0,59.0,956.0
26816,146.0,59.0,1212.0
26817,146.0,59.0,1468.0
26818,146.0,59.0,1724.0
26819,146.0,59.0,1980.0
26820,146.0,60.0,449.0
26821,146.0,60.0,450.0
26822,146.0,64.0,445.0
26823,146.0,64.0,701.0
26824,146.0,64.0,957.0
26825,146.0,64.0,1213.0
26826,146.0,64.0,1469.0
26827,146.0,64.0,1725.0
26828,146.0,64.0,1981.0
26829,146.0,65.0,430.0
26830,146.0,65.0,449.0
26831,146.0,65.0,450.0
26832,146.0,65.0,451.0
26833,146.0,65.0,686.0
26834,146.0,65.0,705.0
26835,146.0,65.0,706.0
26836,146.0,65.0,707.0
26837,146.0,65.0,942.0
26838,146.0,65.0,961.0
26839,146.0,65.0,962.0
26840,146.0,65.0,963.0
26841,146.0,65.0,1198.0
26842,146.0,65.0,1217.0
26843,146.0,65.0,1218.0
26844,146.0,65.0,1219.0
26845,146.0,65.0,1454.0
26846,146.0,65.0,1473.0
26847,146.0,65.0,1474.0
26848,146.0,65.0,1475.0
26849,146.0,65.0,1729.0
26850,146.0,65.0,1730.0
26851,146.0,65.0,1731.0
26852,146.0,65.0,1966.0
26853,146.0,65.0,1985.0
26854,146.0,65.0,1986.0
26855,146.0,65.0,1987.0
26856,146.0,66.0,447.0
26857,146.0,66.0,448.0
26858,146.0,66.0,449.0
26859,146.0,66.0,450.0
26860,146.0,66.0,451.0
26861,146.0,66.0,452.0
26862,146.0,66.0,703.0
26863,146.0,66.0,704.0
26864,146.0,66.0,705.0
26865,146.0,66.0,706.0
26866,146.0,66.0,707.0
26867,146.0,66.0,708.0
26868,146.0,66.0,959.0
26869,146.0,66.0,960.0
26870,146.0,66.0,961.0
26871,146.0,66.0,962.0
26872,146.0,66.0,963.0
26873,146.0,66.0,964.0
26874,146.0,66.0,1215.0
26875,146.0,66.0,1216.0
26876,146.0,66.0,1217.0
26877,146.0,66.0,1218.0
26878,146.0,66.0,1219.0
26879,146.0,66.0,1220.0
26880,146.0,66.0,1471.0
26881,146.0,66.0,1472.0
26882,146.0,66.0,1473.0
26883,146.0,66.0,1474.0
26884,146.0,66.0,1475.0
26885,146.0,66.0,1476.0
26886,146.0,66.0,1727.0
26887,146.0,66.0,1728.0
26888,146.0,66.0,1729.0
26889,146.0,66.0,1730.0
26890,146.0,66.0,1731.0
26891,146.0,66.0,1732.0
26892,146.0,66.0,1983.0
26893,146.0,66.0,1984.0
26894,146.0,66.0,1985.0
26895,146.0,66.0,1986.0
26896,146.0,66.0,1987.0
26897,146.0,66.0,1988.0
26898,146.0,67.0,458.0
26899,146.0,67.0,459.0
26900,146.0,67.0,714.0
26901,146.0,67.0,715.0
26902,146.0,67.0,970.0
26903,146.0,67.0,971.0
26904,146.0,67.0,1226.0
26905,146.0,67.0,1227.0
26906,146.0,67.0,1482.0
26907,146.0,67.0,1483.0
26908,146.0,67.0,1738.0
26909,146.0,67.0,1739.0
26910,146.0,67.0,1994.0
26911,146.0,67.0,1995.0
26912,146.0,68.0,441.0
26913,146.0,68.0,442.0
26914,146.0,68.0,443.0
26915,146.0,68.0,457.0
26916,146.0,68.0,458.0
26917,146.0,68.0,713.0
26918,146.0,68.0,714.0
26919,146.0,68.0,953.0
26920,146.0,68.0,954.0
26921,146.0,68.0,955.0
26922,146.0,68.0,969.0
26923,146.0,68.0,970.0
26924,146.0,68.0,1209.0
26925,146.0,68.0,1210.0
26926,146.0,68.0,1211.0
26927,146.0,68.0,1225.0
26928,146.0,68.0,1226.0
26929,146.0,68.0,1465.0
26930,146.0,68.0,1466.0
26931,146.0,68.0,1467.0
26932,146.0,68.0,1481.0
26933,146.0,68.0,1482.0
26934,146.0,68.0,1737.0
26935,146.0,68.0,1738.0
26936,146.0,68.0,1977.0
26937,146.0,68.0,1978.0
26938,146.0,68.0,1979.0
26939,146.0,68.0,1993.0
26940,146.0,68.0,1994.0
26941,146.0,69.0,433.0
26942,146.0,69.0,435.0
26943,146.0,69.0,436.0
26944,146.0,69.0,454.0
26945,146.0,69.0,455.0
26946,146.0,69.0,691.0
26947,146.0,69.0,692.0
26948,146.0,69.0,710.0
26949,146.0,69.0,711.0
26950,146.0,69.0,947.0
26951,146.0,69.0,948.0
26952,146.0,69.0,966.0
26953,146.0,69.0,967.0
26954,146.0,69.0,1203.0
26955,146.0,69.0,1204.0
26956,146.0,69.0,1222.0
26957,146.0,69.0,1223.0
26958,146.0,69.0,1459.0
26959,146.0,69.0,1460.0
26960,146.0,69.0,1478.0
26961,146.0,69.0,1479.0
26962,146.0,69.0,1715.0
26963,146.0,69.0,1716.0
26964,146.0,69.0,1734.0
26965,146.0,69.0,1735.0
26966,146.0,69.0,1971.0
26967,146.0,69.0,1972.0
26968,146.0,69.0,1990.0
26969,146.0,69.0,1991.0
26970,146.0,70.0,435.0
26971,146.0,70.0,436.0
26972,146.0,70.0,451.0
26973,146.0,70.0,452.0
26974,146.0,70.0,691.0
26975,146.0,70.0,692.0
26976,146.0,70.0,707.0
26977,146.0,70.0,708.0
26978,146.0,70.0,947.0
26979,146.0,70.0,948.0
26980,146.0,70.0,963.0
26981,146.0,70.0,964.0
26982,146.0,70.0,1203.0
26983,146.0,70.0,1204.0
26984,146.0,70.0,1219.0
26985,146.0,70.0,1220.0
26986,146.0,70.0,1459.0
26987,146.0,70.0,1460.0
26988,146.0,70.0,1475.0
26989,146.0,70.0,1476.0
26990,146.0,70.0,1715.0
26991,146.0,70.0,1716.0
26992,146.0,70.0,1731.0
26993,146.0,70.0,1732.0
26994,146.0,70.0,1971.0
26995,146.0,70.0,1972.0
26996,146.0,70.0,1987.0
26997,146.0,70.0,1988.0
26998,146.0,71.0,434.0
26999,146.0,71.0,435.0
27000,146.0,71.0,436.0
27001,146.0,71.0,437.0
27002,146.0,71.0,450.0
27003,146.0,71.0,690.0
27004,146.0,71.0,691.0
27005,146.0,71.0,692.0
27006,146.0,71.0,693.0
27007,146.0,71.0,706.0
27008,146.0,71.0,946.0
27009,146.0,71.0,947.0
27010,146.0,71.0,948.0
27011,146.0,71.0,949.0
27012,146.0,71.0,962.0
27013,146.0,71.0,1202.0
27014,146.0,71.0,1203.0
27015,146.0,71.0,1204.0
27016,146.0,71.0,1205.0
27017,146.0,71.0,1218.0
27018,146.0,71.0,1458.0
27019,146.0,71.0,1459.0
27020,146.0,71.0,1460.0
27021,146.0,71.0,1461.0
27022,146.0,71.0,1474.0
27023,146.0,71.0,1714.0
27024,146.0,71.0,1715.0
27025,146.0,71.0,1716.0
27026,146.0,71.0,1717.0
27027,146.0,71.0,1730.0
27028,146.0,71.0,1970.0
27029,146.0,71.0,1971.0
27030,146.0,71.0,1972.0
27031,146.0,71.0,1973.0
27032,146.0,71.0,1986.0
27033,146.0,72.0,434.0
27034,146.0,72.0,435.0
27035,146.0,72.0,448.0
27036,146.0,72.0,449.0
27037,146.0,72.0,450.0
27038,146.0,72.0,690.0
27039,146.0,72.0,691.0
27040,146.0,72.0,704.0
27041,146.0,72.0,705.0
27042,146.0,72.0,706.0
27043,146.0,72.0,946.0
27044,146.0,72.0,947.0
27045,146.0,72.0,960.0
27046,146.0,72.0,961.0
27047,146.0,72.0,962.0
27048,146.0,72.0,1202.0
27049,146.0,72.0,1203.0
27050,146.0,72.0,1216.0
27051,146.0,72.0,1217.0
27052,146.0,72.0,1218.0
27053,146.0,72.0,1458.0
27054,146.0,72.0,1459.0
27055,146.0,72.0,1472.0
27056,146.0,72.0,1473.0
27057,146.0,72.0,1474.0
27058,146.0,72.0,1714.0
27059,146.0,72.0,1715.0
27060,146.0,72.0,1728.0
27061,146.0,72.0,1729.0
27062,146.0,72.0,1730.0
27063,146.0,72.0,1970.0
27064,146.0,72.0,1971.0
27065,146.0,72.0,1984.0
27066,146.0,72.0,1985.0
27067,146.0,72.0,1986.0
27068,146.0,73.0,434.0
27069,146.0,73.0,435.0
27070,146.0,73.0,436.0
27071,146.0,73.0,443.0
27072,146.0,73.0,446.0
27073,146.0,73.0,449.0
27074,146.0,73.0,690.0
27075,146.0,73.0,691.0
27076,146.0,73.0,692.0
27077,146.0,73.0,702.0
27078,146.0,73.0,705.0
27079,146.0,73.0,946.0
27080,146.0,73.0,947.0
27081,146.0,73.0,948.0
27082,146.0,73.0,958.0
27083,146.0,73.0,961.0
27084,146.0,73.0,1202.0
27085,146.0,73.0,1203.0
27086,146.0,73.0,1204.0
27087,146.0,73.0,1214.0
27088,146.0,73.0,1217.0
27089,146.0,73.0,1458.0
27090,146.0,73.0,1459.0
27091,146.0,73.0,1460.0
27092,146.0,73.0,1470.0
27093,146.0,73.0,1473.0
27094,146.0,73.0,1714.0
27095,146.0,73.0,1715.0
27096,146.0,73.0,1716.0
27097,146.0,73.0,1726.0
27098,146.0,73.0,1729.0
27099,146.0,73.0,1970.0
27100,146.0,73.0,1971.0
27101,146.0,73.0,1972.0
27102,146.0,73.0,1982.0
27103,146.0,73.0,1985.0
27104,146.0,74.0,442.0
27105,146.0,74.0,443.0
27106,146.0,75.0,438.0
27107,146.0,75.0,456.0
27108,146.0,75.0,712.0
27109,146.0,75.0,968.0
27110,146.0,75.0,1224.0
27111,146.0,75.0,1480.0
27112,146.0,75.0,1736.0
27113,146.0,75.0,1992.0
27114,146.0,76.0,441.0
27115,146.0,76.0,442.0
27116,146.0,76.0,446.0
27117,146.0,76.0,447.0
27118,146.0,76.0,453.0
27119,146.0,76.0,454.0
27120,146.0,76.0,455.0
27121,146.0,76.0,456.0
27122,146.0,76.0,697.0
27123,146.0,76.0,698.0
27124,146.0,76.0,702.0
27125,146.0,76.0,703.0
27126,146.0,76.0,709.0
27127,146.0,76.0,710.0
27128,146.0,76.0,711.0
27129,146.0,76.0,712.0
27130,146.0,76.0,953.0
27131,146.0,76.0,954.0
27132,146.0,76.0,958.0
27133,146.0,76.0,959.0
27134,146.0,76.0,965.0
27135,146.0,76.0,966.0
27136,146.0,76.0,967.0
27137,146.0,76.0,968.0
27138,146.0,76.0,1209.0
27139,146.0,76.0,1210.0
27140,146.0,76.0,1214.0
27141,146.0,76.0,1215.0
27142,146.0,76.0,1221.0
27143,146.0,76.0,1222.0
27144,146.0,76.0,1223.0
27145,146.0,76.0,1224.0
27146,146.0,76.0,1465.0
27147,146.0,76.0,1466.0
27148,146.0,76.0,1470.0
27149,146.0,76.0,1471.0
27150,146.0,76.0,1477.0
27151,146.0,76.0,1478.0
27152,146.0,76.0,1479.0
27153,146.0,76.0,1480.0
27154,146.0,76.0,1721.0
27155,146.0,76.0,1722.0
27156,146.0,76.0,1726.0
27157,146.0,76.0,1727.0
27158,146.0,76.0,1733.0
27159,146.0,76.0,1734.0
27160,146.0,76.0,1735.0
27161,146.0,76.0,1736.0
27162,146.0,76.0,1977.0
27163,146.0,76.0,1978.0
27164,146.0,76.0,1982.0
27165,146.0,76.0,1983.0
27166,146.0,76.0,1989.0
27167,146.0,76.0,1990.0
27168,146.0,76.0,1991.0
27169,146.0,76.0,1992.0
27170,146.0,77.0,431.0
27171,146.0,77.0,432.0
27172,146.0,77.0,443.0
27173,146.0,77.0,444.0
27174,146.0,77.0,445.0
27175,146.0,77.0,687.0
27176,146.0,77.0,688.0
27177,146.0,77.0,699.0
27178,146.0,77.0,700.0
27179,146.0,77.0,701.0
27180,146.0,77.0,943.0
27181,146.0,77.0,944.0
27182,146.0,77.0,955.0
27183,146.0,77.0,956.0
27184,146.0,77.0,957.0
27185,146.0,77.0,1199.0
27186,146.0,77.0,1200.0
27187,146.0,77.0,1211.0
27188,146.0,77.0,1212.0
27189,146.0,77.0,1213.0
27190,146.0,77.0,1455.0
27191,146.0,77.0,1456.0
27192,146.0,77.0,1467.0
27193,146.0,77.0,1468.0
27194,146.0,77.0,1469.0
27195,146.0,77.0,1711.0
27196,146.0,77.0,1712.0
27197,146.0,77.0,1723.0
27198,146.0,77.0,1724.0
27199,146.0,77.0,1725.0
27200,146.0,77.0,1967.0
27201,146.0,77.0,1968.0
27202,146.0,77.0,1979.0
27203,146.0,77.0,1980.0
27204,146.0,77.0,1981.0
27205,146.0,78.0,429.0
27206,146.0,78.0,430.0
27207,146.0,78.0,434.0
27208,146.0,78.0,444.0
27209,146.0,78.0,685.0
27210,146.0,78.0,686.0
27211,146.0,78.0,690.0
27212,146.0,78.0,700.0
27213,146.0,78.0,941.0
27214,146.0,78.0,942.0
27215,146.0,78.0,946.0
27216,146.0,78.0,956.0
27217,146.0,78.0,1197.0
27218,146.0,78.0,1198.0
27219,146.0,78.0,1202.0
27220,146.0,78.0,1212.0
27221,146.0,78.0,1453.0
27222,146.0,78.0,1454.0
27223,146.0,78.0,1458.0
27224,146.0,78.0,1468.0
27225,146.0,78.0,1709.0
27226,146.0,78.0,1710.0
27227,146.0,78.0,1714.0
27228,146.0,78.0,1724.0
27229,146.0,78.0,1965.0
27230,146.0,78.0,1966.0
27231,146.0,78.0,1970.0
27232,146.0,78.0,1980.0
27233,146.0,80.0,453.0
27234,146.0,80.0,454.0
27235,146.0,80.0,709.0
27236,146.0,80.0,710.0
27237,146.0,80.0,965.0
27238,146.0,80.0,966.0
27239,146.0,80.0,1221.0
27240,146.0,80.0,1222.0
27241,146.0,80.0,1477.0
27242,146.0,80.0,1478.0
27243,146.0,80.0,1733.0
27244,146.0,80.0,1734.0
27245,146.0,80.0,1989.0
27246,146.0,80.0,1990.0
27247,146.0,81.0,453.0
27248,146.0,81.0,454.0
27249,146.0,81.0,709.0
27250,146.0,81.0,710.0
27251,146.0,81.0,965.0
27252,146.0,81.0,966.0
27253,146.0,81.0,1221.0
27254,146.0,81.0,1222.0
27255,146.0,81.0,1477.0
27256,146.0,81.0,1478.0
27257,146.0,81.0,1733.0
27258,146.0,81.0,1734.0
27259,146.0,81.0,1989.0
27260,146.0,81.0,1990.0
27261,146.0,82.0,436.0
27262,146.0,82.0,437.0
27263,146.0,84.0,437.0
27264,146.0,84.0,438.0
27265,146.0,86.0,455.0
27266,146.0,86.0,456.0
27267,146.0,86.0,458.0
27268,146.0,86.0,459.0
27269,146.0,86.0,460.0
27270,146.0,86.0,461.0
27271,146.0,86.0,462.0
27272,146.0,86.0,711.0
27273,146.0,86.0,712.0
27274,146.0,86.0,714.0
27275,146.0,86.0,715.0
27276,146.0,86.0,716.0
27277,146.0,86.0,717.0
27278,146.0,86.0,718.0
27279,146.0,86.0,967.0
27280,146.0,86.0,968.0
27281,146.0,86.0,970.0
27282,146.0,86.0,971.0
27283,146.0,86.0,972.0
27284,146.0,86.0,973.0
27285,146.0,86.0,974.0
27286,146.0,86.0,1223.0
27287,146.0,86.0,1224.0
27288,146.0,86.0,1226.0
27289,146.0,86.0,1227.0
27290,146.0,86.0,1228.0
27291,146.0,86.0,1229.0
27292,146.0,86.0,1230.0
27293,146.0,86.0,1479.0
27294,146.0,86.0,1480.0
27295,146.0,86.0,1482.0
27296,146.0,86.0,1483.0
27297,146.0,86.0,1484.0
27298,146.0,86.0,1485.0
27299,146.0,86.0,1486.0
27300,146.0,86.0,1735.0
27301,146.0,86.0,1736.0
27302,146.0,86.0,1738.0
27303,146.0,86.0,1739.0
27304,146.0,86.0,1740.0
27305,146.0,86.0,1741.0
27306,146.0,86.0,1742.0
27307,146.0,86.0,1991.0
27308,146.0,86.0,1992.0
27309,146.0,86.0,1994.0
27310,146.0,86.0,1995.0
27311,146.0,86.0,1996.0
27312,146.0,86.0,1997.0
27313,146.0,86.0,1998.0
27314,146.0,87.0,456.0
27315,146.0,87.0,457.0
27316,146.0,87.0,458.0
27317,146.0,87.0,459.0
27318,146.0,87.0,460.0
27319,146.0,87.0,461.0
27320,146.0,87.0,462.0
27321,146.0,87.0,464.0
27322,146.0,87.0,465.0
27323,146.0,87.0,712.0
27324,146.0,87.0,713.0
27325,146.0,87.0,714.0
27326,146.0,87.0,715.0
27327,146.0,87.0,716.0
27328,146.0,87.0,717.0
27329,146.0,87.0,718.0
27330,146.0,87.0,720.0
27331,146.0,87.0,721.0
27332,146.0,87.0,968.0
27333,146.0,87.0,969.0
27334,146.0,87.0,970.0
27335,146.0,87.0,971.0
27336,146.0,87.0,972.0
27337,146.0,87.0,973.0
27338,146.0,87.0,974.0
27339,146.0,87.0,976.0
27340,146.0,87.0,977.0
27341,146.0,87.0,1224.0
27342,146.0,87.0,1225.0
27343,146.0,87.0,1226.0
27344,146.0,87.0,1227.0
27345,146.0,87.0,1228.0
27346,146.0,87.0,1229.0
27347,146.0,87.0,1230.0
27348,146.0,87.0,1232.0
27349,146.0,87.0,1233.0
27350,146.0,87.0,1480.0
27351,146.0,87.0,1481.0
27352,146.0,87.0,1482.0
27353,146.0,87.0,1483.0
27354,146.0,87.0,1484.0
27355,146.0,87.0,1485.0
27356,146.0,87.0,1486.0
27357,146.0,87.0,1488.0
27358,146.0,87.0,1489.0
27359,146.0,87.0,1736.0
27360,146.0,87.0,1737.0
27361,146.0,87.0,1738.0
27362,146.0,87.0,1739.0
27363,146.0,87.0,1740.0
27364,146.0,87.0,1741.0
27365,146.0,87.0,1742.0
27366,146.0,87.0,1744.0
27367,146.0,87.0,1745.0
27368,146.0,87.0,1992.0
27369,146.0,87.0,1993.0
27370,146.0,87.0,1994.0
27371,146.0,87.0,1995.0
27372,146.0,87.0,1996.0
27373,146.0,87.0,1997.0
27374,146.0,87.0,1998.0
27375,146.0,87.0,2000.0
27376,146.0,87.0,2001.0
27377,146.0,88.0,464.0
27378,146.0,88.0,465.0
27379,146.0,88.0,720.0
27380,146.0,88.0,721.0
27381,146.0,88.0,976.0
27382,146.0,88.0,977.0
27383,146.0,88.0,1232.0
27384,146.0,88.0,1233.0
27385,146.0,88.0,1488.0
27386,146.0,88.0,1489.0
27387,146.0,88.0,1744.0
27388,146.0,88.0,1745.0
27389,146.0,88.0,2000.0
27390,146.0,88.0,2001.0
27391,146.0,89.0,464.0
27392,146.0,89.0,720.0
27393,146.0,89.0,976.0
27394,146.0,89.0,1232.0
27395,146.0,89.0,1488.0
27396,146.0,89.0,1744.0
27397,146.0,89.0,2000.0
27398,146.0,96.0,452.0
27399,146.0,97.0,451.0
27400,146.0,98.0,450.0
27401,146.0,98.0,451.0
27402,146.0,98.0,706.0
27403,146.0,98.0,707.0
27404,146.0,98.0,962.0
27405,146.0,98.0,963.0
27406,146.0,98.0,1218.0
27407,146.0,98.0,1219.0
27408,146.0,98.0,1474.0
27409,146.0,98.0,1475.0
27410,146.0,98.0,1730.0
27411,146.0,98.0,1731.0
27412,146.0,98.0,1986.0
27413,146.0,98.0,1987.0
27414,146.0,99.0,450.0
27415,146.0,99.0,451.0
27416,146.0,99.0,706.0
27417,146.0,99.0,707.0
27418,146.0,99.0,962.0
27419,146.0,99.0,963.0
27420,146.0,99.0,1218.0
27421,146.0,99.0,1219.0
27422,146.0,99.0,1474.0
27423,146.0,99.0,1475.0
27424,146.0,99.0,1730.0
27425,146.0,99.0,1731.0
27426,146.0,99.0,1986.0
27427,146.0,99.0,1987.0
27428,146.0,100.0,451.0
27429,146.0,100.0,452.0
27430,146.0,100.0,707.0
27431,146.0,100.0,708.0
27432,146.0,100.0,963.0
27433,146.0,100.0,964.0
27434,146.0,100.0,1219.0
27435,146.0,100.0,1220.0
27436,146.0,100.0,1475.0
27437,146.0,100.0,1476.0
27438,146.0,100.0,1731.0
27439,146.0,100.0,1732.0
27440,146.0,100.0,1987.0
27441,146.0,100.0,1988.0
27442,146.0,101.0,451.0
27443,146.0,101.0,707.0
27444,146.0,101.0,963.0
27445,146.0,101.0,1219.0
27446,146.0,101.0,1475.0
27447,146.0,101.0,1731.0
27448,146.0,101.0,1987.0
27449,146.0,103.0,456.0
27450,146.0,103.0,712.0
27451,146.0,103.0,968.0
27452,146.0,103.0,1224.0
27453,146.0,103.0,1480.0
27454,146.0,103.0,1736.0
27455,146.0,103.0,1992.0
27456,146.0,104.0,420.0
27457,146.0,104.0,455.0
27458,146.0,104.0,456.0
27459,146.0,104.0,711.0
27460,146.0,104.0,712.0
27461,146.0,104.0,967.0
27462,146.0,104.0,968.0
27463,146.0,104.0,1223.0
27464,146.0,104.0,1224.0
27465,146.0,104.0,1479.0
27466,146.0,104.0,1480.0
27467,146.0,104.0,1735.0
27468,146.0,104.0,1736.0
27469,146.0,104.0,1991.0
27470,146.0,104.0,1992.0
27471,146.0,105.0,419.0
27472,146.0,108.0,423.0
27473,146.0,108.0,424.0
27474,146.0,108.0,425.0
27475,146.0,108.0,935.0
27476,146.0,108.0,936.0
27477,146.0,108.0,937.0
27478,146.0,108.0,1191.0
27479,146.0,108.0,1192.0
27480,146.0,108.0,1193.0
27481,146.0,108.0,1447.0
27482,146.0,108.0,1448.0
27483,146.0,108.0,1449.0
27484,146.0,108.0,1703.0
27485,146.0,108.0,1704.0
27486,146.0,108.0,1705.0
27487,146.0,108.0,1959.0
27488,146.0,108.0,1960.0
27489,146.0,108.0,1961.0
27490,146.0,109.0,424.0
27491,146.0,109.0,936.0
27492,146.0,109.0,1192.0
27493,146.0,109.0,1448.0
27494,146.0,109.0,1704.0
27495,146.0,109.0,1960.0
27496,146.0,110.0,453.0
27497,146.0,110.0,454.0
27498,146.0,110.0,709.0
27499,146.0,110.0,710.0
27500,146.0,110.0,965.0
27501,146.0,110.0,966.0
27502,146.0,110.0,1221.0
27503,146.0,110.0,1222.0
27504,146.0,110.0,1477.0
27505,146.0,110.0,1478.0
27506,146.0,110.0,1733.0
27507,146.0,110.0,1734.0
27508,146.0,110.0,1989.0
27509,146.0,110.0,1990.0
27510,146.0,111.0,438.0
27511,147.0,28.0,415.0
27512,147.0,29.0,413.0
27513,147.0,29.0,414.0
27514,147.0,29.0,415.0
27515,147.0,29.0,446.0
27516,147.0,29.0,702.0
27517,147.0,29.0,958.0
27518,147.0,29.0,1214.0
27519,147.0,29.0,1470.0
27520,147.0,29.0,1726.0
27521,147.0,29.0,1982.0
27522,147.0,30.0,422.0
27523,147.0,30.0,423.0
27524,147.0,31.0,412.0
27525,147.0,31.0,413.0
27526,147.0,31.0,668.0
27527,147.0,31.0,669.0
27528,147.0,31.0,924.0
27529,147.0,31.0,925.0
27530,147.0,31.0,1180.0
27531,147.0,31.0,1181.0
27532,147.0,31.0,1436.0
27533,147.0,31.0,1437.0
27534,147.0,31.0,1692.0
27535,147.0,31.0,1693.0
27536,147.0,31.0,1948.0
27537,147.0,31.0,1949.0
27538,147.0,35.0,422.0
27539,147.0,35.0,423.0
27540,147.0,36.0,422.0
27541,147.0,37.0,424.0
27542,147.0,37.0,446.0
27543,147.0,37.0,447.0
27544,147.0,37.0,448.0
27545,147.0,37.0,702.0
27546,147.0,37.0,703.0
27547,147.0,37.0,704.0
27548,147.0,37.0,958.0
27549,147.0,37.0,959.0
27550,147.0,37.0,960.0
27551,147.0,37.0,1214.0
27552,147.0,37.0,1215.0
27553,147.0,37.0,1216.0
27554,147.0,37.0,1470.0
27555,147.0,37.0,1471.0
27556,147.0,37.0,1472.0
27557,147.0,37.0,1726.0
27558,147.0,37.0,1727.0
27559,147.0,37.0,1728.0
27560,147.0,37.0,1982.0
27561,147.0,37.0,1983.0
27562,147.0,37.0,1984.0
27563,147.0,38.0,445.0
27564,147.0,38.0,446.0
27565,147.0,38.0,447.0
27566,147.0,38.0,701.0
27567,147.0,38.0,702.0
27568,147.0,38.0,703.0
27569,147.0,38.0,957.0
27570,147.0,38.0,958.0
27571,147.0,38.0,959.0
27572,147.0,38.0,1213.0
27573,147.0,38.0,1214.0
27574,147.0,38.0,1215.0
27575,147.0,38.0,1469.0
27576,147.0,38.0,1470.0
27577,147.0,38.0,1471.0
27578,147.0,38.0,1725.0
27579,147.0,38.0,1726.0
27580,147.0,38.0,1727.0
27581,147.0,38.0,1981.0
27582,147.0,38.0,1982.0
27583,147.0,38.0,1983.0
27584,147.0,40.0,433.0
27585,147.0,40.0,689.0
27586,147.0,40.0,945.0
27587,147.0,40.0,1201.0
27588,147.0,40.0,1457.0
27589,147.0,40.0,1713.0
27590,147.0,40.0,1969.0
27591,147.0,41.0,432.0
27592,147.0,41.0,433.0
27593,147.0,41.0,688.0
27594,147.0,41.0,689.0
27595,147.0,41.0,944.0
27596,147.0,41.0,945.0
27597,147.0,41.0,1200.0
27598,147.0,41.0,1201.0
27599,147.0,41.0,1456.0
27600,147.0,41.0,1457.0
27601,147.0,41.0,1712.0
27602,147.0,41.0,1713.0
27603,147.0,41.0,1968.0
27604,147.0,41.0,1969.0
27605,147.0,42.0,430.0
27606,147.0,42.0,431.0
27607,147.0,42.0,686.0
27608,147.0,42.0,687.0
27609,147.0,42.0,942.0
27610,147.0,42.0,943.0
27611,147.0,42.0,1198.0
27612,147.0,42.0,1199.0
27613,147.0,42.0,1454.0
27614,147.0,42.0,1455.0
27615,147.0,42.0,1710.0
27616,147.0,42.0,1711.0
27617,147.0,42.0,1966.0
27618,147.0,42.0,1967.0
27619,147.0,50.0,435.0
27620,147.0,50.0,436.0
27621,147.0,50.0,691.0
27622,147.0,50.0,692.0
27623,147.0,50.0,947.0
27624,147.0,50.0,948.0
27625,147.0,50.0,1203.0
27626,147.0,50.0,1204.0
27627,147.0,50.0,1459.0
27628,147.0,50.0,1460.0
27629,147.0,50.0,1715.0
27630,147.0,50.0,1716.0
27631,147.0,50.0,1971.0
27632,147.0,50.0,1972.0
27633,147.0,51.0,453.0
27634,147.0,51.0,454.0
27635,147.0,51.0,455.0
27636,147.0,51.0,709.0
27637,147.0,51.0,710.0
27638,147.0,51.0,711.0
27639,147.0,51.0,965.0
27640,147.0,51.0,966.0
27641,147.0,51.0,967.0
27642,147.0,51.0,1221.0
27643,147.0,51.0,1222.0
27644,147.0,51.0,1223.0
27645,147.0,51.0,1477.0
27646,147.0,51.0,1478.0
27647,147.0,51.0,1479.0
27648,147.0,51.0,1733.0
27649,147.0,51.0,1734.0
27650,147.0,51.0,1735.0
27651,147.0,51.0,1989.0
27652,147.0,51.0,1990.0
27653,147.0,51.0,1991.0
27654,147.0,52.0,446.0
27655,147.0,52.0,452.0
27656,147.0,52.0,453.0
27657,147.0,52.0,454.0
27658,147.0,52.0,702.0
27659,147.0,52.0,708.0
27660,147.0,52.0,709.0
27661,147.0,52.0,710.0
27662,147.0,52.0,958.0
27663,147.0,52.0,964.0
27664,147.0,52.0,965.0
27665,147.0,52.0,966.0
27666,147.0,52.0,1214.0
27667,147.0,52.0,1220.0
27668,147.0,52.0,1221.0
27669,147.0,52.0,1222.0
27670,147.0,52.0,1470.0
27671,147.0,52.0,1476.0
27672,147.0,52.0,1477.0
27673,147.0,52.0,1478.0
27674,147.0,52.0,1726.0
27675,147.0,52.0,1732.0
27676,147.0,52.0,1733.0
27677,147.0,52.0,1734.0
27678,147.0,52.0,1982.0
27679,147.0,52.0,1988.0
27680,147.0,52.0,1989.0
27681,147.0,52.0,1990.0
27682,147.0,53.0,443.0
27683,147.0,53.0,444.0
27684,147.0,53.0,445.0
27685,147.0,53.0,446.0
27686,147.0,53.0,447.0
27687,147.0,53.0,699.0
27688,147.0,53.0,700.0
27689,147.0,53.0,701.0
27690,147.0,53.0,702.0
27691,147.0,53.0,703.0
27692,147.0,53.0,955.0
27693,147.0,53.0,956.0
27694,147.0,53.0,957.0
27695,147.0,53.0,958.0
27696,147.0,53.0,959.0
27697,147.0,53.0,1211.0
27698,147.0,53.0,1212.0
27699,147.0,53.0,1213.0
27700,147.0,53.0,1214.0
27701,147.0,53.0,1215.0
27702,147.0,53.0,1467.0
27703,147.0,53.0,1468.0
27704,147.0,53.0,1469.0
27705,147.0,53.0,1470.0
27706,147.0,53.0,1471.0
27707,147.0,53.0,1723.0
27708,147.0,53.0,1724.0
27709,147.0,53.0,1725.0
27710,147.0,53.0,1726.0
27711,147.0,53.0,1727.0
27712,147.0,53.0,1979.0
27713,147.0,53.0,1980.0
27714,147.0,53.0,1981.0
27715,147.0,53.0,1982.0
27716,147.0,53.0,1983.0
27717,147.0,54.0,443.0
27718,147.0,54.0,444.0
27719,147.0,54.0,448.0
27720,147.0,54.0,449.0
27721,147.0,54.0,450.0
27722,147.0,54.0,699.0
27723,147.0,54.0,700.0
27724,147.0,54.0,704.0
27725,147.0,54.0,705.0
27726,147.0,54.0,706.0
27727,147.0,54.0,955.0
27728,147.0,54.0,956.0
27729,147.0,54.0,960.0
27730,147.0,54.0,961.0
27731,147.0,54.0,962.0
27732,147.0,54.0,1211.0
27733,147.0,54.0,1212.0
27734,147.0,54.0,1216.0
27735,147.0,54.0,1217.0
27736,147.0,54.0,1218.0
27737,147.0,54.0,1467.0
27738,147.0,54.0,1468.0
27739,147.0,54.0,1472.0
27740,147.0,54.0,1473.0
27741,147.0,54.0,1474.0
27742,147.0,54.0,1723.0
27743,147.0,54.0,1724.0
27744,147.0,54.0,1728.0
27745,147.0,54.0,1729.0
27746,147.0,54.0,1730.0
27747,147.0,54.0,1979.0
27748,147.0,54.0,1980.0
27749,147.0,54.0,1984.0
27750,147.0,54.0,1985.0
27751,147.0,54.0,1986.0
27752,147.0,55.0,442.0
27753,147.0,55.0,443.0
27754,147.0,55.0,447.0
27755,147.0,55.0,448.0
27756,147.0,55.0,698.0
27757,147.0,55.0,699.0
27758,147.0,55.0,703.0
27759,147.0,55.0,704.0
27760,147.0,55.0,954.0
27761,147.0,55.0,955.0
27762,147.0,55.0,959.0
27763,147.0,55.0,960.0
27764,147.0,55.0,1210.0
27765,147.0,55.0,1211.0
27766,147.0,55.0,1215.0
27767,147.0,55.0,1216.0
27768,147.0,55.0,1466.0
27769,147.0,55.0,1467.0
27770,147.0,55.0,1471.0
27771,147.0,55.0,1472.0
27772,147.0,55.0,1722.0
27773,147.0,55.0,1723.0
27774,147.0,55.0,1727.0
27775,147.0,55.0,1728.0
27776,147.0,55.0,1978.0
27777,147.0,55.0,1979.0
27778,147.0,55.0,1983.0
27779,147.0,55.0,1984.0
27780,147.0,56.0,446.0
27781,147.0,56.0,447.0
27782,147.0,56.0,448.0
27783,147.0,56.0,702.0
27784,147.0,56.0,703.0
27785,147.0,56.0,704.0
27786,147.0,56.0,958.0
27787,147.0,56.0,959.0
27788,147.0,56.0,960.0
27789,147.0,56.0,1214.0
27790,147.0,56.0,1215.0
27791,147.0,56.0,1216.0
27792,147.0,56.0,1470.0
27793,147.0,56.0,1471.0
27794,147.0,56.0,1472.0
27795,147.0,56.0,1726.0
27796,147.0,56.0,1727.0
27797,147.0,56.0,1728.0
27798,147.0,56.0,1982.0
27799,147.0,56.0,1983.0
27800,147.0,56.0,1984.0
27801,147.0,57.0,445.0
27802,147.0,57.0,701.0
27803,147.0,57.0,957.0
27804,147.0,57.0,1213.0
27805,147.0,57.0,1469.0
27806,147.0,57.0,1725.0
27807,147.0,57.0,1981.0
27808,147.0,58.0,443.0
27809,147.0,58.0,444.0
27810,147.0,58.0,699.0
27811,147.0,58.0,700.0
27812,147.0,58.0,955.0
27813,147.0,58.0,956.0
27814,147.0,58.0,1211.0
27815,147.0,58.0,1212.0
27816,147.0,58.0,1467.0
27817,147.0,58.0,1468.0
27818,147.0,58.0,1723.0
27819,147.0,58.0,1724.0
27820,147.0,58.0,1979.0
27821,147.0,58.0,1980.0
27822,147.0,60.0,449.0
27823,147.0,60.0,450.0
27824,147.0,61.0,448.0
27825,147.0,61.0,449.0
27826,147.0,61.0,704.0
27827,147.0,61.0,705.0
27828,147.0,61.0,960.0
27829,147.0,61.0,961.0
27830,147.0,61.0,1216.0
27831,147.0,61.0,1217.0
27832,147.0,61.0,1472.0
27833,147.0,61.0,1473.0
27834,147.0,61.0,1728.0
27835,147.0,61.0,1729.0
27836,147.0,61.0,1984.0
27837,147.0,61.0,1985.0
27838,147.0,62.0,448.0
27839,147.0,62.0,449.0
27840,147.0,62.0,704.0
27841,147.0,62.0,705.0
27842,147.0,62.0,960.0
27843,147.0,62.0,961.0
27844,147.0,62.0,1216.0
27845,147.0,62.0,1217.0
27846,147.0,62.0,1472.0
27847,147.0,62.0,1473.0
27848,147.0,62.0,1728.0
27849,147.0,62.0,1729.0
27850,147.0,62.0,1984.0
27851,147.0,62.0,1985.0
27852,147.0,63.0,445.0
27853,147.0,63.0,446.0
27854,147.0,63.0,447.0
27855,147.0,63.0,701.0
27856,147.0,63.0,702.0
27857,147.0,63.0,703.0
27858,147.0,63.0,957.0
27859,147.0,63.0,958.0
27860,147.0,63.0,959.0
27861,147.0,63.0,1213.0
27862,147.0,63.0,1214.0
27863,147.0,63.0,1215.0
27864,147.0,63.0,1469.0
27865,147.0,63.0,1470.0
27866,147.0,63.0,1471.0
27867,147.0,63.0,1725.0
27868,147.0,63.0,1726.0
27869,147.0,63.0,1727.0
27870,147.0,63.0,1981.0
27871,147.0,63.0,1982.0
27872,147.0,63.0,1983.0
27873,147.0,64.0,444.0
27874,147.0,64.0,445.0
27875,147.0,64.0,446.0
27876,147.0,64.0,700.0
27877,147.0,64.0,701.0
27878,147.0,64.0,702.0
27879,147.0,64.0,956.0
27880,147.0,64.0,957.0
27881,147.0,64.0,958.0
27882,147.0,64.0,1212.0
27883,147.0,64.0,1213.0
27884,147.0,64.0,1214.0
27885,147.0,64.0,1468.0
27886,147.0,64.0,1469.0
27887,147.0,64.0,1470.0
27888,147.0,64.0,1724.0
27889,147.0,64.0,1725.0
27890,147.0,64.0,1726.0
27891,147.0,64.0,1980.0
27892,147.0,64.0,1981.0
27893,147.0,64.0,1982.0
27894,147.0,65.0,430.0
27895,147.0,65.0,431.0
27896,147.0,65.0,451.0
27897,147.0,65.0,686.0
27898,147.0,65.0,687.0
27899,147.0,65.0,707.0
27900,147.0,65.0,942.0
27901,147.0,65.0,943.0
27902,147.0,65.0,963.0
27903,147.0,65.0,1198.0
27904,147.0,65.0,1199.0
27905,147.0,65.0,1219.0
27906,147.0,65.0,1454.0
27907,147.0,65.0,1455.0
27908,147.0,65.0,1475.0
27909,147.0,65.0,1731.0
27910,147.0,65.0,1966.0
27911,147.0,65.0,1967.0
27912,147.0,65.0,1987.0
27913,147.0,66.0,430.0
27914,147.0,66.0,431.0
27915,147.0,66.0,433.0
27916,147.0,66.0,450.0
27917,147.0,66.0,452.0
27918,147.0,66.0,686.0
27919,147.0,66.0,687.0
27920,147.0,66.0,706.0
27921,147.0,66.0,708.0
27922,147.0,66.0,942.0
27923,147.0,66.0,943.0
27924,147.0,66.0,962.0
27925,147.0,66.0,964.0
27926,147.0,66.0,1198.0
27927,147.0,66.0,1199.0
27928,147.0,66.0,1218.0
27929,147.0,66.0,1220.0
27930,147.0,66.0,1454.0
27931,147.0,66.0,1455.0
27932,147.0,66.0,1474.0
27933,147.0,66.0,1476.0
27934,147.0,66.0,1730.0
27935,147.0,66.0,1732.0
27936,147.0,66.0,1966.0
27937,147.0,66.0,1967.0
27938,147.0,66.0,1986.0
27939,147.0,66.0,1988.0
27940,147.0,67.0,457.0
27941,147.0,67.0,458.0
27942,147.0,67.0,459.0
27943,147.0,67.0,713.0
27944,147.0,67.0,714.0
27945,147.0,67.0,715.0
27946,147.0,67.0,969.0
27947,147.0,67.0,970.0
27948,147.0,67.0,971.0
27949,147.0,67.0,1225.0
27950,147.0,67.0,1226.0
27951,147.0,67.0,1227.0
27952,147.0,67.0,1481.0
27953,147.0,67.0,1482.0
27954,147.0,67.0,1483.0
27955,147.0,67.0,1737.0
27956,147.0,67.0,1738.0
27957,147.0,67.0,1739.0
27958,147.0,67.0,1993.0
27959,147.0,67.0,1994.0
27960,147.0,67.0,1995.0
27961,147.0,68.0,434.0
27962,147.0,68.0,435.0
27963,147.0,68.0,454.0
27964,147.0,68.0,455.0
27965,147.0,68.0,456.0
27966,147.0,68.0,457.0
27967,147.0,68.0,458.0
27968,147.0,68.0,710.0
27969,147.0,68.0,711.0
27970,147.0,68.0,712.0
27971,147.0,68.0,713.0
27972,147.0,68.0,714.0
27973,147.0,68.0,966.0
27974,147.0,68.0,967.0
27975,147.0,68.0,968.0
27976,147.0,68.0,969.0
27977,147.0,68.0,970.0
27978,147.0,68.0,1222.0
27979,147.0,68.0,1223.0
27980,147.0,68.0,1224.0
27981,147.0,68.0,1225.0
27982,147.0,68.0,1226.0
27983,147.0,68.0,1478.0
27984,147.0,68.0,1479.0
27985,147.0,68.0,1480.0
27986,147.0,68.0,1481.0
27987,147.0,68.0,1482.0
27988,147.0,68.0,1734.0
27989,147.0,68.0,1735.0
27990,147.0,68.0,1736.0
27991,147.0,68.0,1737.0
27992,147.0,68.0,1738.0
27993,147.0,68.0,1990.0
27994,147.0,68.0,1991.0
27995,147.0,68.0,1992.0
27996,147.0,68.0,1993.0
27997,147.0,68.0,1994.0
27998,147.0,69.0,434.0
27999,147.0,69.0,452.0
28000,147.0,69.0,453.0
28001,147.0,69.0,454.0
28002,147.0,69.0,455.0
28003,147.0,69.0,708.0
28004,147.0,69.0,709.0
28005,147.0,69.0,710.0
28006,147.0,69.0,711.0
28007,147.0,69.0,964.0
28008,147.0,69.0,965.0
28009,147.0,69.0,966.0
28010,147.0,69.0,967.0
28011,147.0,69.0,1220.0
28012,147.0,69.0,1221.0
28013,147.0,69.0,1222.0
28014,147.0,69.0,1223.0
28015,147.0,69.0,1476.0
28016,147.0,69.0,1477.0
28017,147.0,69.0,1478.0
28018,147.0,69.0,1479.0
28019,147.0,69.0,1732.0
28020,147.0,69.0,1733.0
28021,147.0,69.0,1734.0
28022,147.0,69.0,1735.0
28023,147.0,69.0,1988.0
28024,147.0,69.0,1989.0
28025,147.0,69.0,1990.0
28026,147.0,69.0,1991.0
28027,147.0,70.0,435.0
28028,147.0,70.0,436.0
28029,147.0,70.0,439.0
28030,147.0,70.0,451.0
28031,147.0,70.0,452.0
28032,147.0,70.0,691.0
28033,147.0,70.0,692.0
28034,147.0,70.0,695.0
28035,147.0,70.0,707.0
28036,147.0,70.0,708.0
28037,147.0,70.0,947.0
28038,147.0,70.0,948.0
28039,147.0,70.0,951.0
28040,147.0,70.0,963.0
28041,147.0,70.0,964.0
28042,147.0,70.0,1203.0
28043,147.0,70.0,1204.0
28044,147.0,70.0,1207.0
28045,147.0,70.0,1219.0
28046,147.0,70.0,1220.0
28047,147.0,70.0,1459.0
28048,147.0,70.0,1460.0
28049,147.0,70.0,1463.0
28050,147.0,70.0,1475.0
28051,147.0,70.0,1476.0
28052,147.0,70.0,1715.0
28053,147.0,70.0,1716.0
28054,147.0,70.0,1719.0
28055,147.0,70.0,1731.0
28056,147.0,70.0,1732.0
28057,147.0,70.0,1971.0
28058,147.0,70.0,1972.0
28059,147.0,70.0,1975.0
28060,147.0,70.0,1987.0
28061,147.0,70.0,1988.0
28062,147.0,71.0,428.0
28063,147.0,71.0,436.0
28064,147.0,71.0,437.0
28065,147.0,71.0,438.0
28066,147.0,71.0,450.0
28067,147.0,71.0,692.0
28068,147.0,71.0,693.0
28069,147.0,71.0,694.0
28070,147.0,71.0,706.0
28071,147.0,71.0,948.0
28072,147.0,71.0,949.0
28073,147.0,71.0,950.0
28074,147.0,71.0,962.0
28075,147.0,71.0,1204.0
28076,147.0,71.0,1205.0
28077,147.0,71.0,1206.0
28078,147.0,71.0,1218.0
28079,147.0,71.0,1460.0
28080,147.0,71.0,1461.0
28081,147.0,71.0,1462.0
28082,147.0,71.0,1474.0
28083,147.0,71.0,1716.0
28084,147.0,71.0,1717.0
28085,147.0,71.0,1718.0
28086,147.0,71.0,1730.0
28087,147.0,71.0,1972.0
28088,147.0,71.0,1973.0
28089,147.0,71.0,1974.0
28090,147.0,71.0,1986.0
28091,147.0,72.0,434.0
28092,147.0,72.0,435.0
28093,147.0,72.0,436.0
28094,147.0,72.0,437.0
28095,147.0,72.0,450.0
28096,147.0,72.0,690.0
28097,147.0,72.0,691.0
28098,147.0,72.0,692.0
28099,147.0,72.0,693.0
28100,147.0,72.0,706.0
28101,147.0,72.0,946.0
28102,147.0,72.0,947.0
28103,147.0,72.0,948.0
28104,147.0,72.0,949.0
28105,147.0,72.0,962.0
28106,147.0,72.0,1202.0
28107,147.0,72.0,1203.0
28108,147.0,72.0,1204.0
28109,147.0,72.0,1205.0
28110,147.0,72.0,1218.0
28111,147.0,72.0,1458.0
28112,147.0,72.0,1459.0
28113,147.0,72.0,1460.0
28114,147.0,72.0,1461.0
28115,147.0,72.0,1474.0
28116,147.0,72.0,1714.0
28117,147.0,72.0,1715.0
28118,147.0,72.0,1716.0
28119,147.0,72.0,1717.0
28120,147.0,72.0,1730.0
28121,147.0,72.0,1970.0
28122,147.0,72.0,1971.0
28123,147.0,72.0,1972.0
28124,147.0,72.0,1973.0
28125,147.0,72.0,1986.0
28126,147.0,73.0,434.0
28127,147.0,73.0,449.0
28128,147.0,73.0,690.0
28129,147.0,73.0,705.0
28130,147.0,73.0,946.0
28131,147.0,73.0,961.0
28132,147.0,73.0,1202.0
28133,147.0,73.0,1217.0
28134,147.0,73.0,1458.0
28135,147.0,73.0,1473.0
28136,147.0,73.0,1714.0
28137,147.0,73.0,1729.0
28138,147.0,73.0,1970.0
28139,147.0,73.0,1985.0
28140,147.0,74.0,430.0
28141,147.0,74.0,431.0
28142,147.0,75.0,430.0
28143,147.0,75.0,431.0
28144,147.0,75.0,433.0
28145,147.0,75.0,453.0
28146,147.0,75.0,456.0
28147,147.0,75.0,709.0
28148,147.0,75.0,712.0
28149,147.0,75.0,965.0
28150,147.0,75.0,968.0
28151,147.0,75.0,1221.0
28152,147.0,75.0,1224.0
28153,147.0,75.0,1477.0
28154,147.0,75.0,1480.0
28155,147.0,75.0,1733.0
28156,147.0,75.0,1736.0
28157,147.0,75.0,1989.0
28158,147.0,75.0,1992.0
28159,147.0,76.0,441.0
28160,147.0,76.0,442.0
28161,147.0,76.0,453.0
28162,147.0,76.0,454.0
28163,147.0,76.0,697.0
28164,147.0,76.0,698.0
28165,147.0,76.0,709.0
28166,147.0,76.0,710.0
28167,147.0,76.0,953.0
28168,147.0,76.0,954.0
28169,147.0,76.0,965.0
28170,147.0,76.0,966.0
28171,147.0,76.0,1209.0
28172,147.0,76.0,1210.0
28173,147.0,76.0,1221.0
28174,147.0,76.0,1222.0
28175,147.0,76.0,1465.0
28176,147.0,76.0,1466.0
28177,147.0,76.0,1477.0
28178,147.0,76.0,1478.0
28179,147.0,76.0,1721.0
28180,147.0,76.0,1722.0
28181,147.0,76.0,1733.0
28182,147.0,76.0,1734.0
28183,147.0,76.0,1977.0
28184,147.0,76.0,1978.0
28185,147.0,76.0,1989.0
28186,147.0,76.0,1990.0
28187,147.0,77.0,431.0
28188,147.0,77.0,432.0
28189,147.0,77.0,441.0
28190,147.0,77.0,442.0
28191,147.0,77.0,443.0
28192,147.0,77.0,444.0
28193,147.0,77.0,445.0
28194,147.0,77.0,451.0
28195,147.0,77.0,452.0
28196,147.0,77.0,453.0
28197,147.0,77.0,454.0
28198,147.0,77.0,687.0
28199,147.0,77.0,688.0
28200,147.0,77.0,697.0
28201,147.0,77.0,698.0
28202,147.0,77.0,699.0
28203,147.0,77.0,700.0
28204,147.0,77.0,701.0
28205,147.0,77.0,707.0
28206,147.0,77.0,708.0
28207,147.0,77.0,709.0
28208,147.0,77.0,710.0
28209,147.0,77.0,943.0
28210,147.0,77.0,944.0
28211,147.0,77.0,953.0
28212,147.0,77.0,954.0
28213,147.0,77.0,955.0
28214,147.0,77.0,956.0
28215,147.0,77.0,957.0
28216,147.0,77.0,963.0
28217,147.0,77.0,964.0
28218,147.0,77.0,965.0
28219,147.0,77.0,966.0
28220,147.0,77.0,1199.0
28221,147.0,77.0,1200.0
28222,147.0,77.0,1209.0
28223,147.0,77.0,1210.0
28224,147.0,77.0,1211.0
28225,147.0,77.0,1212.0
28226,147.0,77.0,1213.0
28227,147.0,77.0,1219.0
28228,147.0,77.0,1220.0
28229,147.0,77.0,1221.0
28230,147.0,77.0,1222.0
28231,147.0,77.0,1455.0
28232,147.0,77.0,1456.0
28233,147.0,77.0,1465.0
28234,147.0,77.0,1466.0
28235,147.0,77.0,1467.0
28236,147.0,77.0,1468.0
28237,147.0,77.0,1469.0
28238,147.0,77.0,1475.0
28239,147.0,77.0,1476.0
28240,147.0,77.0,1477.0
28241,147.0,77.0,1478.0
28242,147.0,77.0,1711.0
28243,147.0,77.0,1712.0
28244,147.0,77.0,1721.0
28245,147.0,77.0,1722.0
28246,147.0,77.0,1723.0
28247,147.0,77.0,1724.0
28248,147.0,77.0,1725.0
28249,147.0,77.0,1731.0
28250,147.0,77.0,1732.0
28251,147.0,77.0,1733.0
28252,147.0,77.0,1734.0
28253,147.0,77.0,1967.0
28254,147.0,77.0,1968.0
28255,147.0,77.0,1977.0
28256,147.0,77.0,1978.0
28257,147.0,77.0,1979.0
28258,147.0,77.0,1980.0
28259,147.0,77.0,1981.0
28260,147.0,77.0,1987.0
28261,147.0,77.0,1988.0
28262,147.0,77.0,1989.0
28263,147.0,77.0,1990.0
28264,147.0,78.0,429.0
28265,147.0,78.0,430.0
28266,147.0,78.0,435.0
28267,147.0,78.0,442.0
28268,147.0,78.0,443.0
28269,147.0,78.0,444.0
28270,147.0,78.0,451.0
28271,147.0,78.0,685.0
28272,147.0,78.0,686.0
28273,147.0,78.0,698.0
28274,147.0,78.0,699.0
28275,147.0,78.0,700.0
28276,147.0,78.0,707.0
28277,147.0,78.0,941.0
28278,147.0,78.0,942.0
28279,147.0,78.0,954.0
28280,147.0,78.0,955.0
28281,147.0,78.0,956.0
28282,147.0,78.0,963.0
28283,147.0,78.0,1197.0
28284,147.0,78.0,1198.0
28285,147.0,78.0,1210.0
28286,147.0,78.0,1211.0
28287,147.0,78.0,1212.0
28288,147.0,78.0,1219.0
28289,147.0,78.0,1453.0
28290,147.0,78.0,1454.0
28291,147.0,78.0,1466.0
28292,147.0,78.0,1467.0
28293,147.0,78.0,1468.0
28294,147.0,78.0,1475.0
28295,147.0,78.0,1709.0
28296,147.0,78.0,1710.0
28297,147.0,78.0,1722.0
28298,147.0,78.0,1723.0
28299,147.0,78.0,1724.0
28300,147.0,78.0,1731.0
28301,147.0,78.0,1965.0
28302,147.0,78.0,1966.0
28303,147.0,78.0,1978.0
28304,147.0,78.0,1979.0
28305,147.0,78.0,1980.0
28306,147.0,78.0,1987.0
28307,147.0,79.0,440.0
28308,147.0,79.0,441.0
28309,147.0,79.0,696.0
28310,147.0,79.0,697.0
28311,147.0,79.0,952.0
28312,147.0,79.0,953.0
28313,147.0,79.0,1208.0
28314,147.0,79.0,1209.0
28315,147.0,79.0,1464.0
28316,147.0,79.0,1465.0
28317,147.0,79.0,1720.0
28318,147.0,79.0,1721.0
28319,147.0,79.0,1976.0
28320,147.0,79.0,1977.0
28321,147.0,80.0,439.0
28322,147.0,80.0,440.0
28323,147.0,80.0,441.0
28324,147.0,80.0,442.0
28325,147.0,80.0,453.0
28326,147.0,80.0,454.0
28327,147.0,80.0,695.0
28328,147.0,80.0,696.0
28329,147.0,80.0,697.0
28330,147.0,80.0,698.0
28331,147.0,80.0,709.0
28332,147.0,80.0,710.0
28333,147.0,80.0,951.0
28334,147.0,80.0,952.0
28335,147.0,80.0,953.0
28336,147.0,80.0,954.0
28337,147.0,80.0,965.0
28338,147.0,80.0,966.0
28339,147.0,80.0,1207.0
28340,147.0,80.0,1208.0
28341,147.0,80.0,1209.0
28342,147.0,80.0,1210.0
28343,147.0,80.0,1221.0
28344,147.0,80.0,1222.0
28345,147.0,80.0,1463.0
28346,147.0,80.0,1464.0
28347,147.0,80.0,1465.0
28348,147.0,80.0,1466.0
28349,147.0,80.0,1477.0
28350,147.0,80.0,1478.0
28351,147.0,80.0,1719.0
28352,147.0,80.0,1720.0
28353,147.0,80.0,1721.0
28354,147.0,80.0,1722.0
28355,147.0,80.0,1733.0
28356,147.0,80.0,1734.0
28357,147.0,80.0,1975.0
28358,147.0,80.0,1976.0
28359,147.0,80.0,1977.0
28360,147.0,80.0,1978.0
28361,147.0,80.0,1989.0
28362,147.0,80.0,1990.0
28363,147.0,81.0,431.0
28364,147.0,81.0,432.0
28365,147.0,81.0,434.0
28366,147.0,81.0,435.0
28367,147.0,81.0,438.0
28368,147.0,81.0,439.0
28369,147.0,81.0,440.0
28370,147.0,81.0,453.0
28371,147.0,81.0,454.0
28372,147.0,81.0,455.0
28373,147.0,81.0,456.0
28374,147.0,81.0,694.0
28375,147.0,81.0,695.0
28376,147.0,81.0,696.0
28377,147.0,81.0,709.0
28378,147.0,81.0,710.0
28379,147.0,81.0,711.0
28380,147.0,81.0,712.0
28381,147.0,81.0,950.0
28382,147.0,81.0,951.0
28383,147.0,81.0,952.0
28384,147.0,81.0,965.0
28385,147.0,81.0,966.0
28386,147.0,81.0,967.0
28387,147.0,81.0,968.0
28388,147.0,81.0,1206.0
28389,147.0,81.0,1207.0
28390,147.0,81.0,1208.0
28391,147.0,81.0,1221.0
28392,147.0,81.0,1222.0
28393,147.0,81.0,1223.0
28394,147.0,81.0,1224.0
28395,147.0,81.0,1462.0
28396,147.0,81.0,1463.0
28397,147.0,81.0,1464.0
28398,147.0,81.0,1477.0
28399,147.0,81.0,1478.0
28400,147.0,81.0,1479.0
28401,147.0,81.0,1480.0
28402,147.0,81.0,1718.0
28403,147.0,81.0,1719.0
28404,147.0,81.0,1720.0
28405,147.0,81.0,1733.0
28406,147.0,81.0,1734.0
28407,147.0,81.0,1735.0
28408,147.0,81.0,1736.0
28409,147.0,81.0,1974.0
28410,147.0,81.0,1975.0
28411,147.0,81.0,1976.0
28412,147.0,81.0,1989.0
28413,147.0,81.0,1990.0
28414,147.0,81.0,1991.0
28415,147.0,81.0,1992.0
28416,147.0,82.0,432.0
28417,147.0,82.0,451.0
28418,147.0,82.0,452.0
28419,147.0,82.0,453.0
28420,147.0,82.0,707.0
28421,147.0,82.0,708.0
28422,147.0,82.0,709.0
28423,147.0,82.0,963.0
28424,147.0,82.0,964.0
28425,147.0,82.0,965.0
28426,147.0,82.0,1219.0
28427,147.0,82.0,1220.0
28428,147.0,82.0,1221.0
28429,147.0,82.0,1475.0
28430,147.0,82.0,1476.0
28431,147.0,82.0,1477.0
28432,147.0,82.0,1731.0
28433,147.0,82.0,1732.0
28434,147.0,82.0,1733.0
28435,147.0,82.0,1987.0
28436,147.0,82.0,1988.0
28437,147.0,82.0,1989.0
28438,147.0,83.0,451.0
28439,147.0,83.0,707.0
28440,147.0,83.0,963.0
28441,147.0,83.0,1219.0
28442,147.0,83.0,1475.0
28443,147.0,83.0,1731.0
28444,147.0,83.0,1987.0
28445,147.0,84.0,433.0
28446,147.0,84.0,434.0
28447,147.0,86.0,456.0
28448,147.0,86.0,712.0
28449,147.0,86.0,968.0
28450,147.0,86.0,1224.0
28451,147.0,86.0,1480.0
28452,147.0,86.0,1736.0
28453,147.0,86.0,1992.0
28454,147.0,89.0,451.0
28455,147.0,89.0,707.0
28456,147.0,89.0,963.0
28457,147.0,89.0,1219.0
28458,147.0,89.0,1475.0
28459,147.0,89.0,1731.0
28460,147.0,89.0,1987.0
28461,147.0,91.0,451.0
28462,147.0,91.0,707.0
28463,147.0,91.0,963.0
28464,147.0,91.0,1219.0
28465,147.0,91.0,1475.0
28466,147.0,91.0,1731.0
28467,147.0,91.0,1987.0
28468,147.0,96.0,451.0
28469,147.0,96.0,452.0
28470,147.0,97.0,451.0
28471,147.0,103.0,421.0
28472,147.0,103.0,422.0
28473,147.0,103.0,933.0
28474,147.0,103.0,934.0
28475,147.0,103.0,1189.0
28476,147.0,103.0,1190.0
28477,147.0,103.0,1445.0
28478,147.0,103.0,1446.0
28479,147.0,103.0,1701.0
28480,147.0,103.0,1702.0
28481,147.0,103.0,1957.0
28482,147.0,103.0,1958.0
28483,147.0,104.0,421.0
28484,147.0,104.0,422.0
28485,147.0,104.0,423.0
28486,147.0,104.0,425.0
28487,147.0,104.0,933.0
28488,147.0,104.0,934.0
28489,147.0,104.0,935.0
28490,147.0,104.0,1189.0
28491,147.0,104.0,1190.0
28492,147.0,104.0,1191.0
28493,147.0,104.0,1445.0
28494,147.0,104.0,1446.0
28495,147.0,104.0,1447.0
28496,147.0,104.0,1701.0
28497,147.0,104.0,1702.0
28498,147.0,104.0,1703.0
28499,147.0,104.0,1957.0
28500,147.0,104.0,1958.0
28501,147.0,104.0,1959.0
28502,147.0,106.0,433.0
28503,147.0,107.0,432.0
28504,147.0,107.0,433.0
28505,147.0,107.0,434.0
28506,147.0,108.0,430.0
28507,147.0,108.0,431.0
28508,148.0,20.0,397.0
28509,148.0,28.0,446.0
28510,148.0,28.0,702.0
28511,148.0,28.0,958.0
28512,148.0,28.0,1214.0
28513,148.0,28.0,1470.0
28514,148.0,28.0,1726.0
28515,148.0,28.0,1982.0
28516,148.0,29.0,423.0
28517,148.0,29.0,445.0
28518,148.0,29.0,446.0
28519,148.0,29.0,447.0
28520,148.0,29.0,679.0
28521,148.0,29.0,701.0
28522,148.0,29.0,702.0
28523,148.0,29.0,703.0
28524,148.0,29.0,935.0
28525,148.0,29.0,957.0
28526,148.0,29.0,958.0
28527,148.0,29.0,959.0
28528,148.0,29.0,1191.0
28529,148.0,29.0,1213.0
28530,148.0,29.0,1214.0
28531,148.0,29.0,1215.0
28532,148.0,29.0,1447.0
28533,148.0,29.0,1469.0
28534,148.0,29.0,1470.0
28535,148.0,29.0,1471.0
28536,148.0,29.0,1703.0
28537,148.0,29.0,1725.0
28538,148.0,29.0,1726.0
28539,148.0,29.0,1727.0
28540,148.0,29.0,1959.0
28541,148.0,29.0,1981.0
28542,148.0,29.0,1982.0
28543,148.0,29.0,1983.0
28544,148.0,30.0,403.0
28545,148.0,30.0,412.0
28546,148.0,30.0,413.0
28547,148.0,30.0,421.0
28548,148.0,30.0,422.0
28549,148.0,30.0,423.0
28550,148.0,30.0,445.0
28551,148.0,30.0,446.0
28552,148.0,30.0,659.0
28553,148.0,30.0,668.0
28554,148.0,30.0,669.0
28555,148.0,30.0,701.0
28556,148.0,30.0,702.0
28557,148.0,30.0,915.0
28558,148.0,30.0,924.0
28559,148.0,30.0,925.0
28560,148.0,30.0,957.0
28561,148.0,30.0,958.0
28562,148.0,30.0,1171.0
28563,148.0,30.0,1180.0
28564,148.0,30.0,1181.0
28565,148.0,30.0,1213.0
28566,148.0,30.0,1214.0
28567,148.0,30.0,1427.0
28568,148.0,30.0,1436.0
28569,148.0,30.0,1437.0
28570,148.0,30.0,1469.0
28571,148.0,30.0,1470.0
28572,148.0,30.0,1683.0
28573,148.0,30.0,1692.0
28574,148.0,30.0,1693.0
28575,148.0,30.0,1725.0
28576,148.0,30.0,1726.0
28577,148.0,30.0,1939.0
28578,148.0,30.0,1948.0
28579,148.0,30.0,1949.0
28580,148.0,30.0,1981.0
28581,148.0,30.0,1982.0
28582,148.0,31.0,400.0
28583,148.0,31.0,401.0
28584,148.0,31.0,412.0
28585,148.0,31.0,413.0
28586,148.0,31.0,415.0
28587,148.0,31.0,444.0
28588,148.0,31.0,656.0
28589,148.0,31.0,657.0
28590,148.0,31.0,668.0
28591,148.0,31.0,669.0
28592,148.0,31.0,700.0
28593,148.0,31.0,912.0
28594,148.0,31.0,913.0
28595,148.0,31.0,924.0
28596,148.0,31.0,925.0
28597,148.0,31.0,956.0
28598,148.0,31.0,1168.0
28599,148.0,31.0,1169.0
28600,148.0,31.0,1180.0
28601,148.0,31.0,1181.0
28602,148.0,31.0,1212.0
28603,148.0,31.0,1424.0
28604,148.0,31.0,1425.0
28605,148.0,31.0,1436.0
28606,148.0,31.0,1437.0
28607,148.0,31.0,1468.0
28608,148.0,31.0,1680.0
28609,148.0,31.0,1681.0
28610,148.0,31.0,1692.0
28611,148.0,31.0,1693.0
28612,148.0,31.0,1724.0
28613,148.0,31.0,1936.0
28614,148.0,31.0,1937.0
28615,148.0,31.0,1948.0
28616,148.0,31.0,1949.0
28617,148.0,31.0,1980.0
28618,148.0,32.0,410.0
28619,148.0,32.0,666.0
28620,148.0,32.0,922.0
28621,148.0,32.0,1178.0
28622,148.0,32.0,1434.0
28623,148.0,32.0,1690.0
28624,148.0,32.0,1946.0
28625,148.0,33.0,401.0
28626,148.0,33.0,402.0
28627,148.0,34.0,441.0
28628,148.0,34.0,442.0
28629,148.0,35.0,440.0
28630,148.0,35.0,441.0
28631,148.0,35.0,442.0
28632,148.0,36.0,439.0
28633,148.0,37.0,411.0
28634,148.0,37.0,412.0
28635,148.0,37.0,923.0
28636,148.0,37.0,924.0
28637,148.0,37.0,1179.0
28638,148.0,37.0,1180.0
28639,148.0,37.0,1435.0
28640,148.0,37.0,1436.0
28641,148.0,37.0,1947.0
28642,148.0,37.0,1948.0
28643,148.0,38.0,411.0
28644,148.0,38.0,412.0
28645,148.0,38.0,439.0
28646,148.0,38.0,443.0
28647,148.0,38.0,444.0
28648,148.0,38.0,446.0
28649,148.0,38.0,695.0
28650,148.0,38.0,699.0
28651,148.0,38.0,700.0
28652,148.0,38.0,702.0
28653,148.0,38.0,923.0
28654,148.0,38.0,924.0
28655,148.0,38.0,951.0
28656,148.0,38.0,955.0
28657,148.0,38.0,956.0
28658,148.0,38.0,958.0
28659,148.0,38.0,1179.0
28660,148.0,38.0,1180.0
28661,148.0,38.0,1207.0
28662,148.0,38.0,1211.0
28663,148.0,38.0,1212.0
28664,148.0,38.0,1214.0
28665,148.0,38.0,1435.0
28666,148.0,38.0,1436.0
28667,148.0,38.0,1463.0
28668,148.0,38.0,1467.0
28669,148.0,38.0,1468.0
28670,148.0,38.0,1470.0
28671,148.0,38.0,1719.0
28672,148.0,38.0,1723.0
28673,148.0,38.0,1724.0
28674,148.0,38.0,1726.0
28675,148.0,38.0,1947.0
28676,148.0,38.0,1948.0
28677,148.0,38.0,1975.0
28678,148.0,38.0,1979.0
28679,148.0,38.0,1980.0
28680,148.0,38.0,1982.0
28681,148.0,39.0,422.0
28682,148.0,39.0,423.0
28683,148.0,39.0,433.0
28684,148.0,39.0,434.0
28685,148.0,39.0,435.0
28686,148.0,39.0,436.0
28687,148.0,39.0,437.0
28688,148.0,39.0,441.0
28689,148.0,39.0,442.0
28690,148.0,39.0,443.0
28691,148.0,39.0,444.0
28692,148.0,39.0,678.0
28693,148.0,39.0,679.0
28694,148.0,39.0,689.0
28695,148.0,39.0,690.0
28696,148.0,39.0,691.0
28697,148.0,39.0,692.0
28698,148.0,39.0,693.0
28699,148.0,39.0,697.0
28700,148.0,39.0,698.0
28701,148.0,39.0,699.0
28702,148.0,39.0,700.0
28703,148.0,39.0,934.0
28704,148.0,39.0,935.0
28705,148.0,39.0,945.0
28706,148.0,39.0,946.0
28707,148.0,39.0,947.0
28708,148.0,39.0,948.0
28709,148.0,39.0,949.0
28710,148.0,39.0,953.0
28711,148.0,39.0,954.0
28712,148.0,39.0,955.0
28713,148.0,39.0,956.0
28714,148.0,39.0,1201.0
28715,148.0,39.0,1202.0
28716,148.0,39.0,1203.0
28717,148.0,39.0,1204.0
28718,148.0,39.0,1205.0
28719,148.0,39.0,1209.0
28720,148.0,39.0,1210.0
28721,148.0,39.0,1211.0
28722,148.0,39.0,1212.0
28723,148.0,39.0,1446.0
28724,148.0,39.0,1447.0
28725,148.0,39.0,1457.0
28726,148.0,39.0,1458.0
28727,148.0,39.0,1459.0
28728,148.0,39.0,1460.0
28729,148.0,39.0,1461.0
28730,148.0,39.0,1465.0
28731,148.0,39.0,1466.0
28732,148.0,39.0,1467.0
28733,148.0,39.0,1468.0
28734,148.0,39.0,1713.0
28735,148.0,39.0,1714.0
28736,148.0,39.0,1715.0
28737,148.0,39.0,1716.0
28738,148.0,39.0,1717.0
28739,148.0,39.0,1721.0
28740,148.0,39.0,1722.0
28741,148.0,39.0,1723.0
28742,148.0,39.0,1724.0
28743,148.0,39.0,1958.0
28744,148.0,39.0,1959.0
28745,148.0,39.0,1969.0
28746,148.0,39.0,1970.0
28747,148.0,39.0,1971.0
28748,148.0,39.0,1972.0
28749,148.0,39.0,1973.0
28750,148.0,39.0,1977.0
28751,148.0,39.0,1978.0
28752,148.0,39.0,1979.0
28753,148.0,39.0,1980.0
28754,148.0,40.0,419.0
28755,148.0,40.0,420.0
28756,148.0,40.0,421.0
28757,148.0,40.0,433.0
28758,148.0,40.0,434.0
28759,148.0,40.0,441.0
28760,148.0,40.0,675.0
28761,148.0,40.0,676.0
28762,148.0,40.0,677.0
28763,148.0,40.0,689.0
28764,148.0,40.0,690.0
28765,148.0,40.0,697.0
28766,148.0,40.0,931.0
28767,148.0,40.0,932.0
28768,148.0,40.0,933.0
28769,148.0,40.0,945.0
28770,148.0,40.0,946.0
28771,148.0,40.0,953.0
28772,148.0,40.0,1201.0
28773,148.0,40.0,1202.0
28774,148.0,40.0,1209.0
28775,148.0,40.0,1443.0
28776,148.0,40.0,1444.0
28777,148.0,40.0,1445.0
28778,148.0,40.0,1457.0
28779,148.0,40.0,1458.0
28780,148.0,40.0,1465.0
28781,148.0,40.0,1713.0
28782,148.0,40.0,1714.0
28783,148.0,40.0,1721.0
28784,148.0,40.0,1955.0
28785,148.0,40.0,1956.0
28786,148.0,40.0,1957.0
28787,148.0,40.0,1969.0
28788,148.0,40.0,1970.0
28789,148.0,40.0,1977.0
28790,148.0,41.0,417.0
28791,148.0,41.0,420.0
28792,148.0,41.0,432.0
28793,148.0,41.0,433.0
28794,148.0,41.0,673.0
28795,148.0,41.0,676.0
28796,148.0,41.0,688.0
28797,148.0,41.0,689.0
28798,148.0,41.0,929.0
28799,148.0,41.0,932.0
28800,148.0,41.0,944.0
28801,148.0,41.0,945.0
28802,148.0,41.0,1200.0
28803,148.0,41.0,1201.0
28804,148.0,41.0,1441.0
28805,148.0,41.0,1444.0
28806,148.0,41.0,1456.0
28807,148.0,41.0,1457.0
28808,148.0,41.0,1712.0
28809,148.0,41.0,1713.0
28810,148.0,41.0,1953.0
28811,148.0,41.0,1956.0
28812,148.0,41.0,1968.0
28813,148.0,41.0,1969.0
28814,148.0,42.0,430.0
28815,148.0,42.0,431.0
28816,148.0,42.0,686.0
28817,148.0,42.0,687.0
28818,148.0,42.0,942.0
28819,148.0,42.0,943.0
28820,148.0,42.0,1198.0
28821,148.0,42.0,1199.0
28822,148.0,42.0,1454.0
28823,148.0,42.0,1455.0
28824,148.0,42.0,1710.0
28825,148.0,42.0,1711.0
28826,148.0,42.0,1966.0
28827,148.0,42.0,1967.0
28828,148.0,47.0,430.0
28829,148.0,47.0,431.0
28830,148.0,47.0,686.0
28831,148.0,47.0,687.0
28832,148.0,47.0,942.0
28833,148.0,47.0,943.0
28834,148.0,47.0,1198.0
28835,148.0,47.0,1199.0
28836,148.0,47.0,1454.0
28837,148.0,47.0,1455.0
28838,148.0,47.0,1710.0
28839,148.0,47.0,1711.0
28840,148.0,47.0,1966.0
28841,148.0,47.0,1967.0
28842,148.0,49.0,438.0
28843,148.0,49.0,694.0
28844,148.0,49.0,950.0
28845,148.0,49.0,1206.0
28846,148.0,49.0,1462.0
28847,148.0,49.0,1718.0
28848,148.0,49.0,1974.0
28849,148.0,50.0,434.0
28850,148.0,50.0,435.0
28851,148.0,50.0,436.0
28852,148.0,50.0,690.0
28853,148.0,50.0,691.0
28854,148.0,50.0,692.0
28855,148.0,50.0,946.0
28856,148.0,50.0,947.0
28857,148.0,50.0,948.0
28858,148.0,50.0,1202.0
28859,148.0,50.0,1203.0
28860,148.0,50.0,1204.0
28861,148.0,50.0,1458.0
28862,148.0,50.0,1459.0
28863,148.0,50.0,1460.0
28864,148.0,50.0,1714.0
28865,148.0,50.0,1715.0
28866,148.0,50.0,1716.0
28867,148.0,50.0,1970.0
28868,148.0,50.0,1971.0
28869,148.0,50.0,1972.0
28870,148.0,51.0,432.0
28871,148.0,51.0,433.0
28872,148.0,51.0,434.0
28873,148.0,51.0,435.0
28874,148.0,51.0,436.0
28875,148.0,51.0,688.0
28876,148.0,51.0,689.0
28877,148.0,51.0,690.0
28878,148.0,51.0,691.0
28879,148.0,51.0,692.0
28880,148.0,51.0,944.0
28881,148.0,51.0,945.0
28882,148.0,51.0,946.0
28883,148.0,51.0,947.0
28884,148.0,51.0,948.0
28885,148.0,51.0,1200.0
28886,148.0,51.0,1201.0
28887,148.0,51.0,1202.0
28888,148.0,51.0,1203.0
28889,148.0,51.0,1204.0
28890,148.0,51.0,1456.0
28891,148.0,51.0,1457.0
28892,148.0,51.0,1458.0
28893,148.0,51.0,1459.0
28894,148.0,51.0,1460.0
28895,148.0,51.0,1712.0
28896,148.0,51.0,1713.0
28897,148.0,51.0,1714.0
28898,148.0,51.0,1715.0
28899,148.0,51.0,1716.0
28900,148.0,51.0,1968.0
28901,148.0,51.0,1969.0
28902,148.0,51.0,1970.0
28903,148.0,51.0,1971.0
28904,148.0,51.0,1972.0
28905,148.0,53.0,445.0
28906,148.0,53.0,446.0
28907,148.0,53.0,447.0
28908,148.0,53.0,701.0
28909,148.0,53.0,702.0
28910,148.0,53.0,703.0
28911,148.0,53.0,957.0
28912,148.0,53.0,958.0
28913,148.0,53.0,959.0
28914,148.0,53.0,1213.0
28915,148.0,53.0,1214.0
28916,148.0,53.0,1215.0
28917,148.0,53.0,1469.0
28918,148.0,53.0,1470.0
28919,148.0,53.0,1471.0
28920,148.0,53.0,1725.0
28921,148.0,53.0,1726.0
28922,148.0,53.0,1727.0
28923,148.0,53.0,1981.0
28924,148.0,53.0,1982.0
28925,148.0,53.0,1983.0
28926,148.0,54.0,436.0
28927,148.0,54.0,437.0
28928,148.0,54.0,438.0
28929,148.0,54.0,444.0
28930,148.0,54.0,692.0
28931,148.0,54.0,693.0
28932,148.0,54.0,694.0
28933,148.0,54.0,700.0
28934,148.0,54.0,948.0
28935,148.0,54.0,949.0
28936,148.0,54.0,950.0
28937,148.0,54.0,956.0
28938,148.0,54.0,1204.0
28939,148.0,54.0,1205.0
28940,148.0,54.0,1206.0
28941,148.0,54.0,1212.0
28942,148.0,54.0,1460.0
28943,148.0,54.0,1461.0
28944,148.0,54.0,1462.0
28945,148.0,54.0,1468.0
28946,148.0,54.0,1724.0
28947,148.0,54.0,1972.0
28948,148.0,54.0,1973.0
28949,148.0,54.0,1974.0
28950,148.0,54.0,1980.0
28951,148.0,62.0,448.0
28952,148.0,62.0,449.0
28953,148.0,62.0,704.0
28954,148.0,62.0,705.0
28955,148.0,62.0,960.0
28956,148.0,62.0,961.0
28957,148.0,62.0,1216.0
28958,148.0,62.0,1217.0
28959,148.0,62.0,1472.0
28960,148.0,62.0,1473.0
28961,148.0,62.0,1728.0
28962,148.0,62.0,1729.0
28963,148.0,62.0,1984.0
28964,148.0,62.0,1985.0
28965,148.0,63.0,445.0
28966,148.0,63.0,446.0
28967,148.0,63.0,447.0
28968,148.0,63.0,448.0
28969,148.0,63.0,449.0
28970,148.0,63.0,701.0
28971,148.0,63.0,702.0
28972,148.0,63.0,703.0
28973,148.0,63.0,704.0
28974,148.0,63.0,705.0
28975,148.0,63.0,957.0
28976,148.0,63.0,958.0
28977,148.0,63.0,959.0
28978,148.0,63.0,960.0
28979,148.0,63.0,961.0
28980,148.0,63.0,1213.0
28981,148.0,63.0,1214.0
28982,148.0,63.0,1215.0
28983,148.0,63.0,1216.0
28984,148.0,63.0,1217.0
28985,148.0,63.0,1469.0
28986,148.0,63.0,1470.0
28987,148.0,63.0,1471.0
28988,148.0,63.0,1472.0
28989,148.0,63.0,1473.0
28990,148.0,63.0,1725.0
28991,148.0,63.0,1726.0
28992,148.0,63.0,1727.0
28993,148.0,63.0,1728.0
28994,148.0,63.0,1729.0
28995,148.0,63.0,1981.0
28996,148.0,63.0,1982.0
28997,148.0,63.0,1983.0
28998,148.0,63.0,1984.0
28999,148.0,63.0,1985.0
29000,148.0,64.0,444.0
29001,148.0,64.0,445.0
29002,148.0,64.0,446.0
29003,148.0,64.0,700.0
29004,148.0,64.0,701.0
29005,148.0,64.0,702.0
29006,148.0,64.0,956.0
29007,148.0,64.0,957.0
29008,148.0,64.0,958.0
29009,148.0,64.0,1212.0
29010,148.0,64.0,1213.0
29011,148.0,64.0,1214.0
29012,148.0,64.0,1468.0
29013,148.0,64.0,1469.0
29014,148.0,64.0,1470.0
29015,148.0,64.0,1724.0
29016,148.0,64.0,1725.0
29017,148.0,64.0,1726.0
29018,148.0,64.0,1980.0
29019,148.0,64.0,1981.0
29020,148.0,64.0,1982.0
29021,148.0,65.0,430.0
29022,148.0,65.0,431.0
29023,148.0,65.0,686.0
29024,148.0,65.0,687.0
29025,148.0,65.0,942.0
29026,148.0,65.0,943.0
29027,148.0,65.0,1198.0
29028,148.0,65.0,1199.0
29029,148.0,65.0,1454.0
29030,148.0,65.0,1455.0
29031,148.0,65.0,1966.0
29032,148.0,65.0,1967.0
29033,148.0,66.0,428.0
29034,148.0,66.0,429.0
29035,148.0,66.0,430.0
29036,148.0,66.0,431.0
29037,148.0,66.0,684.0
29038,148.0,66.0,685.0
29039,148.0,66.0,686.0
29040,148.0,66.0,687.0
29041,148.0,66.0,940.0
29042,148.0,66.0,941.0
29043,148.0,66.0,942.0
29044,148.0,66.0,943.0
29045,148.0,66.0,1196.0
29046,148.0,66.0,1197.0
29047,148.0,66.0,1198.0
29048,148.0,66.0,1199.0
29049,148.0,66.0,1452.0
29050,148.0,66.0,1453.0
29051,148.0,66.0,1454.0
29052,148.0,66.0,1455.0
29053,148.0,66.0,1964.0
29054,148.0,66.0,1965.0
29055,148.0,66.0,1966.0
29056,148.0,66.0,1967.0
29057,148.0,73.0,454.0
29058,148.0,73.0,455.0
29059,148.0,73.0,710.0
29060,148.0,73.0,711.0
29061,148.0,73.0,966.0
29062,148.0,73.0,967.0
29063,148.0,73.0,1222.0
29064,148.0,73.0,1223.0
29065,148.0,73.0,1478.0
29066,148.0,73.0,1479.0
29067,148.0,73.0,1734.0
29068,148.0,73.0,1735.0
29069,148.0,73.0,1990.0
29070,148.0,73.0,1991.0
29071,148.0,74.0,451.0
29072,148.0,74.0,452.0
29073,148.0,74.0,453.0
29074,148.0,74.0,707.0
29075,148.0,74.0,708.0
29076,148.0,74.0,709.0
29077,148.0,74.0,963.0
29078,148.0,74.0,964.0
29079,148.0,74.0,965.0
29080,148.0,74.0,1219.0
29081,148.0,74.0,1220.0
29082,148.0,74.0,1221.0
29083,148.0,74.0,1475.0
29084,148.0,74.0,1476.0
29085,148.0,74.0,1477.0
29086,148.0,74.0,1731.0
29087,148.0,74.0,1732.0
29088,148.0,74.0,1733.0
29089,148.0,74.0,1987.0
29090,148.0,74.0,1988.0
29091,148.0,74.0,1989.0
29092,148.0,75.0,450.0
29093,148.0,75.0,452.0
29094,148.0,75.0,706.0
29095,148.0,75.0,708.0
29096,148.0,75.0,962.0
29097,148.0,75.0,964.0
29098,148.0,75.0,1218.0
29099,148.0,75.0,1220.0
29100,148.0,75.0,1474.0
29101,148.0,75.0,1476.0
29102,148.0,75.0,1730.0
29103,148.0,75.0,1732.0
29104,148.0,75.0,1986.0
29105,148.0,75.0,1988.0
29106,148.0,77.0,441.0
29107,148.0,77.0,442.0
29108,148.0,77.0,453.0
29109,148.0,77.0,454.0
29110,148.0,77.0,697.0
29111,148.0,77.0,698.0
29112,148.0,77.0,709.0
29113,148.0,77.0,710.0
29114,148.0,77.0,953.0
29115,148.0,77.0,954.0
29116,148.0,77.0,965.0
29117,148.0,77.0,966.0
29118,148.0,77.0,1209.0
29119,148.0,77.0,1210.0
29120,148.0,77.0,1221.0
29121,148.0,77.0,1222.0
29122,148.0,77.0,1465.0
29123,148.0,77.0,1466.0
29124,148.0,77.0,1477.0
29125,148.0,77.0,1478.0
29126,148.0,77.0,1721.0
29127,148.0,77.0,1722.0
29128,148.0,77.0,1733.0
29129,148.0,77.0,1734.0
29130,148.0,77.0,1977.0
29131,148.0,77.0,1978.0
29132,148.0,77.0,1989.0
29133,148.0,77.0,1990.0
29134,148.0,78.0,435.0
29135,148.0,78.0,436.0
29136,148.0,78.0,452.0
29137,148.0,78.0,453.0
29138,148.0,79.0,451.0
29139,148.0,79.0,452.0
29140,148.0,79.0,453.0
29141,148.0,80.0,450.0
29142,148.0,82.0,451.0
29143,148.0,82.0,707.0
29144,148.0,82.0,963.0
29145,148.0,82.0,1219.0
29146,148.0,82.0,1475.0
29147,148.0,82.0,1731.0
29148,148.0,82.0,1987.0
29149,148.0,88.0,451.0
29150,148.0,88.0,707.0
29151,148.0,88.0,963.0
29152,148.0,88.0,1219.0
29153,148.0,88.0,1475.0
29154,148.0,88.0,1731.0
29155,148.0,88.0,1987.0
29156,148.0,89.0,450.0
29157,148.0,89.0,451.0
29158,148.0,89.0,706.0
29159,148.0,89.0,707.0
29160,148.0,89.0,962.0
29161,148.0,89.0,963.0
29162,148.0,89.0,1218.0
29163,148.0,89.0,1219.0
29164,148.0,89.0,1474.0
29165,148.0,89.0,1475.0
29166,148.0,89.0,1730.0
29167,148.0,89.0,1731.0
29168,148.0,89.0,1986.0
29169,148.0,89.0,1987.0
29170,148.0,90.0,450.0
29171,148.0,90.0,451.0
29172,148.0,90.0,452.0
29173,148.0,90.0,706.0
29174,148.0,90.0,707.0
29175,148.0,90.0,708.0
29176,148.0,90.0,962.0
29177,148.0,90.0,963.0
29178,148.0,90.0,964.0
29179,148.0,90.0,1218.0
29180,148.0,90.0,1219.0
29181,148.0,90.0,1220.0
29182,148.0,90.0,1474.0
29183,148.0,90.0,1475.0
29184,148.0,90.0,1476.0
29185,148.0,90.0,1730.0
29186,148.0,90.0,1731.0
29187,148.0,90.0,1732.0
29188,148.0,90.0,1986.0
29189,148.0,90.0,1987.0
29190,148.0,90.0,1988.0
29191,148.0,91.0,448.0
29192,148.0,91.0,449.0
29193,148.0,91.0,450.0
29194,148.0,91.0,451.0
29195,148.0,91.0,452.0
29196,148.0,91.0,704.0
29197,148.0,91.0,705.0
29198,148.0,91.0,706.0
29199,148.0,91.0,707.0
29200,148.0,91.0,708.0
29201,148.0,91.0,960.0
29202,148.0,91.0,961.0
29203,148.0,91.0,962.0
29204,148.0,91.0,963.0
29205,148.0,91.0,964.0
29206,148.0,91.0,1216.0
29207,148.0,91.0,1217.0
29208,148.0,91.0,1218.0
29209,148.0,91.0,1219.0
29210,148.0,91.0,1220.0
29211,148.0,91.0,1472.0
29212,148.0,91.0,1473.0
29213,148.0,91.0,1474.0
29214,148.0,91.0,1475.0
29215,148.0,91.0,1476.0
29216,148.0,91.0,1728.0
29217,148.0,91.0,1729.0
29218,148.0,91.0,1730.0
29219,148.0,91.0,1731.0
29220,148.0,91.0,1732.0
29221,148.0,91.0,1984.0
29222,148.0,91.0,1985.0
29223,148.0,91.0,1986.0
29224,148.0,91.0,1987.0
29225,148.0,91.0,1988.0
29226,148.0,92.0,451.0
29227,148.0,92.0,707.0
29228,148.0,92.0,963.0
29229,148.0,92.0,1219.0
29230,148.0,92.0,1475.0
29231,148.0,92.0,1731.0
29232,148.0,92.0,1987.0
29233,148.0,95.0,450.0
29234,148.0,95.0,451.0
29235,148.0,95.0,452.0
29236,148.0,103.0,421.0
29237,148.0,103.0,422.0
29238,148.0,103.0,933.0
29239,148.0,103.0,934.0
29240,148.0,103.0,1189.0
29241,148.0,103.0,1190.0
29242,148.0,103.0,1445.0
29243,148.0,103.0,1446.0
29244,148.0,103.0,1701.0
29245,148.0,103.0,1702.0
29246,148.0,103.0,1957.0
29247,148.0,103.0,1958.0
29248,148.0,104.0,421.0
29249,148.0,104.0,425.0
29250,148.0,104.0,933.0
29251,148.0,104.0,1189.0
29252,148.0,104.0,1445.0
29253,148.0,104.0,1701.0
29254,148.0,104.0,1957.0
29255,148.0,111.0,440.0
29256,148.0,111.0,441.0
29257,148.0,112.0,440.0
29258,148.0,112.0,441.0
29259,149.0,24.0,426.0
29260,149.0,24.0,682.0
29261,149.0,24.0,938.0
29262,149.0,24.0,1194.0
29263,149.0,24.0,1450.0
29264,149.0,24.0,1706.0
29265,149.0,24.0,1962.0
29266,149.0,27.0,425.0
29267,149.0,27.0,426.0
29268,149.0,27.0,681.0
29269,149.0,27.0,682.0
29270,149.0,27.0,937.0
29271,149.0,27.0,938.0
29272,149.0,27.0,1193.0
29273,149.0,27.0,1194.0
29274,149.0,27.0,1449.0
29275,149.0,27.0,1450.0
29276,149.0,27.0,1705.0
29277,149.0,27.0,1706.0
29278,149.0,27.0,1961.0
29279,149.0,27.0,1962.0
29280,149.0,28.0,423.0
29281,149.0,28.0,424.0
29282,149.0,28.0,679.0
29283,149.0,28.0,680.0
29284,149.0,28.0,935.0
29285,149.0,28.0,936.0
29286,149.0,28.0,1191.0
29287,149.0,28.0,1192.0
29288,149.0,28.0,1447.0
29289,149.0,28.0,1448.0
29290,149.0,28.0,1703.0
29291,149.0,28.0,1704.0
29292,149.0,28.0,1959.0
29293,149.0,28.0,1960.0
29294,149.0,29.0,423.0
29295,149.0,29.0,445.0
29296,149.0,29.0,446.0
29297,149.0,29.0,679.0
29298,149.0,29.0,701.0
29299,149.0,29.0,702.0
29300,149.0,29.0,935.0
29301,149.0,29.0,957.0
29302,149.0,29.0,958.0
29303,149.0,29.0,1191.0
29304,149.0,29.0,1213.0
29305,149.0,29.0,1214.0
29306,149.0,29.0,1447.0
29307,149.0,29.0,1469.0
29308,149.0,29.0,1470.0
29309,149.0,29.0,1703.0
29310,149.0,29.0,1725.0
29311,149.0,29.0,1726.0
29312,149.0,29.0,1959.0
29313,149.0,29.0,1981.0
29314,149.0,29.0,1982.0
29315,149.0,30.0,400.0
29316,149.0,30.0,401.0
29317,149.0,30.0,656.0
29318,149.0,30.0,657.0
29319,149.0,30.0,912.0
29320,149.0,30.0,913.0
29321,149.0,30.0,1168.0
29322,149.0,30.0,1169.0
29323,149.0,30.0,1424.0
29324,149.0,30.0,1425.0
29325,149.0,30.0,1680.0
29326,149.0,30.0,1681.0
29327,149.0,30.0,1936.0
29328,149.0,30.0,1937.0
29329,149.0,31.0,400.0
29330,149.0,31.0,401.0
29331,149.0,31.0,411.0
29332,149.0,31.0,412.0
29333,149.0,31.0,413.0
29334,149.0,31.0,414.0
29335,149.0,31.0,656.0
29336,149.0,31.0,657.0
29337,149.0,31.0,667.0
29338,149.0,31.0,668.0
29339,149.0,31.0,669.0
29340,149.0,31.0,670.0
29341,149.0,31.0,912.0
29342,149.0,31.0,913.0
29343,149.0,31.0,923.0
29344,149.0,31.0,924.0
29345,149.0,31.0,925.0
29346,149.0,31.0,926.0
29347,149.0,31.0,1168.0
29348,149.0,31.0,1169.0
29349,149.0,31.0,1179.0
29350,149.0,31.0,1180.0
29351,149.0,31.0,1181.0
29352,149.0,31.0,1182.0
29353,149.0,31.0,1424.0
29354,149.0,31.0,1425.0
29355,149.0,31.0,1435.0
29356,149.0,31.0,1436.0
29357,149.0,31.0,1437.0
29358,149.0,31.0,1438.0
29359,149.0,31.0,1680.0
29360,149.0,31.0,1681.0
29361,149.0,31.0,1691.0
29362,149.0,31.0,1692.0
29363,149.0,31.0,1693.0
29364,149.0,31.0,1694.0
29365,149.0,31.0,1936.0
29366,149.0,31.0,1937.0
29367,149.0,31.0,1947.0
29368,149.0,31.0,1948.0
29369,149.0,31.0,1949.0
29370,149.0,31.0,1950.0
29371,149.0,32.0,406.0
29372,149.0,32.0,407.0
29373,149.0,32.0,410.0
29374,149.0,32.0,411.0
29375,149.0,32.0,412.0
29376,149.0,32.0,662.0
29377,149.0,32.0,663.0
29378,149.0,32.0,666.0
29379,149.0,32.0,667.0
29380,149.0,32.0,668.0
29381,149.0,32.0,918.0
29382,149.0,32.0,919.0
29383,149.0,32.0,922.0
29384,149.0,32.0,923.0
29385,149.0,32.0,924.0
29386,149.0,32.0,1174.0
29387,149.0,32.0,1175.0
29388,149.0,32.0,1178.0
29389,149.0,32.0,1179.0
29390,149.0,32.0,1180.0
29391,149.0,32.0,1430.0
29392,149.0,32.0,1431.0
29393,149.0,32.0,1434.0
29394,149.0,32.0,1435.0
29395,149.0,32.0,1436.0
29396,149.0,32.0,1686.0
29397,149.0,32.0,1687.0
29398,149.0,32.0,1690.0
29399,149.0,32.0,1691.0
29400,149.0,32.0,1692.0
29401,149.0,32.0,1942.0
29402,149.0,32.0,1943.0
29403,149.0,32.0,1946.0
29404,149.0,32.0,1947.0
29405,149.0,32.0,1948.0
29406,149.0,33.0,401.0
29407,149.0,33.0,402.0
29408,149.0,33.0,403.0
29409,149.0,33.0,408.0
29410,149.0,33.0,409.0
29411,149.0,33.0,410.0
29412,149.0,33.0,411.0
29413,149.0,33.0,412.0
29414,149.0,33.0,664.0
29415,149.0,33.0,665.0
29416,149.0,33.0,666.0
29417,149.0,33.0,667.0
29418,149.0,33.0,668.0
29419,149.0,33.0,920.0
29420,149.0,33.0,921.0
29421,149.0,33.0,922.0
29422,149.0,33.0,923.0
29423,149.0,33.0,924.0
29424,149.0,33.0,1176.0
29425,149.0,33.0,1177.0
29426,149.0,33.0,1178.0
29427,149.0,33.0,1179.0
29428,149.0,33.0,1180.0
29429,149.0,33.0,1432.0
29430,149.0,33.0,1433.0
29431,149.0,33.0,1434.0
29432,149.0,33.0,1435.0
29433,149.0,33.0,1436.0
29434,149.0,33.0,1688.0
29435,149.0,33.0,1689.0
29436,149.0,33.0,1690.0
29437,149.0,33.0,1691.0
29438,149.0,33.0,1692.0
29439,149.0,33.0,1944.0
29440,149.0,33.0,1945.0
29441,149.0,33.0,1946.0
29442,149.0,33.0,1947.0
29443,149.0,33.0,1948.0
29444,149.0,34.0,402.0
29445,149.0,34.0,409.0
29446,149.0,34.0,665.0
29447,149.0,34.0,921.0
29448,149.0,34.0,1177.0
29449,149.0,34.0,1433.0
29450,149.0,34.0,1689.0
29451,149.0,34.0,1945.0
29452,149.0,35.0,412.0
29453,149.0,35.0,413.0
29454,149.0,37.0,411.0
29455,149.0,37.0,412.0
29456,149.0,37.0,923.0
29457,149.0,37.0,924.0
29458,149.0,37.0,1179.0
29459,149.0,37.0,1180.0
29460,149.0,37.0,1435.0
29461,149.0,37.0,1436.0
29462,149.0,37.0,1947.0
29463,149.0,37.0,1948.0
29464,149.0,38.0,411.0
29465,149.0,38.0,412.0
29466,149.0,38.0,923.0
29467,149.0,38.0,924.0
29468,149.0,38.0,1179.0
29469,149.0,38.0,1180.0
29470,149.0,38.0,1435.0
29471,149.0,38.0,1436.0
29472,149.0,38.0,1947.0
29473,149.0,38.0,1948.0
29474,149.0,43.0,436.0
29475,149.0,43.0,437.0
29476,149.0,43.0,692.0
29477,149.0,43.0,693.0
29478,149.0,43.0,948.0
29479,149.0,43.0,949.0
29480,149.0,43.0,1204.0
29481,149.0,43.0,1205.0
29482,149.0,43.0,1460.0
29483,149.0,43.0,1461.0
29484,149.0,43.0,1716.0
29485,149.0,43.0,1717.0
29486,149.0,43.0,1972.0
29487,149.0,43.0,1973.0
29488,149.0,45.0,433.0
29489,149.0,45.0,434.0
29490,149.0,45.0,435.0
29491,149.0,45.0,689.0
29492,149.0,45.0,690.0
29493,149.0,45.0,691.0
29494,149.0,45.0,945.0
29495,149.0,45.0,946.0
29496,149.0,45.0,947.0
29497,149.0,45.0,1201.0
29498,149.0,45.0,1202.0
29499,149.0,45.0,1203.0
29500,149.0,45.0,1457.0
29501,149.0,45.0,1458.0
29502,149.0,45.0,1459.0
29503,149.0,45.0,1713.0
29504,149.0,45.0,1714.0
29505,149.0,45.0,1715.0
29506,149.0,45.0,1969.0
29507,149.0,45.0,1970.0
29508,149.0,45.0,1971.0
29509,149.0,46.0,432.0
29510,149.0,46.0,433.0
29511,149.0,46.0,434.0
29512,149.0,46.0,688.0
29513,149.0,46.0,689.0
29514,149.0,46.0,690.0
29515,149.0,46.0,944.0
29516,149.0,46.0,945.0
29517,149.0,46.0,946.0
29518,149.0,46.0,1200.0
29519,149.0,46.0,1201.0
29520,149.0,46.0,1202.0
29521,149.0,46.0,1456.0
29522,149.0,46.0,1457.0
29523,149.0,46.0,1458.0
29524,149.0,46.0,1712.0
29525,149.0,46.0,1713.0
29526,149.0,46.0,1714.0
29527,149.0,46.0,1968.0
29528,149.0,46.0,1969.0
29529,149.0,46.0,1970.0
29530,149.0,47.0,430.0
29531,149.0,47.0,431.0
29532,149.0,47.0,440.0
29533,149.0,47.0,441.0
29534,149.0,47.0,686.0
29535,149.0,47.0,687.0
29536,149.0,47.0,696.0
29537,149.0,47.0,697.0
29538,149.0,47.0,942.0
29539,149.0,47.0,943.0
29540,149.0,47.0,952.0
29541,149.0,47.0,953.0
29542,149.0,47.0,1198.0
29543,149.0,47.0,1199.0
29544,149.0,47.0,1208.0
29545,149.0,47.0,1209.0
29546,149.0,47.0,1454.0
29547,149.0,47.0,1455.0
29548,149.0,47.0,1464.0
29549,149.0,47.0,1465.0
29550,149.0,47.0,1710.0
29551,149.0,47.0,1711.0
29552,149.0,47.0,1720.0
29553,149.0,47.0,1721.0
29554,149.0,47.0,1966.0
29555,149.0,47.0,1967.0
29556,149.0,47.0,1976.0
29557,149.0,47.0,1977.0
29558,149.0,48.0,438.0
29559,149.0,48.0,439.0
29560,149.0,48.0,440.0
29561,149.0,48.0,694.0
29562,149.0,48.0,695.0
29563,149.0,48.0,696.0
29564,149.0,48.0,950.0
29565,149.0,48.0,951.0
29566,149.0,48.0,952.0
29567,149.0,48.0,1206.0
29568,149.0,48.0,1207.0
29569,149.0,48.0,1208.0
29570,149.0,48.0,1462.0
29571,149.0,48.0,1463.0
29572,149.0,48.0,1464.0
29573,149.0,48.0,1718.0
29574,149.0,48.0,1719.0
29575,149.0,48.0,1720.0
29576,149.0,48.0,1974.0
29577,149.0,48.0,1975.0
29578,149.0,48.0,1976.0
29579,149.0,49.0,438.0
29580,149.0,49.0,439.0
29581,149.0,49.0,694.0
29582,149.0,49.0,695.0
29583,149.0,49.0,950.0
29584,149.0,49.0,951.0
29585,149.0,49.0,1206.0
29586,149.0,49.0,1207.0
29587,149.0,49.0,1462.0
29588,149.0,49.0,1463.0
29589,149.0,49.0,1718.0
29590,149.0,49.0,1719.0
29591,149.0,49.0,1974.0
29592,149.0,49.0,1975.0
29593,149.0,50.0,435.0
29594,149.0,50.0,436.0
29595,149.0,50.0,691.0
29596,149.0,50.0,692.0
29597,149.0,50.0,947.0
29598,149.0,50.0,948.0
29599,149.0,50.0,1203.0
29600,149.0,50.0,1204.0
29601,149.0,50.0,1459.0
29602,149.0,50.0,1460.0
29603,149.0,50.0,1715.0
29604,149.0,50.0,1716.0
29605,149.0,50.0,1971.0
29606,149.0,50.0,1972.0
29607,149.0,53.0,438.0
29608,149.0,53.0,439.0
29609,149.0,53.0,440.0
29610,149.0,53.0,694.0
29611,149.0,53.0,695.0
29612,149.0,53.0,696.0
29613,149.0,53.0,950.0
29614,149.0,53.0,951.0
29615,149.0,53.0,952.0
29616,149.0,53.0,1206.0
29617,149.0,53.0,1207.0
29618,149.0,53.0,1208.0
29619,149.0,53.0,1462.0
29620,149.0,53.0,1463.0
29621,149.0,53.0,1464.0
29622,149.0,53.0,1974.0
29623,149.0,53.0,1975.0
29624,149.0,53.0,1976.0
29625,149.0,54.0,436.0
29626,149.0,54.0,437.0
29627,149.0,54.0,438.0
29628,149.0,54.0,439.0
29629,149.0,54.0,692.0
29630,149.0,54.0,693.0
29631,149.0,54.0,694.0
29632,149.0,54.0,695.0
29633,149.0,54.0,948.0
29634,149.0,54.0,949.0
29635,149.0,54.0,950.0
29636,149.0,54.0,951.0
29637,149.0,54.0,1204.0
29638,149.0,54.0,1205.0
29639,149.0,54.0,1206.0
29640,149.0,54.0,1207.0
29641,149.0,54.0,1460.0
29642,149.0,54.0,1461.0
29643,149.0,54.0,1462.0
29644,149.0,54.0,1463.0
29645,149.0,54.0,1972.0
29646,149.0,54.0,1973.0
29647,149.0,54.0,1974.0
29648,149.0,54.0,1975.0
29649,149.0,64.0,449.0
29650,149.0,64.0,450.0
29651,149.0,64.0,705.0
29652,149.0,64.0,706.0
29653,149.0,64.0,961.0
29654,149.0,64.0,962.0
29655,149.0,64.0,1217.0
29656,149.0,64.0,1218.0
29657,149.0,64.0,1473.0
29658,149.0,64.0,1474.0
29659,149.0,64.0,1729.0
29660,149.0,64.0,1730.0
29661,149.0,64.0,1985.0
29662,149.0,64.0,1986.0
29663,149.0,65.0,447.0
29664,149.0,65.0,448.0
29665,149.0,65.0,703.0
29666,149.0,65.0,704.0
29667,149.0,65.0,959.0
29668,149.0,65.0,960.0
29669,149.0,65.0,1215.0
29670,149.0,65.0,1216.0
29671,149.0,65.0,1471.0
29672,149.0,65.0,1472.0
29673,149.0,65.0,1727.0
29674,149.0,65.0,1728.0
29675,149.0,65.0,1983.0
29676,149.0,65.0,1984.0
29677,149.0,66.0,447.0
29678,149.0,66.0,448.0
29679,149.0,66.0,449.0
29680,149.0,66.0,703.0
29681,149.0,66.0,704.0
29682,149.0,66.0,705.0
29683,149.0,66.0,959.0
29684,149.0,66.0,960.0
29685,149.0,66.0,961.0
29686,149.0,66.0,1215.0
29687,149.0,66.0,1216.0
29688,149.0,66.0,1217.0
29689,149.0,66.0,1471.0
29690,149.0,66.0,1472.0
29691,149.0,66.0,1473.0
29692,149.0,66.0,1727.0
29693,149.0,66.0,1728.0
29694,149.0,66.0,1729.0
29695,149.0,66.0,1983.0
29696,149.0,66.0,1984.0
29697,149.0,66.0,1985.0
29698,149.0,68.0,453.0
29699,149.0,68.0,709.0
29700,149.0,68.0,965.0
29701,149.0,68.0,1221.0
29702,149.0,68.0,1477.0
29703,149.0,68.0,1989.0
29704,149.0,71.0,434.0
29705,149.0,71.0,690.0
29706,149.0,71.0,946.0
29707,149.0,71.0,1202.0
29708,149.0,71.0,1458.0
29709,149.0,71.0,1714.0
29710,149.0,71.0,1970.0
29711,149.0,73.0,446.0
29712,149.0,73.0,454.0
29713,149.0,73.0,455.0
29714,149.0,73.0,702.0
29715,149.0,73.0,710.0
29716,149.0,73.0,711.0
29717,149.0,73.0,958.0
29718,149.0,73.0,966.0
29719,149.0,73.0,967.0
29720,149.0,73.0,1214.0
29721,149.0,73.0,1222.0
29722,149.0,73.0,1223.0
29723,149.0,73.0,1470.0
29724,149.0,73.0,1478.0
29725,149.0,73.0,1479.0
29726,149.0,73.0,1726.0
29727,149.0,73.0,1734.0
29728,149.0,73.0,1735.0
29729,149.0,73.0,1982.0
29730,149.0,73.0,1990.0
29731,149.0,73.0,1991.0
29732,149.0,74.0,451.0
29733,149.0,74.0,452.0
29734,149.0,74.0,453.0
29735,149.0,74.0,454.0
29736,149.0,74.0,455.0
29737,149.0,74.0,707.0
29738,149.0,74.0,708.0
29739,149.0,74.0,709.0
29740,149.0,74.0,710.0
29741,149.0,74.0,711.0
29742,149.0,74.0,963.0
29743,149.0,74.0,964.0
29744,149.0,74.0,965.0
29745,149.0,74.0,966.0
29746,149.0,74.0,967.0
29747,149.0,74.0,1219.0
29748,149.0,74.0,1220.0
29749,149.0,74.0,1221.0
29750,149.0,74.0,1222.0
29751,149.0,74.0,1223.0
29752,149.0,74.0,1475.0
29753,149.0,74.0,1476.0
29754,149.0,74.0,1477.0
29755,149.0,74.0,1478.0
29756,149.0,74.0,1479.0
29757,149.0,74.0,1731.0
29758,149.0,74.0,1732.0
29759,149.0,74.0,1733.0
29760,149.0,74.0,1734.0
29761,149.0,74.0,1735.0
29762,149.0,74.0,1987.0
29763,149.0,74.0,1988.0
29764,149.0,74.0,1989.0
29765,149.0,74.0,1990.0
29766,149.0,74.0,1991.0
29767,149.0,75.0,450.0
29768,149.0,75.0,452.0
29769,149.0,75.0,706.0
29770,149.0,75.0,708.0
29771,149.0,75.0,962.0
29772,149.0,75.0,964.0
29773,149.0,75.0,1218.0
29774,149.0,75.0,1220.0
29775,149.0,75.0,1474.0
29776,149.0,75.0,1476.0
29777,149.0,75.0,1730.0
29778,149.0,75.0,1732.0
29779,149.0,75.0,1986.0
29780,149.0,75.0,1988.0
29781,149.0,78.0,440.0
29782,149.0,91.0,450.0
29783,149.0,91.0,451.0
29784,149.0,91.0,706.0
29785,149.0,91.0,707.0
29786,149.0,91.0,962.0
29787,149.0,91.0,963.0
29788,149.0,91.0,1218.0
29789,149.0,91.0,1219.0
29790,149.0,91.0,1474.0
29791,149.0,91.0,1475.0
29792,149.0,91.0,1730.0
29793,149.0,91.0,1731.0
29794,149.0,91.0,1986.0
29795,149.0,91.0,1987.0
29796,149.0,96.0,451.0
29797,149.0,96.0,452.0
29798,149.0,97.0,451.0
29799,149.0,111.0,440.0
29800,149.0,111.0,441.0
29801,149.0,115.0,441.0
29802,149.0,115.0,442.0
29803,149.0,115.0,443.0
29804,149.0,115.0,953.0
29805,149.0,115.0,954.0
29806,149.0,115.0,955.0
29807,149.0,115.0,1209.0
29808,149.0,115.0,1210.0
29809,149.0,115.0,1211.0
29810,149.0,115.0,1465.0
29811,149.0,115.0,1466.0
29812,149.0,115.0,1467.0
29813,149.0,115.0,1977.0
29814,149.0,115.0,1978.0
29815,149.0,115.0,1979.0
29816,150.0,24.0,426.0
29817,150.0,24.0,682.0
29818,150.0,24.0,938.0
29819,150.0,24.0,1194.0
29820,150.0,24.0,1450.0
29821,150.0,24.0,1706.0
29822,150.0,24.0,1962.0
29823,150.0,25.0,424.0
29824,150.0,25.0,425.0
29825,150.0,25.0,426.0
29826,150.0,25.0,427.0
29827,150.0,25.0,680.0
29828,150.0,25.0,681.0
29829,150.0,25.0,682.0
29830,150.0,25.0,683.0
29831,150.0,25.0,936.0
29832,150.0,25.0,937.0
29833,150.0,25.0,938.0
29834,150.0,25.0,939.0
29835,150.0,25.0,1192.0
29836,150.0,25.0,1193.0
29837,150.0,25.0,1194.0
29838,150.0,25.0,1195.0
29839,150.0,25.0,1448.0
29840,150.0,25.0,1449.0
29841,150.0,25.0,1450.0
29842,150.0,25.0,1451.0
29843,150.0,25.0,1704.0
29844,150.0,25.0,1705.0
29845,150.0,25.0,1706.0
29846,150.0,25.0,1707.0
29847,150.0,25.0,1960.0
29848,150.0,25.0,1961.0
29849,150.0,25.0,1962.0
29850,150.0,25.0,1963.0
29851,150.0,26.0,423.0
29852,150.0,26.0,424.0
29853,150.0,26.0,425.0
29854,150.0,26.0,427.0
29855,150.0,26.0,679.0
29856,150.0,26.0,680.0
29857,150.0,26.0,681.0
29858,150.0,26.0,683.0
29859,150.0,26.0,935.0
29860,150.0,26.0,936.0
29861,150.0,26.0,937.0
29862,150.0,26.0,939.0
29863,150.0,26.0,1191.0
29864,150.0,26.0,1192.0
29865,150.0,26.0,1193.0
29866,150.0,26.0,1195.0
29867,150.0,26.0,1447.0
29868,150.0,26.0,1448.0
29869,150.0,26.0,1449.0
29870,150.0,26.0,1451.0
29871,150.0,26.0,1703.0
29872,150.0,26.0,1704.0
29873,150.0,26.0,1705.0
29874,150.0,26.0,1707.0
29875,150.0,26.0,1959.0
29876,150.0,26.0,1960.0
29877,150.0,26.0,1961.0
29878,150.0,26.0,1963.0
29879,150.0,27.0,422.0
29880,150.0,27.0,423.0
29881,150.0,27.0,424.0
29882,150.0,27.0,678.0
29883,150.0,27.0,679.0
29884,150.0,27.0,680.0
29885,150.0,27.0,934.0
29886,150.0,27.0,935.0
29887,150.0,27.0,936.0
29888,150.0,27.0,1190.0
29889,150.0,27.0,1191.0
29890,150.0,27.0,1192.0
29891,150.0,27.0,1446.0
29892,150.0,27.0,1447.0
29893,150.0,27.0,1448.0
29894,150.0,27.0,1702.0
29895,150.0,27.0,1703.0
29896,150.0,27.0,1704.0
29897,150.0,27.0,1958.0
29898,150.0,27.0,1959.0
29899,150.0,27.0,1960.0
29900,150.0,28.0,420.0
29901,150.0,28.0,421.0
29902,150.0,28.0,422.0
29903,150.0,28.0,676.0
29904,150.0,28.0,677.0
29905,150.0,28.0,678.0
29906,150.0,28.0,932.0
29907,150.0,28.0,933.0
29908,150.0,28.0,934.0
29909,150.0,28.0,1188.0
29910,150.0,28.0,1189.0
29911,150.0,28.0,1190.0
29912,150.0,28.0,1444.0
29913,150.0,28.0,1445.0
29914,150.0,28.0,1446.0
29915,150.0,28.0,1700.0
29916,150.0,28.0,1701.0
29917,150.0,28.0,1702.0
29918,150.0,28.0,1956.0
29919,150.0,28.0,1957.0
29920,150.0,28.0,1958.0
29921,150.0,29.0,421.0
29922,150.0,29.0,677.0
29923,150.0,29.0,933.0
29924,150.0,29.0,1189.0
29925,150.0,29.0,1445.0
29926,150.0,29.0,1701.0
29927,150.0,29.0,1957.0
29928,150.0,32.0,406.0
29929,150.0,32.0,407.0
29930,150.0,32.0,411.0
29931,150.0,32.0,412.0
29932,150.0,32.0,662.0
29933,150.0,32.0,663.0
29934,150.0,32.0,667.0
29935,150.0,32.0,668.0
29936,150.0,32.0,918.0
29937,150.0,32.0,919.0
29938,150.0,32.0,923.0
29939,150.0,32.0,924.0
29940,150.0,32.0,1174.0
29941,150.0,32.0,1175.0
29942,150.0,32.0,1179.0
29943,150.0,32.0,1180.0
29944,150.0,32.0,1430.0
29945,150.0,32.0,1431.0
29946,150.0,32.0,1435.0
29947,150.0,32.0,1436.0
29948,150.0,32.0,1686.0
29949,150.0,32.0,1687.0
29950,150.0,32.0,1691.0
29951,150.0,32.0,1692.0
29952,150.0,32.0,1942.0
29953,150.0,32.0,1943.0
29954,150.0,32.0,1947.0
29955,150.0,32.0,1948.0
29956,150.0,33.0,406.0
29957,150.0,33.0,407.0
29958,150.0,33.0,410.0
29959,150.0,33.0,411.0
29960,150.0,33.0,412.0
29961,150.0,33.0,662.0
29962,150.0,33.0,663.0
29963,150.0,33.0,666.0
29964,150.0,33.0,667.0
29965,150.0,33.0,668.0
29966,150.0,33.0,918.0
29967,150.0,33.0,919.0
29968,150.0,33.0,922.0
29969,150.0,33.0,923.0
29970,150.0,33.0,924.0
29971,150.0,33.0,1174.0
29972,150.0,33.0,1175.0
29973,150.0,33.0,1178.0
29974,150.0,33.0,1179.0
29975,150.0,33.0,1180.0
29976,150.0,33.0,1430.0
29977,150.0,33.0,1431.0
29978,150.0,33.0,1434.0
29979,150.0,33.0,1435.0
29980,150.0,33.0,1436.0
29981,150.0,33.0,1686.0
29982,150.0,33.0,1687.0
29983,150.0,33.0,1690.0
29984,150.0,33.0,1691.0
29985,150.0,33.0,1692.0
29986,150.0,33.0,1942.0
29987,150.0,33.0,1943.0
29988,150.0,33.0,1946.0
29989,150.0,33.0,1947.0
29990,150.0,33.0,1948.0
29991,150.0,34.0,409.0
29992,150.0,34.0,410.0
29993,150.0,34.0,665.0
29994,150.0,34.0,666.0
29995,150.0,34.0,921.0
29996,150.0,34.0,922.0
29997,150.0,34.0,1177.0
29998,150.0,34.0,1178.0
29999,150.0,34.0,1433.0
30000,150.0,34.0,1434.0
30001,150.0,34.0,1689.0
30002,150.0,34.0,1690.0
30003,150.0,34.0,1945.0
30004,150.0,34.0,1946.0
30005,150.0,35.0,412.0
30006,150.0,35.0,413.0
30007,150.0,40.0,430.0
30008,150.0,40.0,431.0
30009,150.0,40.0,432.0
30010,150.0,40.0,686.0
30011,150.0,40.0,687.0
30012,150.0,40.0,688.0
30013,150.0,40.0,942.0
30014,150.0,40.0,943.0
30015,150.0,40.0,944.0
30016,150.0,40.0,1198.0
30017,150.0,40.0,1199.0
30018,150.0,40.0,1200.0
30019,150.0,40.0,1454.0
30020,150.0,40.0,1455.0
30021,150.0,40.0,1456.0
30022,150.0,40.0,1710.0
30023,150.0,40.0,1711.0
30024,150.0,40.0,1712.0
30025,150.0,40.0,1966.0
30026,150.0,40.0,1967.0
30027,150.0,40.0,1968.0
30028,150.0,41.0,421.0
30029,150.0,41.0,430.0
30030,150.0,41.0,431.0
30031,150.0,41.0,439.0
30032,150.0,41.0,440.0
30033,150.0,41.0,441.0
30034,150.0,41.0,677.0
30035,150.0,41.0,686.0
30036,150.0,41.0,687.0
30037,150.0,41.0,695.0
30038,150.0,41.0,696.0
30039,150.0,41.0,697.0
30040,150.0,41.0,933.0
30041,150.0,41.0,942.0
30042,150.0,41.0,943.0
30043,150.0,41.0,951.0
30044,150.0,41.0,952.0
30045,150.0,41.0,953.0
30046,150.0,41.0,1189.0
30047,150.0,41.0,1198.0
30048,150.0,41.0,1199.0
30049,150.0,41.0,1207.0
30050,150.0,41.0,1208.0
30051,150.0,41.0,1209.0
30052,150.0,41.0,1445.0
30053,150.0,41.0,1454.0
30054,150.0,41.0,1455.0
30055,150.0,41.0,1463.0
30056,150.0,41.0,1464.0
30057,150.0,41.0,1465.0
30058,150.0,41.0,1701.0
30059,150.0,41.0,1710.0
30060,150.0,41.0,1711.0
30061,150.0,41.0,1719.0
30062,150.0,41.0,1720.0
30063,150.0,41.0,1721.0
30064,150.0,41.0,1957.0
30065,150.0,41.0,1966.0
30066,150.0,41.0,1967.0
30067,150.0,41.0,1975.0
30068,150.0,41.0,1976.0
30069,150.0,41.0,1977.0
30070,150.0,42.0,423.0
30071,150.0,42.0,424.0
30072,150.0,42.0,428.0
30073,150.0,42.0,432.0
30074,150.0,42.0,433.0
30075,150.0,42.0,434.0
30076,150.0,42.0,437.0
30077,150.0,42.0,438.0
30078,150.0,42.0,439.0
30079,150.0,42.0,679.0
30080,150.0,42.0,680.0
30081,150.0,42.0,684.0
30082,150.0,42.0,693.0
30083,150.0,42.0,694.0
30084,150.0,42.0,695.0
30085,150.0,42.0,935.0
30086,150.0,42.0,936.0
30087,150.0,42.0,940.0
30088,150.0,42.0,949.0
30089,150.0,42.0,950.0
30090,150.0,42.0,951.0
30091,150.0,42.0,1191.0
30092,150.0,42.0,1192.0
30093,150.0,42.0,1196.0
30094,150.0,42.0,1205.0
30095,150.0,42.0,1206.0
30096,150.0,42.0,1207.0
30097,150.0,42.0,1447.0
30098,150.0,42.0,1448.0
30099,150.0,42.0,1452.0
30100,150.0,42.0,1461.0
30101,150.0,42.0,1462.0
30102,150.0,42.0,1463.0
30103,150.0,42.0,1703.0
30104,150.0,42.0,1704.0
30105,150.0,42.0,1708.0
30106,150.0,42.0,1717.0
30107,150.0,42.0,1718.0
30108,150.0,42.0,1719.0
30109,150.0,42.0,1959.0
30110,150.0,42.0,1960.0
30111,150.0,42.0,1964.0
30112,150.0,42.0,1973.0
30113,150.0,42.0,1974.0
30114,150.0,42.0,1975.0
30115,150.0,43.0,422.0
30116,150.0,43.0,423.0
30117,150.0,43.0,424.0
30118,150.0,43.0,425.0
30119,150.0,43.0,431.0
30120,150.0,43.0,432.0
30121,150.0,43.0,433.0
30122,150.0,43.0,436.0
30123,150.0,43.0,437.0
30124,150.0,43.0,678.0
30125,150.0,43.0,679.0
30126,150.0,43.0,680.0
30127,150.0,43.0,681.0
30128,150.0,43.0,692.0
30129,150.0,43.0,693.0
30130,150.0,43.0,934.0
30131,150.0,43.0,935.0
30132,150.0,43.0,936.0
30133,150.0,43.0,937.0
30134,150.0,43.0,948.0
30135,150.0,43.0,949.0
30136,150.0,43.0,1190.0
30137,150.0,43.0,1191.0
30138,150.0,43.0,1192.0
30139,150.0,43.0,1193.0
30140,150.0,43.0,1204.0
30141,150.0,43.0,1205.0
30142,150.0,43.0,1446.0
30143,150.0,43.0,1447.0
30144,150.0,43.0,1448.0
30145,150.0,43.0,1449.0
30146,150.0,43.0,1460.0
30147,150.0,43.0,1461.0
30148,150.0,43.0,1702.0
30149,150.0,43.0,1703.0
30150,150.0,43.0,1704.0
30151,150.0,43.0,1705.0
30152,150.0,43.0,1716.0
30153,150.0,43.0,1717.0
30154,150.0,43.0,1958.0
30155,150.0,43.0,1959.0
30156,150.0,43.0,1960.0
30157,150.0,43.0,1961.0
30158,150.0,43.0,1972.0
30159,150.0,43.0,1973.0
30160,150.0,44.0,433.0
30161,150.0,44.0,434.0
30162,150.0,44.0,435.0
30163,150.0,44.0,436.0
30164,150.0,44.0,437.0
30165,150.0,44.0,689.0
30166,150.0,44.0,690.0
30167,150.0,44.0,691.0
30168,150.0,44.0,692.0
30169,150.0,44.0,693.0
30170,150.0,44.0,945.0
30171,150.0,44.0,946.0
30172,150.0,44.0,947.0
30173,150.0,44.0,948.0
30174,150.0,44.0,949.0
30175,150.0,44.0,1201.0
30176,150.0,44.0,1202.0
30177,150.0,44.0,1203.0
30178,150.0,44.0,1204.0
30179,150.0,44.0,1205.0
30180,150.0,44.0,1457.0
30181,150.0,44.0,1458.0
30182,150.0,44.0,1459.0
30183,150.0,44.0,1460.0
30184,150.0,44.0,1461.0
30185,150.0,44.0,1713.0
30186,150.0,44.0,1714.0
30187,150.0,44.0,1715.0
30188,150.0,44.0,1716.0
30189,150.0,44.0,1717.0
30190,150.0,44.0,1969.0
30191,150.0,44.0,1970.0
30192,150.0,44.0,1971.0
30193,150.0,44.0,1972.0
30194,150.0,44.0,1973.0
30195,150.0,45.0,433.0
30196,150.0,45.0,434.0
30197,150.0,45.0,689.0
30198,150.0,45.0,690.0
30199,150.0,45.0,945.0
30200,150.0,45.0,946.0
30201,150.0,45.0,1201.0
30202,150.0,45.0,1202.0
30203,150.0,45.0,1457.0
30204,150.0,45.0,1458.0
30205,150.0,45.0,1713.0
30206,150.0,45.0,1714.0
30207,150.0,45.0,1969.0
30208,150.0,45.0,1970.0
30209,150.0,53.0,438.0
30210,150.0,53.0,439.0
30211,150.0,53.0,440.0
30212,150.0,53.0,694.0
30213,150.0,53.0,695.0
30214,150.0,53.0,696.0
30215,150.0,53.0,950.0
30216,150.0,53.0,951.0
30217,150.0,53.0,952.0
30218,150.0,53.0,1206.0
30219,150.0,53.0,1207.0
30220,150.0,53.0,1208.0
30221,150.0,53.0,1462.0
30222,150.0,53.0,1463.0
30223,150.0,53.0,1464.0
30224,150.0,53.0,1974.0
30225,150.0,53.0,1975.0
30226,150.0,53.0,1976.0
30227,150.0,54.0,436.0
30228,150.0,54.0,437.0
30229,150.0,54.0,438.0
30230,150.0,54.0,439.0
30231,150.0,54.0,692.0
30232,150.0,54.0,693.0
30233,150.0,54.0,694.0
30234,150.0,54.0,695.0
30235,150.0,54.0,948.0
30236,150.0,54.0,949.0
30237,150.0,54.0,950.0
30238,150.0,54.0,951.0
30239,150.0,54.0,1204.0
30240,150.0,54.0,1205.0
30241,150.0,54.0,1206.0
30242,150.0,54.0,1207.0
30243,150.0,54.0,1460.0
30244,150.0,54.0,1461.0
30245,150.0,54.0,1462.0
30246,150.0,54.0,1463.0
30247,150.0,54.0,1972.0
30248,150.0,54.0,1973.0
30249,150.0,54.0,1974.0
30250,150.0,54.0,1975.0
30251,150.0,63.0,445.0
30252,150.0,63.0,701.0
30253,150.0,63.0,957.0
30254,150.0,63.0,1213.0
30255,150.0,63.0,1469.0
30256,150.0,63.0,1725.0
30257,150.0,63.0,1981.0
30258,150.0,64.0,444.0
30259,150.0,64.0,445.0
30260,150.0,64.0,449.0
30261,150.0,64.0,450.0
30262,150.0,64.0,700.0
30263,150.0,64.0,701.0
30264,150.0,64.0,705.0
30265,150.0,64.0,706.0
30266,150.0,64.0,956.0
30267,150.0,64.0,957.0
30268,150.0,64.0,961.0
30269,150.0,64.0,962.0
30270,150.0,64.0,1212.0
30271,150.0,64.0,1213.0
30272,150.0,64.0,1217.0
30273,150.0,64.0,1218.0
30274,150.0,64.0,1468.0
30275,150.0,64.0,1469.0
30276,150.0,64.0,1473.0
30277,150.0,64.0,1474.0
30278,150.0,64.0,1724.0
30279,150.0,64.0,1725.0
30280,150.0,64.0,1729.0
30281,150.0,64.0,1730.0
30282,150.0,64.0,1980.0
30283,150.0,64.0,1981.0
30284,150.0,64.0,1985.0
30285,150.0,64.0,1986.0
30286,150.0,65.0,444.0
30287,150.0,65.0,445.0
30288,150.0,65.0,449.0
30289,150.0,65.0,450.0
30290,150.0,65.0,700.0
30291,150.0,65.0,701.0
30292,150.0,65.0,705.0
30293,150.0,65.0,706.0
30294,150.0,65.0,956.0
30295,150.0,65.0,957.0
30296,150.0,65.0,961.0
30297,150.0,65.0,962.0
30298,150.0,65.0,1212.0
30299,150.0,65.0,1213.0
30300,150.0,65.0,1217.0
30301,150.0,65.0,1218.0
30302,150.0,65.0,1468.0
30303,150.0,65.0,1469.0
30304,150.0,65.0,1473.0
30305,150.0,65.0,1474.0
30306,150.0,65.0,1724.0
30307,150.0,65.0,1725.0
30308,150.0,65.0,1729.0
30309,150.0,65.0,1730.0
30310,150.0,65.0,1980.0
30311,150.0,65.0,1981.0
30312,150.0,65.0,1985.0
30313,150.0,65.0,1986.0
30314,150.0,67.0,455.0
30315,150.0,67.0,456.0
30316,150.0,67.0,711.0
30317,150.0,67.0,712.0
30318,150.0,67.0,967.0
30319,150.0,67.0,968.0
30320,150.0,67.0,1223.0
30321,150.0,67.0,1224.0
30322,150.0,67.0,1479.0
30323,150.0,67.0,1480.0
30324,150.0,67.0,1991.0
30325,150.0,67.0,1992.0
30326,150.0,68.0,453.0
30327,150.0,68.0,709.0
30328,150.0,68.0,965.0
30329,150.0,68.0,1221.0
30330,150.0,68.0,1477.0
30331,150.0,68.0,1989.0
30332,150.0,71.0,434.0
30333,150.0,71.0,690.0
30334,150.0,71.0,946.0
30335,150.0,71.0,1202.0
30336,150.0,71.0,1458.0
30337,150.0,71.0,1714.0
30338,150.0,71.0,1970.0
30339,150.0,72.0,431.0
30340,150.0,72.0,432.0
30341,150.0,72.0,447.0
30342,150.0,72.0,687.0
30343,150.0,72.0,688.0
30344,150.0,72.0,703.0
30345,150.0,72.0,943.0
30346,150.0,72.0,944.0
30347,150.0,72.0,959.0
30348,150.0,72.0,1199.0
30349,150.0,72.0,1200.0
30350,150.0,72.0,1215.0
30351,150.0,72.0,1455.0
30352,150.0,72.0,1456.0
30353,150.0,72.0,1471.0
30354,150.0,72.0,1711.0
30355,150.0,72.0,1712.0
30356,150.0,72.0,1727.0
30357,150.0,72.0,1967.0
30358,150.0,72.0,1968.0
30359,150.0,72.0,1983.0
30360,150.0,73.0,432.0
30361,150.0,73.0,446.0
30362,150.0,73.0,688.0
30363,150.0,73.0,702.0
30364,150.0,73.0,944.0
30365,150.0,73.0,958.0
30366,150.0,73.0,1200.0
30367,150.0,73.0,1214.0
30368,150.0,73.0,1456.0
30369,150.0,73.0,1470.0
30370,150.0,73.0,1712.0
30371,150.0,73.0,1726.0
30372,150.0,73.0,1968.0
30373,150.0,73.0,1982.0
30374,150.0,79.0,437.0
30375,150.0,79.0,438.0
30376,150.0,79.0,439.0
30377,150.0,79.0,440.0
30378,150.0,79.0,441.0
30379,150.0,80.0,430.0
30380,150.0,80.0,431.0
30381,150.0,80.0,438.0
30382,150.0,84.0,452.0
30383,150.0,84.0,453.0
30384,150.0,84.0,708.0
30385,150.0,84.0,709.0
30386,150.0,84.0,964.0
30387,150.0,84.0,965.0
30388,150.0,84.0,1220.0
30389,150.0,84.0,1221.0
30390,150.0,84.0,1476.0
30391,150.0,84.0,1477.0
30392,150.0,84.0,1732.0
30393,150.0,84.0,1733.0
30394,150.0,84.0,1988.0
30395,150.0,84.0,1989.0
30396,150.0,85.0,450.0
30397,150.0,85.0,451.0
30398,150.0,85.0,452.0
30399,150.0,85.0,706.0
30400,150.0,85.0,707.0
30401,150.0,85.0,708.0
30402,150.0,85.0,962.0
30403,150.0,85.0,963.0
30404,150.0,85.0,964.0
30405,150.0,85.0,1218.0
30406,150.0,85.0,1219.0
30407,150.0,85.0,1220.0
30408,150.0,85.0,1474.0
30409,150.0,85.0,1475.0
30410,150.0,85.0,1476.0
30411,150.0,85.0,1730.0
30412,150.0,85.0,1731.0
30413,150.0,85.0,1732.0
30414,150.0,85.0,1986.0
30415,150.0,85.0,1987.0
30416,150.0,85.0,1988.0
30417,150.0,103.0,420.0
30418,150.0,103.0,932.0
30419,150.0,103.0,1188.0
30420,150.0,103.0,1444.0
30421,150.0,103.0,1956.0
30422,150.0,104.0,419.0
30423,150.0,104.0,931.0
30424,150.0,104.0,1187.0
30425,150.0,104.0,1443.0
30426,150.0,104.0,1955.0
30427,150.0,110.0,439.0
30428,150.0,110.0,440.0
30429,150.0,110.0,951.0
30430,150.0,110.0,952.0
30431,150.0,110.0,1207.0
30432,150.0,110.0,1208.0
30433,150.0,110.0,1463.0
30434,150.0,110.0,1464.0
30435,150.0,110.0,1975.0
30436,150.0,110.0,1976.0
30437,150.0,111.0,439.0
30438,150.0,111.0,951.0
30439,150.0,111.0,1207.0
30440,150.0,111.0,1463.0
30441,150.0,111.0,1975.0
30442,150.0,115.0,441.0
30443,150.0,115.0,442.0
30444,150.0,115.0,443.0
30445,150.0,115.0,953.0
30446,150.0,115.0,954.0
30447,150.0,115.0,955.0
30448,150.0,115.0,1209.0
30449,150.0,115.0,1210.0
30450,150.0,115.0,1211.0
30451,150.0,115.0,1465.0
30452,150.0,115.0,1466.0
30453,150.0,115.0,1467.0
30454,150.0,115.0,1977.0
30455,150.0,115.0,1978.0
30456,150.0,115.0,1979.0
30457,151.0,23.0,425.0
30458,151.0,23.0,426.0
30459,151.0,23.0,681.0
30460,151.0,23.0,682.0
30461,151.0,23.0,937.0
30462,151.0,23.0,938.0
30463,151.0,23.0,1193.0
30464,151.0,23.0,1194.0
30465,151.0,23.0,1449.0
30466,151.0,23.0,1450.0
30467,151.0,23.0,1705.0
30468,151.0,23.0,1706.0
30469,151.0,23.0,1961.0
30470,151.0,23.0,1962.0
30471,151.0,24.0,425.0
30472,151.0,24.0,426.0
30473,151.0,24.0,681.0
30474,151.0,24.0,682.0
30475,151.0,24.0,937.0
30476,151.0,24.0,938.0
30477,151.0,24.0,1193.0
30478,151.0,24.0,1194.0
30479,151.0,24.0,1449.0
30480,151.0,24.0,1450.0
30481,151.0,24.0,1705.0
30482,151.0,24.0,1706.0
30483,151.0,24.0,1961.0
30484,151.0,24.0,1962.0
30485,151.0,29.0,396.0
30486,151.0,29.0,908.0
30487,151.0,29.0,1420.0
30488,151.0,29.0,1676.0
30489,151.0,29.0,1932.0
30490,151.0,32.0,406.0
30491,151.0,32.0,407.0
30492,151.0,32.0,662.0
30493,151.0,32.0,663.0
30494,151.0,32.0,918.0
30495,151.0,32.0,919.0
30496,151.0,32.0,1174.0
30497,151.0,32.0,1175.0
30498,151.0,32.0,1430.0
30499,151.0,32.0,1431.0
30500,151.0,32.0,1686.0
30501,151.0,32.0,1687.0
30502,151.0,32.0,1942.0
30503,151.0,32.0,1943.0
30504,151.0,33.0,406.0
30505,151.0,33.0,407.0
30506,151.0,33.0,662.0
30507,151.0,33.0,663.0
30508,151.0,33.0,918.0
30509,151.0,33.0,919.0
30510,151.0,33.0,1174.0
30511,151.0,33.0,1175.0
30512,151.0,33.0,1430.0
30513,151.0,33.0,1431.0
30514,151.0,33.0,1686.0
30515,151.0,33.0,1687.0
30516,151.0,33.0,1942.0
30517,151.0,33.0,1943.0
30518,151.0,34.0,404.0
30519,151.0,34.0,406.0
30520,151.0,34.0,660.0
30521,151.0,34.0,662.0
30522,151.0,34.0,916.0
30523,151.0,34.0,918.0
30524,151.0,34.0,1172.0
30525,151.0,34.0,1174.0
30526,151.0,34.0,1428.0
30527,151.0,34.0,1430.0
30528,151.0,34.0,1684.0
30529,151.0,34.0,1686.0
30530,151.0,34.0,1940.0
30531,151.0,34.0,1942.0
30532,151.0,35.0,400.0
30533,151.0,35.0,401.0
30534,151.0,35.0,402.0
30535,151.0,35.0,403.0
30536,151.0,35.0,404.0
30537,151.0,35.0,412.0
30538,151.0,35.0,413.0
30539,151.0,35.0,656.0
30540,151.0,35.0,657.0
30541,151.0,35.0,658.0
30542,151.0,35.0,659.0
30543,151.0,35.0,660.0
30544,151.0,35.0,912.0
30545,151.0,35.0,913.0
30546,151.0,35.0,914.0
30547,151.0,35.0,915.0
30548,151.0,35.0,916.0
30549,151.0,35.0,1168.0
30550,151.0,35.0,1169.0
30551,151.0,35.0,1170.0
30552,151.0,35.0,1171.0
30553,151.0,35.0,1172.0
30554,151.0,35.0,1424.0
30555,151.0,35.0,1425.0
30556,151.0,35.0,1426.0
30557,151.0,35.0,1427.0
30558,151.0,35.0,1428.0
30559,151.0,35.0,1680.0
30560,151.0,35.0,1681.0
30561,151.0,35.0,1682.0
30562,151.0,35.0,1683.0
30563,151.0,35.0,1684.0
30564,151.0,35.0,1936.0
30565,151.0,35.0,1937.0
30566,151.0,35.0,1938.0
30567,151.0,35.0,1939.0
30568,151.0,35.0,1940.0
30569,151.0,36.0,400.0
30570,151.0,36.0,401.0
30571,151.0,36.0,404.0
30572,151.0,36.0,411.0
30573,151.0,36.0,656.0
30574,151.0,36.0,657.0
30575,151.0,36.0,660.0
30576,151.0,36.0,912.0
30577,151.0,36.0,913.0
30578,151.0,36.0,916.0
30579,151.0,36.0,1168.0
30580,151.0,36.0,1169.0
30581,151.0,36.0,1172.0
30582,151.0,36.0,1424.0
30583,151.0,36.0,1425.0
30584,151.0,36.0,1428.0
30585,151.0,36.0,1680.0
30586,151.0,36.0,1681.0
30587,151.0,36.0,1684.0
30588,151.0,36.0,1936.0
30589,151.0,36.0,1937.0
30590,151.0,36.0,1940.0
30591,151.0,37.0,403.0
30592,151.0,37.0,410.0
30593,151.0,37.0,659.0
30594,151.0,37.0,915.0
30595,151.0,37.0,1171.0
30596,151.0,37.0,1427.0
30597,151.0,37.0,1683.0
30598,151.0,37.0,1939.0
30599,151.0,40.0,419.0
30600,151.0,40.0,420.0
30601,151.0,40.0,421.0
30602,151.0,40.0,675.0
30603,151.0,40.0,676.0
30604,151.0,40.0,677.0
30605,151.0,40.0,931.0
30606,151.0,40.0,932.0
30607,151.0,40.0,933.0
30608,151.0,40.0,1187.0
30609,151.0,40.0,1188.0
30610,151.0,40.0,1189.0
30611,151.0,40.0,1443.0
30612,151.0,40.0,1444.0
30613,151.0,40.0,1445.0
30614,151.0,40.0,1699.0
30615,151.0,40.0,1700.0
30616,151.0,40.0,1701.0
30617,151.0,40.0,1955.0
30618,151.0,40.0,1956.0
30619,151.0,40.0,1957.0
30620,151.0,41.0,420.0
30621,151.0,41.0,421.0
30622,151.0,41.0,676.0
30623,151.0,41.0,677.0
30624,151.0,41.0,932.0
30625,151.0,41.0,933.0
30626,151.0,41.0,1188.0
30627,151.0,41.0,1189.0
30628,151.0,41.0,1444.0
30629,151.0,41.0,1445.0
30630,151.0,41.0,1700.0
30631,151.0,41.0,1701.0
30632,151.0,41.0,1956.0
30633,151.0,41.0,1957.0
30634,151.0,42.0,418.0
30635,151.0,42.0,419.0
30636,151.0,42.0,423.0
30637,151.0,42.0,424.0
30638,151.0,42.0,427.0
30639,151.0,42.0,437.0
30640,151.0,42.0,438.0
30641,151.0,42.0,439.0
30642,151.0,42.0,674.0
30643,151.0,42.0,675.0
30644,151.0,42.0,679.0
30645,151.0,42.0,680.0
30646,151.0,42.0,683.0
30647,151.0,42.0,693.0
30648,151.0,42.0,694.0
30649,151.0,42.0,695.0
30650,151.0,42.0,930.0
30651,151.0,42.0,931.0
30652,151.0,42.0,935.0
30653,151.0,42.0,936.0
30654,151.0,42.0,939.0
30655,151.0,42.0,949.0
30656,151.0,42.0,950.0
30657,151.0,42.0,951.0
30658,151.0,42.0,1186.0
30659,151.0,42.0,1187.0
30660,151.0,42.0,1191.0
30661,151.0,42.0,1192.0
30662,151.0,42.0,1195.0
30663,151.0,42.0,1205.0
30664,151.0,42.0,1206.0
30665,151.0,42.0,1207.0
30666,151.0,42.0,1442.0
30667,151.0,42.0,1443.0
30668,151.0,42.0,1447.0
30669,151.0,42.0,1448.0
30670,151.0,42.0,1451.0
30671,151.0,42.0,1461.0
30672,151.0,42.0,1462.0
30673,151.0,42.0,1463.0
30674,151.0,42.0,1698.0
30675,151.0,42.0,1699.0
30676,151.0,42.0,1703.0
30677,151.0,42.0,1704.0
30678,151.0,42.0,1707.0
30679,151.0,42.0,1717.0
30680,151.0,42.0,1718.0
30681,151.0,42.0,1719.0
30682,151.0,42.0,1954.0
30683,151.0,42.0,1955.0
30684,151.0,42.0,1959.0
30685,151.0,42.0,1960.0
30686,151.0,42.0,1963.0
30687,151.0,42.0,1973.0
30688,151.0,42.0,1974.0
30689,151.0,42.0,1975.0
30690,151.0,43.0,422.0
30691,151.0,43.0,423.0
30692,151.0,43.0,424.0
30693,151.0,43.0,425.0
30694,151.0,43.0,426.0
30695,151.0,43.0,436.0
30696,151.0,43.0,437.0
30697,151.0,43.0,678.0
30698,151.0,43.0,679.0
30699,151.0,43.0,680.0
30700,151.0,43.0,681.0
30701,151.0,43.0,682.0
30702,151.0,43.0,692.0
30703,151.0,43.0,693.0
30704,151.0,43.0,934.0
30705,151.0,43.0,935.0
30706,151.0,43.0,936.0
30707,151.0,43.0,937.0
30708,151.0,43.0,938.0
30709,151.0,43.0,948.0
30710,151.0,43.0,949.0
30711,151.0,43.0,1190.0
30712,151.0,43.0,1191.0
30713,151.0,43.0,1192.0
30714,151.0,43.0,1193.0
30715,151.0,43.0,1194.0
30716,151.0,43.0,1204.0
30717,151.0,43.0,1205.0
30718,151.0,43.0,1446.0
30719,151.0,43.0,1447.0
30720,151.0,43.0,1448.0
30721,151.0,43.0,1449.0
30722,151.0,43.0,1450.0
30723,151.0,43.0,1460.0
30724,151.0,43.0,1461.0
30725,151.0,43.0,1702.0
30726,151.0,43.0,1703.0
30727,151.0,43.0,1704.0
30728,151.0,43.0,1705.0
30729,151.0,43.0,1706.0
30730,151.0,43.0,1716.0
30731,151.0,43.0,1717.0
30732,151.0,43.0,1958.0
30733,151.0,43.0,1959.0
30734,151.0,43.0,1960.0
30735,151.0,43.0,1961.0
30736,151.0,43.0,1962.0
30737,151.0,43.0,1972.0
30738,151.0,43.0,1973.0
30739,151.0,44.0,421.0
30740,151.0,44.0,422.0
30741,151.0,44.0,423.0
30742,151.0,44.0,424.0
30743,151.0,44.0,425.0
30744,151.0,44.0,677.0
30745,151.0,44.0,678.0
30746,151.0,44.0,679.0
30747,151.0,44.0,680.0
30748,151.0,44.0,681.0
30749,151.0,44.0,933.0
30750,151.0,44.0,934.0
30751,151.0,44.0,935.0
30752,151.0,44.0,936.0
30753,151.0,44.0,937.0
30754,151.0,44.0,1189.0
30755,151.0,44.0,1190.0
30756,151.0,44.0,1191.0
30757,151.0,44.0,1192.0
30758,151.0,44.0,1193.0
30759,151.0,44.0,1445.0
30760,151.0,44.0,1446.0
30761,151.0,44.0,1447.0
30762,151.0,44.0,1448.0
30763,151.0,44.0,1449.0
30764,151.0,44.0,1701.0
30765,151.0,44.0,1702.0
30766,151.0,44.0,1703.0
30767,151.0,44.0,1704.0
30768,151.0,44.0,1705.0
30769,151.0,44.0,1957.0
30770,151.0,44.0,1958.0
30771,151.0,44.0,1959.0
30772,151.0,44.0,1960.0
30773,151.0,44.0,1961.0
30774,151.0,45.0,422.0
30775,151.0,45.0,678.0
30776,151.0,45.0,934.0
30777,151.0,45.0,1190.0
30778,151.0,45.0,1446.0
30779,151.0,45.0,1702.0
30780,151.0,45.0,1958.0
30781,151.0,48.0,433.0
30782,151.0,48.0,434.0
30783,151.0,48.0,435.0
30784,151.0,48.0,689.0
30785,151.0,48.0,690.0
30786,151.0,48.0,691.0
30787,151.0,48.0,945.0
30788,151.0,48.0,946.0
30789,151.0,48.0,947.0
30790,151.0,48.0,1201.0
30791,151.0,48.0,1202.0
30792,151.0,48.0,1203.0
30793,151.0,48.0,1457.0
30794,151.0,48.0,1458.0
30795,151.0,48.0,1459.0
30796,151.0,48.0,1713.0
30797,151.0,48.0,1714.0
30798,151.0,48.0,1715.0
30799,151.0,48.0,1969.0
30800,151.0,48.0,1970.0
30801,151.0,48.0,1971.0
30802,151.0,51.0,441.0
30803,151.0,51.0,442.0
30804,151.0,51.0,443.0
30805,151.0,52.0,440.0
30806,151.0,52.0,441.0
30807,151.0,58.0,426.0
30808,151.0,58.0,427.0
30809,151.0,64.0,444.0
30810,151.0,64.0,445.0
30811,151.0,64.0,700.0
30812,151.0,64.0,701.0
30813,151.0,64.0,956.0
30814,151.0,64.0,957.0
30815,151.0,64.0,1212.0
30816,151.0,64.0,1213.0
30817,151.0,64.0,1468.0
30818,151.0,64.0,1469.0
30819,151.0,64.0,1724.0
30820,151.0,64.0,1725.0
30821,151.0,64.0,1980.0
30822,151.0,64.0,1981.0
30823,151.0,66.0,457.0
30824,151.0,66.0,458.0
30825,151.0,66.0,713.0
30826,151.0,66.0,714.0
30827,151.0,66.0,969.0
30828,151.0,66.0,970.0
30829,151.0,66.0,1225.0
30830,151.0,66.0,1226.0
30831,151.0,66.0,1481.0
30832,151.0,66.0,1482.0
30833,151.0,66.0,1993.0
30834,151.0,66.0,1994.0
30835,151.0,67.0,455.0
30836,151.0,67.0,456.0
30837,151.0,67.0,711.0
30838,151.0,67.0,712.0
30839,151.0,67.0,967.0
30840,151.0,67.0,968.0
30841,151.0,67.0,1223.0
30842,151.0,67.0,1224.0
30843,151.0,67.0,1479.0
30844,151.0,67.0,1480.0
30845,151.0,67.0,1991.0
30846,151.0,67.0,1992.0
30847,151.0,72.0,447.0
30848,151.0,72.0,448.0
30849,151.0,72.0,449.0
30850,151.0,72.0,703.0
30851,151.0,72.0,704.0
30852,151.0,72.0,705.0
30853,151.0,72.0,959.0
30854,151.0,72.0,960.0
30855,151.0,72.0,961.0
30856,151.0,72.0,1215.0
30857,151.0,72.0,1216.0
30858,151.0,72.0,1217.0
30859,151.0,72.0,1471.0
30860,151.0,72.0,1472.0
30861,151.0,72.0,1473.0
30862,151.0,72.0,1727.0
30863,151.0,72.0,1728.0
30864,151.0,72.0,1729.0
30865,151.0,72.0,1983.0
30866,151.0,72.0,1984.0
30867,151.0,72.0,1985.0
30868,151.0,73.0,446.0
30869,151.0,73.0,449.0
30870,151.0,73.0,450.0
30871,151.0,73.0,702.0
30872,151.0,73.0,705.0
30873,151.0,73.0,706.0
30874,151.0,73.0,958.0
30875,151.0,73.0,961.0
30876,151.0,73.0,962.0
30877,151.0,73.0,1214.0
30878,151.0,73.0,1217.0
30879,151.0,73.0,1218.0
30880,151.0,73.0,1470.0
30881,151.0,73.0,1473.0
30882,151.0,73.0,1474.0
30883,151.0,73.0,1726.0
30884,151.0,73.0,1729.0
30885,151.0,73.0,1730.0
30886,151.0,73.0,1982.0
30887,151.0,73.0,1985.0
30888,151.0,73.0,1986.0
30889,151.0,74.0,449.0
30890,151.0,74.0,450.0
30891,151.0,74.0,705.0
30892,151.0,74.0,706.0
30893,151.0,74.0,961.0
30894,151.0,74.0,962.0
30895,151.0,74.0,1217.0
30896,151.0,74.0,1218.0
30897,151.0,74.0,1473.0
30898,151.0,74.0,1474.0
30899,151.0,74.0,1729.0
30900,151.0,74.0,1730.0
30901,151.0,74.0,1985.0
30902,151.0,74.0,1986.0
30903,151.0,80.0,430.0
30904,151.0,80.0,431.0
30905,151.0,84.0,453.0
30906,151.0,84.0,454.0
30907,151.0,84.0,709.0
30908,151.0,84.0,710.0
30909,151.0,84.0,965.0
30910,151.0,84.0,966.0
30911,151.0,84.0,1221.0
30912,151.0,84.0,1222.0
30913,151.0,84.0,1477.0
30914,151.0,84.0,1478.0
30915,151.0,84.0,1733.0
30916,151.0,84.0,1734.0
30917,151.0,84.0,1989.0
30918,151.0,84.0,1990.0
30919,151.0,85.0,450.0
30920,151.0,85.0,451.0
30921,151.0,85.0,452.0
30922,151.0,85.0,706.0
30923,151.0,85.0,707.0
30924,151.0,85.0,708.0
30925,151.0,85.0,962.0
30926,151.0,85.0,963.0
30927,151.0,85.0,964.0
30928,151.0,85.0,1218.0
30929,151.0,85.0,1219.0
30930,151.0,85.0,1220.0
30931,151.0,85.0,1474.0
30932,151.0,85.0,1475.0
30933,151.0,85.0,1476.0
30934,151.0,85.0,1730.0
30935,151.0,85.0,1731.0
30936,151.0,85.0,1732.0
30937,151.0,85.0,1986.0
30938,151.0,85.0,1987.0
30939,151.0,85.0,1988.0
30940,151.0,96.0,431.0
30941,151.0,96.0,432.0
30942,151.0,96.0,433.0
30943,151.0,96.0,687.0
30944,151.0,96.0,688.0
30945,151.0,96.0,689.0
30946,151.0,96.0,943.0
30947,151.0,96.0,944.0
30948,151.0,96.0,945.0
30949,151.0,96.0,1199.0
30950,151.0,96.0,1200.0
30951,151.0,96.0,1201.0
30952,151.0,96.0,1455.0
30953,151.0,96.0,1456.0
30954,151.0,96.0,1457.0
30955,151.0,96.0,1711.0
30956,151.0,96.0,1712.0
30957,151.0,96.0,1713.0
30958,151.0,96.0,1967.0
30959,151.0,96.0,1968.0
30960,151.0,96.0,1969.0
30961,151.0,97.0,432.0
30962,151.0,97.0,688.0
30963,151.0,97.0,944.0
30964,151.0,97.0,1200.0
30965,151.0,97.0,1456.0
30966,151.0,97.0,1712.0
30967,151.0,97.0,1968.0
30968,151.0,98.0,445.0
30969,151.0,98.0,446.0
30970,151.0,98.0,701.0
30971,151.0,98.0,702.0
30972,151.0,98.0,957.0
30973,151.0,98.0,958.0
30974,151.0,98.0,1213.0
30975,151.0,98.0,1214.0
30976,151.0,98.0,1469.0
30977,151.0,98.0,1470.0
30978,151.0,98.0,1725.0
30979,151.0,98.0,1726.0
30980,151.0,98.0,1981.0
30981,151.0,98.0,1982.0
30982,151.0,99.0,445.0
30983,151.0,99.0,701.0
30984,151.0,99.0,957.0
30985,151.0,99.0,1213.0
30986,151.0,99.0,1469.0
30987,151.0,99.0,1725.0
30988,151.0,99.0,1981.0
30989,151.0,101.0,422.0
30990,151.0,103.0,418.0
30991,151.0,103.0,419.0
30992,151.0,103.0,420.0
30993,151.0,103.0,930.0
30994,151.0,103.0,931.0
30995,151.0,103.0,932.0
30996,151.0,103.0,1186.0
30997,151.0,103.0,1187.0
30998,151.0,103.0,1188.0
30999,151.0,103.0,1442.0
31000,151.0,103.0,1443.0
31001,151.0,103.0,1444.0
31002,151.0,103.0,1954.0
31003,151.0,103.0,1955.0
31004,151.0,103.0,1956.0
31005,151.0,104.0,416.0
31006,151.0,104.0,419.0
31007,151.0,104.0,928.0
31008,151.0,104.0,931.0
31009,151.0,104.0,1184.0
31010,151.0,104.0,1187.0
31011,151.0,104.0,1440.0
31012,151.0,104.0,1443.0
31013,151.0,104.0,1952.0
31014,151.0,104.0,1955.0
31015,151.0,106.0,441.0
31016,151.0,106.0,442.0
31017,151.0,106.0,443.0
31018,151.0,106.0,697.0
31019,151.0,106.0,698.0
31020,151.0,106.0,699.0
31021,151.0,106.0,953.0
31022,151.0,106.0,954.0
31023,151.0,106.0,955.0
31024,151.0,106.0,1209.0
31025,151.0,106.0,1210.0
31026,151.0,106.0,1211.0
31027,151.0,106.0,1465.0
31028,151.0,106.0,1466.0
31029,151.0,106.0,1467.0
31030,151.0,106.0,1721.0
31031,151.0,106.0,1722.0
31032,151.0,106.0,1723.0
31033,151.0,106.0,1977.0
31034,151.0,106.0,1978.0
31035,151.0,106.0,1979.0
31036,151.0,110.0,439.0
31037,151.0,110.0,440.0
31038,151.0,110.0,951.0
31039,151.0,110.0,952.0
31040,151.0,110.0,1207.0
31041,151.0,110.0,1208.0
31042,151.0,110.0,1463.0
31043,151.0,110.0,1464.0
31044,151.0,110.0,1975.0
31045,151.0,110.0,1976.0
31046,151.0,111.0,439.0
31047,151.0,111.0,951.0
31048,151.0,111.0,1207.0
31049,151.0,111.0,1463.0
31050,151.0,111.0,1975.0
31051,152.0,22.0,428.0
31052,152.0,22.0,684.0
31053,152.0,22.0,940.0
31054,152.0,22.0,1196.0
31055,152.0,22.0,1452.0
31056,152.0,22.0,1708.0
31057,152.0,22.0,1964.0
31058,152.0,23.0,425.0
31059,152.0,23.0,426.0
31060,152.0,23.0,681.0
31061,152.0,23.0,682.0
31062,152.0,23.0,937.0
31063,152.0,23.0,938.0
31064,152.0,23.0,1193.0
31065,152.0,23.0,1194.0
31066,152.0,23.0,1449.0
31067,152.0,23.0,1450.0
31068,152.0,23.0,1705.0
31069,152.0,23.0,1706.0
31070,152.0,23.0,1961.0
31071,152.0,23.0,1962.0
31072,152.0,29.0,396.0
31073,152.0,29.0,908.0
31074,152.0,29.0,1420.0
31075,152.0,29.0,1676.0
31076,152.0,29.0,1932.0
31077,152.0,30.0,395.0
31078,152.0,30.0,396.0
31079,152.0,30.0,907.0
31080,152.0,30.0,908.0
31081,152.0,30.0,1419.0
31082,152.0,30.0,1420.0
31083,152.0,30.0,1675.0
31084,152.0,30.0,1676.0
31085,152.0,30.0,1931.0
31086,152.0,30.0,1932.0
31087,152.0,31.0,395.0
31088,152.0,31.0,396.0
31089,152.0,31.0,397.0
31090,152.0,31.0,907.0
31091,152.0,31.0,908.0
31092,152.0,31.0,909.0
31093,152.0,31.0,1419.0
31094,152.0,31.0,1420.0
31095,152.0,31.0,1421.0
31096,152.0,31.0,1675.0
31097,152.0,31.0,1676.0
31098,152.0,31.0,1677.0
31099,152.0,31.0,1931.0
31100,152.0,31.0,1932.0
31101,152.0,31.0,1933.0
31102,152.0,32.0,396.0
31103,152.0,32.0,908.0
31104,152.0,32.0,1420.0
31105,152.0,32.0,1676.0
31106,152.0,32.0,1932.0
31107,152.0,33.0,398.0
31108,152.0,33.0,406.0
31109,152.0,33.0,407.0
31110,152.0,33.0,408.0
31111,152.0,33.0,409.0
31112,152.0,33.0,662.0
31113,152.0,33.0,663.0
31114,152.0,33.0,664.0
31115,152.0,33.0,665.0
31116,152.0,33.0,918.0
31117,152.0,33.0,919.0
31118,152.0,33.0,920.0
31119,152.0,33.0,921.0
31120,152.0,33.0,1174.0
31121,152.0,33.0,1175.0
31122,152.0,33.0,1176.0
31123,152.0,33.0,1177.0
31124,152.0,33.0,1430.0
31125,152.0,33.0,1431.0
31126,152.0,33.0,1432.0
31127,152.0,33.0,1433.0
31128,152.0,33.0,1686.0
31129,152.0,33.0,1687.0
31130,152.0,33.0,1688.0
31131,152.0,33.0,1689.0
31132,152.0,33.0,1942.0
31133,152.0,33.0,1943.0
31134,152.0,33.0,1944.0
31135,152.0,33.0,1945.0
31136,152.0,34.0,397.0
31137,152.0,34.0,400.0
31138,152.0,34.0,401.0
31139,152.0,34.0,404.0
31140,152.0,34.0,405.0
31141,152.0,34.0,656.0
31142,152.0,34.0,657.0
31143,152.0,34.0,660.0
31144,152.0,34.0,661.0
31145,152.0,34.0,912.0
31146,152.0,34.0,913.0
31147,152.0,34.0,916.0
31148,152.0,34.0,917.0
31149,152.0,34.0,1168.0
31150,152.0,34.0,1169.0
31151,152.0,34.0,1172.0
31152,152.0,34.0,1173.0
31153,152.0,34.0,1424.0
31154,152.0,34.0,1425.0
31155,152.0,34.0,1428.0
31156,152.0,34.0,1429.0
31157,152.0,34.0,1680.0
31158,152.0,34.0,1681.0
31159,152.0,34.0,1684.0
31160,152.0,34.0,1685.0
31161,152.0,34.0,1936.0
31162,152.0,34.0,1937.0
31163,152.0,34.0,1940.0
31164,152.0,34.0,1941.0
31165,152.0,35.0,402.0
31166,152.0,35.0,403.0
31167,152.0,35.0,404.0
31168,152.0,35.0,405.0
31169,152.0,35.0,406.0
31170,152.0,35.0,407.0
31171,152.0,35.0,408.0
31172,152.0,35.0,658.0
31173,152.0,35.0,659.0
31174,152.0,35.0,660.0
31175,152.0,35.0,661.0
31176,152.0,35.0,662.0
31177,152.0,35.0,663.0
31178,152.0,35.0,664.0
31179,152.0,35.0,914.0
31180,152.0,35.0,915.0
31181,152.0,35.0,916.0
31182,152.0,35.0,917.0
31183,152.0,35.0,918.0
31184,152.0,35.0,919.0
31185,152.0,35.0,920.0
31186,152.0,35.0,1170.0
31187,152.0,35.0,1171.0
31188,152.0,35.0,1172.0
31189,152.0,35.0,1173.0
31190,152.0,35.0,1174.0
31191,152.0,35.0,1175.0
31192,152.0,35.0,1176.0
31193,152.0,35.0,1426.0
31194,152.0,35.0,1427.0
31195,152.0,35.0,1428.0
31196,152.0,35.0,1429.0
31197,152.0,35.0,1430.0
31198,152.0,35.0,1431.0
31199,152.0,35.0,1432.0
31200,152.0,35.0,1682.0
31201,152.0,35.0,1683.0
31202,152.0,35.0,1684.0
31203,152.0,35.0,1685.0
31204,152.0,35.0,1686.0
31205,152.0,35.0,1687.0
31206,152.0,35.0,1688.0
31207,152.0,35.0,1938.0
31208,152.0,35.0,1939.0
31209,152.0,35.0,1940.0
31210,152.0,35.0,1941.0
31211,152.0,35.0,1942.0
31212,152.0,35.0,1943.0
31213,152.0,35.0,1944.0
31214,152.0,36.0,400.0
31215,152.0,36.0,401.0
31216,152.0,36.0,403.0
31217,152.0,36.0,404.0
31218,152.0,36.0,656.0
31219,152.0,36.0,657.0
31220,152.0,36.0,659.0
31221,152.0,36.0,660.0
31222,152.0,36.0,912.0
31223,152.0,36.0,913.0
31224,152.0,36.0,915.0
31225,152.0,36.0,916.0
31226,152.0,36.0,1168.0
31227,152.0,36.0,1169.0
31228,152.0,36.0,1171.0
31229,152.0,36.0,1172.0
31230,152.0,36.0,1424.0
31231,152.0,36.0,1425.0
31232,152.0,36.0,1427.0
31233,152.0,36.0,1428.0
31234,152.0,36.0,1680.0
31235,152.0,36.0,1681.0
31236,152.0,36.0,1683.0
31237,152.0,36.0,1684.0
31238,152.0,36.0,1936.0
31239,152.0,36.0,1937.0
31240,152.0,36.0,1939.0
31241,152.0,36.0,1940.0
31242,152.0,37.0,403.0
31243,152.0,37.0,411.0
31244,152.0,37.0,412.0
31245,152.0,37.0,659.0
31246,152.0,37.0,667.0
31247,152.0,37.0,668.0
31248,152.0,37.0,915.0
31249,152.0,37.0,923.0
31250,152.0,37.0,924.0
31251,152.0,37.0,1171.0
31252,152.0,37.0,1179.0
31253,152.0,37.0,1180.0
31254,152.0,37.0,1427.0
31255,152.0,37.0,1435.0
31256,152.0,37.0,1436.0
31257,152.0,37.0,1683.0
31258,152.0,37.0,1691.0
31259,152.0,37.0,1692.0
31260,152.0,37.0,1939.0
31261,152.0,37.0,1947.0
31262,152.0,37.0,1948.0
31263,152.0,38.0,409.0
31264,152.0,38.0,410.0
31265,152.0,38.0,665.0
31266,152.0,38.0,666.0
31267,152.0,38.0,921.0
31268,152.0,38.0,922.0
31269,152.0,38.0,1177.0
31270,152.0,38.0,1178.0
31271,152.0,38.0,1433.0
31272,152.0,38.0,1434.0
31273,152.0,38.0,1689.0
31274,152.0,38.0,1690.0
31275,152.0,38.0,1945.0
31276,152.0,38.0,1946.0
31277,152.0,39.0,409.0
31278,152.0,39.0,419.0
31279,152.0,39.0,420.0
31280,152.0,39.0,431.0
31281,152.0,39.0,432.0
31282,152.0,39.0,665.0
31283,152.0,39.0,675.0
31284,152.0,39.0,676.0
31285,152.0,39.0,921.0
31286,152.0,39.0,931.0
31287,152.0,39.0,932.0
31288,152.0,39.0,1177.0
31289,152.0,39.0,1187.0
31290,152.0,39.0,1188.0
31291,152.0,39.0,1433.0
31292,152.0,39.0,1443.0
31293,152.0,39.0,1444.0
31294,152.0,39.0,1689.0
31295,152.0,39.0,1699.0
31296,152.0,39.0,1700.0
31297,152.0,39.0,1945.0
31298,152.0,39.0,1955.0
31299,152.0,39.0,1956.0
31300,152.0,40.0,419.0
31301,152.0,40.0,420.0
31302,152.0,40.0,444.0
31303,152.0,40.0,445.0
31304,152.0,40.0,675.0
31305,152.0,40.0,676.0
31306,152.0,40.0,931.0
31307,152.0,40.0,932.0
31308,152.0,40.0,1187.0
31309,152.0,40.0,1188.0
31310,152.0,40.0,1443.0
31311,152.0,40.0,1444.0
31312,152.0,40.0,1699.0
31313,152.0,40.0,1700.0
31314,152.0,40.0,1955.0
31315,152.0,40.0,1956.0
31316,152.0,43.0,422.0
31317,152.0,43.0,423.0
31318,152.0,43.0,424.0
31319,152.0,43.0,425.0
31320,152.0,43.0,678.0
31321,152.0,43.0,679.0
31322,152.0,43.0,680.0
31323,152.0,43.0,681.0
31324,152.0,43.0,934.0
31325,152.0,43.0,935.0
31326,152.0,43.0,936.0
31327,152.0,43.0,937.0
31328,152.0,43.0,1190.0
31329,152.0,43.0,1191.0
31330,152.0,43.0,1192.0
31331,152.0,43.0,1193.0
31332,152.0,43.0,1446.0
31333,152.0,43.0,1447.0
31334,152.0,43.0,1448.0
31335,152.0,43.0,1449.0
31336,152.0,43.0,1702.0
31337,152.0,43.0,1703.0
31338,152.0,43.0,1704.0
31339,152.0,43.0,1705.0
31340,152.0,43.0,1958.0
31341,152.0,43.0,1959.0
31342,152.0,43.0,1960.0
31343,152.0,43.0,1961.0
31344,152.0,44.0,421.0
31345,152.0,44.0,422.0
31346,152.0,44.0,423.0
31347,152.0,44.0,424.0
31348,152.0,44.0,425.0
31349,152.0,44.0,677.0
31350,152.0,44.0,678.0
31351,152.0,44.0,679.0
31352,152.0,44.0,680.0
31353,152.0,44.0,681.0
31354,152.0,44.0,933.0
31355,152.0,44.0,934.0
31356,152.0,44.0,935.0
31357,152.0,44.0,936.0
31358,152.0,44.0,937.0
31359,152.0,44.0,1189.0
31360,152.0,44.0,1190.0
31361,152.0,44.0,1191.0
31362,152.0,44.0,1192.0
31363,152.0,44.0,1193.0
31364,152.0,44.0,1445.0
31365,152.0,44.0,1446.0
31366,152.0,44.0,1447.0
31367,152.0,44.0,1448.0
31368,152.0,44.0,1449.0
31369,152.0,44.0,1701.0
31370,152.0,44.0,1702.0
31371,152.0,44.0,1703.0
31372,152.0,44.0,1704.0
31373,152.0,44.0,1705.0
31374,152.0,44.0,1957.0
31375,152.0,44.0,1958.0
31376,152.0,44.0,1959.0
31377,152.0,44.0,1960.0
31378,152.0,44.0,1961.0
31379,152.0,45.0,422.0
31380,152.0,45.0,428.0
31381,152.0,45.0,678.0
31382,152.0,45.0,684.0
31383,152.0,45.0,934.0
31384,152.0,45.0,940.0
31385,152.0,45.0,1190.0
31386,152.0,45.0,1196.0
31387,152.0,45.0,1446.0
31388,152.0,45.0,1452.0
31389,152.0,45.0,1702.0
31390,152.0,45.0,1708.0
31391,152.0,45.0,1958.0
31392,152.0,45.0,1964.0
31393,152.0,46.0,425.0
31394,152.0,46.0,426.0
31395,152.0,46.0,681.0
31396,152.0,46.0,682.0
31397,152.0,46.0,937.0
31398,152.0,46.0,938.0
31399,152.0,46.0,1193.0
31400,152.0,46.0,1194.0
31401,152.0,46.0,1449.0
31402,152.0,46.0,1450.0
31403,152.0,46.0,1705.0
31404,152.0,46.0,1706.0
31405,152.0,46.0,1961.0
31406,152.0,46.0,1962.0
31407,152.0,47.0,436.0
31408,152.0,47.0,692.0
31409,152.0,47.0,948.0
31410,152.0,47.0,1204.0
31411,152.0,47.0,1460.0
31412,152.0,47.0,1716.0
31413,152.0,47.0,1972.0
31414,152.0,48.0,429.0
31415,152.0,48.0,430.0
31416,152.0,48.0,433.0
31417,152.0,48.0,434.0
31418,152.0,48.0,435.0
31419,152.0,48.0,685.0
31420,152.0,48.0,686.0
31421,152.0,48.0,689.0
31422,152.0,48.0,690.0
31423,152.0,48.0,691.0
31424,152.0,48.0,941.0
31425,152.0,48.0,942.0
31426,152.0,48.0,945.0
31427,152.0,48.0,946.0
31428,152.0,48.0,947.0
31429,152.0,48.0,1197.0
31430,152.0,48.0,1198.0
31431,152.0,48.0,1201.0
31432,152.0,48.0,1202.0
31433,152.0,48.0,1203.0
31434,152.0,48.0,1453.0
31435,152.0,48.0,1454.0
31436,152.0,48.0,1457.0
31437,152.0,48.0,1458.0
31438,152.0,48.0,1459.0
31439,152.0,48.0,1709.0
31440,152.0,48.0,1710.0
31441,152.0,48.0,1713.0
31442,152.0,48.0,1714.0
31443,152.0,48.0,1715.0
31444,152.0,48.0,1965.0
31445,152.0,48.0,1966.0
31446,152.0,48.0,1969.0
31447,152.0,48.0,1970.0
31448,152.0,48.0,1971.0
31449,152.0,50.0,444.0
31450,152.0,50.0,445.0
31451,152.0,51.0,444.0
31452,152.0,51.0,445.0
31453,152.0,58.0,426.0
31454,152.0,58.0,427.0
31455,152.0,59.0,437.0
31456,152.0,59.0,438.0
31457,152.0,59.0,693.0
31458,152.0,59.0,694.0
31459,152.0,59.0,949.0
31460,152.0,59.0,950.0
31461,152.0,59.0,1205.0
31462,152.0,59.0,1206.0
31463,152.0,59.0,1461.0
31464,152.0,59.0,1462.0
31465,152.0,59.0,1717.0
31466,152.0,59.0,1718.0
31467,152.0,59.0,1973.0
31468,152.0,59.0,1974.0
31469,152.0,60.0,434.0
31470,152.0,60.0,435.0
31471,152.0,60.0,690.0
31472,152.0,60.0,691.0
31473,152.0,60.0,946.0
31474,152.0,60.0,947.0
31475,152.0,60.0,1202.0
31476,152.0,60.0,1203.0
31477,152.0,60.0,1458.0
31478,152.0,60.0,1459.0
31479,152.0,60.0,1714.0
31480,152.0,60.0,1715.0
31481,152.0,60.0,1970.0
31482,152.0,60.0,1971.0
31483,152.0,73.0,449.0
31484,152.0,73.0,450.0
31485,152.0,73.0,705.0
31486,152.0,73.0,706.0
31487,152.0,73.0,961.0
31488,152.0,73.0,962.0
31489,152.0,73.0,1217.0
31490,152.0,73.0,1218.0
31491,152.0,73.0,1473.0
31492,152.0,73.0,1474.0
31493,152.0,73.0,1729.0
31494,152.0,73.0,1730.0
31495,152.0,73.0,1985.0
31496,152.0,73.0,1986.0
31497,152.0,74.0,442.0
31498,152.0,74.0,443.0
31499,152.0,80.0,446.0
31500,152.0,80.0,958.0
31501,152.0,80.0,1214.0
31502,152.0,80.0,1470.0
31503,152.0,80.0,1726.0
31504,152.0,80.0,1982.0
31505,152.0,81.0,452.0
31506,152.0,81.0,708.0
31507,152.0,81.0,964.0
31508,152.0,81.0,1220.0
31509,152.0,81.0,1476.0
31510,152.0,81.0,1732.0
31511,152.0,81.0,1988.0
31512,152.0,82.0,451.0
31513,152.0,82.0,452.0
31514,152.0,82.0,707.0
31515,152.0,82.0,708.0
31516,152.0,82.0,963.0
31517,152.0,82.0,964.0
31518,152.0,82.0,1219.0
31519,152.0,82.0,1220.0
31520,152.0,82.0,1475.0
31521,152.0,82.0,1476.0
31522,152.0,82.0,1731.0
31523,152.0,82.0,1732.0
31524,152.0,82.0,1987.0
31525,152.0,82.0,1988.0
31526,152.0,84.0,453.0
31527,152.0,84.0,454.0
31528,152.0,84.0,709.0
31529,152.0,84.0,710.0
31530,152.0,84.0,965.0
31531,152.0,84.0,966.0
31532,152.0,84.0,1221.0
31533,152.0,84.0,1222.0
31534,152.0,84.0,1477.0
31535,152.0,84.0,1478.0
31536,152.0,84.0,1733.0
31537,152.0,84.0,1734.0
31538,152.0,84.0,1989.0
31539,152.0,84.0,1990.0
31540,152.0,85.0,451.0
31541,152.0,85.0,452.0
31542,152.0,85.0,707.0
31543,152.0,85.0,708.0
31544,152.0,85.0,963.0
31545,152.0,85.0,964.0
31546,152.0,85.0,1219.0
31547,152.0,85.0,1220.0
31548,152.0,85.0,1475.0
31549,152.0,85.0,1476.0
31550,152.0,85.0,1731.0
31551,152.0,85.0,1732.0
31552,152.0,85.0,1987.0
31553,152.0,85.0,1988.0
31554,152.0,93.0,434.0
31555,152.0,93.0,690.0
31556,152.0,93.0,946.0
31557,152.0,93.0,1202.0
31558,152.0,93.0,1458.0
31559,152.0,93.0,1714.0
31560,152.0,93.0,1970.0
31561,152.0,94.0,433.0
31562,152.0,94.0,434.0
31563,152.0,94.0,689.0
31564,152.0,94.0,690.0
31565,152.0,94.0,945.0
31566,152.0,94.0,946.0
31567,152.0,94.0,1201.0
31568,152.0,94.0,1202.0
31569,152.0,94.0,1457.0
31570,152.0,94.0,1458.0
31571,152.0,94.0,1713.0
31572,152.0,94.0,1714.0
31573,152.0,94.0,1969.0
31574,152.0,94.0,1970.0
31575,152.0,95.0,431.0
31576,152.0,95.0,432.0
31577,152.0,95.0,687.0
31578,152.0,95.0,688.0
31579,152.0,95.0,943.0
31580,152.0,95.0,944.0
31581,152.0,95.0,1199.0
31582,152.0,95.0,1200.0
31583,152.0,95.0,1455.0
31584,152.0,95.0,1456.0
31585,152.0,95.0,1711.0
31586,152.0,95.0,1712.0
31587,152.0,95.0,1967.0
31588,152.0,95.0,1968.0
31589,152.0,96.0,431.0
31590,152.0,96.0,432.0
31591,152.0,96.0,687.0
31592,152.0,96.0,688.0
31593,152.0,96.0,943.0
31594,152.0,96.0,944.0
31595,152.0,96.0,1199.0
31596,152.0,96.0,1200.0
31597,152.0,96.0,1455.0
31598,152.0,96.0,1456.0
31599,152.0,96.0,1711.0
31600,152.0,96.0,1712.0
31601,152.0,96.0,1967.0
31602,152.0,96.0,1968.0
31603,152.0,97.0,440.0
31604,152.0,97.0,441.0
31605,152.0,97.0,442.0
31606,152.0,97.0,443.0
31607,152.0,97.0,696.0
31608,152.0,97.0,697.0
31609,152.0,97.0,698.0
31610,152.0,97.0,699.0
31611,152.0,97.0,952.0
31612,152.0,97.0,953.0
31613,152.0,97.0,954.0
31614,152.0,97.0,955.0
31615,152.0,97.0,1208.0
31616,152.0,97.0,1209.0
31617,152.0,97.0,1210.0
31618,152.0,97.0,1211.0
31619,152.0,97.0,1464.0
31620,152.0,97.0,1465.0
31621,152.0,97.0,1466.0
31622,152.0,97.0,1467.0
31623,152.0,97.0,1720.0
31624,152.0,97.0,1721.0
31625,152.0,97.0,1722.0
31626,152.0,97.0,1723.0
31627,152.0,97.0,1976.0
31628,152.0,97.0,1977.0
31629,152.0,97.0,1978.0
31630,152.0,97.0,1979.0
31631,152.0,98.0,445.0
31632,152.0,98.0,446.0
31633,152.0,98.0,701.0
31634,152.0,98.0,702.0
31635,152.0,98.0,957.0
31636,152.0,98.0,958.0
31637,152.0,98.0,1213.0
31638,152.0,98.0,1214.0
31639,152.0,98.0,1469.0
31640,152.0,98.0,1470.0
31641,152.0,98.0,1725.0
31642,152.0,98.0,1726.0
31643,152.0,98.0,1981.0
31644,152.0,98.0,1982.0
31645,152.0,99.0,443.0
31646,152.0,99.0,444.0
31647,152.0,99.0,445.0
31648,152.0,99.0,446.0
31649,152.0,99.0,699.0
31650,152.0,99.0,700.0
31651,152.0,99.0,701.0
31652,152.0,99.0,702.0
31653,152.0,99.0,955.0
31654,152.0,99.0,956.0
31655,152.0,99.0,957.0
31656,152.0,99.0,958.0
31657,152.0,99.0,1211.0
31658,152.0,99.0,1212.0
31659,152.0,99.0,1213.0
31660,152.0,99.0,1214.0
31661,152.0,99.0,1467.0
31662,152.0,99.0,1468.0
31663,152.0,99.0,1469.0
31664,152.0,99.0,1470.0
31665,152.0,99.0,1723.0
31666,152.0,99.0,1724.0
31667,152.0,99.0,1725.0
31668,152.0,99.0,1726.0
31669,152.0,99.0,1979.0
31670,152.0,99.0,1980.0
31671,152.0,99.0,1981.0
31672,152.0,99.0,1982.0
31673,152.0,100.0,431.0
31674,152.0,100.0,432.0
31675,152.0,100.0,443.0
31676,152.0,100.0,444.0
31677,152.0,100.0,699.0
31678,152.0,100.0,700.0
31679,152.0,100.0,955.0
31680,152.0,100.0,956.0
31681,152.0,100.0,1211.0
31682,152.0,100.0,1212.0
31683,152.0,100.0,1467.0
31684,152.0,100.0,1468.0
31685,152.0,100.0,1723.0
31686,152.0,100.0,1724.0
31687,152.0,100.0,1979.0
31688,152.0,100.0,1980.0
31689,152.0,103.0,418.0
31690,152.0,103.0,419.0
31691,152.0,103.0,420.0
31692,152.0,103.0,930.0
31693,152.0,103.0,931.0
31694,152.0,103.0,932.0
31695,152.0,103.0,1186.0
31696,152.0,103.0,1187.0
31697,152.0,103.0,1188.0
31698,152.0,103.0,1442.0
31699,152.0,103.0,1443.0
31700,152.0,103.0,1444.0
31701,152.0,103.0,1954.0
31702,152.0,103.0,1955.0
31703,152.0,103.0,1956.0
31704,152.0,104.0,416.0
31705,152.0,104.0,419.0
31706,152.0,104.0,928.0
31707,152.0,104.0,931.0
31708,152.0,104.0,1184.0
31709,152.0,104.0,1187.0
31710,152.0,104.0,1440.0
31711,152.0,104.0,1443.0
31712,152.0,104.0,1952.0
31713,152.0,104.0,1955.0
31714,152.0,106.0,441.0
31715,152.0,106.0,442.0
31716,152.0,106.0,443.0
31717,152.0,106.0,697.0
31718,152.0,106.0,698.0
31719,152.0,106.0,699.0
31720,152.0,106.0,953.0
31721,152.0,106.0,954.0
31722,152.0,106.0,955.0
31723,152.0,106.0,1209.0
31724,152.0,106.0,1210.0
31725,152.0,106.0,1211.0
31726,152.0,106.0,1465.0
31727,152.0,106.0,1466.0
31728,152.0,106.0,1467.0
31729,152.0,106.0,1721.0
31730,152.0,106.0,1722.0
31731,152.0,106.0,1723.0
31732,152.0,106.0,1977.0
31733,152.0,106.0,1978.0
31734,152.0,106.0,1979.0
31735,152.0,107.0,442.0
31736,152.0,107.0,443.0
31737,152.0,107.0,698.0
31738,152.0,107.0,699.0
31739,152.0,107.0,954.0
31740,152.0,107.0,955.0
31741,152.0,107.0,1210.0
31742,152.0,107.0,1211.0
31743,152.0,107.0,1466.0
31744,152.0,107.0,1467.0
31745,152.0,107.0,1722.0
31746,152.0,107.0,1723.0
31747,152.0,107.0,1978.0
31748,152.0,107.0,1979.0
31749,153.0,22.0,427.0
31750,153.0,22.0,428.0
31751,153.0,22.0,683.0
31752,153.0,22.0,684.0
31753,153.0,22.0,939.0
31754,153.0,22.0,940.0
31755,153.0,22.0,1195.0
31756,153.0,22.0,1196.0
31757,153.0,22.0,1451.0
31758,153.0,22.0,1452.0
31759,153.0,22.0,1707.0
31760,153.0,22.0,1708.0
31761,153.0,22.0,1963.0
31762,153.0,22.0,1964.0
31763,153.0,29.0,396.0
31764,153.0,29.0,908.0
31765,153.0,29.0,1420.0
31766,153.0,29.0,1676.0
31767,153.0,29.0,1932.0
31768,153.0,30.0,395.0
31769,153.0,30.0,396.0
31770,153.0,30.0,907.0
31771,153.0,30.0,908.0
31772,153.0,30.0,1419.0
31773,153.0,30.0,1420.0
31774,153.0,30.0,1675.0
31775,153.0,30.0,1676.0
31776,153.0,30.0,1931.0
31777,153.0,30.0,1932.0
31778,153.0,31.0,395.0
31779,153.0,31.0,396.0
31780,153.0,31.0,397.0
31781,153.0,31.0,907.0
31782,153.0,31.0,908.0
31783,153.0,31.0,909.0
31784,153.0,31.0,1419.0
31785,153.0,31.0,1420.0
31786,153.0,31.0,1421.0
31787,153.0,31.0,1675.0
31788,153.0,31.0,1676.0
31789,153.0,31.0,1677.0
31790,153.0,31.0,1931.0
31791,153.0,31.0,1932.0
31792,153.0,31.0,1933.0
31793,153.0,32.0,396.0
31794,153.0,32.0,408.0
31795,153.0,32.0,409.0
31796,153.0,32.0,664.0
31797,153.0,32.0,665.0
31798,153.0,32.0,908.0
31799,153.0,32.0,920.0
31800,153.0,32.0,921.0
31801,153.0,32.0,1176.0
31802,153.0,32.0,1177.0
31803,153.0,32.0,1420.0
31804,153.0,32.0,1432.0
31805,153.0,32.0,1433.0
31806,153.0,32.0,1676.0
31807,153.0,32.0,1688.0
31808,153.0,32.0,1689.0
31809,153.0,32.0,1932.0
31810,153.0,32.0,1944.0
31811,153.0,32.0,1945.0
31812,153.0,33.0,398.0
31813,153.0,33.0,405.0
31814,153.0,33.0,408.0
31815,153.0,33.0,409.0
31816,153.0,33.0,661.0
31817,153.0,33.0,664.0
31818,153.0,33.0,665.0
31819,153.0,33.0,917.0
31820,153.0,33.0,920.0
31821,153.0,33.0,921.0
31822,153.0,33.0,1173.0
31823,153.0,33.0,1176.0
31824,153.0,33.0,1177.0
31825,153.0,33.0,1429.0
31826,153.0,33.0,1432.0
31827,153.0,33.0,1433.0
31828,153.0,33.0,1685.0
31829,153.0,33.0,1688.0
31830,153.0,33.0,1689.0
31831,153.0,33.0,1941.0
31832,153.0,33.0,1944.0
31833,153.0,33.0,1945.0
31834,153.0,34.0,397.0
31835,153.0,34.0,400.0
31836,153.0,34.0,401.0
31837,153.0,34.0,404.0
31838,153.0,34.0,405.0
31839,153.0,34.0,406.0
31840,153.0,34.0,407.0
31841,153.0,34.0,408.0
31842,153.0,34.0,656.0
31843,153.0,34.0,657.0
31844,153.0,34.0,660.0
31845,153.0,34.0,661.0
31846,153.0,34.0,662.0
31847,153.0,34.0,663.0
31848,153.0,34.0,664.0
31849,153.0,34.0,912.0
31850,153.0,34.0,913.0
31851,153.0,34.0,916.0
31852,153.0,34.0,917.0
31853,153.0,34.0,918.0
31854,153.0,34.0,919.0
31855,153.0,34.0,920.0
31856,153.0,34.0,1168.0
31857,153.0,34.0,1169.0
31858,153.0,34.0,1172.0
31859,153.0,34.0,1173.0
31860,153.0,34.0,1174.0
31861,153.0,34.0,1175.0
31862,153.0,34.0,1176.0
31863,153.0,34.0,1424.0
31864,153.0,34.0,1425.0
31865,153.0,34.0,1428.0
31866,153.0,34.0,1429.0
31867,153.0,34.0,1430.0
31868,153.0,34.0,1431.0
31869,153.0,34.0,1432.0
31870,153.0,34.0,1680.0
31871,153.0,34.0,1681.0
31872,153.0,34.0,1684.0
31873,153.0,34.0,1685.0
31874,153.0,34.0,1686.0
31875,153.0,34.0,1687.0
31876,153.0,34.0,1688.0
31877,153.0,34.0,1936.0
31878,153.0,34.0,1937.0
31879,153.0,34.0,1940.0
31880,153.0,34.0,1941.0
31881,153.0,34.0,1942.0
31882,153.0,34.0,1943.0
31883,153.0,34.0,1944.0
31884,153.0,35.0,400.0
31885,153.0,35.0,401.0
31886,153.0,35.0,402.0
31887,153.0,35.0,403.0
31888,153.0,35.0,404.0
31889,153.0,35.0,405.0
31890,153.0,35.0,406.0
31891,153.0,35.0,407.0
31892,153.0,35.0,408.0
31893,153.0,35.0,656.0
31894,153.0,35.0,657.0
31895,153.0,35.0,658.0
31896,153.0,35.0,659.0
31897,153.0,35.0,660.0
31898,153.0,35.0,661.0
31899,153.0,35.0,662.0
31900,153.0,35.0,663.0
31901,153.0,35.0,664.0
31902,153.0,35.0,912.0
31903,153.0,35.0,913.0
31904,153.0,35.0,914.0
31905,153.0,35.0,915.0
31906,153.0,35.0,916.0
31907,153.0,35.0,917.0
31908,153.0,35.0,918.0
31909,153.0,35.0,919.0
31910,153.0,35.0,920.0
31911,153.0,35.0,1168.0
31912,153.0,35.0,1169.0
31913,153.0,35.0,1170.0
31914,153.0,35.0,1171.0
31915,153.0,35.0,1172.0
31916,153.0,35.0,1173.0
31917,153.0,35.0,1174.0
31918,153.0,35.0,1175.0
31919,153.0,35.0,1176.0
31920,153.0,35.0,1424.0
31921,153.0,35.0,1425.0
31922,153.0,35.0,1426.0
31923,153.0,35.0,1427.0
31924,153.0,35.0,1428.0
31925,153.0,35.0,1429.0
31926,153.0,35.0,1430.0
31927,153.0,35.0,1431.0
31928,153.0,35.0,1432.0
31929,153.0,35.0,1680.0
31930,153.0,35.0,1681.0
31931,153.0,35.0,1682.0
31932,153.0,35.0,1683.0
31933,153.0,35.0,1684.0
31934,153.0,35.0,1685.0
31935,153.0,35.0,1686.0
31936,153.0,35.0,1687.0
31937,153.0,35.0,1688.0
31938,153.0,35.0,1936.0
31939,153.0,35.0,1937.0
31940,153.0,35.0,1938.0
31941,153.0,35.0,1939.0
31942,153.0,35.0,1940.0
31943,153.0,35.0,1941.0
31944,153.0,35.0,1942.0
31945,153.0,35.0,1943.0
31946,153.0,35.0,1944.0
31947,153.0,36.0,403.0
31948,153.0,36.0,404.0
31949,153.0,36.0,659.0
31950,153.0,36.0,660.0
31951,153.0,36.0,915.0
31952,153.0,36.0,916.0
31953,153.0,36.0,1171.0
31954,153.0,36.0,1172.0
31955,153.0,36.0,1427.0
31956,153.0,36.0,1428.0
31957,153.0,36.0,1683.0
31958,153.0,36.0,1684.0
31959,153.0,36.0,1939.0
31960,153.0,36.0,1940.0
31961,153.0,37.0,434.0
31962,153.0,38.0,410.0
31963,153.0,38.0,433.0
31964,153.0,38.0,434.0
31965,153.0,38.0,666.0
31966,153.0,38.0,922.0
31967,153.0,38.0,1178.0
31968,153.0,38.0,1434.0
31969,153.0,38.0,1690.0
31970,153.0,38.0,1946.0
31971,153.0,39.0,409.0
31972,153.0,39.0,410.0
31973,153.0,39.0,665.0
31974,153.0,39.0,666.0
31975,153.0,39.0,921.0
31976,153.0,39.0,922.0
31977,153.0,39.0,1177.0
31978,153.0,39.0,1178.0
31979,153.0,39.0,1433.0
31980,153.0,39.0,1434.0
31981,153.0,39.0,1689.0
31982,153.0,39.0,1690.0
31983,153.0,39.0,1945.0
31984,153.0,39.0,1946.0
31985,153.0,42.0,441.0
31986,153.0,42.0,697.0
31987,153.0,42.0,953.0
31988,153.0,42.0,1209.0
31989,153.0,42.0,1465.0
31990,153.0,42.0,1721.0
31991,153.0,42.0,1977.0
31992,153.0,43.0,440.0
31993,153.0,43.0,696.0
31994,153.0,43.0,952.0
31995,153.0,43.0,1208.0
31996,153.0,43.0,1464.0
31997,153.0,43.0,1720.0
31998,153.0,43.0,1976.0
31999,153.0,44.0,428.0
32000,153.0,44.0,429.0
32001,153.0,44.0,430.0
32002,153.0,44.0,440.0
32003,153.0,44.0,684.0
32004,153.0,44.0,685.0
32005,153.0,44.0,686.0
32006,153.0,44.0,696.0
32007,153.0,44.0,940.0
32008,153.0,44.0,941.0
32009,153.0,44.0,942.0
32010,153.0,44.0,952.0
32011,153.0,44.0,1196.0
32012,153.0,44.0,1197.0
32013,153.0,44.0,1198.0
32014,153.0,44.0,1208.0
32015,153.0,44.0,1452.0
32016,153.0,44.0,1453.0
32017,153.0,44.0,1454.0
32018,153.0,44.0,1464.0
32019,153.0,44.0,1708.0
32020,153.0,44.0,1709.0
32021,153.0,44.0,1710.0
32022,153.0,44.0,1720.0
32023,153.0,44.0,1964.0
32024,153.0,44.0,1965.0
32025,153.0,44.0,1966.0
32026,153.0,44.0,1976.0
32027,153.0,45.0,427.0
32028,153.0,45.0,428.0
32029,153.0,45.0,437.0
32030,153.0,45.0,438.0
32031,153.0,45.0,439.0
32032,153.0,45.0,683.0
32033,153.0,45.0,684.0
32034,153.0,45.0,693.0
32035,153.0,45.0,694.0
32036,153.0,45.0,695.0
32037,153.0,45.0,939.0
32038,153.0,45.0,940.0
32039,153.0,45.0,949.0
32040,153.0,45.0,950.0
32041,153.0,45.0,951.0
32042,153.0,45.0,1195.0
32043,153.0,45.0,1196.0
32044,153.0,45.0,1205.0
32045,153.0,45.0,1206.0
32046,153.0,45.0,1207.0
32047,153.0,45.0,1451.0
32048,153.0,45.0,1452.0
32049,153.0,45.0,1461.0
32050,153.0,45.0,1462.0
32051,153.0,45.0,1463.0
32052,153.0,45.0,1707.0
32053,153.0,45.0,1708.0
32054,153.0,45.0,1717.0
32055,153.0,45.0,1718.0
32056,153.0,45.0,1719.0
32057,153.0,45.0,1963.0
32058,153.0,45.0,1964.0
32059,153.0,45.0,1973.0
32060,153.0,45.0,1974.0
32061,153.0,45.0,1975.0
32062,153.0,46.0,437.0
32063,153.0,46.0,438.0
32064,153.0,46.0,693.0
32065,153.0,46.0,694.0
32066,153.0,46.0,949.0
32067,153.0,46.0,950.0
32068,153.0,46.0,1205.0
32069,153.0,46.0,1206.0
32070,153.0,46.0,1461.0
32071,153.0,46.0,1462.0
32072,153.0,46.0,1717.0
32073,153.0,46.0,1718.0
32074,153.0,46.0,1973.0
32075,153.0,46.0,1974.0
32076,153.0,47.0,435.0
32077,153.0,47.0,436.0
32078,153.0,47.0,437.0
32079,153.0,47.0,438.0
32080,153.0,47.0,691.0
32081,153.0,47.0,692.0
32082,153.0,47.0,693.0
32083,153.0,47.0,694.0
32084,153.0,47.0,947.0
32085,153.0,47.0,948.0
32086,153.0,47.0,949.0
32087,153.0,47.0,950.0
32088,153.0,47.0,1203.0
32089,153.0,47.0,1204.0
32090,153.0,47.0,1205.0
32091,153.0,47.0,1206.0
32092,153.0,47.0,1459.0
32093,153.0,47.0,1460.0
32094,153.0,47.0,1461.0
32095,153.0,47.0,1462.0
32096,153.0,47.0,1715.0
32097,153.0,47.0,1716.0
32098,153.0,47.0,1717.0
32099,153.0,47.0,1718.0
32100,153.0,47.0,1971.0
32101,153.0,47.0,1972.0
32102,153.0,47.0,1973.0
32103,153.0,47.0,1974.0
32104,153.0,48.0,429.0
32105,153.0,48.0,430.0
32106,153.0,48.0,433.0
32107,153.0,48.0,434.0
32108,153.0,48.0,435.0
32109,153.0,48.0,685.0
32110,153.0,48.0,686.0
32111,153.0,48.0,689.0
32112,153.0,48.0,690.0
32113,153.0,48.0,691.0
32114,153.0,48.0,941.0
32115,153.0,48.0,942.0
32116,153.0,48.0,945.0
32117,153.0,48.0,946.0
32118,153.0,48.0,947.0
32119,153.0,48.0,1197.0
32120,153.0,48.0,1198.0
32121,153.0,48.0,1201.0
32122,153.0,48.0,1202.0
32123,153.0,48.0,1203.0
32124,153.0,48.0,1453.0
32125,153.0,48.0,1454.0
32126,153.0,48.0,1457.0
32127,153.0,48.0,1458.0
32128,153.0,48.0,1459.0
32129,153.0,48.0,1709.0
32130,153.0,48.0,1710.0
32131,153.0,48.0,1713.0
32132,153.0,48.0,1714.0
32133,153.0,48.0,1715.0
32134,153.0,48.0,1965.0
32135,153.0,48.0,1966.0
32136,153.0,48.0,1969.0
32137,153.0,48.0,1970.0
32138,153.0,48.0,1971.0
32139,153.0,49.0,426.0
32140,153.0,49.0,427.0
32141,153.0,49.0,459.0
32142,153.0,49.0,682.0
32143,153.0,49.0,683.0
32144,153.0,49.0,938.0
32145,153.0,49.0,939.0
32146,153.0,49.0,1194.0
32147,153.0,49.0,1195.0
32148,153.0,49.0,1450.0
32149,153.0,49.0,1451.0
32150,153.0,49.0,1706.0
32151,153.0,49.0,1707.0
32152,153.0,49.0,1962.0
32153,153.0,49.0,1963.0
32154,153.0,50.0,456.0
32155,153.0,50.0,457.0
32156,153.0,56.0,441.0
32157,153.0,57.0,440.0
32158,153.0,58.0,426.0
32159,153.0,58.0,427.0
32160,153.0,58.0,438.0
32161,153.0,58.0,439.0
32162,153.0,58.0,440.0
32163,153.0,58.0,694.0
32164,153.0,58.0,695.0
32165,153.0,58.0,696.0
32166,153.0,58.0,950.0
32167,153.0,58.0,951.0
32168,153.0,58.0,952.0
32169,153.0,58.0,1206.0
32170,153.0,58.0,1207.0
32171,153.0,58.0,1208.0
32172,153.0,58.0,1462.0
32173,153.0,58.0,1463.0
32174,153.0,58.0,1464.0
32175,153.0,58.0,1718.0
32176,153.0,58.0,1719.0
32177,153.0,58.0,1720.0
32178,153.0,58.0,1974.0
32179,153.0,58.0,1975.0
32180,153.0,58.0,1976.0
32181,153.0,59.0,436.0
32182,153.0,59.0,437.0
32183,153.0,59.0,438.0
32184,153.0,59.0,692.0
32185,153.0,59.0,693.0
32186,153.0,59.0,694.0
32187,153.0,59.0,948.0
32188,153.0,59.0,949.0
32189,153.0,59.0,950.0
32190,153.0,59.0,1204.0
32191,153.0,59.0,1205.0
32192,153.0,59.0,1206.0
32193,153.0,59.0,1460.0
32194,153.0,59.0,1461.0
32195,153.0,59.0,1462.0
32196,153.0,59.0,1716.0
32197,153.0,59.0,1717.0
32198,153.0,59.0,1718.0
32199,153.0,59.0,1972.0
32200,153.0,59.0,1973.0
32201,153.0,59.0,1974.0
32202,153.0,60.0,435.0
32203,153.0,60.0,436.0
32204,153.0,60.0,691.0
32205,153.0,60.0,692.0
32206,153.0,60.0,947.0
32207,153.0,60.0,948.0
32208,153.0,60.0,1203.0
32209,153.0,60.0,1204.0
32210,153.0,60.0,1459.0
32211,153.0,60.0,1460.0
32212,153.0,60.0,1715.0
32213,153.0,60.0,1716.0
32214,153.0,60.0,1971.0
32215,153.0,60.0,1972.0
32216,153.0,70.0,453.0
32217,153.0,70.0,454.0
32218,153.0,70.0,709.0
32219,153.0,70.0,710.0
32220,153.0,70.0,965.0
32221,153.0,70.0,966.0
32222,153.0,70.0,1221.0
32223,153.0,70.0,1222.0
32224,153.0,70.0,1477.0
32225,153.0,70.0,1478.0
32226,153.0,70.0,1733.0
32227,153.0,70.0,1734.0
32228,153.0,70.0,1989.0
32229,153.0,70.0,1990.0
32230,153.0,72.0,450.0
32231,153.0,72.0,451.0
32232,153.0,72.0,453.0
32233,153.0,72.0,454.0
32234,153.0,72.0,706.0
32235,153.0,72.0,707.0
32236,153.0,72.0,962.0
32237,153.0,72.0,963.0
32238,153.0,72.0,1218.0
32239,153.0,72.0,1219.0
32240,153.0,72.0,1474.0
32241,153.0,72.0,1475.0
32242,153.0,72.0,1730.0
32243,153.0,72.0,1731.0
32244,153.0,72.0,1986.0
32245,153.0,72.0,1987.0
32246,153.0,73.0,448.0
32247,153.0,73.0,453.0
32248,153.0,73.0,704.0
32249,153.0,73.0,960.0
32250,153.0,73.0,1216.0
32251,153.0,73.0,1472.0
32252,153.0,73.0,1728.0
32253,153.0,73.0,1984.0
32254,153.0,75.0,442.0
32255,153.0,75.0,698.0
32256,153.0,75.0,954.0
32257,153.0,75.0,1210.0
32258,153.0,75.0,1466.0
32259,153.0,75.0,1722.0
32260,153.0,75.0,1978.0
32261,153.0,77.0,442.0
32262,153.0,77.0,698.0
32263,153.0,77.0,954.0
32264,153.0,77.0,1210.0
32265,153.0,77.0,1466.0
32266,153.0,77.0,1722.0
32267,153.0,77.0,1978.0
32268,153.0,78.0,440.0
32269,153.0,78.0,441.0
32270,153.0,78.0,696.0
32271,153.0,78.0,697.0
32272,153.0,78.0,952.0
32273,153.0,78.0,953.0
32274,153.0,78.0,1208.0
32275,153.0,78.0,1209.0
32276,153.0,78.0,1464.0
32277,153.0,78.0,1465.0
32278,153.0,78.0,1720.0
32279,153.0,78.0,1721.0
32280,153.0,78.0,1976.0
32281,153.0,78.0,1977.0
32282,153.0,80.0,446.0
32283,153.0,80.0,455.0
32284,153.0,80.0,456.0
32285,153.0,80.0,958.0
32286,153.0,80.0,1214.0
32287,153.0,80.0,1470.0
32288,153.0,80.0,1726.0
32289,153.0,80.0,1982.0
32290,153.0,81.0,431.0
32291,153.0,81.0,432.0
32292,153.0,81.0,445.0
32293,153.0,81.0,446.0
32294,153.0,81.0,957.0
32295,153.0,81.0,958.0
32296,153.0,81.0,1213.0
32297,153.0,81.0,1214.0
32298,153.0,81.0,1469.0
32299,153.0,81.0,1470.0
32300,153.0,81.0,1725.0
32301,153.0,81.0,1726.0
32302,153.0,81.0,1981.0
32303,153.0,81.0,1982.0
32304,153.0,82.0,452.0
32305,153.0,82.0,453.0
32306,153.0,82.0,708.0
32307,153.0,82.0,709.0
32308,153.0,82.0,964.0
32309,153.0,82.0,965.0
32310,153.0,82.0,1220.0
32311,153.0,82.0,1221.0
32312,153.0,82.0,1476.0
32313,153.0,82.0,1477.0
32314,153.0,82.0,1732.0
32315,153.0,82.0,1733.0
32316,153.0,82.0,1988.0
32317,153.0,82.0,1989.0
32318,153.0,84.0,453.0
32319,153.0,84.0,454.0
32320,153.0,84.0,709.0
32321,153.0,84.0,710.0
32322,153.0,84.0,965.0
32323,153.0,84.0,966.0
32324,153.0,84.0,1221.0
32325,153.0,84.0,1222.0
32326,153.0,84.0,1477.0
32327,153.0,84.0,1478.0
32328,153.0,84.0,1733.0
32329,153.0,84.0,1734.0
32330,153.0,84.0,1989.0
32331,153.0,84.0,1990.0
32332,153.0,85.0,452.0
32333,153.0,85.0,708.0
32334,153.0,85.0,964.0
32335,153.0,85.0,1220.0
32336,153.0,85.0,1476.0
32337,153.0,85.0,1732.0
32338,153.0,85.0,1988.0
32339,153.0,93.0,434.0
32340,153.0,93.0,690.0
32341,153.0,93.0,946.0
32342,153.0,93.0,1202.0
32343,153.0,93.0,1458.0
32344,153.0,93.0,1714.0
32345,153.0,93.0,1970.0
32346,153.0,94.0,433.0
32347,153.0,94.0,434.0
32348,153.0,94.0,689.0
32349,153.0,94.0,690.0
32350,153.0,94.0,945.0
32351,153.0,94.0,946.0
32352,153.0,94.0,1201.0
32353,153.0,94.0,1202.0
32354,153.0,94.0,1457.0
32355,153.0,94.0,1458.0
32356,153.0,94.0,1713.0
32357,153.0,94.0,1714.0
32358,153.0,94.0,1969.0
32359,153.0,94.0,1970.0
32360,153.0,95.0,431.0
32361,153.0,95.0,432.0
32362,153.0,95.0,687.0
32363,153.0,95.0,688.0
32364,153.0,95.0,943.0
32365,153.0,95.0,944.0
32366,153.0,95.0,1199.0
32367,153.0,95.0,1200.0
32368,153.0,95.0,1455.0
32369,153.0,95.0,1456.0
32370,153.0,95.0,1711.0
32371,153.0,95.0,1712.0
32372,153.0,95.0,1967.0
32373,153.0,95.0,1968.0
32374,153.0,96.0,442.0
32375,153.0,96.0,698.0
32376,153.0,96.0,954.0
32377,153.0,96.0,1210.0
32378,153.0,96.0,1466.0
32379,153.0,96.0,1722.0
32380,153.0,96.0,1978.0
32381,153.0,97.0,439.0
32382,153.0,97.0,440.0
32383,153.0,97.0,441.0
32384,153.0,97.0,442.0
32385,153.0,97.0,443.0
32386,153.0,97.0,695.0
32387,153.0,97.0,696.0
32388,153.0,97.0,697.0
32389,153.0,97.0,698.0
32390,153.0,97.0,699.0
32391,153.0,97.0,951.0
32392,153.0,97.0,952.0
32393,153.0,97.0,953.0
32394,153.0,97.0,954.0
32395,153.0,97.0,955.0
32396,153.0,97.0,1207.0
32397,153.0,97.0,1208.0
32398,153.0,97.0,1209.0
32399,153.0,97.0,1210.0
32400,153.0,97.0,1211.0
32401,153.0,97.0,1463.0
32402,153.0,97.0,1464.0
32403,153.0,97.0,1465.0
32404,153.0,97.0,1466.0
32405,153.0,97.0,1467.0
32406,153.0,97.0,1719.0
32407,153.0,97.0,1720.0
32408,153.0,97.0,1721.0
32409,153.0,97.0,1722.0
32410,153.0,97.0,1723.0
32411,153.0,97.0,1975.0
32412,153.0,97.0,1976.0
32413,153.0,97.0,1977.0
32414,153.0,97.0,1978.0
32415,153.0,97.0,1979.0
32416,153.0,99.0,446.0
32417,153.0,99.0,702.0
32418,153.0,99.0,958.0
32419,153.0,99.0,1214.0
32420,153.0,99.0,1470.0
32421,153.0,99.0,1726.0
32422,153.0,99.0,1982.0
32423,153.0,100.0,429.0
32424,153.0,100.0,430.0
32425,153.0,100.0,431.0
32426,153.0,100.0,432.0
32427,153.0,100.0,443.0
32428,153.0,100.0,444.0
32429,153.0,100.0,446.0
32430,153.0,100.0,699.0
32431,153.0,100.0,700.0
32432,153.0,100.0,702.0
32433,153.0,100.0,955.0
32434,153.0,100.0,956.0
32435,153.0,100.0,958.0
32436,153.0,100.0,1211.0
32437,153.0,100.0,1212.0
32438,153.0,100.0,1214.0
32439,153.0,100.0,1467.0
32440,153.0,100.0,1468.0
32441,153.0,100.0,1470.0
32442,153.0,100.0,1723.0
32443,153.0,100.0,1724.0
32444,153.0,100.0,1726.0
32445,153.0,100.0,1979.0
32446,153.0,100.0,1980.0
32447,153.0,100.0,1982.0
32448,153.0,103.0,442.0
32449,153.0,103.0,443.0
32450,153.0,103.0,444.0
32451,153.0,103.0,698.0
32452,153.0,103.0,699.0
32453,153.0,103.0,700.0
32454,153.0,103.0,954.0
32455,153.0,103.0,955.0
32456,153.0,103.0,956.0
32457,153.0,103.0,1210.0
32458,153.0,103.0,1211.0
32459,153.0,103.0,1212.0
32460,153.0,103.0,1466.0
32461,153.0,103.0,1467.0
32462,153.0,103.0,1468.0
32463,153.0,103.0,1722.0
32464,153.0,103.0,1723.0
32465,153.0,103.0,1724.0
32466,153.0,103.0,1978.0
32467,153.0,103.0,1979.0
32468,153.0,103.0,1980.0
32469,153.0,104.0,419.0
32470,153.0,104.0,443.0
32471,153.0,104.0,444.0
32472,153.0,104.0,699.0
32473,153.0,104.0,700.0
32474,153.0,104.0,931.0
32475,153.0,104.0,955.0
32476,153.0,104.0,956.0
32477,153.0,104.0,1187.0
32478,153.0,104.0,1211.0
32479,153.0,104.0,1212.0
32480,153.0,104.0,1443.0
32481,153.0,104.0,1467.0
32482,153.0,104.0,1468.0
32483,153.0,104.0,1723.0
32484,153.0,104.0,1724.0
32485,153.0,104.0,1955.0
32486,153.0,104.0,1979.0
32487,153.0,104.0,1980.0
32488,153.0,108.0,440.0
32489,154.0,31.0,417.0
32490,154.0,31.0,418.0
32491,154.0,31.0,673.0
32492,154.0,31.0,674.0
32493,154.0,31.0,929.0
32494,154.0,31.0,930.0
32495,154.0,31.0,1185.0
32496,154.0,31.0,1186.0
32497,154.0,31.0,1441.0
32498,154.0,31.0,1442.0
32499,154.0,31.0,1697.0
32500,154.0,31.0,1698.0
32501,154.0,31.0,1953.0
32502,154.0,31.0,1954.0
32503,154.0,32.0,417.0
32504,154.0,32.0,673.0
32505,154.0,32.0,929.0
32506,154.0,32.0,1185.0
32507,154.0,32.0,1441.0
32508,154.0,32.0,1697.0
32509,154.0,32.0,1953.0
32510,154.0,33.0,398.0
32511,154.0,34.0,397.0
32512,154.0,34.0,405.0
32513,154.0,34.0,661.0
32514,154.0,34.0,917.0
32515,154.0,34.0,1173.0
32516,154.0,34.0,1429.0
32517,154.0,34.0,1685.0
32518,154.0,34.0,1941.0
32519,154.0,35.0,400.0
32520,154.0,35.0,401.0
32521,154.0,35.0,656.0
32522,154.0,35.0,657.0
32523,154.0,35.0,912.0
32524,154.0,35.0,913.0
32525,154.0,35.0,1168.0
32526,154.0,35.0,1169.0
32527,154.0,35.0,1424.0
32528,154.0,35.0,1425.0
32529,154.0,35.0,1680.0
32530,154.0,35.0,1681.0
32531,154.0,35.0,1936.0
32532,154.0,35.0,1937.0
32533,154.0,36.0,400.0
32534,154.0,36.0,401.0
32535,154.0,36.0,402.0
32536,154.0,36.0,435.0
32537,154.0,36.0,656.0
32538,154.0,36.0,657.0
32539,154.0,36.0,658.0
32540,154.0,36.0,912.0
32541,154.0,36.0,913.0
32542,154.0,36.0,914.0
32543,154.0,36.0,1168.0
32544,154.0,36.0,1169.0
32545,154.0,36.0,1170.0
32546,154.0,36.0,1424.0
32547,154.0,36.0,1425.0
32548,154.0,36.0,1426.0
32549,154.0,36.0,1680.0
32550,154.0,36.0,1681.0
32551,154.0,36.0,1682.0
32552,154.0,36.0,1936.0
32553,154.0,36.0,1937.0
32554,154.0,36.0,1938.0
32555,154.0,37.0,435.0
32556,154.0,38.0,410.0
32557,154.0,38.0,666.0
32558,154.0,38.0,922.0
32559,154.0,38.0,1178.0
32560,154.0,38.0,1434.0
32561,154.0,38.0,1690.0
32562,154.0,38.0,1946.0
32563,154.0,39.0,409.0
32564,154.0,39.0,410.0
32565,154.0,39.0,665.0
32566,154.0,39.0,666.0
32567,154.0,39.0,921.0
32568,154.0,39.0,922.0
32569,154.0,39.0,1177.0
32570,154.0,39.0,1178.0
32571,154.0,39.0,1433.0
32572,154.0,39.0,1434.0
32573,154.0,39.0,1689.0
32574,154.0,39.0,1690.0
32575,154.0,39.0,1945.0
32576,154.0,39.0,1946.0
32577,154.0,40.0,410.0
32578,154.0,40.0,411.0
32579,154.0,40.0,666.0
32580,154.0,40.0,667.0
32581,154.0,40.0,922.0
32582,154.0,40.0,923.0
32583,154.0,40.0,1178.0
32584,154.0,40.0,1179.0
32585,154.0,40.0,1434.0
32586,154.0,40.0,1435.0
32587,154.0,40.0,1690.0
32588,154.0,40.0,1691.0
32589,154.0,40.0,1946.0
32590,154.0,40.0,1947.0
32591,154.0,41.0,410.0
32592,154.0,41.0,411.0
32593,154.0,41.0,666.0
32594,154.0,41.0,667.0
32595,154.0,41.0,922.0
32596,154.0,41.0,923.0
32597,154.0,41.0,1178.0
32598,154.0,41.0,1179.0
32599,154.0,41.0,1434.0
32600,154.0,41.0,1435.0
32601,154.0,41.0,1690.0
32602,154.0,41.0,1691.0
32603,154.0,41.0,1946.0
32604,154.0,41.0,1947.0
32605,154.0,42.0,441.0
32606,154.0,42.0,697.0
32607,154.0,42.0,953.0
32608,154.0,42.0,1209.0
32609,154.0,42.0,1465.0
32610,154.0,42.0,1721.0
32611,154.0,42.0,1977.0
32612,154.0,43.0,440.0
32613,154.0,43.0,441.0
32614,154.0,43.0,442.0
32615,154.0,43.0,696.0
32616,154.0,43.0,697.0
32617,154.0,43.0,698.0
32618,154.0,43.0,952.0
32619,154.0,43.0,953.0
32620,154.0,43.0,954.0
32621,154.0,43.0,1208.0
32622,154.0,43.0,1209.0
32623,154.0,43.0,1210.0
32624,154.0,43.0,1464.0
32625,154.0,43.0,1465.0
32626,154.0,43.0,1466.0
32627,154.0,43.0,1720.0
32628,154.0,43.0,1721.0
32629,154.0,43.0,1722.0
32630,154.0,43.0,1976.0
32631,154.0,43.0,1977.0
32632,154.0,43.0,1978.0
32633,154.0,44.0,440.0
32634,154.0,44.0,696.0
32635,154.0,44.0,952.0
32636,154.0,44.0,1208.0
32637,154.0,44.0,1464.0
32638,154.0,44.0,1720.0
32639,154.0,44.0,1976.0
32640,154.0,46.0,437.0
32641,154.0,46.0,438.0
32642,154.0,46.0,693.0
32643,154.0,46.0,694.0
32644,154.0,46.0,949.0
32645,154.0,46.0,950.0
32646,154.0,46.0,1205.0
32647,154.0,46.0,1206.0
32648,154.0,46.0,1461.0
32649,154.0,46.0,1462.0
32650,154.0,46.0,1717.0
32651,154.0,46.0,1718.0
32652,154.0,46.0,1973.0
32653,154.0,46.0,1974.0
32654,154.0,48.0,429.0
32655,154.0,48.0,430.0
32656,154.0,48.0,431.0
32657,154.0,48.0,432.0
32658,154.0,48.0,685.0
32659,154.0,48.0,686.0
32660,154.0,48.0,687.0
32661,154.0,48.0,688.0
32662,154.0,48.0,941.0
32663,154.0,48.0,942.0
32664,154.0,48.0,943.0
32665,154.0,48.0,944.0
32666,154.0,48.0,1197.0
32667,154.0,48.0,1198.0
32668,154.0,48.0,1199.0
32669,154.0,48.0,1200.0
32670,154.0,48.0,1453.0
32671,154.0,48.0,1454.0
32672,154.0,48.0,1455.0
32673,154.0,48.0,1456.0
32674,154.0,48.0,1709.0
32675,154.0,48.0,1710.0
32676,154.0,48.0,1711.0
32677,154.0,48.0,1712.0
32678,154.0,48.0,1965.0
32679,154.0,48.0,1966.0
32680,154.0,48.0,1967.0
32681,154.0,48.0,1968.0
32682,154.0,49.0,426.0
32683,154.0,49.0,427.0
32684,154.0,49.0,429.0
32685,154.0,49.0,682.0
32686,154.0,49.0,683.0
32687,154.0,49.0,685.0
32688,154.0,49.0,938.0
32689,154.0,49.0,939.0
32690,154.0,49.0,941.0
32691,154.0,49.0,1194.0
32692,154.0,49.0,1195.0
32693,154.0,49.0,1197.0
32694,154.0,49.0,1450.0
32695,154.0,49.0,1451.0
32696,154.0,49.0,1453.0
32697,154.0,49.0,1706.0
32698,154.0,49.0,1707.0
32699,154.0,49.0,1709.0
32700,154.0,49.0,1962.0
32701,154.0,49.0,1963.0
32702,154.0,49.0,1965.0
32703,154.0,55.0,420.0
32704,154.0,55.0,421.0
32705,154.0,56.0,442.0
32706,154.0,56.0,443.0
32707,154.0,56.0,698.0
32708,154.0,56.0,699.0
32709,154.0,56.0,954.0
32710,154.0,56.0,955.0
32711,154.0,56.0,1210.0
32712,154.0,56.0,1211.0
32713,154.0,56.0,1466.0
32714,154.0,56.0,1467.0
32715,154.0,56.0,1722.0
32716,154.0,56.0,1723.0
32717,154.0,56.0,1978.0
32718,154.0,56.0,1979.0
32719,154.0,57.0,441.0
32720,154.0,57.0,697.0
32721,154.0,57.0,953.0
32722,154.0,57.0,1209.0
32723,154.0,57.0,1465.0
32724,154.0,57.0,1721.0
32725,154.0,57.0,1977.0
32726,154.0,58.0,438.0
32727,154.0,58.0,439.0
32728,154.0,58.0,440.0
32729,154.0,58.0,694.0
32730,154.0,58.0,695.0
32731,154.0,58.0,696.0
32732,154.0,58.0,950.0
32733,154.0,58.0,951.0
32734,154.0,58.0,952.0
32735,154.0,58.0,1206.0
32736,154.0,58.0,1207.0
32737,154.0,58.0,1208.0
32738,154.0,58.0,1462.0
32739,154.0,58.0,1463.0
32740,154.0,58.0,1464.0
32741,154.0,58.0,1718.0
32742,154.0,58.0,1719.0
32743,154.0,58.0,1720.0
32744,154.0,58.0,1974.0
32745,154.0,58.0,1975.0
32746,154.0,58.0,1976.0
32747,154.0,59.0,436.0
32748,154.0,59.0,437.0
32749,154.0,59.0,438.0
32750,154.0,59.0,439.0
32751,154.0,59.0,692.0
32752,154.0,59.0,693.0
32753,154.0,59.0,694.0
32754,154.0,59.0,695.0
32755,154.0,59.0,948.0
32756,154.0,59.0,949.0
32757,154.0,59.0,950.0
32758,154.0,59.0,951.0
32759,154.0,59.0,1204.0
32760,154.0,59.0,1205.0
32761,154.0,59.0,1206.0
32762,154.0,59.0,1207.0
32763,154.0,59.0,1460.0
32764,154.0,59.0,1461.0
32765,154.0,59.0,1462.0
32766,154.0,59.0,1463.0
32767,154.0,59.0,1716.0
32768,154.0,59.0,1717.0
32769,154.0,59.0,1718.0
32770,154.0,59.0,1719.0
32771,154.0,59.0,1972.0
32772,154.0,59.0,1973.0
32773,154.0,59.0,1974.0
32774,154.0,59.0,1975.0
32775,154.0,63.0,438.0
32776,154.0,63.0,439.0
32777,154.0,63.0,440.0
32778,154.0,69.0,453.0
32779,154.0,69.0,454.0
32780,154.0,69.0,455.0
32781,154.0,69.0,709.0
32782,154.0,69.0,710.0
32783,154.0,69.0,711.0
32784,154.0,69.0,965.0
32785,154.0,69.0,966.0
32786,154.0,69.0,967.0
32787,154.0,69.0,1221.0
32788,154.0,69.0,1222.0
32789,154.0,69.0,1223.0
32790,154.0,69.0,1477.0
32791,154.0,69.0,1478.0
32792,154.0,69.0,1479.0
32793,154.0,69.0,1733.0
32794,154.0,69.0,1734.0
32795,154.0,69.0,1735.0
32796,154.0,69.0,1989.0
32797,154.0,69.0,1990.0
32798,154.0,69.0,1991.0
32799,154.0,70.0,452.0
32800,154.0,70.0,453.0
32801,154.0,70.0,454.0
32802,154.0,70.0,708.0
32803,154.0,70.0,709.0
32804,154.0,70.0,710.0
32805,154.0,70.0,964.0
32806,154.0,70.0,965.0
32807,154.0,70.0,966.0
32808,154.0,70.0,1220.0
32809,154.0,70.0,1221.0
32810,154.0,70.0,1222.0
32811,154.0,70.0,1476.0
32812,154.0,70.0,1477.0
32813,154.0,70.0,1478.0
32814,154.0,70.0,1732.0
32815,154.0,70.0,1733.0
32816,154.0,70.0,1734.0
32817,154.0,70.0,1988.0
32818,154.0,70.0,1989.0
32819,154.0,70.0,1990.0
32820,154.0,71.0,450.0
32821,154.0,71.0,451.0
32822,154.0,71.0,452.0
32823,154.0,71.0,453.0
32824,154.0,71.0,454.0
32825,154.0,71.0,706.0
32826,154.0,71.0,707.0
32827,154.0,71.0,708.0
32828,154.0,71.0,709.0
32829,154.0,71.0,710.0
32830,154.0,71.0,962.0
32831,154.0,71.0,963.0
32832,154.0,71.0,964.0
32833,154.0,71.0,965.0
32834,154.0,71.0,966.0
32835,154.0,71.0,1218.0
32836,154.0,71.0,1219.0
32837,154.0,71.0,1220.0
32838,154.0,71.0,1221.0
32839,154.0,71.0,1222.0
32840,154.0,71.0,1474.0
32841,154.0,71.0,1475.0
32842,154.0,71.0,1476.0
32843,154.0,71.0,1477.0
32844,154.0,71.0,1478.0
32845,154.0,71.0,1730.0
32846,154.0,71.0,1731.0
32847,154.0,71.0,1732.0
32848,154.0,71.0,1733.0
32849,154.0,71.0,1734.0
32850,154.0,71.0,1986.0
32851,154.0,71.0,1987.0
32852,154.0,71.0,1988.0
32853,154.0,71.0,1989.0
32854,154.0,71.0,1990.0
32855,154.0,72.0,450.0
32856,154.0,72.0,451.0
32857,154.0,72.0,454.0
32858,154.0,72.0,706.0
32859,154.0,72.0,707.0
32860,154.0,72.0,962.0
32861,154.0,72.0,963.0
32862,154.0,72.0,1218.0
32863,154.0,72.0,1219.0
32864,154.0,72.0,1474.0
32865,154.0,72.0,1475.0
32866,154.0,72.0,1730.0
32867,154.0,72.0,1731.0
32868,154.0,72.0,1986.0
32869,154.0,72.0,1987.0
32870,154.0,73.0,453.0
32871,154.0,75.0,441.0
32872,154.0,75.0,442.0
32873,154.0,75.0,443.0
32874,154.0,75.0,444.0
32875,154.0,75.0,697.0
32876,154.0,75.0,698.0
32877,154.0,75.0,699.0
32878,154.0,75.0,700.0
32879,154.0,75.0,953.0
32880,154.0,75.0,954.0
32881,154.0,75.0,955.0
32882,154.0,75.0,956.0
32883,154.0,75.0,1209.0
32884,154.0,75.0,1210.0
32885,154.0,75.0,1211.0
32886,154.0,75.0,1212.0
32887,154.0,75.0,1465.0
32888,154.0,75.0,1466.0
32889,154.0,75.0,1467.0
32890,154.0,75.0,1468.0
32891,154.0,75.0,1721.0
32892,154.0,75.0,1722.0
32893,154.0,75.0,1723.0
32894,154.0,75.0,1724.0
32895,154.0,75.0,1977.0
32896,154.0,75.0,1978.0
32897,154.0,75.0,1979.0
32898,154.0,75.0,1980.0
32899,154.0,77.0,441.0
32900,154.0,77.0,442.0
32901,154.0,77.0,697.0
32902,154.0,77.0,698.0
32903,154.0,77.0,953.0
32904,154.0,77.0,954.0
32905,154.0,77.0,1209.0
32906,154.0,77.0,1210.0
32907,154.0,77.0,1465.0
32908,154.0,77.0,1466.0
32909,154.0,77.0,1721.0
32910,154.0,77.0,1722.0
32911,154.0,77.0,1977.0
32912,154.0,77.0,1978.0
32913,154.0,78.0,441.0
32914,154.0,78.0,697.0
32915,154.0,78.0,953.0
32916,154.0,78.0,1209.0
32917,154.0,78.0,1465.0
32918,154.0,78.0,1721.0
32919,154.0,78.0,1977.0
32920,154.0,80.0,455.0
32921,154.0,80.0,456.0
32922,154.0,81.0,445.0
32923,154.0,81.0,446.0
32924,154.0,81.0,447.0
32925,154.0,81.0,454.0
32926,154.0,81.0,710.0
32927,154.0,81.0,957.0
32928,154.0,81.0,958.0
32929,154.0,81.0,959.0
32930,154.0,81.0,966.0
32931,154.0,81.0,1213.0
32932,154.0,81.0,1214.0
32933,154.0,81.0,1215.0
32934,154.0,81.0,1222.0
32935,154.0,81.0,1469.0
32936,154.0,81.0,1470.0
32937,154.0,81.0,1471.0
32938,154.0,81.0,1478.0
32939,154.0,81.0,1725.0
32940,154.0,81.0,1726.0
32941,154.0,81.0,1727.0
32942,154.0,81.0,1734.0
32943,154.0,81.0,1981.0
32944,154.0,81.0,1982.0
32945,154.0,81.0,1983.0
32946,154.0,81.0,1990.0
32947,154.0,82.0,446.0
32948,154.0,82.0,452.0
32949,154.0,82.0,453.0
32950,154.0,82.0,708.0
32951,154.0,82.0,709.0
32952,154.0,82.0,958.0
32953,154.0,82.0,964.0
32954,154.0,82.0,965.0
32955,154.0,82.0,1214.0
32956,154.0,82.0,1220.0
32957,154.0,82.0,1221.0
32958,154.0,82.0,1470.0
32959,154.0,82.0,1476.0
32960,154.0,82.0,1477.0
32961,154.0,82.0,1726.0
32962,154.0,82.0,1732.0
32963,154.0,82.0,1733.0
32964,154.0,82.0,1982.0
32965,154.0,82.0,1988.0
32966,154.0,82.0,1989.0
32967,154.0,84.0,444.0
32968,154.0,84.0,445.0
32969,154.0,89.0,440.0
32970,154.0,89.0,441.0
32971,154.0,90.0,440.0
32972,154.0,101.0,421.0
32973,154.0,101.0,424.0
32974,154.0,101.0,425.0
32975,154.0,102.0,420.0
32976,154.0,102.0,421.0
32977,154.0,104.0,443.0
32978,154.0,104.0,444.0
32979,154.0,104.0,699.0
32980,154.0,104.0,700.0
32981,154.0,104.0,955.0
32982,154.0,104.0,956.0
32983,154.0,104.0,1211.0
32984,154.0,104.0,1212.0
32985,154.0,104.0,1467.0
32986,154.0,104.0,1468.0
32987,154.0,104.0,1723.0
32988,154.0,104.0,1724.0
32989,154.0,104.0,1979.0
32990,154.0,104.0,1980.0
32991,155.0,28.0,418.0
32992,155.0,28.0,419.0
32993,155.0,29.0,412.0
32994,155.0,29.0,414.0
32995,155.0,29.0,415.0
32996,155.0,29.0,418.0
32997,155.0,29.0,670.0
32998,155.0,29.0,671.0
32999,155.0,29.0,926.0
33000,155.0,29.0,927.0
33001,155.0,29.0,1182.0
33002,155.0,29.0,1183.0
33003,155.0,29.0,1438.0
33004,155.0,29.0,1439.0
33005,155.0,29.0,1694.0
33006,155.0,29.0,1695.0
33007,155.0,29.0,1950.0
33008,155.0,29.0,1951.0
33009,155.0,30.0,414.0
33010,155.0,30.0,415.0
33011,155.0,30.0,416.0
33012,155.0,30.0,417.0
33013,155.0,30.0,418.0
33014,155.0,30.0,670.0
33015,155.0,30.0,671.0
33016,155.0,30.0,672.0
33017,155.0,30.0,673.0
33018,155.0,30.0,674.0
33019,155.0,30.0,926.0
33020,155.0,30.0,927.0
33021,155.0,30.0,928.0
33022,155.0,30.0,929.0
33023,155.0,30.0,930.0
33024,155.0,30.0,1182.0
33025,155.0,30.0,1183.0
33026,155.0,30.0,1184.0
33027,155.0,30.0,1185.0
33028,155.0,30.0,1186.0
33029,155.0,30.0,1438.0
33030,155.0,30.0,1439.0
33031,155.0,30.0,1440.0
33032,155.0,30.0,1441.0
33033,155.0,30.0,1442.0
33034,155.0,30.0,1694.0
33035,155.0,30.0,1695.0
33036,155.0,30.0,1696.0
33037,155.0,30.0,1697.0
33038,155.0,30.0,1698.0
33039,155.0,30.0,1950.0
33040,155.0,30.0,1951.0
33041,155.0,30.0,1952.0
33042,155.0,30.0,1953.0
33043,155.0,30.0,1954.0
33044,155.0,31.0,414.0
33045,155.0,31.0,415.0
33046,155.0,31.0,417.0
33047,155.0,31.0,670.0
33048,155.0,31.0,671.0
33049,155.0,31.0,673.0
33050,155.0,31.0,926.0
33051,155.0,31.0,927.0
33052,155.0,31.0,929.0
33053,155.0,31.0,1182.0
33054,155.0,31.0,1183.0
33055,155.0,31.0,1185.0
33056,155.0,31.0,1438.0
33057,155.0,31.0,1439.0
33058,155.0,31.0,1441.0
33059,155.0,31.0,1694.0
33060,155.0,31.0,1695.0
33061,155.0,31.0,1697.0
33062,155.0,31.0,1950.0
33063,155.0,31.0,1951.0
33064,155.0,31.0,1953.0
33065,155.0,34.0,405.0
33066,155.0,34.0,661.0
33067,155.0,34.0,917.0
33068,155.0,34.0,1173.0
33069,155.0,34.0,1429.0
33070,155.0,34.0,1685.0
33071,155.0,34.0,1941.0
33072,155.0,40.0,411.0
33073,155.0,40.0,667.0
33074,155.0,40.0,923.0
33075,155.0,40.0,1179.0
33076,155.0,40.0,1435.0
33077,155.0,40.0,1691.0
33078,155.0,40.0,1947.0
33079,155.0,41.0,410.0
33080,155.0,41.0,411.0
33081,155.0,41.0,666.0
33082,155.0,41.0,667.0
33083,155.0,41.0,922.0
33084,155.0,41.0,923.0
33085,155.0,41.0,1178.0
33086,155.0,41.0,1179.0
33087,155.0,41.0,1434.0
33088,155.0,41.0,1435.0
33089,155.0,41.0,1690.0
33090,155.0,41.0,1691.0
33091,155.0,41.0,1946.0
33092,155.0,41.0,1947.0
33093,155.0,42.0,441.0
33094,155.0,42.0,442.0
33095,155.0,42.0,697.0
33096,155.0,42.0,698.0
33097,155.0,42.0,953.0
33098,155.0,42.0,954.0
33099,155.0,42.0,1209.0
33100,155.0,42.0,1210.0
33101,155.0,42.0,1465.0
33102,155.0,42.0,1466.0
33103,155.0,42.0,1721.0
33104,155.0,42.0,1722.0
33105,155.0,42.0,1977.0
33106,155.0,42.0,1978.0
33107,155.0,47.0,434.0
33108,155.0,47.0,690.0
33109,155.0,47.0,946.0
33110,155.0,47.0,1202.0
33111,155.0,47.0,1458.0
33112,155.0,47.0,1714.0
33113,155.0,47.0,1970.0
33114,155.0,48.0,431.0
33115,155.0,48.0,432.0
33116,155.0,48.0,461.0
33117,155.0,48.0,687.0
33118,155.0,48.0,688.0
33119,155.0,48.0,943.0
33120,155.0,48.0,944.0
33121,155.0,48.0,1199.0
33122,155.0,48.0,1200.0
33123,155.0,48.0,1455.0
33124,155.0,48.0,1456.0
33125,155.0,48.0,1711.0
33126,155.0,48.0,1712.0
33127,155.0,48.0,1967.0
33128,155.0,48.0,1968.0
33129,155.0,49.0,460.0
33130,155.0,52.0,429.0
33131,155.0,52.0,685.0
33132,155.0,52.0,941.0
33133,155.0,52.0,1197.0
33134,155.0,52.0,1453.0
33135,155.0,52.0,1709.0
33136,155.0,52.0,1965.0
33137,155.0,53.0,424.0
33138,155.0,53.0,425.0
33139,155.0,53.0,680.0
33140,155.0,53.0,681.0
33141,155.0,53.0,936.0
33142,155.0,53.0,937.0
33143,155.0,53.0,1192.0
33144,155.0,53.0,1193.0
33145,155.0,53.0,1448.0
33146,155.0,53.0,1449.0
33147,155.0,53.0,1704.0
33148,155.0,53.0,1705.0
33149,155.0,53.0,1960.0
33150,155.0,53.0,1961.0
33151,155.0,54.0,424.0
33152,155.0,54.0,680.0
33153,155.0,54.0,936.0
33154,155.0,54.0,1192.0
33155,155.0,54.0,1448.0
33156,155.0,54.0,1704.0
33157,155.0,54.0,1960.0
33158,155.0,55.0,425.0
33159,155.0,55.0,426.0
33160,155.0,55.0,681.0
33161,155.0,55.0,682.0
33162,155.0,55.0,937.0
33163,155.0,55.0,938.0
33164,155.0,55.0,1193.0
33165,155.0,55.0,1194.0
33166,155.0,55.0,1449.0
33167,155.0,55.0,1450.0
33168,155.0,55.0,1705.0
33169,155.0,55.0,1706.0
33170,155.0,55.0,1961.0
33171,155.0,55.0,1962.0
33172,155.0,56.0,443.0
33173,155.0,56.0,446.0
33174,155.0,56.0,699.0
33175,155.0,56.0,702.0
33176,155.0,56.0,955.0
33177,155.0,56.0,958.0
33178,155.0,56.0,1211.0
33179,155.0,56.0,1214.0
33180,155.0,56.0,1467.0
33181,155.0,56.0,1470.0
33182,155.0,56.0,1723.0
33183,155.0,56.0,1726.0
33184,155.0,56.0,1979.0
33185,155.0,56.0,1982.0
33186,155.0,57.0,440.0
33187,155.0,57.0,441.0
33188,155.0,57.0,442.0
33189,155.0,57.0,443.0
33190,155.0,57.0,444.0
33191,155.0,57.0,696.0
33192,155.0,57.0,697.0
33193,155.0,57.0,698.0
33194,155.0,57.0,699.0
33195,155.0,57.0,700.0
33196,155.0,57.0,952.0
33197,155.0,57.0,953.0
33198,155.0,57.0,954.0
33199,155.0,57.0,955.0
33200,155.0,57.0,956.0
33201,155.0,57.0,1208.0
33202,155.0,57.0,1209.0
33203,155.0,57.0,1210.0
33204,155.0,57.0,1211.0
33205,155.0,57.0,1212.0
33206,155.0,57.0,1464.0
33207,155.0,57.0,1465.0
33208,155.0,57.0,1466.0
33209,155.0,57.0,1467.0
33210,155.0,57.0,1468.0
33211,155.0,57.0,1720.0
33212,155.0,57.0,1721.0
33213,155.0,57.0,1722.0
33214,155.0,57.0,1723.0
33215,155.0,57.0,1724.0
33216,155.0,57.0,1976.0
33217,155.0,57.0,1977.0
33218,155.0,57.0,1978.0
33219,155.0,57.0,1979.0
33220,155.0,57.0,1980.0
33221,155.0,58.0,438.0
33222,155.0,58.0,439.0
33223,155.0,58.0,440.0
33224,155.0,58.0,694.0
33225,155.0,58.0,695.0
33226,155.0,58.0,696.0
33227,155.0,58.0,950.0
33228,155.0,58.0,951.0
33229,155.0,58.0,952.0
33230,155.0,58.0,1206.0
33231,155.0,58.0,1207.0
33232,155.0,58.0,1208.0
33233,155.0,58.0,1462.0
33234,155.0,58.0,1463.0
33235,155.0,58.0,1464.0
33236,155.0,58.0,1718.0
33237,155.0,58.0,1719.0
33238,155.0,58.0,1720.0
33239,155.0,58.0,1974.0
33240,155.0,58.0,1975.0
33241,155.0,58.0,1976.0
33242,155.0,59.0,437.0
33243,155.0,59.0,438.0
33244,155.0,59.0,693.0
33245,155.0,59.0,694.0
33246,155.0,59.0,949.0
33247,155.0,59.0,950.0
33248,155.0,59.0,1205.0
33249,155.0,59.0,1206.0
33250,155.0,59.0,1461.0
33251,155.0,59.0,1462.0
33252,155.0,59.0,1717.0
33253,155.0,59.0,1718.0
33254,155.0,59.0,1973.0
33255,155.0,59.0,1974.0
33256,155.0,62.0,411.0
33257,155.0,63.0,440.0
33258,155.0,69.0,454.0
33259,155.0,69.0,455.0
33260,155.0,69.0,710.0
33261,155.0,69.0,711.0
33262,155.0,69.0,966.0
33263,155.0,69.0,967.0
33264,155.0,69.0,1222.0
33265,155.0,69.0,1223.0
33266,155.0,69.0,1478.0
33267,155.0,69.0,1479.0
33268,155.0,69.0,1734.0
33269,155.0,69.0,1735.0
33270,155.0,69.0,1990.0
33271,155.0,69.0,1991.0
33272,155.0,70.0,454.0
33273,155.0,70.0,710.0
33274,155.0,70.0,966.0
33275,155.0,70.0,1222.0
33276,155.0,70.0,1478.0
33277,155.0,70.0,1734.0
33278,155.0,70.0,1990.0
33279,155.0,71.0,430.0
33280,155.0,71.0,431.0
33281,155.0,71.0,432.0
33282,155.0,71.0,942.0
33283,155.0,71.0,943.0
33284,155.0,71.0,944.0
33285,155.0,71.0,1454.0
33286,155.0,71.0,1455.0
33287,155.0,71.0,1456.0
33288,155.0,71.0,1710.0
33289,155.0,71.0,1711.0
33290,155.0,71.0,1712.0
33291,155.0,71.0,1966.0
33292,155.0,71.0,1967.0
33293,155.0,71.0,1968.0
33294,155.0,72.0,431.0
33295,155.0,72.0,432.0
33296,155.0,72.0,943.0
33297,155.0,72.0,944.0
33298,155.0,72.0,1455.0
33299,155.0,72.0,1456.0
33300,155.0,72.0,1711.0
33301,155.0,72.0,1712.0
33302,155.0,72.0,1967.0
33303,155.0,72.0,1968.0
33304,155.0,75.0,439.0
33305,155.0,75.0,442.0
33306,155.0,75.0,698.0
33307,155.0,75.0,954.0
33308,155.0,75.0,1210.0
33309,155.0,75.0,1466.0
33310,155.0,75.0,1722.0
33311,155.0,75.0,1978.0
33312,155.0,77.0,434.0
33313,155.0,77.0,435.0
33314,155.0,77.0,440.0
33315,155.0,77.0,441.0
33316,155.0,77.0,442.0
33317,155.0,77.0,690.0
33318,155.0,77.0,691.0
33319,155.0,77.0,696.0
33320,155.0,77.0,697.0
33321,155.0,77.0,698.0
33322,155.0,77.0,946.0
33323,155.0,77.0,947.0
33324,155.0,77.0,952.0
33325,155.0,77.0,953.0
33326,155.0,77.0,954.0
33327,155.0,77.0,1202.0
33328,155.0,77.0,1203.0
33329,155.0,77.0,1208.0
33330,155.0,77.0,1209.0
33331,155.0,77.0,1210.0
33332,155.0,77.0,1458.0
33333,155.0,77.0,1459.0
33334,155.0,77.0,1464.0
33335,155.0,77.0,1465.0
33336,155.0,77.0,1466.0
33337,155.0,77.0,1714.0
33338,155.0,77.0,1715.0
33339,155.0,77.0,1720.0
33340,155.0,77.0,1721.0
33341,155.0,77.0,1722.0
33342,155.0,77.0,1970.0
33343,155.0,77.0,1971.0
33344,155.0,77.0,1976.0
33345,155.0,77.0,1977.0
33346,155.0,77.0,1978.0
33347,155.0,78.0,432.0
33348,155.0,78.0,433.0
33349,155.0,78.0,434.0
33350,155.0,78.0,441.0
33351,155.0,78.0,688.0
33352,155.0,78.0,689.0
33353,155.0,78.0,690.0
33354,155.0,78.0,697.0
33355,155.0,78.0,944.0
33356,155.0,78.0,945.0
33357,155.0,78.0,946.0
33358,155.0,78.0,953.0
33359,155.0,78.0,1200.0
33360,155.0,78.0,1201.0
33361,155.0,78.0,1202.0
33362,155.0,78.0,1209.0
33363,155.0,78.0,1456.0
33364,155.0,78.0,1457.0
33365,155.0,78.0,1458.0
33366,155.0,78.0,1465.0
33367,155.0,78.0,1712.0
33368,155.0,78.0,1713.0
33369,155.0,78.0,1714.0
33370,155.0,78.0,1721.0
33371,155.0,78.0,1968.0
33372,155.0,78.0,1969.0
33373,155.0,78.0,1970.0
33374,155.0,78.0,1977.0
33375,155.0,79.0,456.0
33376,155.0,79.0,457.0
33377,155.0,79.0,458.0
33378,155.0,81.0,447.0
33379,155.0,81.0,454.0
33380,155.0,81.0,710.0
33381,155.0,81.0,959.0
33382,155.0,81.0,966.0
33383,155.0,81.0,1215.0
33384,155.0,81.0,1222.0
33385,155.0,81.0,1471.0
33386,155.0,81.0,1478.0
33387,155.0,81.0,1727.0
33388,155.0,81.0,1734.0
33389,155.0,81.0,1983.0
33390,155.0,81.0,1990.0
33391,155.0,82.0,440.0
33392,155.0,82.0,446.0
33393,155.0,82.0,447.0
33394,155.0,82.0,452.0
33395,155.0,82.0,453.0
33396,155.0,82.0,454.0
33397,155.0,82.0,696.0
33398,155.0,82.0,708.0
33399,155.0,82.0,709.0
33400,155.0,82.0,710.0
33401,155.0,82.0,952.0
33402,155.0,82.0,958.0
33403,155.0,82.0,959.0
33404,155.0,82.0,964.0
33405,155.0,82.0,965.0
33406,155.0,82.0,966.0
33407,155.0,82.0,1208.0
33408,155.0,82.0,1214.0
33409,155.0,82.0,1215.0
33410,155.0,82.0,1220.0
33411,155.0,82.0,1221.0
33412,155.0,82.0,1222.0
33413,155.0,82.0,1464.0
33414,155.0,82.0,1470.0
33415,155.0,82.0,1471.0
33416,155.0,82.0,1476.0
33417,155.0,82.0,1477.0
33418,155.0,82.0,1478.0
33419,155.0,82.0,1720.0
33420,155.0,82.0,1726.0
33421,155.0,82.0,1727.0
33422,155.0,82.0,1732.0
33423,155.0,82.0,1733.0
33424,155.0,82.0,1734.0
33425,155.0,82.0,1976.0
33426,155.0,82.0,1982.0
33427,155.0,82.0,1983.0
33428,155.0,82.0,1988.0
33429,155.0,82.0,1989.0
33430,155.0,82.0,1990.0
33431,155.0,83.0,437.0
33432,155.0,83.0,438.0
33433,155.0,83.0,439.0
33434,155.0,83.0,440.0
33435,155.0,83.0,442.0
33436,155.0,83.0,443.0
33437,155.0,83.0,446.0
33438,155.0,83.0,447.0
33439,155.0,83.0,448.0
33440,155.0,83.0,693.0
33441,155.0,83.0,694.0
33442,155.0,83.0,695.0
33443,155.0,83.0,696.0
33444,155.0,83.0,698.0
33445,155.0,83.0,699.0
33446,155.0,83.0,949.0
33447,155.0,83.0,950.0
33448,155.0,83.0,951.0
33449,155.0,83.0,952.0
33450,155.0,83.0,954.0
33451,155.0,83.0,955.0
33452,155.0,83.0,958.0
33453,155.0,83.0,959.0
33454,155.0,83.0,960.0
33455,155.0,83.0,1205.0
33456,155.0,83.0,1206.0
33457,155.0,83.0,1207.0
33458,155.0,83.0,1208.0
33459,155.0,83.0,1210.0
33460,155.0,83.0,1211.0
33461,155.0,83.0,1214.0
33462,155.0,83.0,1215.0
33463,155.0,83.0,1216.0
33464,155.0,83.0,1461.0
33465,155.0,83.0,1462.0
33466,155.0,83.0,1463.0
33467,155.0,83.0,1464.0
33468,155.0,83.0,1466.0
33469,155.0,83.0,1467.0
33470,155.0,83.0,1470.0
33471,155.0,83.0,1471.0
33472,155.0,83.0,1472.0
33473,155.0,83.0,1717.0
33474,155.0,83.0,1718.0
33475,155.0,83.0,1719.0
33476,155.0,83.0,1720.0
33477,155.0,83.0,1722.0
33478,155.0,83.0,1723.0
33479,155.0,83.0,1726.0
33480,155.0,83.0,1727.0
33481,155.0,83.0,1728.0
33482,155.0,83.0,1973.0
33483,155.0,83.0,1974.0
33484,155.0,83.0,1975.0
33485,155.0,83.0,1976.0
33486,155.0,83.0,1978.0
33487,155.0,83.0,1979.0
33488,155.0,83.0,1982.0
33489,155.0,83.0,1983.0
33490,155.0,83.0,1984.0
33491,155.0,84.0,440.0
33492,155.0,84.0,696.0
33493,155.0,84.0,952.0
33494,155.0,84.0,1208.0
33495,155.0,84.0,1464.0
33496,155.0,84.0,1720.0
33497,155.0,84.0,1976.0
33498,155.0,87.0,448.0
33499,155.0,87.0,449.0
33500,155.0,87.0,450.0
33501,155.0,87.0,704.0
33502,155.0,87.0,705.0
33503,155.0,87.0,706.0
33504,155.0,87.0,960.0
33505,155.0,87.0,961.0
33506,155.0,87.0,962.0
33507,155.0,87.0,1216.0
33508,155.0,87.0,1217.0
33509,155.0,87.0,1218.0
33510,155.0,87.0,1472.0
33511,155.0,87.0,1473.0
33512,155.0,87.0,1474.0
33513,155.0,87.0,1728.0
33514,155.0,87.0,1729.0
33515,155.0,87.0,1730.0
33516,155.0,87.0,1984.0
33517,155.0,87.0,1985.0
33518,155.0,87.0,1986.0
33519,155.0,89.0,442.0
33520,155.0,100.0,450.0
33521,155.0,100.0,451.0
33522,155.0,100.0,452.0
33523,155.0,101.0,435.0
33524,155.0,101.0,691.0
33525,155.0,101.0,947.0
33526,155.0,101.0,1203.0
33527,155.0,101.0,1459.0
33528,155.0,101.0,1715.0
33529,155.0,101.0,1971.0
33530,155.0,102.0,418.0
33531,155.0,102.0,419.0
33532,155.0,102.0,434.0
33533,155.0,102.0,435.0
33534,155.0,102.0,436.0
33535,155.0,102.0,690.0
33536,155.0,102.0,691.0
33537,155.0,102.0,692.0
33538,155.0,102.0,930.0
33539,155.0,102.0,931.0
33540,155.0,102.0,946.0
33541,155.0,102.0,947.0
33542,155.0,102.0,948.0
33543,155.0,102.0,1186.0
33544,155.0,102.0,1187.0
33545,155.0,102.0,1202.0
33546,155.0,102.0,1203.0
33547,155.0,102.0,1204.0
33548,155.0,102.0,1442.0
33549,155.0,102.0,1443.0
33550,155.0,102.0,1458.0
33551,155.0,102.0,1459.0
33552,155.0,102.0,1460.0
33553,155.0,102.0,1698.0
33554,155.0,102.0,1699.0
33555,155.0,102.0,1714.0
33556,155.0,102.0,1715.0
33557,155.0,102.0,1716.0
33558,155.0,102.0,1954.0
33559,155.0,102.0,1955.0
33560,155.0,102.0,1970.0
33561,155.0,102.0,1971.0
33562,155.0,102.0,1972.0
33563,155.0,103.0,418.0
33564,155.0,103.0,419.0
33565,155.0,103.0,433.0
33566,155.0,103.0,689.0
33567,155.0,103.0,930.0
33568,155.0,103.0,931.0
33569,155.0,103.0,945.0
33570,155.0,103.0,1186.0
33571,155.0,103.0,1187.0
33572,155.0,103.0,1201.0
33573,155.0,103.0,1442.0
33574,155.0,103.0,1443.0
33575,155.0,103.0,1457.0
33576,155.0,103.0,1698.0
33577,155.0,103.0,1699.0
33578,155.0,103.0,1713.0
33579,155.0,103.0,1954.0
33580,155.0,103.0,1955.0
33581,155.0,103.0,1969.0
33582,155.0,107.0,446.0
33583,155.0,108.0,445.0
33584,156.0,28.0,418.0
33585,156.0,28.0,419.0
33586,156.0,29.0,412.0
33587,156.0,30.0,409.0
33588,156.0,30.0,410.0
33589,156.0,33.0,405.0
33590,156.0,34.0,404.0
33591,156.0,36.0,406.0
33592,156.0,36.0,412.0
33593,156.0,36.0,662.0
33594,156.0,36.0,668.0
33595,156.0,36.0,918.0
33596,156.0,36.0,924.0
33597,156.0,36.0,1174.0
33598,156.0,36.0,1180.0
33599,156.0,36.0,1430.0
33600,156.0,36.0,1436.0
33601,156.0,36.0,1686.0
33602,156.0,36.0,1692.0
33603,156.0,36.0,1942.0
33604,156.0,36.0,1948.0
33605,156.0,37.0,405.0
33606,156.0,37.0,661.0
33607,156.0,37.0,917.0
33608,156.0,37.0,1173.0
33609,156.0,37.0,1429.0
33610,156.0,37.0,1685.0
33611,156.0,37.0,1941.0
33612,156.0,41.0,444.0
33613,156.0,41.0,445.0
33614,156.0,41.0,700.0
33615,156.0,41.0,701.0
33616,156.0,41.0,956.0
33617,156.0,41.0,957.0
33618,156.0,41.0,1212.0
33619,156.0,41.0,1213.0
33620,156.0,41.0,1468.0
33621,156.0,41.0,1469.0
33622,156.0,41.0,1724.0
33623,156.0,41.0,1725.0
33624,156.0,41.0,1980.0
33625,156.0,41.0,1981.0
33626,156.0,42.0,442.0
33627,156.0,42.0,698.0
33628,156.0,42.0,954.0
33629,156.0,42.0,1210.0
33630,156.0,42.0,1466.0
33631,156.0,42.0,1722.0
33632,156.0,42.0,1978.0
33633,156.0,47.0,429.0
33634,156.0,48.0,426.0
33635,156.0,48.0,427.0
33636,156.0,48.0,455.0
33637,156.0,48.0,456.0
33638,156.0,48.0,711.0
33639,156.0,48.0,712.0
33640,156.0,48.0,967.0
33641,156.0,48.0,968.0
33642,156.0,48.0,1223.0
33643,156.0,48.0,1224.0
33644,156.0,48.0,1479.0
33645,156.0,48.0,1480.0
33646,156.0,48.0,1991.0
33647,156.0,48.0,1992.0
33648,156.0,52.0,426.0
33649,156.0,52.0,427.0
33650,156.0,52.0,429.0
33651,156.0,52.0,430.0
33652,156.0,52.0,437.0
33653,156.0,52.0,438.0
33654,156.0,52.0,439.0
33655,156.0,52.0,682.0
33656,156.0,52.0,683.0
33657,156.0,52.0,685.0
33658,156.0,52.0,686.0
33659,156.0,52.0,938.0
33660,156.0,52.0,939.0
33661,156.0,52.0,941.0
33662,156.0,52.0,942.0
33663,156.0,52.0,949.0
33664,156.0,52.0,950.0
33665,156.0,52.0,951.0
33666,156.0,52.0,1194.0
33667,156.0,52.0,1195.0
33668,156.0,52.0,1197.0
33669,156.0,52.0,1198.0
33670,156.0,52.0,1205.0
33671,156.0,52.0,1206.0
33672,156.0,52.0,1207.0
33673,156.0,52.0,1450.0
33674,156.0,52.0,1451.0
33675,156.0,52.0,1453.0
33676,156.0,52.0,1454.0
33677,156.0,52.0,1461.0
33678,156.0,52.0,1462.0
33679,156.0,52.0,1463.0
33680,156.0,52.0,1706.0
33681,156.0,52.0,1707.0
33682,156.0,52.0,1709.0
33683,156.0,52.0,1710.0
33684,156.0,52.0,1717.0
33685,156.0,52.0,1718.0
33686,156.0,52.0,1719.0
33687,156.0,52.0,1962.0
33688,156.0,52.0,1963.0
33689,156.0,52.0,1965.0
33690,156.0,52.0,1966.0
33691,156.0,52.0,1973.0
33692,156.0,52.0,1974.0
33693,156.0,52.0,1975.0
33694,156.0,53.0,424.0
33695,156.0,53.0,425.0
33696,156.0,53.0,680.0
33697,156.0,53.0,681.0
33698,156.0,53.0,936.0
33699,156.0,53.0,937.0
33700,156.0,53.0,1192.0
33701,156.0,53.0,1193.0
33702,156.0,53.0,1448.0
33703,156.0,53.0,1449.0
33704,156.0,53.0,1704.0
33705,156.0,53.0,1705.0
33706,156.0,53.0,1960.0
33707,156.0,53.0,1961.0
33708,156.0,54.0,416.0
33709,156.0,54.0,417.0
33710,156.0,54.0,418.0
33711,156.0,54.0,423.0
33712,156.0,54.0,424.0
33713,156.0,54.0,425.0
33714,156.0,54.0,672.0
33715,156.0,54.0,673.0
33716,156.0,54.0,674.0
33717,156.0,54.0,679.0
33718,156.0,54.0,680.0
33719,156.0,54.0,681.0
33720,156.0,54.0,928.0
33721,156.0,54.0,929.0
33722,156.0,54.0,930.0
33723,156.0,54.0,935.0
33724,156.0,54.0,936.0
33725,156.0,54.0,937.0
33726,156.0,54.0,1184.0
33727,156.0,54.0,1185.0
33728,156.0,54.0,1186.0
33729,156.0,54.0,1191.0
33730,156.0,54.0,1192.0
33731,156.0,54.0,1193.0
33732,156.0,54.0,1440.0
33733,156.0,54.0,1441.0
33734,156.0,54.0,1442.0
33735,156.0,54.0,1447.0
33736,156.0,54.0,1448.0
33737,156.0,54.0,1449.0
33738,156.0,54.0,1696.0
33739,156.0,54.0,1697.0
33740,156.0,54.0,1698.0
33741,156.0,54.0,1703.0
33742,156.0,54.0,1704.0
33743,156.0,54.0,1705.0
33744,156.0,54.0,1952.0
33745,156.0,54.0,1953.0
33746,156.0,54.0,1954.0
33747,156.0,54.0,1959.0
33748,156.0,54.0,1960.0
33749,156.0,54.0,1961.0
33750,156.0,55.0,415.0
33751,156.0,55.0,416.0
33752,156.0,55.0,417.0
33753,156.0,55.0,422.0
33754,156.0,55.0,425.0
33755,156.0,55.0,426.0
33756,156.0,55.0,671.0
33757,156.0,55.0,672.0
33758,156.0,55.0,673.0
33759,156.0,55.0,678.0
33760,156.0,55.0,681.0
33761,156.0,55.0,682.0
33762,156.0,55.0,927.0
33763,156.0,55.0,928.0
33764,156.0,55.0,929.0
33765,156.0,55.0,934.0
33766,156.0,55.0,937.0
33767,156.0,55.0,938.0
33768,156.0,55.0,1183.0
33769,156.0,55.0,1184.0
33770,156.0,55.0,1185.0
33771,156.0,55.0,1190.0
33772,156.0,55.0,1193.0
33773,156.0,55.0,1194.0
33774,156.0,55.0,1439.0
33775,156.0,55.0,1440.0
33776,156.0,55.0,1441.0
33777,156.0,55.0,1446.0
33778,156.0,55.0,1449.0
33779,156.0,55.0,1450.0
33780,156.0,55.0,1695.0
33781,156.0,55.0,1696.0
33782,156.0,55.0,1697.0
33783,156.0,55.0,1702.0
33784,156.0,55.0,1705.0
33785,156.0,55.0,1706.0
33786,156.0,55.0,1951.0
33787,156.0,55.0,1952.0
33788,156.0,55.0,1953.0
33789,156.0,55.0,1958.0
33790,156.0,55.0,1961.0
33791,156.0,55.0,1962.0
33792,156.0,56.0,415.0
33793,156.0,56.0,416.0
33794,156.0,56.0,435.0
33795,156.0,56.0,436.0
33796,156.0,56.0,444.0
33797,156.0,56.0,445.0
33798,156.0,56.0,446.0
33799,156.0,56.0,671.0
33800,156.0,56.0,672.0
33801,156.0,56.0,691.0
33802,156.0,56.0,692.0
33803,156.0,56.0,700.0
33804,156.0,56.0,701.0
33805,156.0,56.0,702.0
33806,156.0,56.0,927.0
33807,156.0,56.0,928.0
33808,156.0,56.0,947.0
33809,156.0,56.0,948.0
33810,156.0,56.0,956.0
33811,156.0,56.0,957.0
33812,156.0,56.0,958.0
33813,156.0,56.0,1183.0
33814,156.0,56.0,1184.0
33815,156.0,56.0,1212.0
33816,156.0,56.0,1213.0
33817,156.0,56.0,1214.0
33818,156.0,56.0,1439.0
33819,156.0,56.0,1440.0
33820,156.0,56.0,1459.0
33821,156.0,56.0,1460.0
33822,156.0,56.0,1468.0
33823,156.0,56.0,1469.0
33824,156.0,56.0,1470.0
33825,156.0,56.0,1695.0
33826,156.0,56.0,1696.0
33827,156.0,56.0,1715.0
33828,156.0,56.0,1716.0
33829,156.0,56.0,1724.0
33830,156.0,56.0,1725.0
33831,156.0,56.0,1726.0
33832,156.0,56.0,1951.0
33833,156.0,56.0,1952.0
33834,156.0,56.0,1971.0
33835,156.0,56.0,1972.0
33836,156.0,56.0,1980.0
33837,156.0,56.0,1981.0
33838,156.0,56.0,1982.0
33839,156.0,57.0,433.0
33840,156.0,57.0,434.0
33841,156.0,57.0,435.0
33842,156.0,57.0,443.0
33843,156.0,57.0,444.0
33844,156.0,57.0,689.0
33845,156.0,57.0,690.0
33846,156.0,57.0,691.0
33847,156.0,57.0,699.0
33848,156.0,57.0,700.0
33849,156.0,57.0,945.0
33850,156.0,57.0,946.0
33851,156.0,57.0,947.0
33852,156.0,57.0,955.0
33853,156.0,57.0,956.0
33854,156.0,57.0,1211.0
33855,156.0,57.0,1212.0
33856,156.0,57.0,1457.0
33857,156.0,57.0,1458.0
33858,156.0,57.0,1459.0
33859,156.0,57.0,1467.0
33860,156.0,57.0,1468.0
33861,156.0,57.0,1713.0
33862,156.0,57.0,1714.0
33863,156.0,57.0,1715.0
33864,156.0,57.0,1723.0
33865,156.0,57.0,1724.0
33866,156.0,57.0,1969.0
33867,156.0,57.0,1970.0
33868,156.0,57.0,1971.0
33869,156.0,57.0,1979.0
33870,156.0,57.0,1980.0
33871,156.0,58.0,438.0
33872,156.0,58.0,439.0
33873,156.0,58.0,440.0
33874,156.0,58.0,442.0
33875,156.0,58.0,694.0
33876,156.0,58.0,695.0
33877,156.0,58.0,696.0
33878,156.0,58.0,698.0
33879,156.0,58.0,950.0
33880,156.0,58.0,951.0
33881,156.0,58.0,952.0
33882,156.0,58.0,954.0
33883,156.0,58.0,1206.0
33884,156.0,58.0,1207.0
33885,156.0,58.0,1208.0
33886,156.0,58.0,1210.0
33887,156.0,58.0,1462.0
33888,156.0,58.0,1463.0
33889,156.0,58.0,1464.0
33890,156.0,58.0,1466.0
33891,156.0,58.0,1718.0
33892,156.0,58.0,1719.0
33893,156.0,58.0,1720.0
33894,156.0,58.0,1722.0
33895,156.0,58.0,1974.0
33896,156.0,58.0,1975.0
33897,156.0,58.0,1976.0
33898,156.0,58.0,1978.0
33899,156.0,59.0,439.0
33900,156.0,59.0,440.0
33901,156.0,59.0,441.0
33902,156.0,59.0,442.0
33903,156.0,59.0,443.0
33904,156.0,59.0,695.0
33905,156.0,59.0,696.0
33906,156.0,59.0,697.0
33907,156.0,59.0,698.0
33908,156.0,59.0,699.0
33909,156.0,59.0,951.0
33910,156.0,59.0,952.0
33911,156.0,59.0,953.0
33912,156.0,59.0,954.0
33913,156.0,59.0,955.0
33914,156.0,59.0,1207.0
33915,156.0,59.0,1208.0
33916,156.0,59.0,1209.0
33917,156.0,59.0,1210.0
33918,156.0,59.0,1211.0
33919,156.0,59.0,1463.0
33920,156.0,59.0,1464.0
33921,156.0,59.0,1465.0
33922,156.0,59.0,1466.0
33923,156.0,59.0,1467.0
33924,156.0,59.0,1719.0
33925,156.0,59.0,1720.0
33926,156.0,59.0,1721.0
33927,156.0,59.0,1722.0
33928,156.0,59.0,1723.0
33929,156.0,59.0,1975.0
33930,156.0,59.0,1976.0
33931,156.0,59.0,1977.0
33932,156.0,59.0,1978.0
33933,156.0,59.0,1979.0
33934,156.0,60.0,432.0
33935,156.0,60.0,433.0
33936,156.0,60.0,688.0
33937,156.0,60.0,689.0
33938,156.0,60.0,944.0
33939,156.0,60.0,945.0
33940,156.0,60.0,1200.0
33941,156.0,60.0,1201.0
33942,156.0,60.0,1456.0
33943,156.0,60.0,1457.0
33944,156.0,60.0,1968.0
33945,156.0,60.0,1969.0
33946,156.0,61.0,445.0
33947,156.0,61.0,446.0
33948,156.0,61.0,701.0
33949,156.0,61.0,702.0
33950,156.0,61.0,957.0
33951,156.0,61.0,958.0
33952,156.0,61.0,1213.0
33953,156.0,61.0,1214.0
33954,156.0,61.0,1469.0
33955,156.0,61.0,1470.0
33956,156.0,61.0,1725.0
33957,156.0,61.0,1726.0
33958,156.0,61.0,1981.0
33959,156.0,61.0,1982.0
33960,156.0,62.0,428.0
33961,156.0,62.0,429.0
33962,156.0,62.0,430.0
33963,156.0,71.0,431.0
33964,156.0,71.0,432.0
33965,156.0,71.0,943.0
33966,156.0,71.0,944.0
33967,156.0,71.0,1455.0
33968,156.0,71.0,1456.0
33969,156.0,71.0,1711.0
33970,156.0,71.0,1712.0
33971,156.0,71.0,1967.0
33972,156.0,71.0,1968.0
33973,156.0,74.0,461.0
33974,156.0,74.0,462.0
33975,156.0,74.0,717.0
33976,156.0,74.0,718.0
33977,156.0,74.0,973.0
33978,156.0,74.0,974.0
33979,156.0,74.0,1229.0
33980,156.0,74.0,1230.0
33981,156.0,74.0,1485.0
33982,156.0,74.0,1486.0
33983,156.0,74.0,1741.0
33984,156.0,74.0,1742.0
33985,156.0,74.0,1997.0
33986,156.0,74.0,1998.0
33987,156.0,75.0,438.0
33988,156.0,75.0,439.0
33989,156.0,77.0,440.0
33990,156.0,77.0,441.0
33991,156.0,77.0,696.0
33992,156.0,77.0,697.0
33993,156.0,77.0,952.0
33994,156.0,77.0,953.0
33995,156.0,77.0,1208.0
33996,156.0,77.0,1209.0
33997,156.0,77.0,1464.0
33998,156.0,77.0,1465.0
33999,156.0,77.0,1720.0
34000,156.0,77.0,1721.0
34001,156.0,77.0,1976.0
34002,156.0,77.0,1977.0
34003,156.0,78.0,432.0
34004,156.0,78.0,433.0
34005,156.0,78.0,688.0
34006,156.0,78.0,689.0
34007,156.0,78.0,944.0
34008,156.0,78.0,945.0
34009,156.0,78.0,1200.0
34010,156.0,78.0,1201.0
34011,156.0,78.0,1456.0
34012,156.0,78.0,1457.0
34013,156.0,78.0,1712.0
34014,156.0,78.0,1713.0
34015,156.0,78.0,1968.0
34016,156.0,78.0,1969.0
34017,156.0,79.0,432.0
34018,156.0,79.0,433.0
34019,156.0,79.0,688.0
34020,156.0,79.0,689.0
34021,156.0,79.0,944.0
34022,156.0,79.0,945.0
34023,156.0,79.0,1200.0
34024,156.0,79.0,1201.0
34025,156.0,79.0,1456.0
34026,156.0,79.0,1457.0
34027,156.0,79.0,1712.0
34028,156.0,79.0,1713.0
34029,156.0,79.0,1968.0
34030,156.0,79.0,1969.0
34031,156.0,81.0,447.0
34032,156.0,81.0,959.0
34033,156.0,81.0,1215.0
34034,156.0,81.0,1471.0
34035,156.0,81.0,1727.0
34036,156.0,81.0,1983.0
34037,156.0,82.0,446.0
34038,156.0,82.0,453.0
34039,156.0,82.0,454.0
34040,156.0,82.0,709.0
34041,156.0,82.0,710.0
34042,156.0,82.0,958.0
34043,156.0,82.0,965.0
34044,156.0,82.0,966.0
34045,156.0,82.0,1214.0
34046,156.0,82.0,1221.0
34047,156.0,82.0,1222.0
34048,156.0,82.0,1470.0
34049,156.0,82.0,1477.0
34050,156.0,82.0,1478.0
34051,156.0,82.0,1726.0
34052,156.0,82.0,1733.0
34053,156.0,82.0,1734.0
34054,156.0,82.0,1982.0
34055,156.0,82.0,1989.0
34056,156.0,82.0,1990.0
34057,156.0,83.0,439.0
34058,156.0,83.0,440.0
34059,156.0,83.0,695.0
34060,156.0,83.0,696.0
34061,156.0,83.0,951.0
34062,156.0,83.0,952.0
34063,156.0,83.0,1207.0
34064,156.0,83.0,1208.0
34065,156.0,83.0,1463.0
34066,156.0,83.0,1464.0
34067,156.0,83.0,1719.0
34068,156.0,83.0,1720.0
34069,156.0,83.0,1975.0
34070,156.0,83.0,1976.0
34071,156.0,84.0,439.0
34072,156.0,84.0,440.0
34073,156.0,84.0,441.0
34074,156.0,84.0,695.0
34075,156.0,84.0,696.0
34076,156.0,84.0,697.0
34077,156.0,84.0,951.0
34078,156.0,84.0,952.0
34079,156.0,84.0,953.0
34080,156.0,84.0,1207.0
34081,156.0,84.0,1208.0
34082,156.0,84.0,1209.0
34083,156.0,84.0,1463.0
34084,156.0,84.0,1464.0
34085,156.0,84.0,1465.0
34086,156.0,84.0,1719.0
34087,156.0,84.0,1720.0
34088,156.0,84.0,1721.0
34089,156.0,84.0,1975.0
34090,156.0,84.0,1976.0
34091,156.0,84.0,1977.0
34092,156.0,85.0,440.0
34093,156.0,85.0,696.0
34094,156.0,85.0,952.0
34095,156.0,85.0,1208.0
34096,156.0,85.0,1464.0
34097,156.0,85.0,1720.0
34098,156.0,85.0,1976.0
34099,156.0,86.0,449.0
34100,156.0,86.0,452.0
34101,156.0,86.0,705.0
34102,156.0,86.0,708.0
34103,156.0,86.0,961.0
34104,156.0,86.0,964.0
34105,156.0,86.0,1217.0
34106,156.0,86.0,1220.0
34107,156.0,86.0,1473.0
34108,156.0,86.0,1476.0
34109,156.0,86.0,1729.0
34110,156.0,86.0,1732.0
34111,156.0,86.0,1985.0
34112,156.0,86.0,1988.0
34113,156.0,87.0,447.0
34114,156.0,87.0,448.0
34115,156.0,87.0,449.0
34116,156.0,87.0,450.0
34117,156.0,87.0,703.0
34118,156.0,87.0,704.0
34119,156.0,87.0,705.0
34120,156.0,87.0,706.0
34121,156.0,87.0,959.0
34122,156.0,87.0,960.0
34123,156.0,87.0,961.0
34124,156.0,87.0,962.0
34125,156.0,87.0,1215.0
34126,156.0,87.0,1216.0
34127,156.0,87.0,1217.0
34128,156.0,87.0,1218.0
34129,156.0,87.0,1471.0
34130,156.0,87.0,1472.0
34131,156.0,87.0,1473.0
34132,156.0,87.0,1474.0
34133,156.0,87.0,1727.0
34134,156.0,87.0,1728.0
34135,156.0,87.0,1729.0
34136,156.0,87.0,1730.0
34137,156.0,87.0,1983.0
34138,156.0,87.0,1984.0
34139,156.0,87.0,1985.0
34140,156.0,87.0,1986.0
34141,156.0,88.0,446.0
34142,156.0,88.0,447.0
34143,156.0,88.0,702.0
34144,156.0,88.0,703.0
34145,156.0,88.0,958.0
34146,156.0,88.0,959.0
34147,156.0,88.0,1214.0
34148,156.0,88.0,1215.0
34149,156.0,88.0,1470.0
34150,156.0,88.0,1471.0
34151,156.0,88.0,1726.0
34152,156.0,88.0,1727.0
34153,156.0,88.0,1982.0
34154,156.0,88.0,1983.0
34155,156.0,90.0,447.0
34156,156.0,90.0,455.0
34157,156.0,90.0,456.0
34158,156.0,90.0,967.0
34159,156.0,90.0,968.0
34160,156.0,90.0,1479.0
34161,156.0,90.0,1480.0
34162,156.0,90.0,1735.0
34163,156.0,90.0,1736.0
34164,156.0,90.0,1991.0
34165,156.0,90.0,1992.0
34166,156.0,91.0,446.0
34167,156.0,91.0,453.0
34168,156.0,91.0,454.0
34169,156.0,91.0,455.0
34170,156.0,91.0,965.0
34171,156.0,91.0,966.0
34172,156.0,91.0,967.0
34173,156.0,91.0,1477.0
34174,156.0,91.0,1478.0
34175,156.0,91.0,1479.0
34176,156.0,91.0,1733.0
34177,156.0,91.0,1734.0
34178,156.0,91.0,1735.0
34179,156.0,91.0,1989.0
34180,156.0,91.0,1990.0
34181,156.0,91.0,1991.0
34182,156.0,92.0,453.0
34183,156.0,92.0,965.0
34184,156.0,92.0,1477.0
34185,156.0,92.0,1733.0
34186,156.0,92.0,1989.0
34187,156.0,100.0,452.0
34188,156.0,102.0,434.0
34189,156.0,102.0,435.0
34190,156.0,102.0,436.0
34191,156.0,102.0,690.0
34192,156.0,102.0,691.0
34193,156.0,102.0,692.0
34194,156.0,102.0,946.0
34195,156.0,102.0,947.0
34196,156.0,102.0,948.0
34197,156.0,102.0,1202.0
34198,156.0,102.0,1203.0
34199,156.0,102.0,1204.0
34200,156.0,102.0,1458.0
34201,156.0,102.0,1459.0
34202,156.0,102.0,1460.0
34203,156.0,102.0,1714.0
34204,156.0,102.0,1715.0
34205,156.0,102.0,1716.0
34206,156.0,102.0,1970.0
34207,156.0,102.0,1971.0
34208,156.0,102.0,1972.0
34209,156.0,103.0,418.0
34210,156.0,103.0,419.0
34211,156.0,103.0,930.0
34212,156.0,103.0,931.0
34213,156.0,103.0,1186.0
34214,156.0,103.0,1187.0
34215,156.0,103.0,1442.0
34216,156.0,103.0,1443.0
34217,156.0,103.0,1698.0
34218,156.0,103.0,1699.0
34219,156.0,103.0,1954.0
34220,156.0,103.0,1955.0
34221,156.0,105.0,421.0
34222,156.0,105.0,422.0
34223,156.0,105.0,423.0
34224,156.0,106.0,422.0
34225,157.0,34.0,412.0
34226,157.0,34.0,413.0
34227,157.0,34.0,668.0
34228,157.0,34.0,669.0
34229,157.0,34.0,924.0
34230,157.0,34.0,925.0
34231,157.0,34.0,1180.0
34232,157.0,34.0,1181.0
34233,157.0,34.0,1436.0
34234,157.0,34.0,1437.0
34235,157.0,34.0,1692.0
34236,157.0,34.0,1693.0
34237,157.0,34.0,1948.0
34238,157.0,34.0,1949.0
34239,157.0,35.0,411.0
34240,157.0,35.0,412.0
34241,157.0,35.0,413.0
34242,157.0,35.0,667.0
34243,157.0,35.0,668.0
34244,157.0,35.0,669.0
34245,157.0,35.0,923.0
34246,157.0,35.0,924.0
34247,157.0,35.0,925.0
34248,157.0,35.0,1179.0
34249,157.0,35.0,1180.0
34250,157.0,35.0,1181.0
34251,157.0,35.0,1435.0
34252,157.0,35.0,1436.0
34253,157.0,35.0,1437.0
34254,157.0,35.0,1691.0
34255,157.0,35.0,1692.0
34256,157.0,35.0,1693.0
34257,157.0,35.0,1947.0
34258,157.0,35.0,1948.0
34259,157.0,35.0,1949.0
34260,157.0,36.0,405.0
34261,157.0,36.0,406.0
34262,157.0,36.0,410.0
34263,157.0,36.0,412.0
34264,157.0,36.0,661.0
34265,157.0,36.0,662.0
34266,157.0,36.0,666.0
34267,157.0,36.0,668.0
34268,157.0,36.0,917.0
34269,157.0,36.0,918.0
34270,157.0,36.0,922.0
34271,157.0,36.0,924.0
34272,157.0,36.0,1173.0
34273,157.0,36.0,1174.0
34274,157.0,36.0,1178.0
34275,157.0,36.0,1180.0
34276,157.0,36.0,1429.0
34277,157.0,36.0,1430.0
34278,157.0,36.0,1434.0
34279,157.0,36.0,1436.0
34280,157.0,36.0,1685.0
34281,157.0,36.0,1686.0
34282,157.0,36.0,1690.0
34283,157.0,36.0,1692.0
34284,157.0,36.0,1941.0
34285,157.0,36.0,1942.0
34286,157.0,36.0,1946.0
34287,157.0,36.0,1948.0
34288,157.0,37.0,403.0
34289,157.0,37.0,404.0
34290,157.0,37.0,405.0
34291,157.0,37.0,659.0
34292,157.0,37.0,660.0
34293,157.0,37.0,661.0
34294,157.0,37.0,915.0
34295,157.0,37.0,916.0
34296,157.0,37.0,917.0
34297,157.0,37.0,1171.0
34298,157.0,37.0,1172.0
34299,157.0,37.0,1173.0
34300,157.0,37.0,1427.0
34301,157.0,37.0,1428.0
34302,157.0,37.0,1429.0
34303,157.0,37.0,1683.0
34304,157.0,37.0,1684.0
34305,157.0,37.0,1685.0
34306,157.0,37.0,1939.0
34307,157.0,37.0,1940.0
34308,157.0,37.0,1941.0
34309,157.0,41.0,444.0
34310,157.0,41.0,445.0
34311,157.0,41.0,700.0
34312,157.0,41.0,701.0
34313,157.0,41.0,956.0
34314,157.0,41.0,957.0
34315,157.0,41.0,1212.0
34316,157.0,41.0,1213.0
34317,157.0,41.0,1468.0
34318,157.0,41.0,1469.0
34319,157.0,41.0,1724.0
34320,157.0,41.0,1725.0
34321,157.0,41.0,1980.0
34322,157.0,41.0,1981.0
34323,157.0,47.0,457.0
34324,157.0,47.0,458.0
34325,157.0,47.0,713.0
34326,157.0,47.0,714.0
34327,157.0,47.0,969.0
34328,157.0,47.0,970.0
34329,157.0,47.0,1225.0
34330,157.0,47.0,1226.0
34331,157.0,47.0,1481.0
34332,157.0,47.0,1482.0
34333,157.0,47.0,1993.0
34334,157.0,47.0,1994.0
34335,157.0,48.0,428.0
34336,157.0,48.0,429.0
34337,157.0,48.0,430.0
34338,157.0,48.0,455.0
34339,157.0,48.0,456.0
34340,157.0,48.0,711.0
34341,157.0,48.0,712.0
34342,157.0,48.0,967.0
34343,157.0,48.0,968.0
34344,157.0,48.0,1223.0
34345,157.0,48.0,1224.0
34346,157.0,48.0,1479.0
34347,157.0,48.0,1480.0
34348,157.0,48.0,1991.0
34349,157.0,48.0,1992.0
34350,157.0,52.0,425.0
34351,157.0,52.0,426.0
34352,157.0,52.0,427.0
34353,157.0,52.0,430.0
34354,157.0,52.0,437.0
34355,157.0,52.0,681.0
34356,157.0,52.0,682.0
34357,157.0,52.0,683.0
34358,157.0,52.0,686.0
34359,157.0,52.0,937.0
34360,157.0,52.0,938.0
34361,157.0,52.0,939.0
34362,157.0,52.0,942.0
34363,157.0,52.0,949.0
34364,157.0,52.0,1193.0
34365,157.0,52.0,1194.0
34366,157.0,52.0,1195.0
34367,157.0,52.0,1198.0
34368,157.0,52.0,1205.0
34369,157.0,52.0,1449.0
34370,157.0,52.0,1450.0
34371,157.0,52.0,1451.0
34372,157.0,52.0,1454.0
34373,157.0,52.0,1461.0
34374,157.0,52.0,1705.0
34375,157.0,52.0,1706.0
34376,157.0,52.0,1707.0
34377,157.0,52.0,1710.0
34378,157.0,52.0,1717.0
34379,157.0,52.0,1961.0
34380,157.0,52.0,1962.0
34381,157.0,52.0,1963.0
34382,157.0,52.0,1966.0
34383,157.0,52.0,1973.0
34384,157.0,53.0,423.0
34385,157.0,53.0,424.0
34386,157.0,53.0,425.0
34387,157.0,53.0,679.0
34388,157.0,53.0,680.0
34389,157.0,53.0,681.0
34390,157.0,53.0,935.0
34391,157.0,53.0,936.0
34392,157.0,53.0,937.0
34393,157.0,53.0,1191.0
34394,157.0,53.0,1192.0
34395,157.0,53.0,1193.0
34396,157.0,53.0,1447.0
34397,157.0,53.0,1448.0
34398,157.0,53.0,1449.0
34399,157.0,53.0,1703.0
34400,157.0,53.0,1704.0
34401,157.0,53.0,1705.0
34402,157.0,53.0,1959.0
34403,157.0,53.0,1960.0
34404,157.0,53.0,1961.0
34405,157.0,54.0,416.0
34406,157.0,54.0,417.0
34407,157.0,54.0,424.0
34408,157.0,54.0,425.0
34409,157.0,54.0,672.0
34410,157.0,54.0,673.0
34411,157.0,54.0,680.0
34412,157.0,54.0,681.0
34413,157.0,54.0,928.0
34414,157.0,54.0,929.0
34415,157.0,54.0,936.0
34416,157.0,54.0,937.0
34417,157.0,54.0,1184.0
34418,157.0,54.0,1185.0
34419,157.0,54.0,1192.0
34420,157.0,54.0,1193.0
34421,157.0,54.0,1440.0
34422,157.0,54.0,1441.0
34423,157.0,54.0,1448.0
34424,157.0,54.0,1449.0
34425,157.0,54.0,1696.0
34426,157.0,54.0,1697.0
34427,157.0,54.0,1704.0
34428,157.0,54.0,1705.0
34429,157.0,54.0,1952.0
34430,157.0,54.0,1953.0
34431,157.0,54.0,1960.0
34432,157.0,54.0,1961.0
34433,157.0,55.0,424.0
34434,157.0,55.0,425.0
34435,157.0,55.0,426.0
34436,157.0,55.0,680.0
34437,157.0,55.0,681.0
34438,157.0,55.0,682.0
34439,157.0,55.0,936.0
34440,157.0,55.0,937.0
34441,157.0,55.0,938.0
34442,157.0,55.0,1192.0
34443,157.0,55.0,1193.0
34444,157.0,55.0,1194.0
34445,157.0,55.0,1448.0
34446,157.0,55.0,1449.0
34447,157.0,55.0,1450.0
34448,157.0,55.0,1704.0
34449,157.0,55.0,1705.0
34450,157.0,55.0,1706.0
34451,157.0,55.0,1960.0
34452,157.0,55.0,1961.0
34453,157.0,55.0,1962.0
34454,157.0,56.0,435.0
34455,157.0,56.0,436.0
34456,157.0,56.0,691.0
34457,157.0,56.0,692.0
34458,157.0,56.0,947.0
34459,157.0,56.0,948.0
34460,157.0,56.0,1459.0
34461,157.0,56.0,1460.0
34462,157.0,56.0,1715.0
34463,157.0,56.0,1716.0
34464,157.0,56.0,1971.0
34465,157.0,56.0,1972.0
34466,157.0,57.0,433.0
34467,157.0,57.0,434.0
34468,157.0,57.0,435.0
34469,157.0,57.0,689.0
34470,157.0,57.0,690.0
34471,157.0,57.0,691.0
34472,157.0,57.0,945.0
34473,157.0,57.0,946.0
34474,157.0,57.0,947.0
34475,157.0,57.0,1457.0
34476,157.0,57.0,1458.0
34477,157.0,57.0,1459.0
34478,157.0,57.0,1713.0
34479,157.0,57.0,1714.0
34480,157.0,57.0,1715.0
34481,157.0,57.0,1969.0
34482,157.0,57.0,1970.0
34483,157.0,57.0,1971.0
34484,157.0,60.0,432.0
34485,157.0,60.0,433.0
34486,157.0,60.0,439.0
34487,157.0,60.0,440.0
34488,157.0,60.0,688.0
34489,157.0,60.0,689.0
34490,157.0,60.0,944.0
34491,157.0,60.0,945.0
34492,157.0,60.0,1200.0
34493,157.0,60.0,1201.0
34494,157.0,60.0,1456.0
34495,157.0,60.0,1457.0
34496,157.0,60.0,1968.0
34497,157.0,60.0,1969.0
34498,157.0,61.0,430.0
34499,157.0,61.0,445.0
34500,157.0,61.0,446.0
34501,157.0,61.0,686.0
34502,157.0,61.0,701.0
34503,157.0,61.0,702.0
34504,157.0,61.0,942.0
34505,157.0,61.0,957.0
34506,157.0,61.0,958.0
34507,157.0,61.0,1198.0
34508,157.0,61.0,1213.0
34509,157.0,61.0,1214.0
34510,157.0,61.0,1454.0
34511,157.0,61.0,1469.0
34512,157.0,61.0,1470.0
34513,157.0,61.0,1725.0
34514,157.0,61.0,1726.0
34515,157.0,61.0,1966.0
34516,157.0,61.0,1981.0
34517,157.0,61.0,1982.0
34518,157.0,66.0,443.0
34519,157.0,66.0,444.0
34520,157.0,66.0,699.0
34521,157.0,66.0,700.0
34522,157.0,66.0,955.0
34523,157.0,66.0,956.0
34524,157.0,66.0,1211.0
34525,157.0,66.0,1212.0
34526,157.0,66.0,1467.0
34527,157.0,66.0,1468.0
34528,157.0,66.0,1723.0
34529,157.0,66.0,1724.0
34530,157.0,66.0,1979.0
34531,157.0,66.0,1980.0
34532,157.0,67.0,440.0
34533,157.0,67.0,441.0
34534,157.0,67.0,443.0
34535,157.0,67.0,444.0
34536,157.0,67.0,445.0
34537,157.0,67.0,446.0
34538,157.0,67.0,447.0
34539,157.0,67.0,696.0
34540,157.0,67.0,697.0
34541,157.0,67.0,699.0
34542,157.0,67.0,700.0
34543,157.0,67.0,701.0
34544,157.0,67.0,702.0
34545,157.0,67.0,703.0
34546,157.0,67.0,952.0
34547,157.0,67.0,953.0
34548,157.0,67.0,955.0
34549,157.0,67.0,956.0
34550,157.0,67.0,957.0
34551,157.0,67.0,958.0
34552,157.0,67.0,959.0
34553,157.0,67.0,1208.0
34554,157.0,67.0,1209.0
34555,157.0,67.0,1211.0
34556,157.0,67.0,1212.0
34557,157.0,67.0,1213.0
34558,157.0,67.0,1214.0
34559,157.0,67.0,1215.0
34560,157.0,67.0,1464.0
34561,157.0,67.0,1465.0
34562,157.0,67.0,1467.0
34563,157.0,67.0,1468.0
34564,157.0,67.0,1469.0
34565,157.0,67.0,1470.0
34566,157.0,67.0,1471.0
34567,157.0,67.0,1720.0
34568,157.0,67.0,1721.0
34569,157.0,67.0,1723.0
34570,157.0,67.0,1724.0
34571,157.0,67.0,1725.0
34572,157.0,67.0,1726.0
34573,157.0,67.0,1727.0
34574,157.0,67.0,1976.0
34575,157.0,67.0,1977.0
34576,157.0,67.0,1979.0
34577,157.0,67.0,1980.0
34578,157.0,67.0,1981.0
34579,157.0,67.0,1982.0
34580,157.0,67.0,1983.0
34581,157.0,68.0,446.0
34582,157.0,68.0,702.0
34583,157.0,68.0,958.0
34584,157.0,68.0,1214.0
34585,157.0,68.0,1470.0
34586,157.0,68.0,1726.0
34587,157.0,68.0,1982.0
34588,157.0,70.0,434.0
34589,157.0,73.0,437.0
34590,157.0,73.0,438.0
34591,157.0,73.0,693.0
34592,157.0,73.0,694.0
34593,157.0,73.0,949.0
34594,157.0,73.0,950.0
34595,157.0,73.0,1205.0
34596,157.0,73.0,1206.0
34597,157.0,73.0,1461.0
34598,157.0,73.0,1462.0
34599,157.0,73.0,1717.0
34600,157.0,73.0,1718.0
34601,157.0,73.0,1973.0
34602,157.0,73.0,1974.0
34603,157.0,74.0,461.0
34604,157.0,74.0,462.0
34605,157.0,74.0,717.0
34606,157.0,74.0,718.0
34607,157.0,74.0,973.0
34608,157.0,74.0,974.0
34609,157.0,74.0,1229.0
34610,157.0,74.0,1230.0
34611,157.0,74.0,1485.0
34612,157.0,74.0,1486.0
34613,157.0,74.0,1741.0
34614,157.0,74.0,1742.0
34615,157.0,74.0,1997.0
34616,157.0,74.0,1998.0
34617,157.0,75.0,460.0
34618,157.0,75.0,461.0
34619,157.0,75.0,462.0
34620,157.0,75.0,463.0
34621,157.0,75.0,716.0
34622,157.0,75.0,717.0
34623,157.0,75.0,718.0
34624,157.0,75.0,719.0
34625,157.0,75.0,972.0
34626,157.0,75.0,973.0
34627,157.0,75.0,974.0
34628,157.0,75.0,975.0
34629,157.0,75.0,1228.0
34630,157.0,75.0,1229.0
34631,157.0,75.0,1230.0
34632,157.0,75.0,1231.0
34633,157.0,75.0,1484.0
34634,157.0,75.0,1485.0
34635,157.0,75.0,1486.0
34636,157.0,75.0,1487.0
34637,157.0,75.0,1740.0
34638,157.0,75.0,1741.0
34639,157.0,75.0,1742.0
34640,157.0,75.0,1743.0
34641,157.0,75.0,1996.0
34642,157.0,75.0,1997.0
34643,157.0,75.0,1998.0
34644,157.0,75.0,1999.0
34645,157.0,76.0,438.0
34646,157.0,76.0,439.0
34647,157.0,76.0,460.0
34648,157.0,76.0,694.0
34649,157.0,76.0,695.0
34650,157.0,76.0,716.0
34651,157.0,76.0,950.0
34652,157.0,76.0,951.0
34653,157.0,76.0,972.0
34654,157.0,76.0,1206.0
34655,157.0,76.0,1207.0
34656,157.0,76.0,1228.0
34657,157.0,76.0,1462.0
34658,157.0,76.0,1463.0
34659,157.0,76.0,1484.0
34660,157.0,76.0,1740.0
34661,157.0,76.0,1974.0
34662,157.0,76.0,1975.0
34663,157.0,76.0,1996.0
34664,157.0,77.0,436.0
34665,157.0,77.0,692.0
34666,157.0,77.0,948.0
34667,157.0,77.0,1204.0
34668,157.0,77.0,1460.0
34669,157.0,77.0,1972.0
34670,157.0,79.0,432.0
34671,157.0,79.0,433.0
34672,157.0,79.0,688.0
34673,157.0,79.0,689.0
34674,157.0,79.0,944.0
34675,157.0,79.0,945.0
34676,157.0,79.0,1200.0
34677,157.0,79.0,1201.0
34678,157.0,79.0,1456.0
34679,157.0,79.0,1457.0
34680,157.0,79.0,1712.0
34681,157.0,79.0,1713.0
34682,157.0,79.0,1968.0
34683,157.0,79.0,1969.0
34684,157.0,83.0,432.0
34685,157.0,83.0,433.0
34686,157.0,83.0,439.0
34687,157.0,83.0,440.0
34688,157.0,83.0,695.0
34689,157.0,83.0,696.0
34690,157.0,83.0,951.0
34691,157.0,83.0,952.0
34692,157.0,83.0,1207.0
34693,157.0,83.0,1208.0
34694,157.0,83.0,1463.0
34695,157.0,83.0,1464.0
34696,157.0,83.0,1719.0
34697,157.0,83.0,1720.0
34698,157.0,83.0,1975.0
34699,157.0,83.0,1976.0
34700,157.0,84.0,432.0
34701,157.0,84.0,433.0
34702,157.0,84.0,439.0
34703,157.0,84.0,440.0
34704,157.0,84.0,695.0
34705,157.0,84.0,696.0
34706,157.0,84.0,951.0
34707,157.0,84.0,952.0
34708,157.0,84.0,1207.0
34709,157.0,84.0,1208.0
34710,157.0,84.0,1463.0
34711,157.0,84.0,1464.0
34712,157.0,84.0,1719.0
34713,157.0,84.0,1720.0
34714,157.0,84.0,1975.0
34715,157.0,84.0,1976.0
34716,157.0,86.0,450.0
34717,157.0,86.0,451.0
34718,157.0,86.0,452.0
34719,157.0,86.0,706.0
34720,157.0,86.0,707.0
34721,157.0,86.0,708.0
34722,157.0,86.0,962.0
34723,157.0,86.0,963.0
34724,157.0,86.0,964.0
34725,157.0,86.0,1218.0
34726,157.0,86.0,1219.0
34727,157.0,86.0,1220.0
34728,157.0,86.0,1474.0
34729,157.0,86.0,1475.0
34730,157.0,86.0,1476.0
34731,157.0,86.0,1730.0
34732,157.0,86.0,1731.0
34733,157.0,86.0,1732.0
34734,157.0,86.0,1986.0
34735,157.0,86.0,1987.0
34736,157.0,86.0,1988.0
34737,157.0,91.0,441.0
34738,157.0,91.0,446.0
34739,157.0,91.0,953.0
34740,157.0,91.0,1209.0
34741,157.0,91.0,1465.0
34742,157.0,91.0,1977.0
34743,157.0,103.0,418.0
34744,157.0,103.0,419.0
34745,157.0,103.0,930.0
34746,157.0,103.0,931.0
34747,157.0,103.0,1186.0
34748,157.0,103.0,1187.0
34749,157.0,103.0,1442.0
34750,157.0,103.0,1443.0
34751,157.0,103.0,1698.0
34752,157.0,103.0,1699.0
34753,157.0,103.0,1954.0
34754,157.0,103.0,1955.0
34755,157.0,112.0,434.0
34756,157.0,112.0,436.0
34757,157.0,113.0,433.0
34758,157.0,113.0,435.0
34759,158.0,31.0,416.0
34760,158.0,31.0,672.0
34761,158.0,31.0,928.0
34762,158.0,31.0,1184.0
34763,158.0,31.0,1440.0
34764,158.0,31.0,1696.0
34765,158.0,31.0,1952.0
34766,158.0,33.0,413.0
34767,158.0,33.0,414.0
34768,158.0,33.0,669.0
34769,158.0,33.0,670.0
34770,158.0,33.0,925.0
34771,158.0,33.0,926.0
34772,158.0,33.0,1181.0
34773,158.0,33.0,1182.0
34774,158.0,33.0,1437.0
34775,158.0,33.0,1438.0
34776,158.0,33.0,1693.0
34777,158.0,33.0,1694.0
34778,158.0,33.0,1949.0
34779,158.0,33.0,1950.0
34780,158.0,34.0,412.0
34781,158.0,34.0,413.0
34782,158.0,34.0,668.0
34783,158.0,34.0,669.0
34784,158.0,34.0,924.0
34785,158.0,34.0,925.0
34786,158.0,34.0,1180.0
34787,158.0,34.0,1181.0
34788,158.0,34.0,1436.0
34789,158.0,34.0,1437.0
34790,158.0,34.0,1692.0
34791,158.0,34.0,1693.0
34792,158.0,34.0,1948.0
34793,158.0,34.0,1949.0
34794,158.0,35.0,412.0
34795,158.0,35.0,413.0
34796,158.0,35.0,668.0
34797,158.0,35.0,669.0
34798,158.0,35.0,924.0
34799,158.0,35.0,925.0
34800,158.0,35.0,1180.0
34801,158.0,35.0,1181.0
34802,158.0,35.0,1436.0
34803,158.0,35.0,1437.0
34804,158.0,35.0,1692.0
34805,158.0,35.0,1693.0
34806,158.0,35.0,1948.0
34807,158.0,35.0,1949.0
34808,158.0,36.0,410.0
34809,158.0,36.0,412.0
34810,158.0,36.0,666.0
34811,158.0,36.0,668.0
34812,158.0,36.0,922.0
34813,158.0,36.0,924.0
34814,158.0,36.0,1178.0
34815,158.0,36.0,1180.0
34816,158.0,36.0,1434.0
34817,158.0,36.0,1436.0
34818,158.0,36.0,1690.0
34819,158.0,36.0,1692.0
34820,158.0,36.0,1946.0
34821,158.0,36.0,1948.0
34822,158.0,38.0,408.0
34823,158.0,38.0,409.0
34824,158.0,38.0,410.0
34825,158.0,41.0,444.0
34826,158.0,41.0,445.0
34827,158.0,41.0,700.0
34828,158.0,41.0,701.0
34829,158.0,41.0,956.0
34830,158.0,41.0,957.0
34831,158.0,41.0,1212.0
34832,158.0,41.0,1213.0
34833,158.0,41.0,1468.0
34834,158.0,41.0,1469.0
34835,158.0,41.0,1724.0
34836,158.0,41.0,1725.0
34837,158.0,41.0,1980.0
34838,158.0,41.0,1981.0
34839,158.0,45.0,411.0
34840,158.0,45.0,667.0
34841,158.0,45.0,923.0
34842,158.0,45.0,1435.0
34843,158.0,45.0,1691.0
34844,158.0,45.0,1947.0
34845,158.0,46.0,410.0
34846,158.0,46.0,411.0
34847,158.0,46.0,412.0
34848,158.0,46.0,666.0
34849,158.0,46.0,667.0
34850,158.0,46.0,668.0
34851,158.0,46.0,922.0
34852,158.0,46.0,923.0
34853,158.0,46.0,924.0
34854,158.0,46.0,1434.0
34855,158.0,46.0,1435.0
34856,158.0,46.0,1436.0
34857,158.0,46.0,1690.0
34858,158.0,46.0,1691.0
34859,158.0,46.0,1692.0
34860,158.0,46.0,1946.0
34861,158.0,46.0,1947.0
34862,158.0,46.0,1948.0
34863,158.0,47.0,457.0
34864,158.0,47.0,458.0
34865,158.0,47.0,713.0
34866,158.0,47.0,714.0
34867,158.0,47.0,969.0
34868,158.0,47.0,970.0
34869,158.0,47.0,1225.0
34870,158.0,47.0,1226.0
34871,158.0,47.0,1481.0
34872,158.0,47.0,1482.0
34873,158.0,47.0,1993.0
34874,158.0,47.0,1994.0
34875,158.0,48.0,428.0
34876,158.0,48.0,429.0
34877,158.0,50.0,437.0
34878,158.0,50.0,438.0
34879,158.0,51.0,431.0
34880,158.0,51.0,687.0
34881,158.0,51.0,943.0
34882,158.0,51.0,1199.0
34883,158.0,51.0,1455.0
34884,158.0,51.0,1711.0
34885,158.0,51.0,1967.0
34886,158.0,52.0,422.0
34887,158.0,52.0,430.0
34888,158.0,52.0,437.0
34889,158.0,52.0,678.0
34890,158.0,52.0,686.0
34891,158.0,52.0,934.0
34892,158.0,52.0,942.0
34893,158.0,52.0,949.0
34894,158.0,52.0,1190.0
34895,158.0,52.0,1198.0
34896,158.0,52.0,1205.0
34897,158.0,52.0,1446.0
34898,158.0,52.0,1454.0
34899,158.0,52.0,1461.0
34900,158.0,52.0,1702.0
34901,158.0,52.0,1710.0
34902,158.0,52.0,1717.0
34903,158.0,52.0,1958.0
34904,158.0,52.0,1966.0
34905,158.0,52.0,1973.0
34906,158.0,53.0,421.0
34907,158.0,53.0,422.0
34908,158.0,53.0,677.0
34909,158.0,53.0,678.0
34910,158.0,53.0,933.0
34911,158.0,53.0,934.0
34912,158.0,53.0,1189.0
34913,158.0,53.0,1190.0
34914,158.0,53.0,1445.0
34915,158.0,53.0,1446.0
34916,158.0,53.0,1701.0
34917,158.0,53.0,1702.0
34918,158.0,53.0,1957.0
34919,158.0,53.0,1958.0
34920,158.0,56.0,449.0
34921,158.0,57.0,435.0
34922,158.0,57.0,691.0
34923,158.0,57.0,947.0
34924,158.0,57.0,1459.0
34925,158.0,57.0,1715.0
34926,158.0,57.0,1971.0
34927,158.0,60.0,432.0
34928,158.0,60.0,433.0
34929,158.0,60.0,688.0
34930,158.0,60.0,689.0
34931,158.0,60.0,944.0
34932,158.0,60.0,945.0
34933,158.0,60.0,1200.0
34934,158.0,60.0,1201.0
34935,158.0,60.0,1456.0
34936,158.0,60.0,1457.0
34937,158.0,60.0,1968.0
34938,158.0,60.0,1969.0
34939,158.0,61.0,430.0
34940,158.0,61.0,443.0
34941,158.0,61.0,444.0
34942,158.0,61.0,445.0
34943,158.0,61.0,446.0
34944,158.0,61.0,686.0
34945,158.0,61.0,699.0
34946,158.0,61.0,700.0
34947,158.0,61.0,701.0
34948,158.0,61.0,702.0
34949,158.0,61.0,942.0
34950,158.0,61.0,955.0
34951,158.0,61.0,956.0
34952,158.0,61.0,957.0
34953,158.0,61.0,958.0
34954,158.0,61.0,1198.0
34955,158.0,61.0,1211.0
34956,158.0,61.0,1212.0
34957,158.0,61.0,1213.0
34958,158.0,61.0,1214.0
34959,158.0,61.0,1454.0
34960,158.0,61.0,1467.0
34961,158.0,61.0,1468.0
34962,158.0,61.0,1469.0
34963,158.0,61.0,1470.0
34964,158.0,61.0,1723.0
34965,158.0,61.0,1724.0
34966,158.0,61.0,1725.0
34967,158.0,61.0,1726.0
34968,158.0,61.0,1966.0
34969,158.0,61.0,1979.0
34970,158.0,61.0,1980.0
34971,158.0,61.0,1981.0
34972,158.0,61.0,1982.0
34973,158.0,62.0,443.0
34974,158.0,62.0,444.0
34975,158.0,62.0,699.0
34976,158.0,62.0,700.0
34977,158.0,62.0,955.0
34978,158.0,62.0,956.0
34979,158.0,62.0,1211.0
34980,158.0,62.0,1212.0
34981,158.0,62.0,1467.0
34982,158.0,62.0,1468.0
34983,158.0,62.0,1723.0
34984,158.0,62.0,1724.0
34985,158.0,62.0,1979.0
34986,158.0,62.0,1980.0
34987,158.0,64.0,444.0
34988,158.0,64.0,445.0
34989,158.0,64.0,956.0
34990,158.0,64.0,957.0
34991,158.0,64.0,1212.0
34992,158.0,64.0,1213.0
34993,158.0,64.0,1468.0
34994,158.0,64.0,1469.0
34995,158.0,64.0,1980.0
34996,158.0,64.0,1981.0
34997,158.0,66.0,443.0
34998,158.0,66.0,444.0
34999,158.0,66.0,699.0
35000,158.0,66.0,700.0
35001,158.0,66.0,955.0
35002,158.0,66.0,956.0
35003,158.0,66.0,1211.0
35004,158.0,66.0,1212.0
35005,158.0,66.0,1467.0
35006,158.0,66.0,1468.0
35007,158.0,66.0,1723.0
35008,158.0,66.0,1724.0
35009,158.0,66.0,1979.0
35010,158.0,66.0,1980.0
35011,158.0,67.0,443.0
35012,158.0,67.0,444.0
35013,158.0,67.0,445.0
35014,158.0,67.0,446.0
35015,158.0,67.0,447.0
35016,158.0,67.0,699.0
35017,158.0,67.0,700.0
35018,158.0,67.0,701.0
35019,158.0,67.0,702.0
35020,158.0,67.0,703.0
35021,158.0,67.0,955.0
35022,158.0,67.0,956.0
35023,158.0,67.0,957.0
35024,158.0,67.0,958.0
35025,158.0,67.0,959.0
35026,158.0,67.0,1211.0
35027,158.0,67.0,1212.0
35028,158.0,67.0,1213.0
35029,158.0,67.0,1214.0
35030,158.0,67.0,1215.0
35031,158.0,67.0,1467.0
35032,158.0,67.0,1468.0
35033,158.0,67.0,1469.0
35034,158.0,67.0,1470.0
35035,158.0,67.0,1471.0
35036,158.0,67.0,1723.0
35037,158.0,67.0,1724.0
35038,158.0,67.0,1725.0
35039,158.0,67.0,1726.0
35040,158.0,67.0,1727.0
35041,158.0,67.0,1979.0
35042,158.0,67.0,1980.0
35043,158.0,67.0,1981.0
35044,158.0,67.0,1982.0
35045,158.0,67.0,1983.0
35046,158.0,68.0,435.0
35047,158.0,68.0,446.0
35048,158.0,68.0,702.0
35049,158.0,68.0,958.0
35050,158.0,68.0,1214.0
35051,158.0,68.0,1470.0
35052,158.0,68.0,1726.0
35053,158.0,68.0,1982.0
35054,158.0,69.0,434.0
35055,158.0,69.0,435.0
35056,158.0,69.0,436.0
35057,158.0,70.0,430.0
35058,158.0,70.0,434.0
35059,158.0,70.0,446.0
35060,158.0,70.0,686.0
35061,158.0,70.0,942.0
35062,158.0,70.0,1198.0
35063,158.0,70.0,1454.0
35064,158.0,70.0,1710.0
35065,158.0,70.0,1966.0
35066,158.0,73.0,437.0
35067,158.0,73.0,438.0
35068,158.0,73.0,693.0
35069,158.0,73.0,694.0
35070,158.0,73.0,949.0
35071,158.0,73.0,950.0
35072,158.0,73.0,1205.0
35073,158.0,73.0,1206.0
35074,158.0,73.0,1461.0
35075,158.0,73.0,1462.0
35076,158.0,73.0,1717.0
35077,158.0,73.0,1718.0
35078,158.0,73.0,1973.0
35079,158.0,73.0,1974.0
35080,158.0,74.0,434.0
35081,158.0,74.0,435.0
35082,158.0,74.0,436.0
35083,158.0,74.0,462.0
35084,158.0,74.0,463.0
35085,158.0,74.0,464.0
35086,158.0,74.0,465.0
35087,158.0,74.0,690.0
35088,158.0,74.0,691.0
35089,158.0,74.0,692.0
35090,158.0,74.0,718.0
35091,158.0,74.0,719.0
35092,158.0,74.0,720.0
35093,158.0,74.0,721.0
35094,158.0,74.0,946.0
35095,158.0,74.0,947.0
35096,158.0,74.0,948.0
35097,158.0,74.0,974.0
35098,158.0,74.0,975.0
35099,158.0,74.0,976.0
35100,158.0,74.0,977.0
35101,158.0,74.0,1202.0
35102,158.0,74.0,1203.0
35103,158.0,74.0,1204.0
35104,158.0,74.0,1230.0
35105,158.0,74.0,1231.0
35106,158.0,74.0,1232.0
35107,158.0,74.0,1233.0
35108,158.0,74.0,1458.0
35109,158.0,74.0,1459.0
35110,158.0,74.0,1460.0
35111,158.0,74.0,1486.0
35112,158.0,74.0,1487.0
35113,158.0,74.0,1488.0
35114,158.0,74.0,1489.0
35115,158.0,74.0,1714.0
35116,158.0,74.0,1715.0
35117,158.0,74.0,1716.0
35118,158.0,74.0,1742.0
35119,158.0,74.0,1743.0
35120,158.0,74.0,1744.0
35121,158.0,74.0,1745.0
35122,158.0,74.0,1970.0
35123,158.0,74.0,1971.0
35124,158.0,74.0,1972.0
35125,158.0,74.0,1998.0
35126,158.0,74.0,1999.0
35127,158.0,74.0,2000.0
35128,158.0,74.0,2001.0
35129,158.0,75.0,435.0
35130,158.0,75.0,461.0
35131,158.0,75.0,462.0
35132,158.0,75.0,463.0
35133,158.0,75.0,691.0
35134,158.0,75.0,717.0
35135,158.0,75.0,718.0
35136,158.0,75.0,719.0
35137,158.0,75.0,947.0
35138,158.0,75.0,973.0
35139,158.0,75.0,974.0
35140,158.0,75.0,975.0
35141,158.0,75.0,1203.0
35142,158.0,75.0,1229.0
35143,158.0,75.0,1230.0
35144,158.0,75.0,1231.0
35145,158.0,75.0,1459.0
35146,158.0,75.0,1485.0
35147,158.0,75.0,1486.0
35148,158.0,75.0,1487.0
35149,158.0,75.0,1715.0
35150,158.0,75.0,1741.0
35151,158.0,75.0,1742.0
35152,158.0,75.0,1743.0
35153,158.0,75.0,1971.0
35154,158.0,75.0,1997.0
35155,158.0,75.0,1998.0
35156,158.0,75.0,1999.0
35157,158.0,77.0,436.0
35158,158.0,77.0,440.0
35159,158.0,77.0,692.0
35160,158.0,77.0,948.0
35161,158.0,77.0,952.0
35162,158.0,77.0,1204.0
35163,158.0,77.0,1208.0
35164,158.0,77.0,1460.0
35165,158.0,77.0,1464.0
35166,158.0,77.0,1720.0
35167,158.0,77.0,1972.0
35168,158.0,77.0,1976.0
35169,158.0,81.0,454.0
35170,158.0,81.0,966.0
35171,158.0,81.0,1222.0
35172,158.0,81.0,1478.0
35173,158.0,81.0,1990.0
35174,158.0,82.0,453.0
35175,158.0,82.0,454.0
35176,158.0,82.0,965.0
35177,158.0,82.0,966.0
35178,158.0,82.0,1221.0
35179,158.0,82.0,1222.0
35180,158.0,82.0,1477.0
35181,158.0,82.0,1478.0
35182,158.0,82.0,1989.0
35183,158.0,82.0,1990.0
35184,158.0,83.0,432.0
35185,158.0,83.0,433.0
35186,158.0,84.0,453.0
35187,158.0,84.0,709.0
35188,158.0,84.0,965.0
35189,158.0,84.0,1221.0
35190,158.0,84.0,1477.0
35191,158.0,84.0,1733.0
35192,158.0,84.0,1989.0
35193,158.0,90.0,440.0
35194,158.0,90.0,441.0
35195,158.0,90.0,442.0
35196,158.0,90.0,952.0
35197,158.0,90.0,953.0
35198,158.0,90.0,954.0
35199,158.0,90.0,1208.0
35200,158.0,90.0,1209.0
35201,158.0,90.0,1210.0
35202,158.0,90.0,1464.0
35203,158.0,90.0,1465.0
35204,158.0,90.0,1466.0
35205,158.0,90.0,1976.0
35206,158.0,90.0,1977.0
35207,158.0,90.0,1978.0
35208,158.0,91.0,441.0
35209,158.0,91.0,442.0
35210,158.0,91.0,446.0
35211,158.0,91.0,953.0
35212,158.0,91.0,954.0
35213,158.0,91.0,1209.0
35214,158.0,91.0,1210.0
35215,158.0,91.0,1465.0
35216,158.0,91.0,1466.0
35217,158.0,91.0,1977.0
35218,158.0,91.0,1978.0
35219,158.0,92.0,441.0
35220,158.0,92.0,953.0
35221,158.0,92.0,1209.0
35222,158.0,92.0,1465.0
35223,158.0,92.0,1977.0
35224,158.0,103.0,418.0
35225,158.0,103.0,419.0
35226,158.0,103.0,930.0
35227,158.0,103.0,931.0
35228,158.0,103.0,1186.0
35229,158.0,103.0,1187.0
35230,158.0,103.0,1442.0
35231,158.0,103.0,1443.0
35232,158.0,103.0,1698.0
35233,158.0,103.0,1699.0
35234,158.0,103.0,1954.0
35235,158.0,103.0,1955.0
35236,159.0,31.0,415.0
35237,159.0,31.0,416.0
35238,159.0,31.0,671.0
35239,159.0,31.0,672.0
35240,159.0,31.0,927.0
35241,159.0,31.0,928.0
35242,159.0,31.0,1183.0
35243,159.0,31.0,1184.0
35244,159.0,31.0,1439.0
35245,159.0,31.0,1440.0
35246,159.0,31.0,1695.0
35247,159.0,31.0,1696.0
35248,159.0,31.0,1951.0
35249,159.0,31.0,1952.0
35250,159.0,32.0,413.0
35251,159.0,32.0,414.0
35252,159.0,32.0,415.0
35253,159.0,32.0,416.0
35254,159.0,32.0,669.0
35255,159.0,32.0,670.0
35256,159.0,32.0,671.0
35257,159.0,32.0,672.0
35258,159.0,32.0,925.0
35259,159.0,32.0,926.0
35260,159.0,32.0,927.0
35261,159.0,32.0,928.0
35262,159.0,32.0,1181.0
35263,159.0,32.0,1182.0
35264,159.0,32.0,1183.0
35265,159.0,32.0,1184.0
35266,159.0,32.0,1437.0
35267,159.0,32.0,1438.0
35268,159.0,32.0,1439.0
35269,159.0,32.0,1440.0
35270,159.0,32.0,1693.0
35271,159.0,32.0,1694.0
35272,159.0,32.0,1695.0
35273,159.0,32.0,1696.0
35274,159.0,32.0,1949.0
35275,159.0,32.0,1950.0
35276,159.0,32.0,1951.0
35277,159.0,32.0,1952.0
35278,159.0,33.0,413.0
35279,159.0,33.0,414.0
35280,159.0,33.0,669.0
35281,159.0,33.0,670.0
35282,159.0,33.0,925.0
35283,159.0,33.0,926.0
35284,159.0,33.0,1181.0
35285,159.0,33.0,1182.0
35286,159.0,33.0,1437.0
35287,159.0,33.0,1438.0
35288,159.0,33.0,1693.0
35289,159.0,33.0,1694.0
35290,159.0,33.0,1949.0
35291,159.0,33.0,1950.0
35292,159.0,36.0,407.0
35293,159.0,36.0,411.0
35294,159.0,38.0,400.0
35295,159.0,38.0,401.0
35296,159.0,38.0,405.0
35297,159.0,38.0,406.0
35298,159.0,38.0,408.0
35299,159.0,38.0,409.0
35300,159.0,38.0,656.0
35301,159.0,38.0,657.0
35302,159.0,38.0,661.0
35303,159.0,38.0,662.0
35304,159.0,38.0,912.0
35305,159.0,38.0,913.0
35306,159.0,38.0,917.0
35307,159.0,38.0,918.0
35308,159.0,38.0,1168.0
35309,159.0,38.0,1169.0
35310,159.0,38.0,1173.0
35311,159.0,38.0,1174.0
35312,159.0,38.0,1424.0
35313,159.0,38.0,1425.0
35314,159.0,38.0,1429.0
35315,159.0,38.0,1430.0
35316,159.0,38.0,1680.0
35317,159.0,38.0,1681.0
35318,159.0,38.0,1685.0
35319,159.0,38.0,1686.0
35320,159.0,38.0,1936.0
35321,159.0,38.0,1937.0
35322,159.0,38.0,1941.0
35323,159.0,38.0,1942.0
35324,159.0,39.0,404.0
35325,159.0,39.0,405.0
35326,159.0,39.0,660.0
35327,159.0,39.0,661.0
35328,159.0,39.0,916.0
35329,159.0,39.0,917.0
35330,159.0,39.0,1172.0
35331,159.0,39.0,1173.0
35332,159.0,39.0,1428.0
35333,159.0,39.0,1429.0
35334,159.0,39.0,1684.0
35335,159.0,39.0,1685.0
35336,159.0,39.0,1940.0
35337,159.0,39.0,1941.0
35338,159.0,40.0,402.0
35339,159.0,40.0,403.0
35340,159.0,40.0,404.0
35341,159.0,40.0,405.0
35342,159.0,40.0,406.0
35343,159.0,40.0,658.0
35344,159.0,40.0,659.0
35345,159.0,40.0,660.0
35346,159.0,40.0,661.0
35347,159.0,40.0,662.0
35348,159.0,40.0,914.0
35349,159.0,40.0,915.0
35350,159.0,40.0,916.0
35351,159.0,40.0,917.0
35352,159.0,40.0,918.0
35353,159.0,40.0,1170.0
35354,159.0,40.0,1171.0
35355,159.0,40.0,1172.0
35356,159.0,40.0,1173.0
35357,159.0,40.0,1174.0
35358,159.0,40.0,1426.0
35359,159.0,40.0,1427.0
35360,159.0,40.0,1428.0
35361,159.0,40.0,1429.0
35362,159.0,40.0,1430.0
35363,159.0,40.0,1682.0
35364,159.0,40.0,1683.0
35365,159.0,40.0,1684.0
35366,159.0,40.0,1685.0
35367,159.0,40.0,1686.0
35368,159.0,40.0,1938.0
35369,159.0,40.0,1939.0
35370,159.0,40.0,1940.0
35371,159.0,40.0,1941.0
35372,159.0,40.0,1942.0
35373,159.0,41.0,405.0
35374,159.0,41.0,406.0
35375,159.0,41.0,661.0
35376,159.0,41.0,662.0
35377,159.0,41.0,917.0
35378,159.0,41.0,918.0
35379,159.0,41.0,1173.0
35380,159.0,41.0,1174.0
35381,159.0,41.0,1429.0
35382,159.0,41.0,1430.0
35383,159.0,41.0,1685.0
35384,159.0,41.0,1686.0
35385,159.0,41.0,1941.0
35386,159.0,41.0,1942.0
35387,159.0,45.0,411.0
35388,159.0,45.0,667.0
35389,159.0,45.0,923.0
35390,159.0,45.0,1435.0
35391,159.0,45.0,1691.0
35392,159.0,45.0,1947.0
35393,159.0,46.0,410.0
35394,159.0,46.0,411.0
35395,159.0,46.0,666.0
35396,159.0,46.0,667.0
35397,159.0,46.0,922.0
35398,159.0,46.0,923.0
35399,159.0,46.0,1434.0
35400,159.0,46.0,1435.0
35401,159.0,46.0,1690.0
35402,159.0,46.0,1691.0
35403,159.0,46.0,1946.0
35404,159.0,46.0,1947.0
35405,159.0,47.0,408.0
35406,159.0,47.0,409.0
35407,159.0,47.0,410.0
35408,159.0,47.0,411.0
35409,159.0,47.0,664.0
35410,159.0,47.0,665.0
35411,159.0,47.0,666.0
35412,159.0,47.0,667.0
35413,159.0,47.0,920.0
35414,159.0,47.0,921.0
35415,159.0,47.0,922.0
35416,159.0,47.0,923.0
35417,159.0,47.0,1432.0
35418,159.0,47.0,1433.0
35419,159.0,47.0,1434.0
35420,159.0,47.0,1435.0
35421,159.0,47.0,1688.0
35422,159.0,47.0,1689.0
35423,159.0,47.0,1690.0
35424,159.0,47.0,1691.0
35425,159.0,47.0,1944.0
35426,159.0,47.0,1945.0
35427,159.0,47.0,1946.0
35428,159.0,47.0,1947.0
35429,159.0,48.0,409.0
35430,159.0,48.0,410.0
35431,159.0,48.0,665.0
35432,159.0,48.0,666.0
35433,159.0,48.0,921.0
35434,159.0,48.0,922.0
35435,159.0,48.0,1433.0
35436,159.0,48.0,1434.0
35437,159.0,48.0,1689.0
35438,159.0,48.0,1690.0
35439,159.0,48.0,1945.0
35440,159.0,48.0,1946.0
35441,159.0,50.0,437.0
35442,159.0,50.0,438.0
35443,159.0,51.0,437.0
35444,159.0,52.0,421.0
35445,159.0,52.0,422.0
35446,159.0,52.0,433.0
35447,159.0,52.0,434.0
35448,159.0,52.0,677.0
35449,159.0,52.0,678.0
35450,159.0,52.0,689.0
35451,159.0,52.0,690.0
35452,159.0,52.0,933.0
35453,159.0,52.0,934.0
35454,159.0,52.0,945.0
35455,159.0,52.0,946.0
35456,159.0,52.0,1189.0
35457,159.0,52.0,1190.0
35458,159.0,52.0,1201.0
35459,159.0,52.0,1202.0
35460,159.0,52.0,1445.0
35461,159.0,52.0,1446.0
35462,159.0,52.0,1457.0
35463,159.0,52.0,1458.0
35464,159.0,52.0,1701.0
35465,159.0,52.0,1702.0
35466,159.0,52.0,1713.0
35467,159.0,52.0,1714.0
35468,159.0,52.0,1957.0
35469,159.0,52.0,1958.0
35470,159.0,52.0,1969.0
35471,159.0,52.0,1970.0
35472,159.0,53.0,421.0
35473,159.0,53.0,422.0
35474,159.0,53.0,677.0
35475,159.0,53.0,678.0
35476,159.0,53.0,933.0
35477,159.0,53.0,934.0
35478,159.0,53.0,1189.0
35479,159.0,53.0,1190.0
35480,159.0,53.0,1445.0
35481,159.0,53.0,1446.0
35482,159.0,53.0,1701.0
35483,159.0,53.0,1702.0
35484,159.0,53.0,1957.0
35485,159.0,53.0,1958.0
35486,159.0,56.0,449.0
35487,159.0,59.0,446.0
35488,159.0,59.0,447.0
35489,159.0,59.0,702.0
35490,159.0,59.0,703.0
35491,159.0,59.0,958.0
35492,159.0,59.0,959.0
35493,159.0,59.0,1214.0
35494,159.0,59.0,1215.0
35495,159.0,59.0,1470.0
35496,159.0,59.0,1471.0
35497,159.0,59.0,1726.0
35498,159.0,59.0,1727.0
35499,159.0,59.0,1982.0
35500,159.0,59.0,1983.0
35501,159.0,60.0,446.0
35502,159.0,60.0,447.0
35503,159.0,60.0,448.0
35504,159.0,60.0,702.0
35505,159.0,60.0,703.0
35506,159.0,60.0,704.0
35507,159.0,60.0,958.0
35508,159.0,60.0,959.0
35509,159.0,60.0,960.0
35510,159.0,60.0,1214.0
35511,159.0,60.0,1215.0
35512,159.0,60.0,1216.0
35513,159.0,60.0,1470.0
35514,159.0,60.0,1471.0
35515,159.0,60.0,1472.0
35516,159.0,60.0,1726.0
35517,159.0,60.0,1727.0
35518,159.0,60.0,1728.0
35519,159.0,60.0,1982.0
35520,159.0,60.0,1983.0
35521,159.0,60.0,1984.0
35522,159.0,61.0,444.0
35523,159.0,61.0,445.0
35524,159.0,61.0,446.0
35525,159.0,61.0,447.0
35526,159.0,61.0,700.0
35527,159.0,61.0,701.0
35528,159.0,61.0,702.0
35529,159.0,61.0,703.0
35530,159.0,61.0,956.0
35531,159.0,61.0,957.0
35532,159.0,61.0,958.0
35533,159.0,61.0,959.0
35534,159.0,61.0,1212.0
35535,159.0,61.0,1213.0
35536,159.0,61.0,1214.0
35537,159.0,61.0,1215.0
35538,159.0,61.0,1468.0
35539,159.0,61.0,1469.0
35540,159.0,61.0,1470.0
35541,159.0,61.0,1471.0
35542,159.0,61.0,1724.0
35543,159.0,61.0,1725.0
35544,159.0,61.0,1726.0
35545,159.0,61.0,1727.0
35546,159.0,61.0,1980.0
35547,159.0,61.0,1981.0
35548,159.0,61.0,1982.0
35549,159.0,61.0,1983.0
35550,159.0,64.0,444.0
35551,159.0,64.0,445.0
35552,159.0,64.0,956.0
35553,159.0,64.0,957.0
35554,159.0,64.0,1212.0
35555,159.0,64.0,1213.0
35556,159.0,64.0,1468.0
35557,159.0,64.0,1469.0
35558,159.0,64.0,1980.0
35559,159.0,64.0,1981.0
35560,159.0,65.0,442.0
35561,159.0,65.0,954.0
35562,159.0,65.0,1210.0
35563,159.0,65.0,1466.0
35564,159.0,65.0,1978.0
35565,159.0,66.0,443.0
35566,159.0,66.0,444.0
35567,159.0,66.0,699.0
35568,159.0,66.0,700.0
35569,159.0,66.0,955.0
35570,159.0,66.0,956.0
35571,159.0,66.0,1211.0
35572,159.0,66.0,1212.0
35573,159.0,66.0,1467.0
35574,159.0,66.0,1468.0
35575,159.0,66.0,1723.0
35576,159.0,66.0,1724.0
35577,159.0,66.0,1979.0
35578,159.0,66.0,1980.0
35579,159.0,67.0,443.0
35580,159.0,67.0,444.0
35581,159.0,67.0,447.0
35582,159.0,67.0,699.0
35583,159.0,67.0,700.0
35584,159.0,67.0,703.0
35585,159.0,67.0,955.0
35586,159.0,67.0,956.0
35587,159.0,67.0,959.0
35588,159.0,67.0,1211.0
35589,159.0,67.0,1212.0
35590,159.0,67.0,1215.0
35591,159.0,67.0,1467.0
35592,159.0,67.0,1468.0
35593,159.0,67.0,1471.0
35594,159.0,67.0,1723.0
35595,159.0,67.0,1724.0
35596,159.0,67.0,1727.0
35597,159.0,67.0,1979.0
35598,159.0,67.0,1980.0
35599,159.0,67.0,1983.0
35600,159.0,68.0,432.0
35601,159.0,68.0,433.0
35602,159.0,68.0,688.0
35603,159.0,68.0,689.0
35604,159.0,68.0,944.0
35605,159.0,68.0,945.0
35606,159.0,68.0,1200.0
35607,159.0,68.0,1201.0
35608,159.0,68.0,1456.0
35609,159.0,68.0,1457.0
35610,159.0,68.0,1712.0
35611,159.0,68.0,1713.0
35612,159.0,68.0,1968.0
35613,159.0,68.0,1969.0
35614,159.0,70.0,430.0
35615,159.0,70.0,431.0
35616,159.0,70.0,445.0
35617,159.0,70.0,446.0
35618,159.0,70.0,686.0
35619,159.0,70.0,687.0
35620,159.0,70.0,942.0
35621,159.0,70.0,943.0
35622,159.0,70.0,1198.0
35623,159.0,70.0,1199.0
35624,159.0,70.0,1454.0
35625,159.0,70.0,1455.0
35626,159.0,70.0,1710.0
35627,159.0,70.0,1711.0
35628,159.0,70.0,1966.0
35629,159.0,70.0,1967.0
35630,159.0,71.0,430.0
35631,159.0,71.0,686.0
35632,159.0,71.0,942.0
35633,159.0,71.0,1198.0
35634,159.0,71.0,1454.0
35635,159.0,71.0,1710.0
35636,159.0,71.0,1966.0
35637,159.0,74.0,434.0
35638,159.0,74.0,435.0
35639,159.0,74.0,436.0
35640,159.0,74.0,690.0
35641,159.0,74.0,691.0
35642,159.0,74.0,692.0
35643,159.0,74.0,946.0
35644,159.0,74.0,947.0
35645,159.0,74.0,948.0
35646,159.0,74.0,1202.0
35647,159.0,74.0,1203.0
35648,159.0,74.0,1204.0
35649,159.0,74.0,1458.0
35650,159.0,74.0,1459.0
35651,159.0,74.0,1460.0
35652,159.0,74.0,1714.0
35653,159.0,74.0,1715.0
35654,159.0,74.0,1716.0
35655,159.0,74.0,1970.0
35656,159.0,74.0,1971.0
35657,159.0,74.0,1972.0
35658,159.0,75.0,435.0
35659,159.0,75.0,691.0
35660,159.0,75.0,947.0
35661,159.0,75.0,1203.0
35662,159.0,75.0,1459.0
35663,159.0,75.0,1715.0
35664,159.0,75.0,1971.0
35665,159.0,77.0,436.0
35666,159.0,77.0,440.0
35667,159.0,77.0,692.0
35668,159.0,77.0,948.0
35669,159.0,77.0,952.0
35670,159.0,77.0,1204.0
35671,159.0,77.0,1208.0
35672,159.0,77.0,1460.0
35673,159.0,77.0,1464.0
35674,159.0,77.0,1720.0
35675,159.0,77.0,1972.0
35676,159.0,77.0,1976.0
35677,159.0,78.0,439.0
35678,159.0,78.0,440.0
35679,159.0,78.0,951.0
35680,159.0,78.0,952.0
35681,159.0,78.0,1207.0
35682,159.0,78.0,1208.0
35683,159.0,78.0,1463.0
35684,159.0,78.0,1464.0
35685,159.0,78.0,1719.0
35686,159.0,78.0,1720.0
35687,159.0,78.0,1975.0
35688,159.0,78.0,1976.0
35689,159.0,81.0,454.0
35690,159.0,81.0,966.0
35691,159.0,81.0,1222.0
35692,159.0,81.0,1478.0
35693,159.0,81.0,1990.0
35694,159.0,82.0,453.0
35695,159.0,82.0,454.0
35696,159.0,82.0,965.0
35697,159.0,82.0,966.0
35698,159.0,82.0,1221.0
35699,159.0,82.0,1222.0
35700,159.0,82.0,1477.0
35701,159.0,82.0,1478.0
35702,159.0,82.0,1989.0
35703,159.0,82.0,1990.0
35704,159.0,83.0,455.0
35705,159.0,83.0,711.0
35706,159.0,83.0,967.0
35707,159.0,83.0,1223.0
35708,159.0,83.0,1479.0
35709,159.0,83.0,1735.0
35710,159.0,83.0,1991.0
35711,159.0,84.0,453.0
35712,159.0,84.0,454.0
35713,159.0,84.0,455.0
35714,159.0,84.0,709.0
35715,159.0,84.0,710.0
35716,159.0,84.0,711.0
35717,159.0,84.0,965.0
35718,159.0,84.0,966.0
35719,159.0,84.0,967.0
35720,159.0,84.0,1221.0
35721,159.0,84.0,1222.0
35722,159.0,84.0,1223.0
35723,159.0,84.0,1477.0
35724,159.0,84.0,1478.0
35725,159.0,84.0,1479.0
35726,159.0,84.0,1733.0
35727,159.0,84.0,1734.0
35728,159.0,84.0,1735.0
35729,159.0,84.0,1989.0
35730,159.0,84.0,1990.0
35731,159.0,84.0,1991.0
35732,159.0,91.0,441.0
35733,159.0,91.0,953.0
35734,159.0,91.0,1209.0
35735,159.0,91.0,1465.0
35736,159.0,91.0,1977.0
35737,160.0,30.0,416.0
35738,160.0,30.0,417.0
35739,160.0,32.0,413.0
35740,160.0,32.0,414.0
35741,160.0,32.0,669.0
35742,160.0,32.0,670.0
35743,160.0,32.0,925.0
35744,160.0,32.0,926.0
35745,160.0,32.0,1181.0
35746,160.0,32.0,1182.0
35747,160.0,32.0,1437.0
35748,160.0,32.0,1438.0
35749,160.0,32.0,1693.0
35750,160.0,32.0,1694.0
35751,160.0,32.0,1949.0
35752,160.0,32.0,1950.0
35753,160.0,33.0,413.0
35754,160.0,33.0,414.0
35755,160.0,33.0,669.0
35756,160.0,33.0,670.0
35757,160.0,33.0,925.0
35758,160.0,33.0,926.0
35759,160.0,33.0,1181.0
35760,160.0,33.0,1182.0
35761,160.0,33.0,1437.0
35762,160.0,33.0,1438.0
35763,160.0,33.0,1693.0
35764,160.0,33.0,1694.0
35765,160.0,33.0,1949.0
35766,160.0,33.0,1950.0
35767,160.0,34.0,413.0
35768,160.0,34.0,669.0
35769,160.0,34.0,925.0
35770,160.0,34.0,1181.0
35771,160.0,34.0,1437.0
35772,160.0,34.0,1693.0
35773,160.0,34.0,1949.0
35774,160.0,35.0,411.0
35775,160.0,36.0,403.0
35776,160.0,36.0,404.0
35777,160.0,36.0,407.0
35778,160.0,36.0,410.0
35779,160.0,36.0,659.0
35780,160.0,36.0,660.0
35781,160.0,36.0,915.0
35782,160.0,36.0,916.0
35783,160.0,36.0,1171.0
35784,160.0,36.0,1172.0
35785,160.0,36.0,1427.0
35786,160.0,36.0,1428.0
35787,160.0,36.0,1683.0
35788,160.0,36.0,1684.0
35789,160.0,36.0,1939.0
35790,160.0,36.0,1940.0
35791,160.0,37.0,401.0
35792,160.0,37.0,402.0
35793,160.0,37.0,405.0
35794,160.0,37.0,406.0
35795,160.0,37.0,407.0
35796,160.0,37.0,657.0
35797,160.0,37.0,658.0
35798,160.0,37.0,913.0
35799,160.0,37.0,914.0
35800,160.0,37.0,1169.0
35801,160.0,37.0,1170.0
35802,160.0,37.0,1425.0
35803,160.0,37.0,1426.0
35804,160.0,37.0,1681.0
35805,160.0,37.0,1682.0
35806,160.0,37.0,1937.0
35807,160.0,37.0,1938.0
35808,160.0,38.0,400.0
35809,160.0,38.0,401.0
35810,160.0,38.0,656.0
35811,160.0,38.0,657.0
35812,160.0,38.0,912.0
35813,160.0,38.0,913.0
35814,160.0,38.0,1168.0
35815,160.0,38.0,1169.0
35816,160.0,38.0,1424.0
35817,160.0,38.0,1425.0
35818,160.0,38.0,1680.0
35819,160.0,38.0,1681.0
35820,160.0,38.0,1936.0
35821,160.0,38.0,1937.0
35822,160.0,39.0,399.0
35823,160.0,39.0,400.0
35824,160.0,39.0,401.0
35825,160.0,39.0,404.0
35826,160.0,39.0,405.0
35827,160.0,39.0,655.0
35828,160.0,39.0,656.0
35829,160.0,39.0,657.0
35830,160.0,39.0,660.0
35831,160.0,39.0,661.0
35832,160.0,39.0,911.0
35833,160.0,39.0,912.0
35834,160.0,39.0,913.0
35835,160.0,39.0,916.0
35836,160.0,39.0,917.0
35837,160.0,39.0,1167.0
35838,160.0,39.0,1168.0
35839,160.0,39.0,1169.0
35840,160.0,39.0,1172.0
35841,160.0,39.0,1173.0
35842,160.0,39.0,1423.0
35843,160.0,39.0,1424.0
35844,160.0,39.0,1425.0
35845,160.0,39.0,1428.0
35846,160.0,39.0,1429.0
35847,160.0,39.0,1679.0
35848,160.0,39.0,1680.0
35849,160.0,39.0,1681.0
35850,160.0,39.0,1684.0
35851,160.0,39.0,1685.0
35852,160.0,39.0,1935.0
35853,160.0,39.0,1936.0
35854,160.0,39.0,1937.0
35855,160.0,39.0,1940.0
35856,160.0,39.0,1941.0
35857,160.0,40.0,402.0
35858,160.0,40.0,403.0
35859,160.0,40.0,658.0
35860,160.0,40.0,659.0
35861,160.0,40.0,914.0
35862,160.0,40.0,915.0
35863,160.0,40.0,1170.0
35864,160.0,40.0,1171.0
35865,160.0,40.0,1426.0
35866,160.0,40.0,1427.0
35867,160.0,40.0,1682.0
35868,160.0,40.0,1683.0
35869,160.0,40.0,1938.0
35870,160.0,40.0,1939.0
35871,160.0,42.0,406.0
35872,160.0,42.0,407.0
35873,160.0,42.0,662.0
35874,160.0,42.0,663.0
35875,160.0,42.0,918.0
35876,160.0,42.0,919.0
35877,160.0,42.0,1174.0
35878,160.0,42.0,1175.0
35879,160.0,42.0,1430.0
35880,160.0,42.0,1431.0
35881,160.0,42.0,1686.0
35882,160.0,42.0,1687.0
35883,160.0,42.0,1942.0
35884,160.0,42.0,1943.0
35885,160.0,43.0,406.0
35886,160.0,43.0,662.0
35887,160.0,43.0,918.0
35888,160.0,43.0,1174.0
35889,160.0,43.0,1430.0
35890,160.0,43.0,1686.0
35891,160.0,43.0,1942.0
35892,160.0,45.0,407.0
35893,160.0,45.0,411.0
35894,160.0,45.0,667.0
35895,160.0,45.0,923.0
35896,160.0,45.0,1435.0
35897,160.0,45.0,1691.0
35898,160.0,45.0,1947.0
35899,160.0,46.0,406.0
35900,160.0,46.0,407.0
35901,160.0,46.0,410.0
35902,160.0,46.0,411.0
35903,160.0,46.0,662.0
35904,160.0,46.0,663.0
35905,160.0,46.0,666.0
35906,160.0,46.0,667.0
35907,160.0,46.0,918.0
35908,160.0,46.0,919.0
35909,160.0,46.0,922.0
35910,160.0,46.0,923.0
35911,160.0,46.0,1174.0
35912,160.0,46.0,1175.0
35913,160.0,46.0,1430.0
35914,160.0,46.0,1431.0
35915,160.0,46.0,1434.0
35916,160.0,46.0,1435.0
35917,160.0,46.0,1686.0
35918,160.0,46.0,1687.0
35919,160.0,46.0,1690.0
35920,160.0,46.0,1691.0
35921,160.0,46.0,1942.0
35922,160.0,46.0,1943.0
35923,160.0,46.0,1946.0
35924,160.0,46.0,1947.0
35925,160.0,49.0,409.0
35926,160.0,49.0,410.0
35927,160.0,52.0,410.0
35928,160.0,52.0,421.0
35929,160.0,52.0,422.0
35930,160.0,52.0,433.0
35931,160.0,52.0,434.0
35932,160.0,52.0,666.0
35933,160.0,52.0,677.0
35934,160.0,52.0,678.0
35935,160.0,52.0,689.0
35936,160.0,52.0,690.0
35937,160.0,52.0,922.0
35938,160.0,52.0,933.0
35939,160.0,52.0,934.0
35940,160.0,52.0,945.0
35941,160.0,52.0,946.0
35942,160.0,52.0,1178.0
35943,160.0,52.0,1189.0
35944,160.0,52.0,1190.0
35945,160.0,52.0,1201.0
35946,160.0,52.0,1202.0
35947,160.0,52.0,1434.0
35948,160.0,52.0,1445.0
35949,160.0,52.0,1446.0
35950,160.0,52.0,1457.0
35951,160.0,52.0,1458.0
35952,160.0,52.0,1690.0
35953,160.0,52.0,1701.0
35954,160.0,52.0,1702.0
35955,160.0,52.0,1713.0
35956,160.0,52.0,1714.0
35957,160.0,52.0,1946.0
35958,160.0,52.0,1957.0
35959,160.0,52.0,1958.0
35960,160.0,52.0,1969.0
35961,160.0,52.0,1970.0
35962,160.0,53.0,407.0
35963,160.0,53.0,408.0
35964,160.0,53.0,419.0
35965,160.0,53.0,420.0
35966,160.0,53.0,430.0
35967,160.0,53.0,431.0
35968,160.0,53.0,432.0
35969,160.0,53.0,433.0
35970,160.0,53.0,434.0
35971,160.0,53.0,663.0
35972,160.0,53.0,664.0
35973,160.0,53.0,675.0
35974,160.0,53.0,676.0
35975,160.0,53.0,686.0
35976,160.0,53.0,687.0
35977,160.0,53.0,688.0
35978,160.0,53.0,689.0
35979,160.0,53.0,690.0
35980,160.0,53.0,919.0
35981,160.0,53.0,920.0
35982,160.0,53.0,931.0
35983,160.0,53.0,932.0
35984,160.0,53.0,942.0
35985,160.0,53.0,943.0
35986,160.0,53.0,944.0
35987,160.0,53.0,945.0
35988,160.0,53.0,946.0
35989,160.0,53.0,1175.0
35990,160.0,53.0,1176.0
35991,160.0,53.0,1187.0
35992,160.0,53.0,1188.0
35993,160.0,53.0,1198.0
35994,160.0,53.0,1199.0
35995,160.0,53.0,1200.0
35996,160.0,53.0,1201.0
35997,160.0,53.0,1202.0
35998,160.0,53.0,1431.0
35999,160.0,53.0,1432.0
36000,160.0,53.0,1443.0
36001,160.0,53.0,1444.0
36002,160.0,53.0,1454.0
36003,160.0,53.0,1455.0
36004,160.0,53.0,1456.0
36005,160.0,53.0,1457.0
36006,160.0,53.0,1458.0
36007,160.0,53.0,1687.0
36008,160.0,53.0,1688.0
36009,160.0,53.0,1699.0
36010,160.0,53.0,1700.0
36011,160.0,53.0,1710.0
36012,160.0,53.0,1711.0
36013,160.0,53.0,1712.0
36014,160.0,53.0,1713.0
36015,160.0,53.0,1714.0
36016,160.0,53.0,1943.0
36017,160.0,53.0,1944.0
36018,160.0,53.0,1955.0
36019,160.0,53.0,1956.0
36020,160.0,53.0,1966.0
36021,160.0,53.0,1967.0
36022,160.0,53.0,1968.0
36023,160.0,53.0,1969.0
36024,160.0,53.0,1970.0
36025,160.0,54.0,429.0
36026,160.0,54.0,431.0
36027,160.0,54.0,685.0
36028,160.0,54.0,687.0
36029,160.0,54.0,941.0
36030,160.0,54.0,943.0
36031,160.0,54.0,1197.0
36032,160.0,54.0,1199.0
36033,160.0,54.0,1453.0
36034,160.0,54.0,1455.0
36035,160.0,54.0,1709.0
36036,160.0,54.0,1711.0
36037,160.0,54.0,1965.0
36038,160.0,54.0,1967.0
36039,160.0,59.0,449.0
36040,160.0,59.0,450.0
36041,160.0,59.0,705.0
36042,160.0,59.0,706.0
36043,160.0,59.0,961.0
36044,160.0,59.0,962.0
36045,160.0,59.0,1217.0
36046,160.0,59.0,1218.0
36047,160.0,59.0,1473.0
36048,160.0,59.0,1474.0
36049,160.0,59.0,1729.0
36050,160.0,59.0,1730.0
36051,160.0,59.0,1985.0
36052,160.0,59.0,1986.0
36053,160.0,60.0,446.0
36054,160.0,60.0,447.0
36055,160.0,60.0,448.0
36056,160.0,60.0,449.0
36057,160.0,60.0,702.0
36058,160.0,60.0,703.0
36059,160.0,60.0,704.0
36060,160.0,60.0,705.0
36061,160.0,60.0,958.0
36062,160.0,60.0,959.0
36063,160.0,60.0,960.0
36064,160.0,60.0,961.0
36065,160.0,60.0,1214.0
36066,160.0,60.0,1215.0
36067,160.0,60.0,1216.0
36068,160.0,60.0,1217.0
36069,160.0,60.0,1470.0
36070,160.0,60.0,1471.0
36071,160.0,60.0,1472.0
36072,160.0,60.0,1473.0
36073,160.0,60.0,1726.0
36074,160.0,60.0,1727.0
36075,160.0,60.0,1728.0
36076,160.0,60.0,1729.0
36077,160.0,60.0,1982.0
36078,160.0,60.0,1983.0
36079,160.0,60.0,1984.0
36080,160.0,60.0,1985.0
36081,160.0,61.0,447.0
36082,160.0,61.0,703.0
36083,160.0,61.0,959.0
36084,160.0,61.0,1215.0
36085,160.0,61.0,1471.0
36086,160.0,61.0,1727.0
36087,160.0,61.0,1983.0
36088,160.0,64.0,444.0
36089,160.0,64.0,445.0
36090,160.0,64.0,956.0
36091,160.0,64.0,957.0
36092,160.0,64.0,1212.0
36093,160.0,64.0,1213.0
36094,160.0,64.0,1468.0
36095,160.0,64.0,1469.0
36096,160.0,64.0,1980.0
36097,160.0,64.0,1981.0
36098,160.0,65.0,442.0
36099,160.0,65.0,954.0
36100,160.0,65.0,1210.0
36101,160.0,65.0,1466.0
36102,160.0,65.0,1978.0
36103,160.0,67.0,443.0
36104,160.0,67.0,444.0
36105,160.0,67.0,447.0
36106,160.0,67.0,699.0
36107,160.0,67.0,700.0
36108,160.0,67.0,703.0
36109,160.0,67.0,955.0
36110,160.0,67.0,956.0
36111,160.0,67.0,959.0
36112,160.0,67.0,1211.0
36113,160.0,67.0,1212.0
36114,160.0,67.0,1215.0
36115,160.0,67.0,1467.0
36116,160.0,67.0,1468.0
36117,160.0,67.0,1471.0
36118,160.0,67.0,1723.0
36119,160.0,67.0,1724.0
36120,160.0,67.0,1727.0
36121,160.0,67.0,1979.0
36122,160.0,67.0,1980.0
36123,160.0,67.0,1983.0
36124,160.0,68.0,432.0
36125,160.0,68.0,433.0
36126,160.0,68.0,446.0
36127,160.0,68.0,447.0
36128,160.0,68.0,688.0
36129,160.0,68.0,689.0
36130,160.0,68.0,702.0
36131,160.0,68.0,703.0
36132,160.0,68.0,944.0
36133,160.0,68.0,945.0
36134,160.0,68.0,958.0
36135,160.0,68.0,959.0
36136,160.0,68.0,1200.0
36137,160.0,68.0,1201.0
36138,160.0,68.0,1214.0
36139,160.0,68.0,1215.0
36140,160.0,68.0,1456.0
36141,160.0,68.0,1457.0
36142,160.0,68.0,1470.0
36143,160.0,68.0,1471.0
36144,160.0,68.0,1712.0
36145,160.0,68.0,1713.0
36146,160.0,68.0,1726.0
36147,160.0,68.0,1727.0
36148,160.0,68.0,1968.0
36149,160.0,68.0,1969.0
36150,160.0,68.0,1982.0
36151,160.0,68.0,1983.0
36152,160.0,69.0,432.0
36153,160.0,69.0,433.0
36154,160.0,69.0,449.0
36155,160.0,69.0,450.0
36156,160.0,69.0,688.0
36157,160.0,69.0,689.0
36158,160.0,69.0,944.0
36159,160.0,69.0,945.0
36160,160.0,69.0,961.0
36161,160.0,69.0,962.0
36162,160.0,69.0,1200.0
36163,160.0,69.0,1201.0
36164,160.0,69.0,1217.0
36165,160.0,69.0,1218.0
36166,160.0,69.0,1456.0
36167,160.0,69.0,1457.0
36168,160.0,69.0,1473.0
36169,160.0,69.0,1474.0
36170,160.0,69.0,1712.0
36171,160.0,69.0,1713.0
36172,160.0,69.0,1729.0
36173,160.0,69.0,1730.0
36174,160.0,69.0,1968.0
36175,160.0,69.0,1969.0
36176,160.0,69.0,1985.0
36177,160.0,69.0,1986.0
36178,160.0,70.0,430.0
36179,160.0,70.0,686.0
36180,160.0,70.0,942.0
36181,160.0,70.0,1198.0
36182,160.0,70.0,1454.0
36183,160.0,70.0,1710.0
36184,160.0,70.0,1966.0
36185,160.0,76.0,459.0
36186,160.0,76.0,460.0
36187,160.0,77.0,431.0
36188,160.0,78.0,439.0
36189,160.0,78.0,440.0
36190,160.0,78.0,951.0
36191,160.0,78.0,952.0
36192,160.0,78.0,1207.0
36193,160.0,78.0,1208.0
36194,160.0,78.0,1463.0
36195,160.0,78.0,1464.0
36196,160.0,78.0,1719.0
36197,160.0,78.0,1720.0
36198,160.0,78.0,1975.0
36199,160.0,78.0,1976.0
36200,160.0,83.0,455.0
36201,160.0,83.0,711.0
36202,160.0,83.0,967.0
36203,160.0,83.0,1223.0
36204,160.0,83.0,1479.0
36205,160.0,83.0,1735.0
36206,160.0,83.0,1991.0
36207,160.0,84.0,454.0
36208,160.0,84.0,455.0
36209,160.0,84.0,710.0
36210,160.0,84.0,711.0
36211,160.0,84.0,966.0
36212,160.0,84.0,967.0
36213,160.0,84.0,1222.0
36214,160.0,84.0,1223.0
36215,160.0,84.0,1478.0
36216,160.0,84.0,1479.0
36217,160.0,84.0,1734.0
36218,160.0,84.0,1735.0
36219,160.0,84.0,1990.0
36220,160.0,84.0,1991.0
36221,161.0,24.0,412.0
36222,161.0,25.0,409.0
36223,161.0,25.0,410.0
36224,161.0,26.0,404.0
36225,161.0,26.0,405.0
36226,161.0,26.0,406.0
36227,161.0,27.0,405.0
36228,161.0,33.0,413.0
36229,161.0,33.0,414.0
36230,161.0,33.0,417.0
36231,161.0,33.0,669.0
36232,161.0,33.0,670.0
36233,161.0,33.0,673.0
36234,161.0,33.0,925.0
36235,161.0,33.0,926.0
36236,161.0,33.0,929.0
36237,161.0,33.0,1181.0
36238,161.0,33.0,1182.0
36239,161.0,33.0,1185.0
36240,161.0,33.0,1437.0
36241,161.0,33.0,1438.0
36242,161.0,33.0,1441.0
36243,161.0,33.0,1693.0
36244,161.0,33.0,1694.0
36245,161.0,33.0,1697.0
36246,161.0,33.0,1949.0
36247,161.0,33.0,1950.0
36248,161.0,33.0,1953.0
36249,161.0,34.0,413.0
36250,161.0,34.0,414.0
36251,161.0,34.0,415.0
36252,161.0,34.0,416.0
36253,161.0,34.0,417.0
36254,161.0,34.0,669.0
36255,161.0,34.0,670.0
36256,161.0,34.0,671.0
36257,161.0,34.0,672.0
36258,161.0,34.0,673.0
36259,161.0,34.0,925.0
36260,161.0,34.0,926.0
36261,161.0,34.0,927.0
36262,161.0,34.0,928.0
36263,161.0,34.0,929.0
36264,161.0,34.0,1181.0
36265,161.0,34.0,1182.0
36266,161.0,34.0,1183.0
36267,161.0,34.0,1184.0
36268,161.0,34.0,1185.0
36269,161.0,34.0,1437.0
36270,161.0,34.0,1438.0
36271,161.0,34.0,1439.0
36272,161.0,34.0,1440.0
36273,161.0,34.0,1441.0
36274,161.0,34.0,1693.0
36275,161.0,34.0,1694.0
36276,161.0,34.0,1695.0
36277,161.0,34.0,1696.0
36278,161.0,34.0,1697.0
36279,161.0,34.0,1949.0
36280,161.0,34.0,1950.0
36281,161.0,34.0,1951.0
36282,161.0,34.0,1952.0
36283,161.0,34.0,1953.0
36284,161.0,35.0,404.0
36285,161.0,35.0,405.0
36286,161.0,36.0,403.0
36287,161.0,36.0,404.0
36288,161.0,36.0,659.0
36289,161.0,36.0,660.0
36290,161.0,36.0,915.0
36291,161.0,36.0,916.0
36292,161.0,36.0,1171.0
36293,161.0,36.0,1172.0
36294,161.0,36.0,1427.0
36295,161.0,36.0,1428.0
36296,161.0,36.0,1683.0
36297,161.0,36.0,1684.0
36298,161.0,36.0,1939.0
36299,161.0,36.0,1940.0
36300,161.0,37.0,402.0
36301,161.0,37.0,403.0
36302,161.0,37.0,404.0
36303,161.0,37.0,658.0
36304,161.0,37.0,659.0
36305,161.0,37.0,660.0
36306,161.0,37.0,914.0
36307,161.0,37.0,915.0
36308,161.0,37.0,916.0
36309,161.0,37.0,1170.0
36310,161.0,37.0,1171.0
36311,161.0,37.0,1172.0
36312,161.0,37.0,1426.0
36313,161.0,37.0,1427.0
36314,161.0,37.0,1428.0
36315,161.0,37.0,1682.0
36316,161.0,37.0,1683.0
36317,161.0,37.0,1684.0
36318,161.0,37.0,1938.0
36319,161.0,37.0,1939.0
36320,161.0,37.0,1940.0
36321,161.0,38.0,401.0
36322,161.0,38.0,657.0
36323,161.0,38.0,913.0
36324,161.0,38.0,1169.0
36325,161.0,38.0,1425.0
36326,161.0,38.0,1681.0
36327,161.0,38.0,1937.0
36328,161.0,39.0,400.0
36329,161.0,39.0,401.0
36330,161.0,39.0,656.0
36331,161.0,39.0,657.0
36332,161.0,39.0,912.0
36333,161.0,39.0,913.0
36334,161.0,39.0,1168.0
36335,161.0,39.0,1169.0
36336,161.0,39.0,1424.0
36337,161.0,39.0,1425.0
36338,161.0,39.0,1680.0
36339,161.0,39.0,1681.0
36340,161.0,39.0,1936.0
36341,161.0,39.0,1937.0
36342,161.0,40.0,399.0
36343,161.0,40.0,655.0
36344,161.0,40.0,911.0
36345,161.0,40.0,1167.0
36346,161.0,40.0,1423.0
36347,161.0,40.0,1679.0
36348,161.0,40.0,1935.0
36349,161.0,41.0,398.0
36350,161.0,41.0,399.0
36351,161.0,41.0,654.0
36352,161.0,41.0,655.0
36353,161.0,41.0,910.0
36354,161.0,41.0,911.0
36355,161.0,41.0,1166.0
36356,161.0,41.0,1167.0
36357,161.0,41.0,1422.0
36358,161.0,41.0,1423.0
36359,161.0,41.0,1678.0
36360,161.0,41.0,1679.0
36361,161.0,41.0,1934.0
36362,161.0,41.0,1935.0
36363,161.0,42.0,405.0
36364,161.0,42.0,406.0
36365,161.0,42.0,407.0
36366,161.0,42.0,661.0
36367,161.0,42.0,662.0
36368,161.0,42.0,663.0
36369,161.0,42.0,917.0
36370,161.0,42.0,918.0
36371,161.0,42.0,919.0
36372,161.0,42.0,1173.0
36373,161.0,42.0,1174.0
36374,161.0,42.0,1175.0
36375,161.0,42.0,1429.0
36376,161.0,42.0,1430.0
36377,161.0,42.0,1431.0
36378,161.0,42.0,1685.0
36379,161.0,42.0,1686.0
36380,161.0,42.0,1687.0
36381,161.0,42.0,1941.0
36382,161.0,42.0,1942.0
36383,161.0,42.0,1943.0
36384,161.0,43.0,404.0
36385,161.0,43.0,406.0
36386,161.0,43.0,660.0
36387,161.0,43.0,662.0
36388,161.0,43.0,916.0
36389,161.0,43.0,918.0
36390,161.0,43.0,1172.0
36391,161.0,43.0,1174.0
36392,161.0,43.0,1428.0
36393,161.0,43.0,1430.0
36394,161.0,43.0,1684.0
36395,161.0,43.0,1686.0
36396,161.0,43.0,1940.0
36397,161.0,43.0,1942.0
36398,161.0,44.0,409.0
36399,161.0,44.0,410.0
36400,161.0,45.0,407.0
36401,161.0,46.0,405.0
36402,161.0,46.0,406.0
36403,161.0,46.0,407.0
36404,161.0,46.0,661.0
36405,161.0,46.0,662.0
36406,161.0,46.0,663.0
36407,161.0,46.0,917.0
36408,161.0,46.0,918.0
36409,161.0,46.0,919.0
36410,161.0,46.0,1173.0
36411,161.0,46.0,1174.0
36412,161.0,46.0,1175.0
36413,161.0,46.0,1429.0
36414,161.0,46.0,1430.0
36415,161.0,46.0,1431.0
36416,161.0,46.0,1685.0
36417,161.0,46.0,1686.0
36418,161.0,46.0,1687.0
36419,161.0,46.0,1941.0
36420,161.0,46.0,1942.0
36421,161.0,46.0,1943.0
36422,161.0,47.0,405.0
36423,161.0,47.0,406.0
36424,161.0,47.0,661.0
36425,161.0,47.0,662.0
36426,161.0,47.0,917.0
36427,161.0,47.0,918.0
36428,161.0,47.0,1173.0
36429,161.0,47.0,1174.0
36430,161.0,47.0,1429.0
36431,161.0,47.0,1430.0
36432,161.0,47.0,1685.0
36433,161.0,47.0,1686.0
36434,161.0,47.0,1941.0
36435,161.0,47.0,1942.0
36436,161.0,49.0,402.0
36437,161.0,49.0,403.0
36438,161.0,49.0,410.0
36439,161.0,50.0,402.0
36440,161.0,50.0,439.0
36441,161.0,50.0,440.0
36442,161.0,51.0,424.0
36443,161.0,51.0,680.0
36444,161.0,51.0,936.0
36445,161.0,51.0,1192.0
36446,161.0,51.0,1448.0
36447,161.0,51.0,1704.0
36448,161.0,51.0,1960.0
36449,161.0,52.0,410.0
36450,161.0,52.0,421.0
36451,161.0,52.0,422.0
36452,161.0,52.0,423.0
36453,161.0,52.0,424.0
36454,161.0,52.0,433.0
36455,161.0,52.0,434.0
36456,161.0,52.0,666.0
36457,161.0,52.0,677.0
36458,161.0,52.0,678.0
36459,161.0,52.0,679.0
36460,161.0,52.0,680.0
36461,161.0,52.0,689.0
36462,161.0,52.0,690.0
36463,161.0,52.0,922.0
36464,161.0,52.0,933.0
36465,161.0,52.0,934.0
36466,161.0,52.0,935.0
36467,161.0,52.0,936.0
36468,161.0,52.0,945.0
36469,161.0,52.0,946.0
36470,161.0,52.0,1178.0
36471,161.0,52.0,1189.0
36472,161.0,52.0,1190.0
36473,161.0,52.0,1191.0
36474,161.0,52.0,1192.0
36475,161.0,52.0,1201.0
36476,161.0,52.0,1202.0
36477,161.0,52.0,1434.0
36478,161.0,52.0,1445.0
36479,161.0,52.0,1446.0
36480,161.0,52.0,1447.0
36481,161.0,52.0,1448.0
36482,161.0,52.0,1457.0
36483,161.0,52.0,1458.0
36484,161.0,52.0,1690.0
36485,161.0,52.0,1701.0
36486,161.0,52.0,1702.0
36487,161.0,52.0,1703.0
36488,161.0,52.0,1704.0
36489,161.0,52.0,1713.0
36490,161.0,52.0,1714.0
36491,161.0,52.0,1946.0
36492,161.0,52.0,1957.0
36493,161.0,52.0,1958.0
36494,161.0,52.0,1959.0
36495,161.0,52.0,1960.0
36496,161.0,52.0,1969.0
36497,161.0,52.0,1970.0
36498,161.0,53.0,407.0
36499,161.0,53.0,408.0
36500,161.0,53.0,433.0
36501,161.0,53.0,434.0
36502,161.0,53.0,663.0
36503,161.0,53.0,664.0
36504,161.0,53.0,689.0
36505,161.0,53.0,690.0
36506,161.0,53.0,919.0
36507,161.0,53.0,920.0
36508,161.0,53.0,945.0
36509,161.0,53.0,946.0
36510,161.0,53.0,1175.0
36511,161.0,53.0,1176.0
36512,161.0,53.0,1201.0
36513,161.0,53.0,1202.0
36514,161.0,53.0,1431.0
36515,161.0,53.0,1432.0
36516,161.0,53.0,1457.0
36517,161.0,53.0,1458.0
36518,161.0,53.0,1687.0
36519,161.0,53.0,1688.0
36520,161.0,53.0,1713.0
36521,161.0,53.0,1714.0
36522,161.0,53.0,1943.0
36523,161.0,53.0,1944.0
36524,161.0,53.0,1969.0
36525,161.0,53.0,1970.0
36526,161.0,54.0,407.0
36527,161.0,54.0,408.0
36528,161.0,54.0,411.0
36529,161.0,54.0,663.0
36530,161.0,54.0,664.0
36531,161.0,54.0,919.0
36532,161.0,54.0,920.0
36533,161.0,54.0,1175.0
36534,161.0,54.0,1176.0
36535,161.0,54.0,1431.0
36536,161.0,54.0,1432.0
36537,161.0,54.0,1687.0
36538,161.0,54.0,1688.0
36539,161.0,54.0,1943.0
36540,161.0,54.0,1944.0
36541,161.0,59.0,451.0
36542,161.0,59.0,452.0
36543,161.0,59.0,707.0
36544,161.0,59.0,708.0
36545,161.0,59.0,963.0
36546,161.0,59.0,964.0
36547,161.0,59.0,1219.0
36548,161.0,59.0,1220.0
36549,161.0,59.0,1475.0
36550,161.0,59.0,1476.0
36551,161.0,59.0,1731.0
36552,161.0,59.0,1732.0
36553,161.0,59.0,1987.0
36554,161.0,59.0,1988.0
36555,161.0,60.0,449.0
36556,161.0,60.0,705.0
36557,161.0,60.0,961.0
36558,161.0,60.0,1217.0
36559,161.0,60.0,1473.0
36560,161.0,60.0,1729.0
36561,161.0,60.0,1985.0
36562,161.0,64.0,444.0
36563,161.0,64.0,445.0
36564,161.0,64.0,956.0
36565,161.0,64.0,957.0
36566,161.0,64.0,1212.0
36567,161.0,64.0,1213.0
36568,161.0,64.0,1468.0
36569,161.0,64.0,1469.0
36570,161.0,64.0,1980.0
36571,161.0,64.0,1981.0
36572,161.0,67.0,442.0
36573,161.0,67.0,443.0
36574,161.0,67.0,444.0
36575,161.0,67.0,447.0
36576,161.0,67.0,698.0
36577,161.0,67.0,699.0
36578,161.0,67.0,700.0
36579,161.0,67.0,703.0
36580,161.0,67.0,954.0
36581,161.0,67.0,955.0
36582,161.0,67.0,956.0
36583,161.0,67.0,959.0
36584,161.0,67.0,1210.0
36585,161.0,67.0,1211.0
36586,161.0,67.0,1212.0
36587,161.0,67.0,1215.0
36588,161.0,67.0,1466.0
36589,161.0,67.0,1467.0
36590,161.0,67.0,1468.0
36591,161.0,67.0,1471.0
36592,161.0,67.0,1722.0
36593,161.0,67.0,1723.0
36594,161.0,67.0,1724.0
36595,161.0,67.0,1727.0
36596,161.0,67.0,1978.0
36597,161.0,67.0,1979.0
36598,161.0,67.0,1980.0
36599,161.0,67.0,1983.0
36600,161.0,68.0,441.0
36601,161.0,68.0,446.0
36602,161.0,68.0,447.0
36603,161.0,68.0,697.0
36604,161.0,68.0,702.0
36605,161.0,68.0,703.0
36606,161.0,68.0,953.0
36607,161.0,68.0,958.0
36608,161.0,68.0,959.0
36609,161.0,68.0,1209.0
36610,161.0,68.0,1214.0
36611,161.0,68.0,1215.0
36612,161.0,68.0,1465.0
36613,161.0,68.0,1470.0
36614,161.0,68.0,1471.0
36615,161.0,68.0,1721.0
36616,161.0,68.0,1726.0
36617,161.0,68.0,1727.0
36618,161.0,68.0,1977.0
36619,161.0,68.0,1982.0
36620,161.0,68.0,1983.0
36621,161.0,69.0,432.0
36622,161.0,69.0,433.0
36623,161.0,69.0,449.0
36624,161.0,69.0,450.0
36625,161.0,69.0,688.0
36626,161.0,69.0,689.0
36627,161.0,69.0,944.0
36628,161.0,69.0,945.0
36629,161.0,69.0,961.0
36630,161.0,69.0,962.0
36631,161.0,69.0,1200.0
36632,161.0,69.0,1201.0
36633,161.0,69.0,1217.0
36634,161.0,69.0,1218.0
36635,161.0,69.0,1456.0
36636,161.0,69.0,1457.0
36637,161.0,69.0,1473.0
36638,161.0,69.0,1474.0
36639,161.0,69.0,1712.0
36640,161.0,69.0,1713.0
36641,161.0,69.0,1729.0
36642,161.0,69.0,1730.0
36643,161.0,69.0,1968.0
36644,161.0,69.0,1969.0
36645,161.0,69.0,1985.0
36646,161.0,69.0,1986.0
36647,161.0,70.0,430.0
36648,161.0,70.0,431.0
36649,161.0,70.0,432.0
36650,161.0,70.0,433.0
36651,161.0,70.0,686.0
36652,161.0,70.0,687.0
36653,161.0,70.0,688.0
36654,161.0,70.0,689.0
36655,161.0,70.0,942.0
36656,161.0,70.0,943.0
36657,161.0,70.0,944.0
36658,161.0,70.0,945.0
36659,161.0,70.0,1198.0
36660,161.0,70.0,1199.0
36661,161.0,70.0,1200.0
36662,161.0,70.0,1201.0
36663,161.0,70.0,1454.0
36664,161.0,70.0,1455.0
36665,161.0,70.0,1456.0
36666,161.0,70.0,1457.0
36667,161.0,70.0,1710.0
36668,161.0,70.0,1711.0
36669,161.0,70.0,1712.0
36670,161.0,70.0,1713.0
36671,161.0,70.0,1966.0
36672,161.0,70.0,1967.0
36673,161.0,70.0,1968.0
36674,161.0,70.0,1969.0
36675,161.0,71.0,430.0
36676,161.0,71.0,686.0
36677,161.0,71.0,942.0
36678,161.0,71.0,1198.0
36679,161.0,71.0,1454.0
36680,161.0,71.0,1710.0
36681,161.0,71.0,1966.0
36682,161.0,77.0,431.0
36683,161.0,83.0,455.0
36684,161.0,83.0,711.0
36685,161.0,83.0,967.0
36686,161.0,83.0,1223.0
36687,161.0,83.0,1479.0
36688,161.0,83.0,1735.0
36689,161.0,83.0,1991.0
36690,161.0,84.0,438.0
36691,161.0,84.0,454.0
36692,161.0,84.0,694.0
36693,161.0,84.0,710.0
36694,161.0,84.0,950.0
36695,161.0,84.0,966.0
36696,161.0,84.0,1206.0
36697,161.0,84.0,1222.0
36698,161.0,84.0,1462.0
36699,161.0,84.0,1478.0
36700,161.0,84.0,1718.0
36701,161.0,84.0,1734.0
36702,161.0,84.0,1974.0
36703,161.0,84.0,1990.0
36704,161.0,91.0,438.0
36705,161.0,91.0,439.0
36706,162.0,32.0,419.0
36707,162.0,32.0,675.0
36708,162.0,32.0,931.0
36709,162.0,32.0,1187.0
36710,162.0,32.0,1443.0
36711,162.0,32.0,1699.0
36712,162.0,32.0,1955.0
36713,162.0,33.0,414.0
36714,162.0,33.0,418.0
36715,162.0,33.0,670.0
36716,162.0,33.0,674.0
36717,162.0,33.0,926.0
36718,162.0,33.0,930.0
36719,162.0,33.0,1182.0
36720,162.0,33.0,1186.0
36721,162.0,33.0,1438.0
36722,162.0,33.0,1442.0
36723,162.0,33.0,1694.0
36724,162.0,33.0,1698.0
36725,162.0,33.0,1950.0
36726,162.0,33.0,1954.0
36727,162.0,34.0,413.0
36728,162.0,34.0,414.0
36729,162.0,34.0,415.0
36730,162.0,34.0,669.0
36731,162.0,34.0,670.0
36732,162.0,34.0,671.0
36733,162.0,34.0,925.0
36734,162.0,34.0,926.0
36735,162.0,34.0,927.0
36736,162.0,34.0,1181.0
36737,162.0,34.0,1182.0
36738,162.0,34.0,1183.0
36739,162.0,34.0,1437.0
36740,162.0,34.0,1438.0
36741,162.0,34.0,1439.0
36742,162.0,34.0,1693.0
36743,162.0,34.0,1694.0
36744,162.0,34.0,1695.0
36745,162.0,34.0,1949.0
36746,162.0,34.0,1950.0
36747,162.0,34.0,1951.0
36748,162.0,36.0,403.0
36749,162.0,36.0,404.0
36750,162.0,36.0,659.0
36751,162.0,36.0,660.0
36752,162.0,36.0,915.0
36753,162.0,36.0,916.0
36754,162.0,36.0,1171.0
36755,162.0,36.0,1172.0
36756,162.0,36.0,1427.0
36757,162.0,36.0,1428.0
36758,162.0,36.0,1683.0
36759,162.0,36.0,1684.0
36760,162.0,36.0,1939.0
36761,162.0,36.0,1940.0
36762,162.0,40.0,400.0
36763,162.0,40.0,401.0
36764,162.0,40.0,656.0
36765,162.0,40.0,657.0
36766,162.0,40.0,912.0
36767,162.0,40.0,913.0
36768,162.0,40.0,1168.0
36769,162.0,40.0,1169.0
36770,162.0,40.0,1424.0
36771,162.0,40.0,1425.0
36772,162.0,40.0,1680.0
36773,162.0,40.0,1681.0
36774,162.0,40.0,1936.0
36775,162.0,40.0,1937.0
36776,162.0,41.0,398.0
36777,162.0,41.0,399.0
36778,162.0,41.0,400.0
36779,162.0,41.0,654.0
36780,162.0,41.0,655.0
36781,162.0,41.0,656.0
36782,162.0,41.0,910.0
36783,162.0,41.0,911.0
36784,162.0,41.0,912.0
36785,162.0,41.0,1166.0
36786,162.0,41.0,1167.0
36787,162.0,41.0,1168.0
36788,162.0,41.0,1422.0
36789,162.0,41.0,1423.0
36790,162.0,41.0,1424.0
36791,162.0,41.0,1678.0
36792,162.0,41.0,1679.0
36793,162.0,41.0,1680.0
36794,162.0,41.0,1934.0
36795,162.0,41.0,1935.0
36796,162.0,41.0,1936.0
36797,162.0,47.0,401.0
36798,162.0,47.0,402.0
36799,162.0,47.0,406.0
36800,162.0,47.0,662.0
36801,162.0,47.0,918.0
36802,162.0,47.0,1174.0
36803,162.0,47.0,1430.0
36804,162.0,47.0,1686.0
36805,162.0,47.0,1942.0
36806,162.0,49.0,402.0
36807,162.0,49.0,403.0
36808,162.0,51.0,424.0
36809,162.0,51.0,680.0
36810,162.0,51.0,936.0
36811,162.0,51.0,1192.0
36812,162.0,51.0,1448.0
36813,162.0,51.0,1704.0
36814,162.0,51.0,1960.0
36815,162.0,52.0,423.0
36816,162.0,52.0,424.0
36817,162.0,52.0,679.0
36818,162.0,52.0,680.0
36819,162.0,52.0,935.0
36820,162.0,52.0,936.0
36821,162.0,52.0,1191.0
36822,162.0,52.0,1192.0
36823,162.0,52.0,1447.0
36824,162.0,52.0,1448.0
36825,162.0,52.0,1703.0
36826,162.0,52.0,1704.0
36827,162.0,52.0,1959.0
36828,162.0,52.0,1960.0
36829,162.0,53.0,423.0
36830,162.0,53.0,424.0
36831,162.0,53.0,679.0
36832,162.0,53.0,680.0
36833,162.0,53.0,935.0
36834,162.0,53.0,936.0
36835,162.0,53.0,1191.0
36836,162.0,53.0,1192.0
36837,162.0,53.0,1447.0
36838,162.0,53.0,1448.0
36839,162.0,53.0,1703.0
36840,162.0,53.0,1704.0
36841,162.0,53.0,1959.0
36842,162.0,53.0,1960.0
36843,162.0,54.0,406.0
36844,162.0,54.0,407.0
36845,162.0,54.0,411.0
36846,162.0,54.0,662.0
36847,162.0,54.0,663.0
36848,162.0,54.0,918.0
36849,162.0,54.0,919.0
36850,162.0,54.0,1174.0
36851,162.0,54.0,1175.0
36852,162.0,54.0,1430.0
36853,162.0,54.0,1431.0
36854,162.0,54.0,1686.0
36855,162.0,54.0,1687.0
36856,162.0,54.0,1942.0
36857,162.0,54.0,1943.0
36858,162.0,55.0,405.0
36859,162.0,55.0,661.0
36860,162.0,55.0,917.0
36861,162.0,55.0,1173.0
36862,162.0,55.0,1429.0
36863,162.0,55.0,1685.0
36864,162.0,55.0,1941.0
36865,162.0,56.0,405.0
36866,162.0,56.0,406.0
36867,162.0,57.0,404.0
36868,162.0,65.0,442.0
36869,162.0,67.0,442.0
36870,162.0,67.0,443.0
36871,162.0,67.0,444.0
36872,162.0,67.0,698.0
36873,162.0,67.0,699.0
36874,162.0,67.0,700.0
36875,162.0,67.0,954.0
36876,162.0,67.0,955.0
36877,162.0,67.0,956.0
36878,162.0,67.0,1210.0
36879,162.0,67.0,1211.0
36880,162.0,67.0,1212.0
36881,162.0,67.0,1466.0
36882,162.0,67.0,1467.0
36883,162.0,67.0,1468.0
36884,162.0,67.0,1722.0
36885,162.0,67.0,1723.0
36886,162.0,67.0,1724.0
36887,162.0,67.0,1978.0
36888,162.0,67.0,1979.0
36889,162.0,67.0,1980.0
36890,162.0,68.0,441.0
36891,162.0,68.0,443.0
36892,162.0,68.0,697.0
36893,162.0,68.0,699.0
36894,162.0,68.0,953.0
36895,162.0,68.0,955.0
36896,162.0,68.0,1209.0
36897,162.0,68.0,1211.0
36898,162.0,68.0,1465.0
36899,162.0,68.0,1467.0
36900,162.0,68.0,1721.0
36901,162.0,68.0,1723.0
36902,162.0,68.0,1977.0
36903,162.0,68.0,1979.0
36904,162.0,69.0,432.0
36905,162.0,69.0,433.0
36906,162.0,69.0,446.0
36907,162.0,69.0,447.0
36908,162.0,69.0,449.0
36909,162.0,69.0,450.0
36910,162.0,69.0,688.0
36911,162.0,69.0,689.0
36912,162.0,69.0,944.0
36913,162.0,69.0,945.0
36914,162.0,69.0,961.0
36915,162.0,69.0,962.0
36916,162.0,69.0,1200.0
36917,162.0,69.0,1201.0
36918,162.0,69.0,1217.0
36919,162.0,69.0,1218.0
36920,162.0,69.0,1456.0
36921,162.0,69.0,1457.0
36922,162.0,69.0,1473.0
36923,162.0,69.0,1474.0
36924,162.0,69.0,1712.0
36925,162.0,69.0,1713.0
36926,162.0,69.0,1729.0
36927,162.0,69.0,1730.0
36928,162.0,69.0,1968.0
36929,162.0,69.0,1969.0
36930,162.0,69.0,1985.0
36931,162.0,69.0,1986.0
36932,162.0,70.0,430.0
36933,162.0,70.0,431.0
36934,162.0,70.0,432.0
36935,162.0,70.0,449.0
36936,162.0,70.0,686.0
36937,162.0,70.0,687.0
36938,162.0,70.0,688.0
36939,162.0,70.0,942.0
36940,162.0,70.0,943.0
36941,162.0,70.0,944.0
36942,162.0,70.0,961.0
36943,162.0,70.0,1198.0
36944,162.0,70.0,1199.0
36945,162.0,70.0,1200.0
36946,162.0,70.0,1217.0
36947,162.0,70.0,1454.0
36948,162.0,70.0,1455.0
36949,162.0,70.0,1456.0
36950,162.0,70.0,1473.0
36951,162.0,70.0,1710.0
36952,162.0,70.0,1711.0
36953,162.0,70.0,1712.0
36954,162.0,70.0,1729.0
36955,162.0,70.0,1966.0
36956,162.0,70.0,1967.0
36957,162.0,70.0,1968.0
36958,162.0,70.0,1985.0
36959,162.0,71.0,430.0
36960,162.0,71.0,431.0
36961,162.0,71.0,686.0
36962,162.0,71.0,687.0
36963,162.0,71.0,942.0
36964,162.0,71.0,943.0
36965,162.0,71.0,1198.0
36966,162.0,71.0,1199.0
36967,162.0,71.0,1454.0
36968,162.0,71.0,1455.0
36969,162.0,71.0,1710.0
36970,162.0,71.0,1711.0
36971,162.0,71.0,1966.0
36972,162.0,71.0,1967.0
36973,162.0,77.0,432.0
36974,162.0,77.0,437.0
36975,162.0,78.0,431.0
36976,162.0,78.0,436.0
36977,162.0,84.0,437.0
36978,162.0,84.0,438.0
36979,162.0,84.0,693.0
36980,162.0,84.0,694.0
36981,162.0,84.0,949.0
36982,162.0,84.0,950.0
36983,162.0,84.0,1205.0
36984,162.0,84.0,1206.0
36985,162.0,84.0,1461.0
36986,162.0,84.0,1462.0
36987,162.0,84.0,1717.0
36988,162.0,84.0,1718.0
36989,162.0,84.0,1973.0
36990,162.0,84.0,1974.0
36991,162.0,85.0,437.0
36992,162.0,85.0,693.0
36993,162.0,85.0,949.0
36994,162.0,85.0,1205.0
36995,162.0,85.0,1461.0
36996,162.0,85.0,1717.0
36997,162.0,85.0,1973.0
36998,162.0,89.0,437.0
36999,162.0,89.0,949.0
37000,162.0,89.0,1205.0
37001,162.0,89.0,1461.0
37002,162.0,89.0,1717.0
37003,162.0,89.0,1973.0
37004,163.0,26.0,407.0
37005,163.0,31.0,420.0
37006,163.0,31.0,421.0
37007,163.0,31.0,676.0
37008,163.0,31.0,677.0
37009,163.0,31.0,932.0
37010,163.0,31.0,933.0
37011,163.0,31.0,1188.0
37012,163.0,31.0,1189.0
37013,163.0,31.0,1444.0
37014,163.0,31.0,1445.0
37015,163.0,31.0,1700.0
37016,163.0,31.0,1701.0
37017,163.0,31.0,1956.0
37018,163.0,31.0,1957.0
37019,163.0,32.0,417.0
37020,163.0,32.0,418.0
37021,163.0,32.0,419.0
37022,163.0,32.0,420.0
37023,163.0,32.0,421.0
37024,163.0,32.0,673.0
37025,163.0,32.0,674.0
37026,163.0,32.0,675.0
37027,163.0,32.0,676.0
37028,163.0,32.0,677.0
37029,163.0,32.0,929.0
37030,163.0,32.0,930.0
37031,163.0,32.0,931.0
37032,163.0,32.0,932.0
37033,163.0,32.0,933.0
37034,163.0,32.0,1185.0
37035,163.0,32.0,1186.0
37036,163.0,32.0,1187.0
37037,163.0,32.0,1188.0
37038,163.0,32.0,1189.0
37039,163.0,32.0,1441.0
37040,163.0,32.0,1442.0
37041,163.0,32.0,1443.0
37042,163.0,32.0,1444.0
37043,163.0,32.0,1445.0
37044,163.0,32.0,1697.0
37045,163.0,32.0,1698.0
37046,163.0,32.0,1699.0
37047,163.0,32.0,1700.0
37048,163.0,32.0,1701.0
37049,163.0,32.0,1953.0
37050,163.0,32.0,1954.0
37051,163.0,32.0,1955.0
37052,163.0,32.0,1956.0
37053,163.0,32.0,1957.0
37054,163.0,33.0,418.0
37055,163.0,33.0,674.0
37056,163.0,33.0,930.0
37057,163.0,33.0,1186.0
37058,163.0,33.0,1442.0
37059,163.0,33.0,1698.0
37060,163.0,33.0,1954.0
37061,163.0,47.0,402.0
37062,163.0,47.0,406.0
37063,163.0,47.0,658.0
37064,163.0,47.0,662.0
37065,163.0,47.0,914.0
37066,163.0,47.0,918.0
37067,163.0,47.0,1170.0
37068,163.0,47.0,1174.0
37069,163.0,47.0,1426.0
37070,163.0,47.0,1430.0
37071,163.0,47.0,1686.0
37072,163.0,47.0,1938.0
37073,163.0,47.0,1942.0
37074,163.0,48.0,400.0
37075,163.0,48.0,401.0
37076,163.0,48.0,656.0
37077,163.0,48.0,657.0
37078,163.0,48.0,912.0
37079,163.0,48.0,913.0
37080,163.0,48.0,1168.0
37081,163.0,48.0,1169.0
37082,163.0,48.0,1424.0
37083,163.0,48.0,1425.0
37084,163.0,48.0,1936.0
37085,163.0,48.0,1937.0
37086,163.0,52.0,424.0
37087,163.0,52.0,680.0
37088,163.0,52.0,936.0
37089,163.0,52.0,1192.0
37090,163.0,52.0,1448.0
37091,163.0,52.0,1704.0
37092,163.0,52.0,1960.0
37093,163.0,53.0,423.0
37094,163.0,53.0,424.0
37095,163.0,53.0,679.0
37096,163.0,53.0,680.0
37097,163.0,53.0,935.0
37098,163.0,53.0,936.0
37099,163.0,53.0,1191.0
37100,163.0,53.0,1192.0
37101,163.0,53.0,1447.0
37102,163.0,53.0,1448.0
37103,163.0,53.0,1703.0
37104,163.0,53.0,1704.0
37105,163.0,53.0,1959.0
37106,163.0,53.0,1960.0
37107,163.0,54.0,408.0
37108,163.0,55.0,406.0
37109,163.0,55.0,407.0
37110,163.0,56.0,426.0
37111,163.0,57.0,404.0
37112,163.0,57.0,425.0
37113,163.0,65.0,443.0
37114,163.0,67.0,442.0
37115,163.0,67.0,443.0
37116,163.0,67.0,444.0
37117,163.0,67.0,698.0
37118,163.0,67.0,699.0
37119,163.0,67.0,700.0
37120,163.0,67.0,954.0
37121,163.0,67.0,955.0
37122,163.0,67.0,956.0
37123,163.0,67.0,1210.0
37124,163.0,67.0,1211.0
37125,163.0,67.0,1212.0
37126,163.0,67.0,1466.0
37127,163.0,67.0,1467.0
37128,163.0,67.0,1468.0
37129,163.0,67.0,1722.0
37130,163.0,67.0,1723.0
37131,163.0,67.0,1724.0
37132,163.0,67.0,1978.0
37133,163.0,67.0,1979.0
37134,163.0,67.0,1980.0
37135,163.0,68.0,443.0
37136,163.0,68.0,699.0
37137,163.0,68.0,955.0
37138,163.0,68.0,1211.0
37139,163.0,68.0,1467.0
37140,163.0,68.0,1723.0
37141,163.0,68.0,1979.0
37142,163.0,69.0,446.0
37143,163.0,69.0,447.0
37144,163.0,70.0,431.0
37145,163.0,70.0,432.0
37146,163.0,70.0,437.0
37147,163.0,70.0,440.0
37148,163.0,70.0,441.0
37149,163.0,70.0,687.0
37150,163.0,70.0,688.0
37151,163.0,70.0,693.0
37152,163.0,70.0,943.0
37153,163.0,70.0,944.0
37154,163.0,70.0,949.0
37155,163.0,70.0,1199.0
37156,163.0,70.0,1200.0
37157,163.0,70.0,1205.0
37158,163.0,70.0,1455.0
37159,163.0,70.0,1456.0
37160,163.0,70.0,1461.0
37161,163.0,70.0,1711.0
37162,163.0,70.0,1712.0
37163,163.0,70.0,1717.0
37164,163.0,70.0,1967.0
37165,163.0,70.0,1968.0
37166,163.0,70.0,1973.0
37167,163.0,71.0,430.0
37168,163.0,71.0,431.0
37169,163.0,71.0,432.0
37170,163.0,71.0,686.0
37171,163.0,71.0,687.0
37172,163.0,71.0,688.0
37173,163.0,71.0,942.0
37174,163.0,71.0,943.0
37175,163.0,71.0,944.0
37176,163.0,71.0,1198.0
37177,163.0,71.0,1199.0
37178,163.0,71.0,1200.0
37179,163.0,71.0,1454.0
37180,163.0,71.0,1455.0
37181,163.0,71.0,1456.0
37182,163.0,71.0,1710.0
37183,163.0,71.0,1711.0
37184,163.0,71.0,1712.0
37185,163.0,71.0,1966.0
37186,163.0,71.0,1967.0
37187,163.0,71.0,1968.0
37188,163.0,76.0,435.0
37189,163.0,76.0,436.0
37190,163.0,76.0,437.0
37191,163.0,76.0,691.0
37192,163.0,76.0,692.0
37193,163.0,76.0,693.0
37194,163.0,76.0,947.0
37195,163.0,76.0,948.0
37196,163.0,76.0,949.0
37197,163.0,76.0,1203.0
37198,163.0,76.0,1204.0
37199,163.0,76.0,1205.0
37200,163.0,76.0,1459.0
37201,163.0,76.0,1460.0
37202,163.0,76.0,1461.0
37203,163.0,76.0,1715.0
37204,163.0,76.0,1716.0
37205,163.0,76.0,1717.0
37206,163.0,76.0,1971.0
37207,163.0,76.0,1972.0
37208,163.0,76.0,1973.0
37209,163.0,77.0,435.0
37210,163.0,77.0,436.0
37211,163.0,77.0,691.0
37212,163.0,77.0,692.0
37213,163.0,77.0,947.0
37214,163.0,77.0,948.0
37215,163.0,77.0,1203.0
37216,163.0,77.0,1204.0
37217,163.0,77.0,1459.0
37218,163.0,77.0,1460.0
37219,163.0,77.0,1715.0
37220,163.0,77.0,1716.0
37221,163.0,77.0,1971.0
37222,163.0,77.0,1972.0
37223,163.0,81.0,435.0
37224,163.0,81.0,436.0
37225,163.0,81.0,437.0
37226,163.0,81.0,691.0
37227,163.0,81.0,692.0
37228,163.0,81.0,693.0
37229,163.0,81.0,947.0
37230,163.0,81.0,948.0
37231,163.0,81.0,949.0
37232,163.0,81.0,1203.0
37233,163.0,81.0,1204.0
37234,163.0,81.0,1205.0
37235,163.0,81.0,1459.0
37236,163.0,81.0,1460.0
37237,163.0,81.0,1461.0
37238,163.0,81.0,1715.0
37239,163.0,81.0,1716.0
37240,163.0,81.0,1717.0
37241,163.0,81.0,1971.0
37242,163.0,81.0,1972.0
37243,163.0,81.0,1973.0
37244,163.0,82.0,436.0
37245,163.0,82.0,692.0
37246,163.0,82.0,948.0
37247,163.0,82.0,1204.0
37248,163.0,82.0,1460.0
37249,163.0,82.0,1716.0
37250,163.0,82.0,1972.0
37251,163.0,84.0,437.0
37252,163.0,84.0,438.0
37253,163.0,84.0,693.0
37254,163.0,84.0,694.0
37255,163.0,84.0,949.0
37256,163.0,84.0,950.0
37257,163.0,84.0,1205.0
37258,163.0,84.0,1206.0
37259,163.0,84.0,1461.0
37260,163.0,84.0,1462.0
37261,163.0,84.0,1717.0
37262,163.0,84.0,1718.0
37263,163.0,84.0,1973.0
37264,163.0,84.0,1974.0
37265,163.0,85.0,437.0
37266,163.0,85.0,693.0
37267,163.0,85.0,949.0
37268,163.0,85.0,1205.0
37269,163.0,85.0,1461.0
37270,163.0,85.0,1717.0
37271,163.0,85.0,1973.0
37272,163.0,89.0,437.0
37273,163.0,89.0,438.0
37274,163.0,89.0,439.0
37275,163.0,89.0,949.0
37276,163.0,89.0,950.0
37277,163.0,89.0,951.0
37278,163.0,89.0,1205.0
37279,163.0,89.0,1206.0
37280,163.0,89.0,1207.0
37281,163.0,89.0,1461.0
37282,163.0,89.0,1462.0
37283,163.0,89.0,1463.0
37284,163.0,89.0,1717.0
37285,163.0,89.0,1718.0
37286,163.0,89.0,1719.0
37287,163.0,89.0,1973.0
37288,163.0,89.0,1974.0
37289,163.0,89.0,1975.0
37290,164.0,31.0,420.0
37291,164.0,31.0,421.0
37292,164.0,31.0,676.0
37293,164.0,31.0,677.0
37294,164.0,31.0,932.0
37295,164.0,31.0,933.0
37296,164.0,31.0,1188.0
37297,164.0,31.0,1189.0
37298,164.0,31.0,1444.0
37299,164.0,31.0,1445.0
37300,164.0,31.0,1700.0
37301,164.0,31.0,1701.0
37302,164.0,31.0,1956.0
37303,164.0,31.0,1957.0
37304,164.0,32.0,417.0
37305,164.0,32.0,418.0
37306,164.0,32.0,420.0
37307,164.0,32.0,421.0
37308,164.0,32.0,673.0
37309,164.0,32.0,674.0
37310,164.0,32.0,676.0
37311,164.0,32.0,677.0
37312,164.0,32.0,929.0
37313,164.0,32.0,930.0
37314,164.0,32.0,932.0
37315,164.0,32.0,933.0
37316,164.0,32.0,1185.0
37317,164.0,32.0,1186.0
37318,164.0,32.0,1188.0
37319,164.0,32.0,1189.0
37320,164.0,32.0,1441.0
37321,164.0,32.0,1442.0
37322,164.0,32.0,1444.0
37323,164.0,32.0,1445.0
37324,164.0,32.0,1697.0
37325,164.0,32.0,1698.0
37326,164.0,32.0,1700.0
37327,164.0,32.0,1701.0
37328,164.0,32.0,1953.0
37329,164.0,32.0,1954.0
37330,164.0,32.0,1956.0
37331,164.0,32.0,1957.0
37332,164.0,37.0,419.0
37333,164.0,37.0,931.0
37334,164.0,37.0,1187.0
37335,164.0,37.0,1443.0
37336,164.0,37.0,1699.0
37337,164.0,37.0,1955.0
37338,164.0,38.0,418.0
37339,164.0,38.0,930.0
37340,164.0,38.0,1186.0
37341,164.0,38.0,1442.0
37342,164.0,38.0,1698.0
37343,164.0,38.0,1954.0
37344,164.0,42.0,417.0
37345,164.0,42.0,673.0
37346,164.0,42.0,929.0
37347,164.0,42.0,1185.0
37348,164.0,42.0,1441.0
37349,164.0,42.0,1697.0
37350,164.0,42.0,1953.0
37351,164.0,43.0,414.0
37352,164.0,43.0,415.0
37353,164.0,43.0,419.0
37354,164.0,43.0,670.0
37355,164.0,43.0,671.0
37356,164.0,43.0,675.0
37357,164.0,43.0,926.0
37358,164.0,43.0,927.0
37359,164.0,43.0,931.0
37360,164.0,43.0,1182.0
37361,164.0,43.0,1183.0
37362,164.0,43.0,1187.0
37363,164.0,43.0,1438.0
37364,164.0,43.0,1439.0
37365,164.0,43.0,1443.0
37366,164.0,43.0,1694.0
37367,164.0,43.0,1695.0
37368,164.0,43.0,1699.0
37369,164.0,43.0,1950.0
37370,164.0,43.0,1951.0
37371,164.0,43.0,1955.0
37372,164.0,44.0,419.0
37373,164.0,44.0,675.0
37374,164.0,44.0,931.0
37375,164.0,44.0,1187.0
37376,164.0,44.0,1443.0
37377,164.0,44.0,1699.0
37378,164.0,44.0,1955.0
37379,164.0,48.0,400.0
37380,164.0,48.0,425.0
37381,164.0,48.0,426.0
37382,164.0,48.0,427.0
37383,164.0,48.0,656.0
37384,164.0,48.0,681.0
37385,164.0,48.0,682.0
37386,164.0,48.0,683.0
37387,164.0,48.0,912.0
37388,164.0,48.0,937.0
37389,164.0,48.0,938.0
37390,164.0,48.0,939.0
37391,164.0,48.0,1168.0
37392,164.0,48.0,1193.0
37393,164.0,48.0,1194.0
37394,164.0,48.0,1195.0
37395,164.0,48.0,1424.0
37396,164.0,48.0,1449.0
37397,164.0,48.0,1450.0
37398,164.0,48.0,1451.0
37399,164.0,48.0,1705.0
37400,164.0,48.0,1706.0
37401,164.0,48.0,1707.0
37402,164.0,48.0,1936.0
37403,164.0,48.0,1961.0
37404,164.0,48.0,1962.0
37405,164.0,48.0,1963.0
37406,164.0,49.0,421.0
37407,164.0,49.0,422.0
37408,164.0,52.0,423.0
37409,164.0,52.0,424.0
37410,164.0,52.0,679.0
37411,164.0,52.0,680.0
37412,164.0,52.0,935.0
37413,164.0,52.0,936.0
37414,164.0,52.0,1191.0
37415,164.0,52.0,1192.0
37416,164.0,52.0,1447.0
37417,164.0,52.0,1448.0
37418,164.0,52.0,1703.0
37419,164.0,52.0,1704.0
37420,164.0,52.0,1959.0
37421,164.0,52.0,1960.0
37422,164.0,53.0,423.0
37423,164.0,53.0,424.0
37424,164.0,53.0,679.0
37425,164.0,53.0,680.0
37426,164.0,53.0,935.0
37427,164.0,53.0,936.0
37428,164.0,53.0,1191.0
37429,164.0,53.0,1192.0
37430,164.0,53.0,1447.0
37431,164.0,53.0,1448.0
37432,164.0,53.0,1703.0
37433,164.0,53.0,1704.0
37434,164.0,53.0,1959.0
37435,164.0,53.0,1960.0
37436,164.0,56.0,426.0
37437,164.0,57.0,425.0
37438,164.0,59.0,403.0
37439,164.0,59.0,404.0
37440,164.0,65.0,443.0
37441,164.0,65.0,444.0
37442,164.0,67.0,445.0
37443,164.0,67.0,446.0
37444,164.0,67.0,449.0
37445,164.0,67.0,705.0
37446,164.0,67.0,961.0
37447,164.0,67.0,1217.0
37448,164.0,67.0,1473.0
37449,164.0,67.0,1729.0
37450,164.0,67.0,1985.0
37451,164.0,68.0,448.0
37452,164.0,68.0,449.0
37453,164.0,68.0,704.0
37454,164.0,68.0,705.0
37455,164.0,68.0,960.0
37456,164.0,68.0,961.0
37457,164.0,68.0,1216.0
37458,164.0,68.0,1217.0
37459,164.0,68.0,1472.0
37460,164.0,68.0,1473.0
37461,164.0,68.0,1728.0
37462,164.0,68.0,1729.0
37463,164.0,68.0,1984.0
37464,164.0,68.0,1985.0
37465,164.0,69.0,436.0
37466,164.0,69.0,437.0
37467,164.0,69.0,438.0
37468,164.0,69.0,692.0
37469,164.0,69.0,693.0
37470,164.0,69.0,694.0
37471,164.0,69.0,948.0
37472,164.0,69.0,949.0
37473,164.0,69.0,950.0
37474,164.0,69.0,1204.0
37475,164.0,69.0,1205.0
37476,164.0,69.0,1206.0
37477,164.0,69.0,1460.0
37478,164.0,69.0,1461.0
37479,164.0,69.0,1462.0
37480,164.0,69.0,1716.0
37481,164.0,69.0,1717.0
37482,164.0,69.0,1718.0
37483,164.0,69.0,1972.0
37484,164.0,69.0,1973.0
37485,164.0,69.0,1974.0
37486,164.0,70.0,431.0
37487,164.0,70.0,432.0
37488,164.0,70.0,434.0
37489,164.0,70.0,435.0
37490,164.0,70.0,437.0
37491,164.0,70.0,687.0
37492,164.0,70.0,688.0
37493,164.0,70.0,690.0
37494,164.0,70.0,691.0
37495,164.0,70.0,693.0
37496,164.0,70.0,943.0
37497,164.0,70.0,944.0
37498,164.0,70.0,946.0
37499,164.0,70.0,947.0
37500,164.0,70.0,949.0
37501,164.0,70.0,1199.0
37502,164.0,70.0,1200.0
37503,164.0,70.0,1202.0
37504,164.0,70.0,1203.0
37505,164.0,70.0,1205.0
37506,164.0,70.0,1455.0
37507,164.0,70.0,1456.0
37508,164.0,70.0,1458.0
37509,164.0,70.0,1459.0
37510,164.0,70.0,1461.0
37511,164.0,70.0,1711.0
37512,164.0,70.0,1712.0
37513,164.0,70.0,1714.0
37514,164.0,70.0,1715.0
37515,164.0,70.0,1717.0
37516,164.0,70.0,1967.0
37517,164.0,70.0,1968.0
37518,164.0,70.0,1970.0
37519,164.0,70.0,1971.0
37520,164.0,70.0,1973.0
37521,164.0,71.0,430.0
37522,164.0,71.0,431.0
37523,164.0,71.0,432.0
37524,164.0,71.0,686.0
37525,164.0,71.0,687.0
37526,164.0,71.0,688.0
37527,164.0,71.0,942.0
37528,164.0,71.0,943.0
37529,164.0,71.0,944.0
37530,164.0,71.0,1198.0
37531,164.0,71.0,1199.0
37532,164.0,71.0,1200.0
37533,164.0,71.0,1454.0
37534,164.0,71.0,1455.0
37535,164.0,71.0,1456.0
37536,164.0,71.0,1710.0
37537,164.0,71.0,1711.0
37538,164.0,71.0,1712.0
37539,164.0,71.0,1966.0
37540,164.0,71.0,1967.0
37541,164.0,71.0,1968.0
37542,164.0,76.0,435.0
37543,164.0,76.0,436.0
37544,164.0,76.0,437.0
37545,164.0,76.0,691.0
37546,164.0,76.0,692.0
37547,164.0,76.0,693.0
37548,164.0,76.0,947.0
37549,164.0,76.0,948.0
37550,164.0,76.0,949.0
37551,164.0,76.0,1203.0
37552,164.0,76.0,1204.0
37553,164.0,76.0,1205.0
37554,164.0,76.0,1459.0
37555,164.0,76.0,1460.0
37556,164.0,76.0,1461.0
37557,164.0,76.0,1715.0
37558,164.0,76.0,1716.0
37559,164.0,76.0,1717.0
37560,164.0,76.0,1971.0
37561,164.0,76.0,1972.0
37562,164.0,76.0,1973.0
37563,164.0,77.0,435.0
37564,164.0,77.0,436.0
37565,164.0,77.0,691.0
37566,164.0,77.0,692.0
37567,164.0,77.0,947.0
37568,164.0,77.0,948.0
37569,164.0,77.0,1203.0
37570,164.0,77.0,1204.0
37571,164.0,77.0,1459.0
37572,164.0,77.0,1460.0
37573,164.0,77.0,1715.0
37574,164.0,77.0,1716.0
37575,164.0,77.0,1971.0
37576,164.0,77.0,1972.0
37577,164.0,81.0,437.0
37578,164.0,81.0,693.0
37579,164.0,81.0,949.0
37580,164.0,81.0,1205.0
37581,164.0,81.0,1461.0
37582,164.0,81.0,1717.0
37583,164.0,81.0,1973.0
37584,164.0,82.0,434.0
37585,164.0,82.0,435.0
37586,164.0,82.0,436.0
37587,164.0,82.0,437.0
37588,164.0,82.0,690.0
37589,164.0,82.0,691.0
37590,164.0,82.0,692.0
37591,164.0,82.0,693.0
37592,164.0,82.0,946.0
37593,164.0,82.0,947.0
37594,164.0,82.0,948.0
37595,164.0,82.0,949.0
37596,164.0,82.0,1202.0
37597,164.0,82.0,1203.0
37598,164.0,82.0,1204.0
37599,164.0,82.0,1205.0
37600,164.0,82.0,1458.0
37601,164.0,82.0,1459.0
37602,164.0,82.0,1460.0
37603,164.0,82.0,1461.0
37604,164.0,82.0,1714.0
37605,164.0,82.0,1715.0
37606,164.0,82.0,1716.0
37607,164.0,82.0,1717.0
37608,164.0,82.0,1970.0
37609,164.0,82.0,1971.0
37610,164.0,82.0,1972.0
37611,164.0,82.0,1973.0
37612,164.0,84.0,438.0
37613,164.0,84.0,694.0
37614,164.0,84.0,950.0
37615,164.0,84.0,1206.0
37616,164.0,84.0,1462.0
37617,164.0,84.0,1718.0
37618,164.0,84.0,1974.0
37619,164.0,85.0,435.0
37620,164.0,85.0,436.0
37621,164.0,85.0,437.0
37622,164.0,85.0,691.0
37623,164.0,85.0,692.0
37624,164.0,85.0,693.0
37625,164.0,85.0,947.0
37626,164.0,85.0,948.0
37627,164.0,85.0,949.0
37628,164.0,85.0,1203.0
37629,164.0,85.0,1204.0
37630,164.0,85.0,1205.0
37631,164.0,85.0,1459.0
37632,164.0,85.0,1460.0
37633,164.0,85.0,1461.0
37634,164.0,85.0,1715.0
37635,164.0,85.0,1716.0
37636,164.0,85.0,1717.0
37637,164.0,85.0,1971.0
37638,164.0,85.0,1972.0
37639,164.0,85.0,1973.0
37640,164.0,88.0,438.0
37641,164.0,88.0,950.0
37642,164.0,88.0,1206.0
37643,164.0,88.0,1462.0
37644,164.0,88.0,1718.0
37645,164.0,88.0,1974.0
37646,164.0,89.0,437.0
37647,164.0,89.0,438.0
37648,164.0,89.0,439.0
37649,164.0,89.0,949.0
37650,164.0,89.0,950.0
37651,164.0,89.0,951.0
37652,164.0,89.0,1205.0
37653,164.0,89.0,1206.0
37654,164.0,89.0,1207.0
37655,164.0,89.0,1461.0
37656,164.0,89.0,1462.0
37657,164.0,89.0,1463.0
37658,164.0,89.0,1717.0
37659,164.0,89.0,1718.0
37660,164.0,89.0,1719.0
37661,164.0,89.0,1973.0
37662,164.0,89.0,1974.0
37663,164.0,89.0,1975.0
37664,164.0,92.0,444.0
37665,164.0,92.0,445.0
37666,164.0,115.0,438.0
37667,165.0,31.0,421.0
37668,165.0,31.0,677.0
37669,165.0,31.0,933.0
37670,165.0,31.0,1189.0
37671,165.0,31.0,1445.0
37672,165.0,31.0,1701.0
37673,165.0,31.0,1957.0
37674,165.0,35.0,419.0
37675,165.0,37.0,419.0
37676,165.0,37.0,931.0
37677,165.0,37.0,1187.0
37678,165.0,37.0,1443.0
37679,165.0,37.0,1699.0
37680,165.0,37.0,1955.0
37681,165.0,38.0,418.0
37682,165.0,38.0,930.0
37683,165.0,38.0,1186.0
37684,165.0,38.0,1442.0
37685,165.0,38.0,1698.0
37686,165.0,38.0,1954.0
37687,165.0,42.0,415.0
37688,165.0,42.0,416.0
37689,165.0,42.0,417.0
37690,165.0,42.0,671.0
37691,165.0,42.0,672.0
37692,165.0,42.0,673.0
37693,165.0,42.0,927.0
37694,165.0,42.0,928.0
37695,165.0,42.0,929.0
37696,165.0,42.0,1183.0
37697,165.0,42.0,1184.0
37698,165.0,42.0,1185.0
37699,165.0,42.0,1439.0
37700,165.0,42.0,1440.0
37701,165.0,42.0,1441.0
37702,165.0,42.0,1695.0
37703,165.0,42.0,1696.0
37704,165.0,42.0,1697.0
37705,165.0,42.0,1951.0
37706,165.0,42.0,1952.0
37707,165.0,42.0,1953.0
37708,165.0,43.0,418.0
37709,165.0,43.0,419.0
37710,165.0,43.0,674.0
37711,165.0,43.0,675.0
37712,165.0,43.0,930.0
37713,165.0,43.0,931.0
37714,165.0,43.0,1186.0
37715,165.0,43.0,1187.0
37716,165.0,43.0,1442.0
37717,165.0,43.0,1443.0
37718,165.0,43.0,1698.0
37719,165.0,43.0,1699.0
37720,165.0,43.0,1954.0
37721,165.0,43.0,1955.0
37722,165.0,44.0,419.0
37723,165.0,44.0,675.0
37724,165.0,44.0,931.0
37725,165.0,44.0,1187.0
37726,165.0,44.0,1443.0
37727,165.0,44.0,1699.0
37728,165.0,44.0,1955.0
37729,165.0,47.0,421.0
37730,165.0,47.0,422.0
37731,165.0,47.0,428.0
37732,165.0,47.0,429.0
37733,165.0,47.0,677.0
37734,165.0,47.0,678.0
37735,165.0,47.0,684.0
37736,165.0,47.0,685.0
37737,165.0,47.0,933.0
37738,165.0,47.0,934.0
37739,165.0,47.0,940.0
37740,165.0,47.0,941.0
37741,165.0,47.0,1189.0
37742,165.0,47.0,1190.0
37743,165.0,47.0,1196.0
37744,165.0,47.0,1197.0
37745,165.0,47.0,1445.0
37746,165.0,47.0,1446.0
37747,165.0,47.0,1452.0
37748,165.0,47.0,1453.0
37749,165.0,47.0,1701.0
37750,165.0,47.0,1702.0
37751,165.0,47.0,1708.0
37752,165.0,47.0,1709.0
37753,165.0,47.0,1957.0
37754,165.0,47.0,1958.0
37755,165.0,47.0,1964.0
37756,165.0,47.0,1965.0
37757,165.0,48.0,399.0
37758,165.0,48.0,400.0
37759,165.0,48.0,421.0
37760,165.0,48.0,422.0
37761,165.0,48.0,425.0
37762,165.0,48.0,426.0
37763,165.0,48.0,427.0
37764,165.0,48.0,655.0
37765,165.0,48.0,656.0
37766,165.0,48.0,677.0
37767,165.0,48.0,678.0
37768,165.0,48.0,681.0
37769,165.0,48.0,682.0
37770,165.0,48.0,683.0
37771,165.0,48.0,911.0
37772,165.0,48.0,912.0
37773,165.0,48.0,933.0
37774,165.0,48.0,934.0
37775,165.0,48.0,937.0
37776,165.0,48.0,938.0
37777,165.0,48.0,939.0
37778,165.0,48.0,1167.0
37779,165.0,48.0,1168.0
37780,165.0,48.0,1189.0
37781,165.0,48.0,1190.0
37782,165.0,48.0,1193.0
37783,165.0,48.0,1194.0
37784,165.0,48.0,1195.0
37785,165.0,48.0,1423.0
37786,165.0,48.0,1424.0
37787,165.0,48.0,1445.0
37788,165.0,48.0,1446.0
37789,165.0,48.0,1449.0
37790,165.0,48.0,1450.0
37791,165.0,48.0,1451.0
37792,165.0,48.0,1701.0
37793,165.0,48.0,1702.0
37794,165.0,48.0,1705.0
37795,165.0,48.0,1706.0
37796,165.0,48.0,1707.0
37797,165.0,48.0,1935.0
37798,165.0,48.0,1936.0
37799,165.0,48.0,1957.0
37800,165.0,48.0,1958.0
37801,165.0,48.0,1961.0
37802,165.0,48.0,1962.0
37803,165.0,48.0,1963.0
37804,165.0,49.0,426.0
37805,165.0,49.0,682.0
37806,165.0,49.0,938.0
37807,165.0,49.0,1194.0
37808,165.0,49.0,1450.0
37809,165.0,49.0,1706.0
37810,165.0,49.0,1962.0
37811,165.0,52.0,423.0
37812,165.0,52.0,424.0
37813,165.0,52.0,679.0
37814,165.0,52.0,680.0
37815,165.0,52.0,935.0
37816,165.0,52.0,936.0
37817,165.0,52.0,1191.0
37818,165.0,52.0,1192.0
37819,165.0,52.0,1447.0
37820,165.0,52.0,1448.0
37821,165.0,52.0,1703.0
37822,165.0,52.0,1704.0
37823,165.0,52.0,1959.0
37824,165.0,52.0,1960.0
37825,165.0,53.0,423.0
37826,165.0,53.0,424.0
37827,165.0,53.0,679.0
37828,165.0,53.0,680.0
37829,165.0,53.0,935.0
37830,165.0,53.0,936.0
37831,165.0,53.0,1191.0
37832,165.0,53.0,1192.0
37833,165.0,53.0,1447.0
37834,165.0,53.0,1448.0
37835,165.0,53.0,1703.0
37836,165.0,53.0,1704.0
37837,165.0,53.0,1959.0
37838,165.0,53.0,1960.0
37839,165.0,56.0,426.0
37840,165.0,57.0,425.0
37841,165.0,59.0,403.0
37842,165.0,59.0,404.0
37843,165.0,63.0,446.0
37844,165.0,63.0,447.0
37845,165.0,63.0,702.0
37846,165.0,63.0,703.0
37847,165.0,63.0,958.0
37848,165.0,63.0,959.0
37849,165.0,63.0,1214.0
37850,165.0,63.0,1215.0
37851,165.0,63.0,1470.0
37852,165.0,63.0,1471.0
37853,165.0,63.0,1726.0
37854,165.0,63.0,1727.0
37855,165.0,63.0,1982.0
37856,165.0,63.0,1983.0
37857,165.0,67.0,445.0
37858,165.0,67.0,446.0
37859,165.0,67.0,451.0
37860,165.0,67.0,707.0
37861,165.0,67.0,963.0
37862,165.0,67.0,1219.0
37863,165.0,67.0,1475.0
37864,165.0,67.0,1731.0
37865,165.0,67.0,1987.0
37866,165.0,68.0,448.0
37867,165.0,68.0,449.0
37868,165.0,68.0,450.0
37869,165.0,68.0,704.0
37870,165.0,68.0,705.0
37871,165.0,68.0,706.0
37872,165.0,68.0,960.0
37873,165.0,68.0,961.0
37874,165.0,68.0,962.0
37875,165.0,68.0,1216.0
37876,165.0,68.0,1217.0
37877,165.0,68.0,1218.0
37878,165.0,68.0,1472.0
37879,165.0,68.0,1473.0
37880,165.0,68.0,1474.0
37881,165.0,68.0,1728.0
37882,165.0,68.0,1729.0
37883,165.0,68.0,1730.0
37884,165.0,68.0,1984.0
37885,165.0,68.0,1985.0
37886,165.0,68.0,1986.0
37887,165.0,69.0,439.0
37888,165.0,69.0,440.0
37889,165.0,69.0,448.0
37890,165.0,69.0,449.0
37891,165.0,69.0,704.0
37892,165.0,69.0,705.0
37893,165.0,69.0,960.0
37894,165.0,69.0,961.0
37895,165.0,69.0,1216.0
37896,165.0,69.0,1217.0
37897,165.0,69.0,1472.0
37898,165.0,69.0,1473.0
37899,165.0,69.0,1728.0
37900,165.0,69.0,1729.0
37901,165.0,69.0,1984.0
37902,165.0,69.0,1985.0
37903,165.0,70.0,431.0
37904,165.0,70.0,432.0
37905,165.0,70.0,433.0
37906,165.0,70.0,687.0
37907,165.0,70.0,688.0
37908,165.0,70.0,689.0
37909,165.0,70.0,943.0
37910,165.0,70.0,944.0
37911,165.0,70.0,945.0
37912,165.0,70.0,1199.0
37913,165.0,70.0,1200.0
37914,165.0,70.0,1201.0
37915,165.0,70.0,1455.0
37916,165.0,70.0,1456.0
37917,165.0,70.0,1457.0
37918,165.0,70.0,1711.0
37919,165.0,70.0,1712.0
37920,165.0,70.0,1713.0
37921,165.0,70.0,1967.0
37922,165.0,70.0,1968.0
37923,165.0,70.0,1969.0
37924,165.0,71.0,430.0
37925,165.0,71.0,431.0
37926,165.0,71.0,432.0
37927,165.0,71.0,686.0
37928,165.0,71.0,687.0
37929,165.0,71.0,688.0
37930,165.0,71.0,942.0
37931,165.0,71.0,943.0
37932,165.0,71.0,944.0
37933,165.0,71.0,1198.0
37934,165.0,71.0,1199.0
37935,165.0,71.0,1200.0
37936,165.0,71.0,1454.0
37937,165.0,71.0,1455.0
37938,165.0,71.0,1456.0
37939,165.0,71.0,1710.0
37940,165.0,71.0,1711.0
37941,165.0,71.0,1712.0
37942,165.0,71.0,1966.0
37943,165.0,71.0,1967.0
37944,165.0,71.0,1968.0
37945,165.0,82.0,437.0
37946,165.0,82.0,693.0
37947,165.0,82.0,949.0
37948,165.0,82.0,1205.0
37949,165.0,82.0,1461.0
37950,165.0,82.0,1717.0
37951,165.0,82.0,1973.0
37952,165.0,83.0,434.0
37953,165.0,83.0,435.0
37954,165.0,83.0,690.0
37955,165.0,83.0,691.0
37956,165.0,83.0,946.0
37957,165.0,83.0,947.0
37958,165.0,83.0,1202.0
37959,165.0,83.0,1203.0
37960,165.0,83.0,1458.0
37961,165.0,83.0,1459.0
37962,165.0,83.0,1714.0
37963,165.0,83.0,1715.0
37964,165.0,83.0,1970.0
37965,165.0,83.0,1971.0
37966,165.0,85.0,435.0
37967,165.0,85.0,436.0
37968,165.0,85.0,691.0
37969,165.0,85.0,692.0
37970,165.0,85.0,947.0
37971,165.0,85.0,948.0
37972,165.0,85.0,1203.0
37973,165.0,85.0,1204.0
37974,165.0,85.0,1459.0
37975,165.0,85.0,1460.0
37976,165.0,85.0,1715.0
37977,165.0,85.0,1716.0
37978,165.0,85.0,1971.0
37979,165.0,85.0,1972.0
37980,165.0,92.0,443.0
37981,165.0,92.0,444.0
37982,165.0,92.0,445.0
37983,166.0,37.0,417.0
37984,166.0,37.0,418.0
37985,166.0,37.0,419.0
37986,166.0,37.0,929.0
37987,166.0,37.0,930.0
37988,166.0,37.0,931.0
37989,166.0,37.0,1185.0
37990,166.0,37.0,1186.0
37991,166.0,37.0,1187.0
37992,166.0,37.0,1441.0
37993,166.0,37.0,1442.0
37994,166.0,37.0,1443.0
37995,166.0,37.0,1697.0
37996,166.0,37.0,1698.0
37997,166.0,37.0,1699.0
37998,166.0,37.0,1953.0
37999,166.0,37.0,1954.0
38000,166.0,37.0,1955.0
38001,166.0,38.0,418.0
38002,166.0,38.0,930.0
38003,166.0,38.0,1186.0
38004,166.0,38.0,1442.0
38005,166.0,38.0,1698.0
38006,166.0,38.0,1954.0
38007,166.0,42.0,415.0
38008,166.0,42.0,416.0
38009,166.0,42.0,419.0
38010,166.0,42.0,671.0
38011,166.0,42.0,672.0
38012,166.0,42.0,675.0
38013,166.0,42.0,927.0
38014,166.0,42.0,928.0
38015,166.0,42.0,931.0
38016,166.0,42.0,1183.0
38017,166.0,42.0,1184.0
38018,166.0,42.0,1187.0
38019,166.0,42.0,1439.0
38020,166.0,42.0,1440.0
38021,166.0,42.0,1443.0
38022,166.0,42.0,1695.0
38023,166.0,42.0,1696.0
38024,166.0,42.0,1699.0
38025,166.0,42.0,1951.0
38026,166.0,42.0,1952.0
38027,166.0,42.0,1955.0
38028,166.0,43.0,418.0
38029,166.0,43.0,419.0
38030,166.0,43.0,674.0
38031,166.0,43.0,675.0
38032,166.0,43.0,930.0
38033,166.0,43.0,931.0
38034,166.0,43.0,1186.0
38035,166.0,43.0,1187.0
38036,166.0,43.0,1442.0
38037,166.0,43.0,1443.0
38038,166.0,43.0,1698.0
38039,166.0,43.0,1699.0
38040,166.0,43.0,1954.0
38041,166.0,43.0,1955.0
38042,166.0,44.0,416.0
38043,166.0,44.0,672.0
38044,166.0,44.0,928.0
38045,166.0,44.0,1184.0
38046,166.0,44.0,1440.0
38047,166.0,44.0,1696.0
38048,166.0,44.0,1952.0
38049,166.0,47.0,421.0
38050,166.0,47.0,677.0
38051,166.0,47.0,933.0
38052,166.0,47.0,1189.0
38053,166.0,47.0,1445.0
38054,166.0,47.0,1701.0
38055,166.0,47.0,1957.0
38056,166.0,48.0,418.0
38057,166.0,48.0,419.0
38058,166.0,48.0,420.0
38059,166.0,48.0,421.0
38060,166.0,48.0,422.0
38061,166.0,48.0,674.0
38062,166.0,48.0,675.0
38063,166.0,48.0,676.0
38064,166.0,48.0,677.0
38065,166.0,48.0,678.0
38066,166.0,48.0,930.0
38067,166.0,48.0,931.0
38068,166.0,48.0,932.0
38069,166.0,48.0,933.0
38070,166.0,48.0,934.0
38071,166.0,48.0,1186.0
38072,166.0,48.0,1187.0
38073,166.0,48.0,1188.0
38074,166.0,48.0,1189.0
38075,166.0,48.0,1190.0
38076,166.0,48.0,1442.0
38077,166.0,48.0,1443.0
38078,166.0,48.0,1444.0
38079,166.0,48.0,1445.0
38080,166.0,48.0,1446.0
38081,166.0,48.0,1698.0
38082,166.0,48.0,1699.0
38083,166.0,48.0,1700.0
38084,166.0,48.0,1701.0
38085,166.0,48.0,1702.0
38086,166.0,48.0,1954.0
38087,166.0,48.0,1955.0
38088,166.0,48.0,1956.0
38089,166.0,48.0,1957.0
38090,166.0,48.0,1958.0
38091,166.0,52.0,400.0
38092,166.0,53.0,423.0
38093,166.0,53.0,424.0
38094,166.0,53.0,679.0
38095,166.0,53.0,680.0
38096,166.0,53.0,935.0
38097,166.0,53.0,936.0
38098,166.0,53.0,1191.0
38099,166.0,53.0,1192.0
38100,166.0,53.0,1447.0
38101,166.0,53.0,1448.0
38102,166.0,53.0,1703.0
38103,166.0,53.0,1704.0
38104,166.0,53.0,1959.0
38105,166.0,53.0,1960.0
38106,166.0,56.0,426.0
38107,166.0,57.0,425.0
38108,166.0,63.0,446.0
38109,166.0,63.0,447.0
38110,166.0,63.0,702.0
38111,166.0,63.0,703.0
38112,166.0,63.0,958.0
38113,166.0,63.0,959.0
38114,166.0,63.0,1214.0
38115,166.0,63.0,1215.0
38116,166.0,63.0,1470.0
38117,166.0,63.0,1471.0
38118,166.0,63.0,1726.0
38119,166.0,63.0,1727.0
38120,166.0,63.0,1982.0
38121,166.0,63.0,1983.0
38122,166.0,67.0,445.0
38123,166.0,67.0,451.0
38124,166.0,67.0,452.0
38125,166.0,67.0,453.0
38126,166.0,67.0,454.0
38127,166.0,67.0,707.0
38128,166.0,67.0,708.0
38129,166.0,67.0,709.0
38130,166.0,67.0,710.0
38131,166.0,67.0,963.0
38132,166.0,67.0,964.0
38133,166.0,67.0,965.0
38134,166.0,67.0,966.0
38135,166.0,67.0,1219.0
38136,166.0,67.0,1220.0
38137,166.0,67.0,1221.0
38138,166.0,67.0,1222.0
38139,166.0,67.0,1475.0
38140,166.0,67.0,1476.0
38141,166.0,67.0,1477.0
38142,166.0,67.0,1478.0
38143,166.0,67.0,1731.0
38144,166.0,67.0,1732.0
38145,166.0,67.0,1733.0
38146,166.0,67.0,1734.0
38147,166.0,67.0,1987.0
38148,166.0,67.0,1988.0
38149,166.0,67.0,1989.0
38150,166.0,67.0,1990.0
38151,166.0,68.0,448.0
38152,166.0,68.0,449.0
38153,166.0,68.0,450.0
38154,166.0,68.0,704.0
38155,166.0,68.0,705.0
38156,166.0,68.0,706.0
38157,166.0,68.0,960.0
38158,166.0,68.0,961.0
38159,166.0,68.0,962.0
38160,166.0,68.0,1216.0
38161,166.0,68.0,1217.0
38162,166.0,68.0,1218.0
38163,166.0,68.0,1472.0
38164,166.0,68.0,1473.0
38165,166.0,68.0,1474.0
38166,166.0,68.0,1728.0
38167,166.0,68.0,1729.0
38168,166.0,68.0,1730.0
38169,166.0,68.0,1984.0
38170,166.0,68.0,1985.0
38171,166.0,68.0,1986.0
38172,166.0,70.0,431.0
38173,166.0,70.0,432.0
38174,166.0,70.0,436.0
38175,166.0,70.0,438.0
38176,166.0,70.0,687.0
38177,166.0,70.0,688.0
38178,166.0,70.0,692.0
38179,166.0,70.0,694.0
38180,166.0,70.0,943.0
38181,166.0,70.0,944.0
38182,166.0,70.0,948.0
38183,166.0,70.0,950.0
38184,166.0,70.0,1199.0
38185,166.0,70.0,1200.0
38186,166.0,70.0,1204.0
38187,166.0,70.0,1206.0
38188,166.0,70.0,1455.0
38189,166.0,70.0,1456.0
38190,166.0,70.0,1460.0
38191,166.0,70.0,1462.0
38192,166.0,70.0,1711.0
38193,166.0,70.0,1712.0
38194,166.0,70.0,1716.0
38195,166.0,70.0,1718.0
38196,166.0,70.0,1967.0
38197,166.0,70.0,1968.0
38198,166.0,70.0,1972.0
38199,166.0,70.0,1974.0
38200,166.0,71.0,435.0
38201,166.0,71.0,436.0
38202,166.0,71.0,691.0
38203,166.0,71.0,692.0
38204,166.0,71.0,947.0
38205,166.0,71.0,948.0
38206,166.0,71.0,1203.0
38207,166.0,71.0,1204.0
38208,166.0,71.0,1459.0
38209,166.0,71.0,1460.0
38210,166.0,71.0,1715.0
38211,166.0,71.0,1716.0
38212,166.0,71.0,1971.0
38213,166.0,71.0,1972.0
38214,166.0,82.0,437.0
38215,166.0,82.0,693.0
38216,166.0,82.0,949.0
38217,166.0,82.0,1205.0
38218,166.0,82.0,1461.0
38219,166.0,82.0,1717.0
38220,166.0,82.0,1973.0
38221,166.0,83.0,434.0
38222,166.0,83.0,435.0
38223,166.0,83.0,690.0
38224,166.0,83.0,691.0
38225,166.0,83.0,946.0
38226,166.0,83.0,947.0
38227,166.0,83.0,1202.0
38228,166.0,83.0,1203.0
38229,166.0,83.0,1458.0
38230,166.0,83.0,1459.0
38231,166.0,83.0,1714.0
38232,166.0,83.0,1715.0
38233,166.0,83.0,1970.0
38234,166.0,83.0,1971.0
38235,166.0,85.0,435.0
38236,166.0,85.0,436.0
38237,166.0,85.0,691.0
38238,166.0,85.0,692.0
38239,166.0,85.0,947.0
38240,166.0,85.0,948.0
38241,166.0,85.0,1203.0
38242,166.0,85.0,1204.0
38243,166.0,85.0,1459.0
38244,166.0,85.0,1460.0
38245,166.0,85.0,1715.0
38246,166.0,85.0,1716.0
38247,166.0,85.0,1971.0
38248,166.0,85.0,1972.0
38249,166.0,88.0,437.0
38250,166.0,109.0,426.0
38251,166.0,109.0,427.0
38252,166.0,110.0,426.0
38253,167.0,41.0,417.0
38254,167.0,41.0,418.0
38255,167.0,41.0,673.0
38256,167.0,41.0,674.0
38257,167.0,41.0,929.0
38258,167.0,41.0,930.0
38259,167.0,41.0,1185.0
38260,167.0,41.0,1186.0
38261,167.0,41.0,1441.0
38262,167.0,41.0,1442.0
38263,167.0,41.0,1697.0
38264,167.0,41.0,1698.0
38265,167.0,41.0,1953.0
38266,167.0,41.0,1954.0
38267,167.0,42.0,415.0
38268,167.0,42.0,419.0
38269,167.0,42.0,671.0
38270,167.0,42.0,675.0
38271,167.0,42.0,927.0
38272,167.0,42.0,931.0
38273,167.0,42.0,1183.0
38274,167.0,42.0,1187.0
38275,167.0,42.0,1439.0
38276,167.0,42.0,1443.0
38277,167.0,42.0,1695.0
38278,167.0,42.0,1699.0
38279,167.0,42.0,1951.0
38280,167.0,42.0,1955.0
38281,167.0,43.0,418.0
38282,167.0,43.0,419.0
38283,167.0,43.0,674.0
38284,167.0,43.0,675.0
38285,167.0,43.0,930.0
38286,167.0,43.0,931.0
38287,167.0,43.0,1186.0
38288,167.0,43.0,1187.0
38289,167.0,43.0,1442.0
38290,167.0,43.0,1443.0
38291,167.0,43.0,1698.0
38292,167.0,43.0,1699.0
38293,167.0,43.0,1954.0
38294,167.0,43.0,1955.0
38295,167.0,44.0,416.0
38296,167.0,44.0,417.0
38297,167.0,44.0,425.0
38298,167.0,44.0,672.0
38299,167.0,44.0,673.0
38300,167.0,44.0,681.0
38301,167.0,44.0,928.0
38302,167.0,44.0,929.0
38303,167.0,44.0,937.0
38304,167.0,44.0,1184.0
38305,167.0,44.0,1185.0
38306,167.0,44.0,1193.0
38307,167.0,44.0,1440.0
38308,167.0,44.0,1441.0
38309,167.0,44.0,1449.0
38310,167.0,44.0,1696.0
38311,167.0,44.0,1697.0
38312,167.0,44.0,1705.0
38313,167.0,44.0,1952.0
38314,167.0,44.0,1953.0
38315,167.0,44.0,1961.0
38316,167.0,45.0,424.0
38317,167.0,45.0,425.0
38318,167.0,45.0,680.0
38319,167.0,45.0,681.0
38320,167.0,45.0,936.0
38321,167.0,45.0,937.0
38322,167.0,45.0,1192.0
38323,167.0,45.0,1193.0
38324,167.0,45.0,1448.0
38325,167.0,45.0,1449.0
38326,167.0,45.0,1704.0
38327,167.0,45.0,1705.0
38328,167.0,45.0,1960.0
38329,167.0,45.0,1961.0
38330,167.0,46.0,424.0
38331,167.0,46.0,425.0
38332,167.0,46.0,680.0
38333,167.0,46.0,681.0
38334,167.0,46.0,936.0
38335,167.0,46.0,937.0
38336,167.0,46.0,1192.0
38337,167.0,46.0,1193.0
38338,167.0,46.0,1448.0
38339,167.0,46.0,1449.0
38340,167.0,46.0,1704.0
38341,167.0,46.0,1705.0
38342,167.0,46.0,1960.0
38343,167.0,46.0,1961.0
38344,167.0,52.0,400.0
38345,167.0,53.0,399.0
38346,167.0,53.0,400.0
38347,167.0,53.0,423.0
38348,167.0,53.0,424.0
38349,167.0,53.0,425.0
38350,167.0,53.0,679.0
38351,167.0,53.0,680.0
38352,167.0,53.0,681.0
38353,167.0,53.0,935.0
38354,167.0,53.0,936.0
38355,167.0,53.0,937.0
38356,167.0,53.0,1191.0
38357,167.0,53.0,1192.0
38358,167.0,53.0,1193.0
38359,167.0,53.0,1447.0
38360,167.0,53.0,1448.0
38361,167.0,53.0,1449.0
38362,167.0,53.0,1703.0
38363,167.0,53.0,1704.0
38364,167.0,53.0,1705.0
38365,167.0,53.0,1959.0
38366,167.0,53.0,1960.0
38367,167.0,53.0,1961.0
38368,167.0,54.0,424.0
38369,167.0,54.0,680.0
38370,167.0,54.0,936.0
38371,167.0,54.0,1192.0
38372,167.0,54.0,1448.0
38373,167.0,54.0,1704.0
38374,167.0,54.0,1960.0
38375,167.0,58.0,427.0
38376,167.0,58.0,683.0
38377,167.0,58.0,939.0
38378,167.0,58.0,1195.0
38379,167.0,58.0,1451.0
38380,167.0,58.0,1707.0
38381,167.0,58.0,1963.0
38382,167.0,59.0,426.0
38383,167.0,59.0,682.0
38384,167.0,59.0,938.0
38385,167.0,59.0,1194.0
38386,167.0,59.0,1450.0
38387,167.0,59.0,1706.0
38388,167.0,59.0,1962.0
38389,167.0,63.0,446.0
38390,167.0,63.0,447.0
38391,167.0,63.0,702.0
38392,167.0,63.0,703.0
38393,167.0,63.0,958.0
38394,167.0,63.0,959.0
38395,167.0,63.0,1214.0
38396,167.0,63.0,1215.0
38397,167.0,63.0,1470.0
38398,167.0,63.0,1471.0
38399,167.0,63.0,1726.0
38400,167.0,63.0,1727.0
38401,167.0,63.0,1982.0
38402,167.0,63.0,1983.0
38403,167.0,67.0,450.0
38404,167.0,67.0,451.0
38405,167.0,67.0,706.0
38406,167.0,67.0,707.0
38407,167.0,67.0,962.0
38408,167.0,67.0,963.0
38409,167.0,67.0,1218.0
38410,167.0,67.0,1219.0
38411,167.0,67.0,1474.0
38412,167.0,67.0,1475.0
38413,167.0,67.0,1730.0
38414,167.0,67.0,1731.0
38415,167.0,67.0,1986.0
38416,167.0,67.0,1987.0
38417,167.0,68.0,450.0
38418,167.0,68.0,706.0
38419,167.0,68.0,962.0
38420,167.0,68.0,1218.0
38421,167.0,68.0,1474.0
38422,167.0,68.0,1730.0
38423,167.0,68.0,1986.0
38424,167.0,70.0,435.0
38425,167.0,70.0,436.0
38426,167.0,70.0,691.0
38427,167.0,70.0,692.0
38428,167.0,70.0,947.0
38429,167.0,70.0,948.0
38430,167.0,70.0,1203.0
38431,167.0,70.0,1204.0
38432,167.0,70.0,1459.0
38433,167.0,70.0,1460.0
38434,167.0,70.0,1715.0
38435,167.0,70.0,1716.0
38436,167.0,70.0,1971.0
38437,167.0,70.0,1972.0
38438,167.0,71.0,435.0
38439,167.0,71.0,436.0
38440,167.0,71.0,691.0
38441,167.0,71.0,692.0
38442,167.0,71.0,947.0
38443,167.0,71.0,948.0
38444,167.0,71.0,1203.0
38445,167.0,71.0,1204.0
38446,167.0,71.0,1459.0
38447,167.0,71.0,1460.0
38448,167.0,71.0,1715.0
38449,167.0,71.0,1716.0
38450,167.0,71.0,1971.0
38451,167.0,71.0,1972.0
38452,167.0,83.0,434.0
38453,167.0,83.0,435.0
38454,167.0,83.0,690.0
38455,167.0,83.0,691.0
38456,167.0,83.0,946.0
38457,167.0,83.0,947.0
38458,167.0,83.0,1202.0
38459,167.0,83.0,1203.0
38460,167.0,83.0,1458.0
38461,167.0,83.0,1459.0
38462,167.0,83.0,1714.0
38463,167.0,83.0,1715.0
38464,167.0,83.0,1970.0
38465,167.0,83.0,1971.0
38466,167.0,84.0,434.0
38467,167.0,84.0,435.0
38468,167.0,84.0,690.0
38469,167.0,84.0,691.0
38470,167.0,84.0,946.0
38471,167.0,84.0,947.0
38472,167.0,84.0,1202.0
38473,167.0,84.0,1203.0
38474,167.0,84.0,1458.0
38475,167.0,84.0,1459.0
38476,167.0,84.0,1714.0
38477,167.0,84.0,1715.0
38478,167.0,84.0,1970.0
38479,167.0,84.0,1971.0
38480,167.0,88.0,436.0
38481,167.0,88.0,437.0
38482,167.0,102.0,438.0
38483,167.0,102.0,439.0
38484,167.0,102.0,440.0
38485,167.0,103.0,437.0
38486,167.0,103.0,439.0
38487,168.0,41.0,417.0
38488,168.0,41.0,418.0
38489,168.0,41.0,673.0
38490,168.0,41.0,674.0
38491,168.0,41.0,929.0
38492,168.0,41.0,930.0
38493,168.0,41.0,1185.0
38494,168.0,41.0,1186.0
38495,168.0,41.0,1441.0
38496,168.0,41.0,1442.0
38497,168.0,41.0,1697.0
38498,168.0,41.0,1698.0
38499,168.0,41.0,1953.0
38500,168.0,41.0,1954.0
38501,168.0,42.0,415.0
38502,168.0,42.0,671.0
38503,168.0,42.0,927.0
38504,168.0,42.0,1183.0
38505,168.0,42.0,1439.0
38506,168.0,42.0,1695.0
38507,168.0,42.0,1951.0
38508,168.0,43.0,418.0
38509,168.0,43.0,419.0
38510,168.0,43.0,421.0
38511,168.0,43.0,422.0
38512,168.0,43.0,674.0
38513,168.0,43.0,675.0
38514,168.0,43.0,677.0
38515,168.0,43.0,678.0
38516,168.0,43.0,930.0
38517,168.0,43.0,931.0
38518,168.0,43.0,933.0
38519,168.0,43.0,934.0
38520,168.0,43.0,1186.0
38521,168.0,43.0,1187.0
38522,168.0,43.0,1189.0
38523,168.0,43.0,1190.0
38524,168.0,43.0,1442.0
38525,168.0,43.0,1443.0
38526,168.0,43.0,1445.0
38527,168.0,43.0,1446.0
38528,168.0,43.0,1698.0
38529,168.0,43.0,1699.0
38530,168.0,43.0,1701.0
38531,168.0,43.0,1702.0
38532,168.0,43.0,1954.0
38533,168.0,43.0,1955.0
38534,168.0,43.0,1957.0
38535,168.0,43.0,1958.0
38536,168.0,45.0,424.0
38537,168.0,45.0,425.0
38538,168.0,45.0,680.0
38539,168.0,45.0,681.0
38540,168.0,45.0,936.0
38541,168.0,45.0,937.0
38542,168.0,45.0,1192.0
38543,168.0,45.0,1193.0
38544,168.0,45.0,1448.0
38545,168.0,45.0,1449.0
38546,168.0,45.0,1704.0
38547,168.0,45.0,1705.0
38548,168.0,45.0,1960.0
38549,168.0,45.0,1961.0
38550,168.0,53.0,423.0
38551,168.0,53.0,424.0
38552,168.0,53.0,425.0
38553,168.0,53.0,679.0
38554,168.0,53.0,680.0
38555,168.0,53.0,681.0
38556,168.0,53.0,935.0
38557,168.0,53.0,936.0
38558,168.0,53.0,937.0
38559,168.0,53.0,1191.0
38560,168.0,53.0,1192.0
38561,168.0,53.0,1193.0
38562,168.0,53.0,1447.0
38563,168.0,53.0,1448.0
38564,168.0,53.0,1449.0
38565,168.0,53.0,1703.0
38566,168.0,53.0,1704.0
38567,168.0,53.0,1705.0
38568,168.0,53.0,1959.0
38569,168.0,53.0,1960.0
38570,168.0,53.0,1961.0
38571,168.0,54.0,424.0
38572,168.0,54.0,680.0
38573,168.0,54.0,936.0
38574,168.0,54.0,1192.0
38575,168.0,54.0,1448.0
38576,168.0,54.0,1704.0
38577,168.0,54.0,1960.0
38578,168.0,58.0,427.0
38579,168.0,58.0,683.0
38580,168.0,58.0,939.0
38581,168.0,58.0,1195.0
38582,168.0,58.0,1451.0
38583,168.0,58.0,1707.0
38584,168.0,58.0,1963.0
38585,168.0,59.0,424.0
38586,168.0,59.0,425.0
38587,168.0,59.0,426.0
38588,168.0,59.0,427.0
38589,168.0,59.0,428.0
38590,168.0,59.0,680.0
38591,168.0,59.0,681.0
38592,168.0,59.0,682.0
38593,168.0,59.0,683.0
38594,168.0,59.0,684.0
38595,168.0,59.0,936.0
38596,168.0,59.0,937.0
38597,168.0,59.0,938.0
38598,168.0,59.0,939.0
38599,168.0,59.0,940.0
38600,168.0,59.0,1192.0
38601,168.0,59.0,1193.0
38602,168.0,59.0,1194.0
38603,168.0,59.0,1195.0
38604,168.0,59.0,1196.0
38605,168.0,59.0,1448.0
38606,168.0,59.0,1449.0
38607,168.0,59.0,1450.0
38608,168.0,59.0,1451.0
38609,168.0,59.0,1452.0
38610,168.0,59.0,1704.0
38611,168.0,59.0,1705.0
38612,168.0,59.0,1706.0
38613,168.0,59.0,1707.0
38614,168.0,59.0,1708.0
38615,168.0,59.0,1960.0
38616,168.0,59.0,1961.0
38617,168.0,59.0,1962.0
38618,168.0,59.0,1963.0
38619,168.0,59.0,1964.0
38620,168.0,63.0,446.0
38621,168.0,63.0,447.0
38622,168.0,63.0,702.0
38623,168.0,63.0,703.0
38624,168.0,63.0,958.0
38625,168.0,63.0,959.0
38626,168.0,63.0,1214.0
38627,168.0,63.0,1215.0
38628,168.0,63.0,1470.0
38629,168.0,63.0,1471.0
38630,168.0,63.0,1726.0
38631,168.0,63.0,1727.0
38632,168.0,63.0,1982.0
38633,168.0,63.0,1983.0
38634,168.0,66.0,430.0
38635,168.0,66.0,431.0
38636,168.0,66.0,686.0
38637,168.0,66.0,687.0
38638,168.0,66.0,942.0
38639,168.0,66.0,943.0
38640,168.0,66.0,1198.0
38641,168.0,66.0,1199.0
38642,168.0,66.0,1454.0
38643,168.0,66.0,1455.0
38644,168.0,66.0,1710.0
38645,168.0,66.0,1711.0
38646,168.0,66.0,1966.0
38647,168.0,66.0,1967.0
38648,168.0,67.0,428.0
38649,168.0,67.0,429.0
38650,168.0,67.0,450.0
38651,168.0,67.0,684.0
38652,168.0,67.0,685.0
38653,168.0,67.0,706.0
38654,168.0,67.0,940.0
38655,168.0,67.0,941.0
38656,168.0,67.0,962.0
38657,168.0,67.0,1196.0
38658,168.0,67.0,1197.0
38659,168.0,67.0,1218.0
38660,168.0,67.0,1452.0
38661,168.0,67.0,1453.0
38662,168.0,67.0,1474.0
38663,168.0,67.0,1708.0
38664,168.0,67.0,1709.0
38665,168.0,67.0,1730.0
38666,168.0,67.0,1964.0
38667,168.0,67.0,1965.0
38668,168.0,67.0,1986.0
38669,168.0,69.0,448.0
38670,168.0,69.0,449.0
38671,168.0,71.0,435.0
38672,168.0,71.0,436.0
38673,168.0,71.0,691.0
38674,168.0,71.0,692.0
38675,168.0,71.0,947.0
38676,168.0,71.0,948.0
38677,168.0,71.0,1203.0
38678,168.0,71.0,1204.0
38679,168.0,71.0,1459.0
38680,168.0,71.0,1460.0
38681,168.0,71.0,1715.0
38682,168.0,71.0,1716.0
38683,168.0,71.0,1971.0
38684,168.0,71.0,1972.0
38685,168.0,72.0,433.0
38686,168.0,72.0,689.0
38687,168.0,72.0,945.0
38688,168.0,72.0,1201.0
38689,168.0,72.0,1457.0
38690,168.0,72.0,1713.0
38691,168.0,72.0,1969.0
38692,168.0,77.0,434.0
38693,168.0,77.0,435.0
38694,168.0,77.0,946.0
38695,168.0,77.0,947.0
38696,168.0,77.0,1202.0
38697,168.0,77.0,1203.0
38698,168.0,77.0,1458.0
38699,168.0,77.0,1459.0
38700,168.0,77.0,1970.0
38701,168.0,77.0,1971.0
38702,168.0,78.0,434.0
38703,168.0,78.0,435.0
38704,168.0,78.0,946.0
38705,168.0,78.0,947.0
38706,168.0,78.0,1202.0
38707,168.0,78.0,1203.0
38708,168.0,78.0,1458.0
38709,168.0,78.0,1459.0
38710,168.0,78.0,1970.0
38711,168.0,78.0,1971.0
38712,168.0,84.0,433.0
38713,168.0,84.0,434.0
38714,168.0,84.0,435.0
38715,168.0,84.0,436.0
38716,168.0,84.0,689.0
38717,168.0,84.0,690.0
38718,168.0,84.0,691.0
38719,168.0,84.0,692.0
38720,168.0,84.0,945.0
38721,168.0,84.0,946.0
38722,168.0,84.0,947.0
38723,168.0,84.0,948.0
38724,168.0,84.0,1201.0
38725,168.0,84.0,1202.0
38726,168.0,84.0,1203.0
38727,168.0,84.0,1204.0
38728,168.0,84.0,1457.0
38729,168.0,84.0,1458.0
38730,168.0,84.0,1459.0
38731,168.0,84.0,1460.0
38732,168.0,84.0,1713.0
38733,168.0,84.0,1714.0
38734,168.0,84.0,1715.0
38735,168.0,84.0,1716.0
38736,168.0,84.0,1969.0
38737,168.0,84.0,1970.0
38738,168.0,84.0,1971.0
38739,168.0,84.0,1972.0
38740,168.0,85.0,432.0
38741,168.0,85.0,688.0
38742,168.0,85.0,944.0
38743,168.0,85.0,1200.0
38744,168.0,85.0,1456.0
38745,168.0,85.0,1712.0
38746,168.0,85.0,1968.0
38747,168.0,86.0,435.0
38748,168.0,86.0,436.0
38749,168.0,86.0,437.0
38750,168.0,88.0,436.0
38751,168.0,88.0,437.0
38752,168.0,105.0,437.0
38753,169.0,40.0,417.0
38754,169.0,40.0,418.0
38755,169.0,40.0,673.0
38756,169.0,40.0,674.0
38757,169.0,40.0,929.0
38758,169.0,40.0,930.0
38759,169.0,40.0,1185.0
38760,169.0,40.0,1186.0
38761,169.0,40.0,1441.0
38762,169.0,40.0,1442.0
38763,169.0,40.0,1697.0
38764,169.0,40.0,1698.0
38765,169.0,40.0,1953.0
38766,169.0,40.0,1954.0
38767,169.0,41.0,414.0
38768,169.0,41.0,415.0
38769,169.0,41.0,416.0
38770,169.0,41.0,417.0
38771,169.0,41.0,418.0
38772,169.0,41.0,670.0
38773,169.0,41.0,671.0
38774,169.0,41.0,672.0
38775,169.0,41.0,673.0
38776,169.0,41.0,674.0
38777,169.0,41.0,926.0
38778,169.0,41.0,927.0
38779,169.0,41.0,928.0
38780,169.0,41.0,929.0
38781,169.0,41.0,930.0
38782,169.0,41.0,1182.0
38783,169.0,41.0,1183.0
38784,169.0,41.0,1184.0
38785,169.0,41.0,1185.0
38786,169.0,41.0,1186.0
38787,169.0,41.0,1438.0
38788,169.0,41.0,1439.0
38789,169.0,41.0,1440.0
38790,169.0,41.0,1441.0
38791,169.0,41.0,1442.0
38792,169.0,41.0,1694.0
38793,169.0,41.0,1695.0
38794,169.0,41.0,1696.0
38795,169.0,41.0,1697.0
38796,169.0,41.0,1698.0
38797,169.0,41.0,1950.0
38798,169.0,41.0,1951.0
38799,169.0,41.0,1952.0
38800,169.0,41.0,1953.0
38801,169.0,41.0,1954.0
38802,169.0,42.0,415.0
38803,169.0,42.0,671.0
38804,169.0,42.0,927.0
38805,169.0,42.0,1183.0
38806,169.0,42.0,1439.0
38807,169.0,42.0,1695.0
38808,169.0,42.0,1951.0
38809,169.0,43.0,418.0
38810,169.0,43.0,419.0
38811,169.0,43.0,421.0
38812,169.0,43.0,422.0
38813,169.0,43.0,674.0
38814,169.0,43.0,675.0
38815,169.0,43.0,677.0
38816,169.0,43.0,678.0
38817,169.0,43.0,930.0
38818,169.0,43.0,931.0
38819,169.0,43.0,933.0
38820,169.0,43.0,934.0
38821,169.0,43.0,1186.0
38822,169.0,43.0,1187.0
38823,169.0,43.0,1189.0
38824,169.0,43.0,1190.0
38825,169.0,43.0,1442.0
38826,169.0,43.0,1443.0
38827,169.0,43.0,1445.0
38828,169.0,43.0,1446.0
38829,169.0,43.0,1698.0
38830,169.0,43.0,1699.0
38831,169.0,43.0,1701.0
38832,169.0,43.0,1702.0
38833,169.0,43.0,1954.0
38834,169.0,43.0,1955.0
38835,169.0,43.0,1957.0
38836,169.0,43.0,1958.0
38837,169.0,44.0,421.0
38838,169.0,44.0,422.0
38839,169.0,44.0,677.0
38840,169.0,44.0,678.0
38841,169.0,44.0,933.0
38842,169.0,44.0,934.0
38843,169.0,44.0,1189.0
38844,169.0,44.0,1190.0
38845,169.0,44.0,1445.0
38846,169.0,44.0,1446.0
38847,169.0,44.0,1701.0
38848,169.0,44.0,1702.0
38849,169.0,44.0,1957.0
38850,169.0,44.0,1958.0
38851,169.0,45.0,421.0
38852,169.0,45.0,424.0
38853,169.0,45.0,425.0
38854,169.0,45.0,677.0
38855,169.0,45.0,680.0
38856,169.0,45.0,681.0
38857,169.0,45.0,933.0
38858,169.0,45.0,936.0
38859,169.0,45.0,937.0
38860,169.0,45.0,1189.0
38861,169.0,45.0,1192.0
38862,169.0,45.0,1193.0
38863,169.0,45.0,1445.0
38864,169.0,45.0,1448.0
38865,169.0,45.0,1449.0
38866,169.0,45.0,1701.0
38867,169.0,45.0,1704.0
38868,169.0,45.0,1705.0
38869,169.0,45.0,1957.0
38870,169.0,45.0,1960.0
38871,169.0,45.0,1961.0
38872,169.0,47.0,423.0
38873,169.0,47.0,424.0
38874,169.0,53.0,423.0
38875,169.0,53.0,424.0
38876,169.0,53.0,679.0
38877,169.0,53.0,680.0
38878,169.0,53.0,935.0
38879,169.0,53.0,936.0
38880,169.0,53.0,1191.0
38881,169.0,53.0,1192.0
38882,169.0,53.0,1447.0
38883,169.0,53.0,1448.0
38884,169.0,53.0,1703.0
38885,169.0,53.0,1704.0
38886,169.0,53.0,1959.0
38887,169.0,53.0,1960.0
38888,169.0,62.0,449.0
38889,169.0,62.0,705.0
38890,169.0,62.0,961.0
38891,169.0,62.0,1217.0
38892,169.0,62.0,1473.0
38893,169.0,62.0,1729.0
38894,169.0,62.0,1985.0
38895,169.0,63.0,446.0
38896,169.0,63.0,447.0
38897,169.0,63.0,702.0
38898,169.0,63.0,703.0
38899,169.0,63.0,958.0
38900,169.0,63.0,959.0
38901,169.0,63.0,1214.0
38902,169.0,63.0,1215.0
38903,169.0,63.0,1470.0
38904,169.0,63.0,1471.0
38905,169.0,63.0,1726.0
38906,169.0,63.0,1727.0
38907,169.0,63.0,1982.0
38908,169.0,63.0,1983.0
38909,169.0,65.0,431.0
38910,169.0,65.0,687.0
38911,169.0,65.0,943.0
38912,169.0,65.0,1199.0
38913,169.0,65.0,1455.0
38914,169.0,65.0,1711.0
38915,169.0,65.0,1967.0
38916,169.0,66.0,430.0
38917,169.0,66.0,431.0
38918,169.0,66.0,451.0
38919,169.0,66.0,686.0
38920,169.0,66.0,687.0
38921,169.0,66.0,707.0
38922,169.0,66.0,942.0
38923,169.0,66.0,943.0
38924,169.0,66.0,963.0
38925,169.0,66.0,1198.0
38926,169.0,66.0,1199.0
38927,169.0,66.0,1219.0
38928,169.0,66.0,1454.0
38929,169.0,66.0,1455.0
38930,169.0,66.0,1475.0
38931,169.0,66.0,1710.0
38932,169.0,66.0,1711.0
38933,169.0,66.0,1731.0
38934,169.0,66.0,1966.0
38935,169.0,66.0,1967.0
38936,169.0,66.0,1987.0
38937,169.0,67.0,450.0
38938,169.0,67.0,706.0
38939,169.0,67.0,962.0
38940,169.0,67.0,1218.0
38941,169.0,67.0,1474.0
38942,169.0,67.0,1730.0
38943,169.0,67.0,1986.0
38944,169.0,71.0,430.0
38945,169.0,71.0,431.0
38946,169.0,71.0,435.0
38947,169.0,71.0,436.0
38948,169.0,71.0,691.0
38949,169.0,71.0,692.0
38950,169.0,71.0,947.0
38951,169.0,71.0,948.0
38952,169.0,71.0,1203.0
38953,169.0,71.0,1204.0
38954,169.0,71.0,1459.0
38955,169.0,71.0,1460.0
38956,169.0,71.0,1715.0
38957,169.0,71.0,1716.0
38958,169.0,71.0,1971.0
38959,169.0,71.0,1972.0
38960,169.0,72.0,435.0
38961,169.0,72.0,436.0
38962,169.0,72.0,691.0
38963,169.0,72.0,692.0
38964,169.0,72.0,947.0
38965,169.0,72.0,948.0
38966,169.0,72.0,1203.0
38967,169.0,72.0,1204.0
38968,169.0,72.0,1459.0
38969,169.0,72.0,1460.0
38970,169.0,72.0,1715.0
38971,169.0,72.0,1716.0
38972,169.0,72.0,1971.0
38973,169.0,72.0,1972.0
38974,169.0,77.0,434.0
38975,169.0,77.0,435.0
38976,169.0,77.0,946.0
38977,169.0,77.0,947.0
38978,169.0,77.0,1202.0
38979,169.0,77.0,1203.0
38980,169.0,77.0,1458.0
38981,169.0,77.0,1459.0
38982,169.0,77.0,1970.0
38983,169.0,77.0,1971.0
38984,169.0,78.0,434.0
38985,169.0,78.0,435.0
38986,169.0,78.0,946.0
38987,169.0,78.0,947.0
38988,169.0,78.0,1202.0
38989,169.0,78.0,1203.0
38990,169.0,78.0,1458.0
38991,169.0,78.0,1459.0
38992,169.0,78.0,1970.0
38993,169.0,78.0,1971.0
38994,169.0,84.0,433.0
38995,169.0,84.0,435.0
38996,169.0,84.0,436.0
38997,169.0,84.0,689.0
38998,169.0,84.0,691.0
38999,169.0,84.0,692.0
39000,169.0,84.0,945.0
39001,169.0,84.0,947.0
39002,169.0,84.0,948.0
39003,169.0,84.0,1201.0
39004,169.0,84.0,1203.0
39005,169.0,84.0,1204.0
39006,169.0,84.0,1457.0
39007,169.0,84.0,1459.0
39008,169.0,84.0,1460.0
39009,169.0,84.0,1713.0
39010,169.0,84.0,1715.0
39011,169.0,84.0,1716.0
39012,169.0,84.0,1969.0
39013,169.0,84.0,1971.0
39014,169.0,84.0,1972.0
39015,169.0,85.0,432.0
39016,169.0,85.0,433.0
39017,169.0,85.0,434.0
39018,169.0,85.0,688.0
39019,169.0,85.0,689.0
39020,169.0,85.0,690.0
39021,169.0,85.0,944.0
39022,169.0,85.0,945.0
39023,169.0,85.0,946.0
39024,169.0,85.0,1200.0
39025,169.0,85.0,1201.0
39026,169.0,85.0,1202.0
39027,169.0,85.0,1456.0
39028,169.0,85.0,1457.0
39029,169.0,85.0,1458.0
39030,169.0,85.0,1712.0
39031,169.0,85.0,1713.0
39032,169.0,85.0,1714.0
39033,169.0,85.0,1968.0
39034,169.0,85.0,1969.0
39035,169.0,85.0,1970.0
39036,169.0,87.0,434.0
39037,169.0,87.0,435.0
39038,170.0,40.0,417.0
39039,170.0,40.0,418.0
39040,170.0,40.0,673.0
39041,170.0,40.0,674.0
39042,170.0,40.0,929.0
39043,170.0,40.0,930.0
39044,170.0,40.0,1185.0
39045,170.0,40.0,1186.0
39046,170.0,40.0,1441.0
39047,170.0,40.0,1442.0
39048,170.0,40.0,1697.0
39049,170.0,40.0,1698.0
39050,170.0,40.0,1953.0
39051,170.0,40.0,1954.0
39052,170.0,41.0,414.0
39053,170.0,41.0,415.0
39054,170.0,41.0,416.0
39055,170.0,41.0,417.0
39056,170.0,41.0,418.0
39057,170.0,41.0,670.0
39058,170.0,41.0,671.0
39059,170.0,41.0,672.0
39060,170.0,41.0,673.0
39061,170.0,41.0,674.0
39062,170.0,41.0,926.0
39063,170.0,41.0,927.0
39064,170.0,41.0,928.0
39065,170.0,41.0,929.0
39066,170.0,41.0,930.0
39067,170.0,41.0,1182.0
39068,170.0,41.0,1183.0
39069,170.0,41.0,1184.0
39070,170.0,41.0,1185.0
39071,170.0,41.0,1186.0
39072,170.0,41.0,1438.0
39073,170.0,41.0,1439.0
39074,170.0,41.0,1440.0
39075,170.0,41.0,1441.0
39076,170.0,41.0,1442.0
39077,170.0,41.0,1694.0
39078,170.0,41.0,1695.0
39079,170.0,41.0,1696.0
39080,170.0,41.0,1697.0
39081,170.0,41.0,1698.0
39082,170.0,41.0,1950.0
39083,170.0,41.0,1951.0
39084,170.0,41.0,1952.0
39085,170.0,41.0,1953.0
39086,170.0,41.0,1954.0
39087,170.0,42.0,415.0
39088,170.0,42.0,671.0
39089,170.0,42.0,927.0
39090,170.0,42.0,1183.0
39091,170.0,42.0,1439.0
39092,170.0,42.0,1695.0
39093,170.0,42.0,1951.0
39094,170.0,44.0,422.0
39095,170.0,44.0,427.0
39096,170.0,44.0,678.0
39097,170.0,44.0,683.0
39098,170.0,44.0,934.0
39099,170.0,44.0,939.0
39100,170.0,44.0,1190.0
39101,170.0,44.0,1195.0
39102,170.0,44.0,1446.0
39103,170.0,44.0,1451.0
39104,170.0,44.0,1702.0
39105,170.0,44.0,1707.0
39106,170.0,44.0,1958.0
39107,170.0,44.0,1963.0
39108,170.0,45.0,421.0
39109,170.0,45.0,424.0
39110,170.0,45.0,425.0
39111,170.0,45.0,426.0
39112,170.0,45.0,427.0
39113,170.0,45.0,428.0
39114,170.0,45.0,677.0
39115,170.0,45.0,680.0
39116,170.0,45.0,681.0
39117,170.0,45.0,682.0
39118,170.0,45.0,683.0
39119,170.0,45.0,684.0
39120,170.0,45.0,933.0
39121,170.0,45.0,936.0
39122,170.0,45.0,937.0
39123,170.0,45.0,938.0
39124,170.0,45.0,939.0
39125,170.0,45.0,940.0
39126,170.0,45.0,1189.0
39127,170.0,45.0,1192.0
39128,170.0,45.0,1193.0
39129,170.0,45.0,1194.0
39130,170.0,45.0,1195.0
39131,170.0,45.0,1196.0
39132,170.0,45.0,1445.0
39133,170.0,45.0,1448.0
39134,170.0,45.0,1449.0
39135,170.0,45.0,1450.0
39136,170.0,45.0,1451.0
39137,170.0,45.0,1452.0
39138,170.0,45.0,1701.0
39139,170.0,45.0,1704.0
39140,170.0,45.0,1705.0
39141,170.0,45.0,1706.0
39142,170.0,45.0,1707.0
39143,170.0,45.0,1708.0
39144,170.0,45.0,1957.0
39145,170.0,45.0,1960.0
39146,170.0,45.0,1961.0
39147,170.0,45.0,1962.0
39148,170.0,45.0,1963.0
39149,170.0,45.0,1964.0
39150,170.0,47.0,423.0
39151,170.0,47.0,424.0
39152,170.0,57.0,430.0
39153,170.0,57.0,431.0
39154,170.0,58.0,427.0
39155,170.0,59.0,426.0
39156,170.0,62.0,447.0
39157,170.0,62.0,448.0
39158,170.0,62.0,449.0
39159,170.0,62.0,703.0
39160,170.0,62.0,704.0
39161,170.0,62.0,705.0
39162,170.0,62.0,959.0
39163,170.0,62.0,960.0
39164,170.0,62.0,961.0
39165,170.0,62.0,1215.0
39166,170.0,62.0,1216.0
39167,170.0,62.0,1217.0
39168,170.0,62.0,1471.0
39169,170.0,62.0,1472.0
39170,170.0,62.0,1473.0
39171,170.0,62.0,1727.0
39172,170.0,62.0,1728.0
39173,170.0,62.0,1729.0
39174,170.0,62.0,1983.0
39175,170.0,62.0,1984.0
39176,170.0,62.0,1985.0
39177,170.0,65.0,431.0
39178,170.0,65.0,687.0
39179,170.0,65.0,943.0
39180,170.0,65.0,1199.0
39181,170.0,65.0,1455.0
39182,170.0,65.0,1711.0
39183,170.0,65.0,1967.0
39184,170.0,66.0,430.0
39185,170.0,66.0,431.0
39186,170.0,66.0,686.0
39187,170.0,66.0,687.0
39188,170.0,66.0,942.0
39189,170.0,66.0,943.0
39190,170.0,66.0,1198.0
39191,170.0,66.0,1199.0
39192,170.0,66.0,1454.0
39193,170.0,66.0,1455.0
39194,170.0,66.0,1710.0
39195,170.0,66.0,1711.0
39196,170.0,66.0,1966.0
39197,170.0,66.0,1967.0
39198,170.0,72.0,434.0
39199,170.0,72.0,435.0
39200,170.0,72.0,436.0
39201,170.0,72.0,690.0
39202,170.0,72.0,691.0
39203,170.0,72.0,692.0
39204,170.0,72.0,946.0
39205,170.0,72.0,947.0
39206,170.0,72.0,948.0
39207,170.0,72.0,1202.0
39208,170.0,72.0,1203.0
39209,170.0,72.0,1204.0
39210,170.0,72.0,1458.0
39211,170.0,72.0,1459.0
39212,170.0,72.0,1460.0
39213,170.0,72.0,1714.0
39214,170.0,72.0,1715.0
39215,170.0,72.0,1716.0
39216,170.0,72.0,1970.0
39217,170.0,72.0,1971.0
39218,170.0,72.0,1972.0
39219,170.0,73.0,429.0
39220,170.0,73.0,430.0
39221,170.0,73.0,433.0
39222,170.0,73.0,689.0
39223,170.0,73.0,945.0
39224,170.0,73.0,1201.0
39225,170.0,73.0,1457.0
39226,170.0,73.0,1713.0
39227,170.0,73.0,1969.0
39228,170.0,88.0,434.0
39229,170.0,88.0,435.0
39230,170.0,93.0,445.0
39231,170.0,93.0,446.0
39232,171.0,41.0,414.0
39233,171.0,41.0,415.0
39234,171.0,41.0,416.0
39235,171.0,41.0,418.0
39236,171.0,41.0,670.0
39237,171.0,41.0,671.0
39238,171.0,41.0,672.0
39239,171.0,41.0,674.0
39240,171.0,41.0,926.0
39241,171.0,41.0,927.0
39242,171.0,41.0,928.0
39243,171.0,41.0,930.0
39244,171.0,41.0,1182.0
39245,171.0,41.0,1183.0
39246,171.0,41.0,1184.0
39247,171.0,41.0,1186.0
39248,171.0,41.0,1438.0
39249,171.0,41.0,1439.0
39250,171.0,41.0,1440.0
39251,171.0,41.0,1442.0
39252,171.0,41.0,1694.0
39253,171.0,41.0,1695.0
39254,171.0,41.0,1696.0
39255,171.0,41.0,1698.0
39256,171.0,41.0,1950.0
39257,171.0,41.0,1951.0
39258,171.0,41.0,1952.0
39259,171.0,41.0,1954.0
39260,171.0,42.0,415.0
39261,171.0,42.0,671.0
39262,171.0,42.0,927.0
39263,171.0,42.0,1183.0
39264,171.0,42.0,1439.0
39265,171.0,42.0,1695.0
39266,171.0,42.0,1951.0
39267,171.0,44.0,422.0
39268,171.0,44.0,427.0
39269,171.0,44.0,429.0
39270,171.0,44.0,678.0
39271,171.0,44.0,683.0
39272,171.0,44.0,685.0
39273,171.0,44.0,934.0
39274,171.0,44.0,939.0
39275,171.0,44.0,941.0
39276,171.0,44.0,1190.0
39277,171.0,44.0,1195.0
39278,171.0,44.0,1197.0
39279,171.0,44.0,1446.0
39280,171.0,44.0,1451.0
39281,171.0,44.0,1453.0
39282,171.0,44.0,1702.0
39283,171.0,44.0,1707.0
39284,171.0,44.0,1709.0
39285,171.0,44.0,1958.0
39286,171.0,44.0,1963.0
39287,171.0,44.0,1965.0
39288,171.0,45.0,421.0
39289,171.0,45.0,422.0
39290,171.0,45.0,423.0
39291,171.0,45.0,426.0
39292,171.0,45.0,427.0
39293,171.0,45.0,428.0
39294,171.0,45.0,677.0
39295,171.0,45.0,678.0
39296,171.0,45.0,679.0
39297,171.0,45.0,682.0
39298,171.0,45.0,683.0
39299,171.0,45.0,684.0
39300,171.0,45.0,933.0
39301,171.0,45.0,934.0
39302,171.0,45.0,935.0
39303,171.0,45.0,938.0
39304,171.0,45.0,939.0
39305,171.0,45.0,940.0
39306,171.0,45.0,1189.0
39307,171.0,45.0,1190.0
39308,171.0,45.0,1191.0
39309,171.0,45.0,1194.0
39310,171.0,45.0,1195.0
39311,171.0,45.0,1196.0
39312,171.0,45.0,1445.0
39313,171.0,45.0,1446.0
39314,171.0,45.0,1447.0
39315,171.0,45.0,1450.0
39316,171.0,45.0,1451.0
39317,171.0,45.0,1452.0
39318,171.0,45.0,1701.0
39319,171.0,45.0,1702.0
39320,171.0,45.0,1703.0
39321,171.0,45.0,1706.0
39322,171.0,45.0,1707.0
39323,171.0,45.0,1708.0
39324,171.0,45.0,1957.0
39325,171.0,45.0,1958.0
39326,171.0,45.0,1959.0
39327,171.0,45.0,1962.0
39328,171.0,45.0,1963.0
39329,171.0,45.0,1964.0
39330,171.0,47.0,423.0
39331,171.0,47.0,424.0
39332,171.0,57.0,430.0
39333,171.0,57.0,431.0
39334,171.0,58.0,426.0
39335,171.0,58.0,427.0
39336,171.0,59.0,426.0
39337,171.0,66.0,428.0
39338,171.0,66.0,429.0
39339,171.0,66.0,684.0
39340,171.0,66.0,685.0
39341,171.0,66.0,940.0
39342,171.0,66.0,941.0
39343,171.0,66.0,1196.0
39344,171.0,66.0,1197.0
39345,171.0,66.0,1452.0
39346,171.0,66.0,1453.0
39347,171.0,66.0,1708.0
39348,171.0,66.0,1709.0
39349,171.0,66.0,1964.0
39350,171.0,66.0,1965.0
39351,171.0,67.0,428.0
39352,171.0,67.0,684.0
39353,171.0,67.0,940.0
39354,171.0,67.0,1196.0
39355,171.0,67.0,1452.0
39356,171.0,67.0,1708.0
39357,171.0,67.0,1964.0
39358,171.0,71.0,437.0
39359,171.0,71.0,438.0
39360,171.0,71.0,439.0
39361,171.0,72.0,438.0
39362,171.0,73.0,429.0
39363,171.0,73.0,430.0
39364,171.0,86.0,435.0
39365,171.0,86.0,436.0
39366,171.0,87.0,438.0
39367,171.0,87.0,439.0
39368,171.0,87.0,440.0
39369,171.0,88.0,433.0
39370,171.0,88.0,439.0
39371,171.0,89.0,432.0
39372,171.0,89.0,434.0
39373,172.0,41.0,416.0
39374,172.0,41.0,672.0
39375,172.0,41.0,928.0
39376,172.0,41.0,1184.0
39377,172.0,41.0,1440.0
39378,172.0,41.0,1696.0
39379,172.0,41.0,1952.0
39380,172.0,42.0,415.0
39381,172.0,42.0,417.0
39382,172.0,42.0,671.0
39383,172.0,42.0,927.0
39384,172.0,42.0,1183.0
39385,172.0,42.0,1439.0
39386,172.0,42.0,1695.0
39387,172.0,42.0,1951.0
39388,172.0,44.0,429.0
39389,172.0,44.0,685.0
39390,172.0,44.0,941.0
39391,172.0,44.0,1197.0
39392,172.0,44.0,1453.0
39393,172.0,44.0,1709.0
39394,172.0,44.0,1965.0
39395,172.0,45.0,426.0
39396,172.0,45.0,427.0
39397,172.0,45.0,428.0
39398,172.0,45.0,682.0
39399,172.0,45.0,683.0
39400,172.0,45.0,684.0
39401,172.0,45.0,938.0
39402,172.0,45.0,939.0
39403,172.0,45.0,940.0
39404,172.0,45.0,1194.0
39405,172.0,45.0,1195.0
39406,172.0,45.0,1196.0
39407,172.0,45.0,1450.0
39408,172.0,45.0,1451.0
39409,172.0,45.0,1452.0
39410,172.0,45.0,1706.0
39411,172.0,45.0,1707.0
39412,172.0,45.0,1708.0
39413,172.0,45.0,1962.0
39414,172.0,45.0,1963.0
39415,172.0,45.0,1964.0
39416,172.0,58.0,425.0
39417,172.0,58.0,681.0
39418,172.0,58.0,937.0
39419,172.0,58.0,1193.0
39420,172.0,58.0,1449.0
39421,172.0,58.0,1705.0
39422,172.0,58.0,1961.0
39423,172.0,59.0,422.0
39424,172.0,59.0,423.0
39425,172.0,59.0,424.0
39426,172.0,59.0,425.0
39427,172.0,59.0,434.0
39428,172.0,59.0,435.0
39429,172.0,59.0,678.0
39430,172.0,59.0,679.0
39431,172.0,59.0,680.0
39432,172.0,59.0,681.0
39433,172.0,59.0,934.0
39434,172.0,59.0,935.0
39435,172.0,59.0,936.0
39436,172.0,59.0,937.0
39437,172.0,59.0,1190.0
39438,172.0,59.0,1191.0
39439,172.0,59.0,1192.0
39440,172.0,59.0,1193.0
39441,172.0,59.0,1446.0
39442,172.0,59.0,1447.0
39443,172.0,59.0,1448.0
39444,172.0,59.0,1449.0
39445,172.0,59.0,1702.0
39446,172.0,59.0,1703.0
39447,172.0,59.0,1704.0
39448,172.0,59.0,1705.0
39449,172.0,59.0,1958.0
39450,172.0,59.0,1959.0
39451,172.0,59.0,1960.0
39452,172.0,59.0,1961.0
39453,172.0,60.0,431.0
39454,172.0,60.0,432.0
39455,172.0,65.0,427.0
39456,172.0,66.0,428.0
39457,172.0,66.0,429.0
39458,172.0,66.0,684.0
39459,172.0,66.0,685.0
39460,172.0,66.0,940.0
39461,172.0,66.0,941.0
39462,172.0,66.0,1196.0
39463,172.0,66.0,1197.0
39464,172.0,66.0,1452.0
39465,172.0,66.0,1453.0
39466,172.0,66.0,1708.0
39467,172.0,66.0,1709.0
39468,172.0,66.0,1964.0
39469,172.0,66.0,1965.0
39470,172.0,67.0,428.0
39471,172.0,67.0,429.0
39472,172.0,67.0,684.0
39473,172.0,67.0,685.0
39474,172.0,67.0,940.0
39475,172.0,67.0,941.0
39476,172.0,67.0,1196.0
39477,172.0,67.0,1197.0
39478,172.0,67.0,1452.0
39479,172.0,67.0,1453.0
39480,172.0,67.0,1708.0
39481,172.0,67.0,1709.0
39482,172.0,67.0,1964.0
39483,172.0,67.0,1965.0
39484,172.0,76.0,433.0
39485,172.0,79.0,431.0
39486,173.0,42.0,415.0
39487,173.0,42.0,417.0
39488,173.0,42.0,671.0
39489,173.0,42.0,927.0
39490,173.0,42.0,1183.0
39491,173.0,42.0,1439.0
39492,173.0,42.0,1695.0
39493,173.0,42.0,1951.0
39494,173.0,44.0,429.0
39495,173.0,44.0,685.0
39496,173.0,44.0,941.0
39497,173.0,44.0,1197.0
39498,173.0,44.0,1453.0
39499,173.0,44.0,1709.0
39500,173.0,44.0,1965.0
39501,173.0,45.0,426.0
39502,173.0,45.0,427.0
39503,173.0,45.0,428.0
39504,173.0,45.0,429.0
39505,173.0,45.0,430.0
39506,173.0,45.0,682.0
39507,173.0,45.0,683.0
39508,173.0,45.0,684.0
39509,173.0,45.0,685.0
39510,173.0,45.0,686.0
39511,173.0,45.0,938.0
39512,173.0,45.0,939.0
39513,173.0,45.0,940.0
39514,173.0,45.0,941.0
39515,173.0,45.0,942.0
39516,173.0,45.0,1194.0
39517,173.0,45.0,1195.0
39518,173.0,45.0,1196.0
39519,173.0,45.0,1197.0
39520,173.0,45.0,1198.0
39521,173.0,45.0,1450.0
39522,173.0,45.0,1451.0
39523,173.0,45.0,1452.0
39524,173.0,45.0,1453.0
39525,173.0,45.0,1454.0
39526,173.0,45.0,1706.0
39527,173.0,45.0,1707.0
39528,173.0,45.0,1708.0
39529,173.0,45.0,1709.0
39530,173.0,45.0,1710.0
39531,173.0,45.0,1962.0
39532,173.0,45.0,1963.0
39533,173.0,45.0,1964.0
39534,173.0,45.0,1965.0
39535,173.0,45.0,1966.0
39536,173.0,58.0,425.0
39537,173.0,58.0,681.0
39538,173.0,58.0,937.0
39539,173.0,58.0,1193.0
39540,173.0,58.0,1449.0
39541,173.0,58.0,1705.0
39542,173.0,58.0,1961.0
39543,173.0,59.0,422.0
39544,173.0,59.0,423.0
39545,173.0,59.0,424.0
39546,173.0,59.0,425.0
39547,173.0,59.0,678.0
39548,173.0,59.0,679.0
39549,173.0,59.0,680.0
39550,173.0,59.0,681.0
39551,173.0,59.0,934.0
39552,173.0,59.0,935.0
39553,173.0,59.0,936.0
39554,173.0,59.0,937.0
39555,173.0,59.0,1190.0
39556,173.0,59.0,1191.0
39557,173.0,59.0,1192.0
39558,173.0,59.0,1193.0
39559,173.0,59.0,1446.0
39560,173.0,59.0,1447.0
39561,173.0,59.0,1448.0
39562,173.0,59.0,1449.0
39563,173.0,59.0,1702.0
39564,173.0,59.0,1703.0
39565,173.0,59.0,1704.0
39566,173.0,59.0,1705.0
39567,173.0,59.0,1958.0
39568,173.0,59.0,1959.0
39569,173.0,59.0,1960.0
39570,173.0,59.0,1961.0
39571,173.0,60.0,422.0
39572,173.0,60.0,423.0
39573,173.0,60.0,678.0
39574,173.0,60.0,679.0
39575,173.0,60.0,934.0
39576,173.0,60.0,935.0
39577,173.0,60.0,1190.0
39578,173.0,60.0,1191.0
39579,173.0,60.0,1446.0
39580,173.0,60.0,1447.0
39581,173.0,60.0,1702.0
39582,173.0,60.0,1703.0
39583,173.0,60.0,1958.0
39584,173.0,60.0,1959.0
39585,173.0,66.0,428.0
39586,173.0,66.0,429.0
39587,173.0,66.0,684.0
39588,173.0,66.0,685.0
39589,173.0,66.0,940.0
39590,173.0,66.0,941.0
39591,173.0,66.0,1196.0
39592,173.0,66.0,1197.0
39593,173.0,66.0,1452.0
39594,173.0,66.0,1453.0
39595,173.0,66.0,1708.0
39596,173.0,66.0,1709.0
39597,173.0,66.0,1964.0
39598,173.0,66.0,1965.0
39599,173.0,67.0,428.0
39600,173.0,67.0,684.0
39601,173.0,67.0,940.0
39602,173.0,67.0,1196.0
39603,173.0,67.0,1452.0
39604,173.0,67.0,1708.0
39605,173.0,67.0,1964.0
39606,173.0,76.0,433.0
39607,173.0,76.0,434.0
39608,173.0,77.0,433.0
39609,173.0,77.0,435.0
39610,174.0,41.0,416.0
39611,174.0,41.0,672.0
39612,174.0,41.0,928.0
39613,174.0,41.0,1184.0
39614,174.0,41.0,1440.0
39615,174.0,41.0,1696.0
39616,174.0,41.0,1952.0
39617,174.0,42.0,415.0
39618,174.0,42.0,671.0
39619,174.0,42.0,927.0
39620,174.0,42.0,1183.0
39621,174.0,42.0,1439.0
39622,174.0,42.0,1695.0
39623,174.0,42.0,1951.0
39624,174.0,56.0,423.0
39625,174.0,56.0,424.0
39626,174.0,66.0,428.0
39627,174.0,66.0,429.0
39628,174.0,66.0,684.0
39629,174.0,66.0,685.0
39630,174.0,66.0,940.0
39631,174.0,66.0,941.0
39632,174.0,66.0,1196.0
39633,174.0,66.0,1197.0
39634,174.0,66.0,1452.0
39635,174.0,66.0,1453.0
39636,174.0,66.0,1708.0
39637,174.0,66.0,1709.0
39638,174.0,66.0,1964.0
39639,174.0,66.0,1965.0
39640,174.0,67.0,428.0
39641,174.0,67.0,684.0
39642,174.0,67.0,940.0
39643,174.0,67.0,1196.0
39644,174.0,67.0,1452.0
39645,174.0,67.0,1708.0
39646,174.0,67.0,1964.0
39647,174.0,77.0,435.0
39648,174.0,77.0,436.0
39649,174.0,77.0,437.0
39650,175.0,56.0,422.0
39651,175.0,56.0,423.0
39652,175.0,73.0,438.0
39653,175.0,73.0,439.0
39654,175.0,77.0,437.0
39655,0.0,0.0,0.0
39656,0.0,0.0,0.0
39657,0.0,0.0,0.0
39658,0.0,0.0,0.0
39659,0.0,0.0,0.0
39660,0.0,0.0,0.0
39661,0.0,0.0,0.0
39662,0.0,0.0,0.0
39663,0.0,0.0,0.0
39664,0.0,0.0,0.0
39665,0.0,0.0,0.0
39666,0.0,0.0,0.0
39667,0.0,0.0,0.0
39668,0.0,0.0,0.0
39669,0.0,0.0,0.0
39670,0.0,0.0,0.0
39671,0.0,0.0,0.0
39672,0.0,0.0,0.0
39673,0.0,0.0,0.0
39674,0.0,0.0,0.0
39675,0.0,0.0,0.0
39676,0.0,0.0,0.0
39677,0.0,0.0,0.0
39678,0.0,0.0,0.0
39679,0.0,0.0,0.0
39680,0.0,0.0,0.0
39681,0.0,0.0,0.0
39682,0.0,0.0,0.0
39683,0.0,0.0,0.0
39684,0.0,0.0,0.0
39685,0.0,0.0,0.0
39686,0.0,0.0,0.0
39687,0.0,0.0,0.0
39688,0.0,0.0,0.0
39689,0.0,0.0,0.0
39690,0.0,0.0,0.0
39691,0.0,0.0,0.0
39692,0.0,0.0,0.0
39693,0.0,0.0,0.0
39694,0.0,0.0,0.0
39695,0.0,0.0,0.0
39696,0.0,0.0,0.0
39697,0.0,0.0,0.0
39698,0.0,0.0,0.0
39699,0.0,0.0,0.0
39700,0.0,0.0,0.0
39701,0.0,0.0,0.0
39702,0.0,0.0,0.0
39703,0.0,0.0,0.0
39704,0.0,0.0,0.0
39705,0.0,0.0,0.0
39706,0.0,0.0,0.0
39707,0.0,0.0,0.0
39708,0.0,0.0,0.0
39709,0.0,0.0,0.0
39710,0.0,0.0,0.0
39711,0.0,0.0,0.0
39712,0.0,0.0,0.0
39713,0.0,0.0,0.0
39714,0.0,0.0,0.0
39715,0.0,0.0,0.0
39716,0.0,0.0,0.0
39717,0.0,0.0,0.0
39718,0.0,0.0,0.0
39719,0.0,0.0,0.0
39720,0.0,0.0,0.0
39721,0.0,0.0,0.0
39722,0.0,0.0,0.0
39723,0.0,0.0,0.0
39724,0.0,0.0,0.0
39725,0.0,0.0,0.0
39726,0.0,0.0,0.0
39727,0.0,0.0,0.0
39728,0.0,0.0,0.0
39729,0.0,0.0,0.0
39730,0.0,0.0,0.0
39731,0.0,0.0,0.0
39732,0.0,0.0,0.0
39733,0.0,0.0,0.0
39734,0.0,0.0,0.0
39735,0.0,0.0,0.0
39736,0.0,0.0,0.0
39737,0.0,0.0,0.0
39738,0.0,0.0,0.0
39739,0.0,0.0,0.0
39740,0.0,0.0,0.0
39741,0.0,0.0,0.0
39742,0.0,0.0,0.0
39743,0.0,0.0,0.0
39744,0.0,0.0,0.0
39745,0.0,0.0,0.0
39746,0.0,0.0,0.0
39747,0.0,0.0,0.0
39748,0.0,0.0,0.0
39749,0.0,0.0,0.0
39750,0.0,0.0,0.0
39751,0.0,0.0,0.0
39752,0.0,0.0,0.0
39753,0.0,0.0,0.0
39754,0.0,0.0,0.0
39755,0.0,0.0,0.0
39756,0.0,0.0,0.0
39757,0.0,0.0,0.0
39758,0.0,0.0,0.0
39759,0.0,0.0,0.0
39760,0.0,0.0,0.0
39761,0.0,0.0,0.0
39762,0.0,0.0,0.0
39763,0.0,0.0,0.0
39764,0.0,0.0,0.0
39765,0.0,0.0,0.0
39766,0.0,0.0,0.0
39767,0.0,0.0,0.0
39768,0.0,0.0,0.0
39769,0.0,0.0,0.0
39770,0.0,0.0,0.0
39771,0.0,0.0,0.0
39772,0.0,0.0,0.0
39773,0.0,0.0,0.0
39774,0.0,0.0,0.0
39775,0.0,0.0,0.0
39776,0.0,0.0,0.0
39777,0.0,0.0,0.0
39778,0.0,0.0,0.0
39779,0.0,0.0,0.0
39780,0.0,0.0,0.0
39781,0.0,0.0,0.0
39782,0.0,0.0,0.0
39783,0.0,0.0,0.0
39784,0.0,0.0,0.0
39785,0.0,0.0,0.0
39786,0.0,0.0,0.0
39787,0.0,0.0,0.0
39788,0.0,0.0,0.0
39789,0.0,0.0,0.0
39790,0.0,0.0,0.0
39791,0.0,0.0,0.0
39792,0.0,0.0,0.0
39793,0.0,0.0,0.0
39794,0.0,0.0,0.0
39795,0.0,0.0,0.0
39796,0.0,0.0,0.0
39797,0.0,0.0,0.0
39798,0.0,0.0,0.0
39799,0.0,0.0,0.0
39800,0.0,0.0,0.0
39801,0.0,0.0,0.0
39802,0.0,0.0,0.0
39803,0.0,0.0,0.0
39804,0.0,0.0,0.0
39805,0.0,0.0,0.0
39806,0.0,0.0,0.0
39807,0.0,0.0,0.0
39808,0.0,0.0,0.0
39809,0.0,0.0,0.0
39810,0.0,0.0,0.0
39811,0.0,0.0,0.0
39812,0.0,0.0,0.0
39813,0.0,0.0,0.0
39814,0.0,0.0,0.0
39815,0.0,0.0,0.0
39816,0.0,0.0,0.0
39817,0.0,0.0,0.0
39818,0.0,0.0,0.0
39819,0.0,0.0,0.0
39820,0.0,0.0,0.0
39821,0.0,0.0,0.0
39822,0.0,0.0,0.0
39823,0.0,0.0,0.0
39824,0.0,0.0,0.0
39825,0.0,0.0,0.0
39826,0.0,0.0,0.0
39827,0.0,0.0,0.0
39828,0.0,0.0,0.0
39829,0.0,0.0,0.0
39830,0.0,0.0,0.0
39831,0.0,0.0,0.0
39832,0.0,0.0,0.0
39833,0.0,0.0,0.0
39834,0.0,0.0,0.0
39835,0.0,0.0,0.0
39836,0.0,0.0,0.0
39837,0.0,0.0,0.0
39838,0.0,0.0,0.0
39839,0.0,0.0,0.0
39840,0.0,0.0,0.0
39841,0.0,0.0,0.0
39842,0.0,0.0,0.0
39843,0.0,0.0,0.0
39844,0.0,0.0,0.0
39845,0.0,0.0,0.0
39846,0.0,0.0,0.0
39847,0.0,0.0,0.0
39848,0.0,0.0,0.0
39849,0.0,0.0,0.0
39850,0.0,0.0,0.0
39851,0.0,0.0,0.0
39852,0.0,0.0,0.0
39853,0.0,0.0,0.0
39854,0.0,0.0,0.0
39855,0.0,0.0,0.0
39856,0.0,0.0,0.0
39857,0.0,0.0,0.0
39858,0.0,0.0,0.0
39859,0.0,0.0,0.0
39860,0.0,0.0,0.0
39861,0.0,0.0,0.0
39862,0.0,0.0,0.0
39863,0.0,0.0,0.0
39864,0.0,0.0,0.0
39865,0.0,0.0,0.0
39866,0.0,0.0,0.0
39867,0.0,0.0,0.0
39868,0.0,0.0,0.0
39869,0.0,0.0,0.0
39870,0.0,0.0,0.0
39871,0.0,0.0,0.0
39872,0.0,0.0,0.0
39873,0.0,0.0,0.0
39874,0.0,0.0,0.0
39875,0.0,0.0,0.0
39876,0.0,0.0,0.0
39877,0.0,0.0,0.0
39878,0.0,0.0,0.0
39879,0.0,0.0,0.0
39880,0.0,0.0,0.0
39881,0.0,0.0,0.0
39882,0.0,0.0,0.0
39883,0.0,0.0,0.0
39884,0.0,0.0,0.0
39885,0.0,0.0,0.0
39886,0.0,0.0,0.0
39887,0.0,0.0,0.0
39888,0.0,0.0,0.0
39889,0.0,0.0,0.0
39890,0.0,0.0,0.0
39891,0.0,0.0,0.0
39892,0.0,0.0,0.0
39893,0.0,0.0,0.0
39894,0.0,0.0,0.0
39895,0.0,0.0,0.0
39896,0.0,0.0,0.0
39897,0.0,0.0,0.0
39898,0.0,0.0,0.0
39899,0.0,0.0,0.0
39900,0.0,0.0,0.0
39901,0.0,0.0,0.0
39902,0.0,0.0,0.0
39903,0.0,0.0,0.0
39904,0.0,0.0,0.0
39905,0.0,0.0,0.0
39906,0.0,0.0,0.0
39907,0.0,0.0,0.0
39908,0.0,0.0,0.0
39909,0.0,0.0,0.0
39910,0.0,0.0,0.0
39911,0.0,0.0,0.0
39912,0.0,0.0,0.0
39913,0.0,0.0,0.0
39914,0.0,0.0,0.0
39915,0.0,0.0,0.0
39916,0.0,0.0,0.0
39917,0.0,0.0,0.0
39918,0.0,0.0,0.0
39919,0.0,0.0,0.0
39920,0.0,0.0,0.0
39921,0.0,0.0,0.0
39922,0.0,0.0,0.0
39923,0.0,0.0,0.0
39924,0.0,0.0,0.0
39925,0.0,0.0,0.0
39926,0.0,0.0,0.0
39927,0.0,0.0,0.0
39928,0.0,0.0,0.0
39929,0.0,0.0,0.0
39930,0.0,0.0,0.0
39931,0.0,0.0,0.0
39932,0.0,0.0,0.0
39933,0.0,0.0,0.0
39934,0.0,0.0,0.0
39935,0.0,0.0,0.0
39936,0.0,0.0,0.0
39937,0.0,0.0,0.0
39938,0.0,0.0,0.0
39939,0.0,0.0,0.0
39940,0.0,0.0,0.0
39941,0.0,0.0,0.0
39942,0.0,0.0,0.0
39943,0.0,0.0,0.0
39944,0.0,0.0,0.0
39945,0.0,0.0,0.0
39946,0.0,0.0,0.0
39947,0.0,0.0,0.0
39948,0.0,0.0,0.0
39949,0.0,0.0,0.0
39950,0.0,0.0,0.0
39951,0.0,0.0,0.0
39952,0.0,0.0,0.0
39953,0.0,0.0,0.0
39954,0.0,0.0,0.0
39955,0.0,0.0,0.0
39956,0.0,0.0,0.0
39957,0.0,0.0,0.0
39958,0.0,0.0,0.0
39959,0.0,0.0,0.0
39960,0.0,0.0,0.0
39961,0.0,0.0,0.0
39962,0.0,0.0,0.0
39963,0.0,0.0,0.0
39964,0.0,0.0,0.0
39965,0.0,0.0,0.0
39966,0.0,0.0,0.0
39967,0.0,0.0,0.0
39968,0.0,0.0,0.0
39969,0.0,0.0,0.0
39970,0.0,0.0,0.0
39971,0.0,0.0,0.0
39972,0.0,0.0,0.0
39973,0.0,0.0,0.0
39974,0.0,0.0,0.0
39975,0.0,0.0,0.0
39976,0.0,0.0,0.0
39977,0.0,0.0,0.0
39978,0.0,0.0,0.0
39979,0.0,0.0,0.0
39980,0.0,0.0,0.0
39981,0.0,0.0,0.0
39982,0.0,0.0,0.0
39983,0.0,0.0,0.0
39984,0.0,0.0,0.0
39985,0.0,0.0,0.0
39986,0.0,0.0,0.0
39987,0.0,0.0,0.0
39988,0.0,0.0,0.0
39989,0.0,0.0,0.0
39990,0.0,0.0,0.0
39991,0.0,0.0,0.0
39992,0.0,0.0,0.0
39993,0.0,0.0,0.0
39994,0.0,0.0,0.0
39995,0.0,0.0,0.0
39996,0.0,0.0,0.0
39997,0.0,0.0,0.0
39998,0.0,0.0,0.0
39999,0.0,0.0,0.0
40000,0.0,0.0,0.0
40001,0.0,0.0,0.0
40002,0.0,0.0,0.0
40003,0.0,0.0,0.0
40004,0.0,0.0,0.0
40005,0.0,0.0,0.0
40006,0.0,0.0,0.0
40007,0.0,0.0,0.0
40008,0.0,0.0,0.0
40009,0.0,0.0,0.0
40010,0.0,0.0,0.0
40011,0.0,0.0,0.0
40012,0.0,0.0,0.0
40013,0.0,0.0,0.0
40014,0.0,0.0,0.0
40015,0.0,0.0,0.0
40016,0.0,0.0,0.0
40017,0.0,0.0,0.0
40018,0.0,0.0,0.0
40019,0.0,0.0,0.0
40020,0.0,0.0,0.0
40021,0.0,0.0,0.0
40022,0.0,0.0,0.0
40023,0.0,0.0,0.0
40024,0.0,0.0,0.0
40025,0.0,0.0,0.0
40026,0.0,0.0,0.0
40027,0.0,0.0,0.0
40028,0.0,0.0,0.0
40029,0.0,0.0,0.0
40030,0.0,0.0,0.0
40031,0.0,0.0,0.0
40032,0.0,0.0,0.0
40033,0.0,0.0,0.0
40034,0.0,0.0,0.0
40035,0.0,0.0,0.0
40036,0.0,0.0,0.0
40037,0.0,0.0,0.0
40038,0.0,0.0,0.0
40039,0.0,0.0,0.0
40040,0.0,0.0,0.0
40041,0.0,0.0,0.0
40042,0.0,0.0,0.0
40043,0.0,0.0,0.0
40044,0.0,0.0,0.0
40045,0.0,0.0,0.0
40046,0.0,0.0,0.0
40047,0.0,0.0,0.0
40048,0.0,0.0,0.0
40049,0.0,0.0,0.0
40050,0.0,0.0,0.0
40051,0.0,0.0,0.0
40052,0.0,0.0,0.0
40053,0.0,0.0,0.0
40054,0.0,0.0,0.0
40055,0.0,0.0,0.0
40056,0.0,0.0,0.0
40057,0.0,0.0,0.0
40058,0.0,0.0,0.0
40059,0.0,0.0,0.0
40060,0.0,0.0,0.0
40061,0.0,0.0,0.0
40062,0.0,0.0,0.0
40063,0.0,0.0,0.0
40064,0.0,0.0,0.0
40065,0.0,0.0,0.0
40066,0.0,0.0,0.0
40067,0.0,0.0,0.0
40068,0.0,0.0,0.0
40069,0.0,0.0,0.0
40070,0.0,0.0,0.0
40071,0.0,0.0,0.0
40072,0.0,0.0,0.0
40073,0.0,0.0,0.0
40074,0.0,0.0,0.0
40075,0.0,0.0,0.0
40076,0.0,0.0,0.0
40077,0.0,0.0,0.0
40078,0.0,0.0,0.0
40079,0.0,0.0,0.0
40080,0.0,0.0,0.0
40081,0.0,0.0,0.0
40082,0.0,0.0,0.0
40083,0.0,0.0,0.0
40084,0.0,0.0,0.0
40085,0.0,0.0,0.0
40086,0.0,0.0,0.0
40087,0.0,0.0,0.0
40088,0.0,0.0,0.0
40089,0.0,0.0,0.0
40090,0.0,0.0,0.0
40091,0.0,0.0,0.0
40092,0.0,0.0,0.0
40093,0.0,0.0,0.0
40094,0.0,0.0,0.0
40095,0.0,0.0,0.0
40096,0.0,0.0,0.0
40097,0.0,0.0,0.0
40098,0.0,0.0,0.0
40099,0.0,0.0,0.0
40100,0.0,0.0,0.0
40101,0.0,0.0,0.0
40102,0.0,0.0,0.0
40103,0.0,0.0,0.0
40104,0.0,0.0,0.0
40105,0.0,0.0,0.0
40106,0.0,0.0,0.0
40107,0.0,0.0,0.0
40108,0.0,0.0,0.0
40109,0.0,0.0,0.0
40110,0.0,0.0,0.0
40111,0.0,0.0,0.0
40112,0.0,0.0,0.0
40113,0.0,0.0,0.0
40114,0.0,0.0,0.0
40115,0.0,0.0,0.0
40116,0.0,0.0,0.0
40117,0.0,0.0,0.0
40118,0.0,0.0,0.0
40119,0.0,0.0,0.0
40120,0.0,0.0,0.0
40121,0.0,0.0,0.0
40122,0.0,0.0,0.0
40123,0.0,0.0,0.0
40124,0.0,0.0,0.0
40125,0.0,0.0,0.0
40126,0.0,0.0,0.0
40127,0.0,0.0,0.0
40128,0.0,0.0,0.0
40129,0.0,0.0,0.0
40130,0.0,0.0,0.0
40131,0.0,0.0,0.0
40132,0.0,0.0,0.0
40133,0.0,0.0,0.0
40134,0.0,0.0,0.0
40135,0.0,0.0,0.0
40136,0.0,0.0,0.0
40137,0.0,0.0,0.0
40138,0.0,0.0,0.0
40139,0.0,0.0,0.0
40140,0.0,0.0,0.0
40141,0.0,0.0,0.0
40142,0.0,0.0,0.0
40143,0.0,0.0,0.0
40144,0.0,0.0,0.0
40145,0.0,0.0,0.0
40146,0.0,0.0,0.0
40147,0.0,0.0,0.0
40148,0.0,0.0,0.0
40149,0.0,0.0,0.0
40150,0.0,0.0,0.0
40151,0.0,0.0,0.0
40152,0.0,0.0,0.0
40153,0.0,0.0,0.0
40154,0.0,0.0,0.0
40155,0.0,0.0,0.0
40156,0.0,0.0,0.0
40157,0.0,0.0,0.0
40158,0.0,0.0,0.0
40159,0.0,0.0,0.0
40160,0.0,0.0,0.0
40161,0.0,0.0,0.0
40162,0.0,0.0,0.0
40163,0.0,0.0,0.0
40164,0.0,0.0,0.0
40165,0.0,0.0,0.0
40166,0.0,0.0,0.0
40167,0.0,0.0,0.0
40168,0.0,0.0,0.0
40169,0.0,0.0,0.0
40170,0.0,0.0,0.0
40171,0.0,0.0,0.0
40172,0.0,0.0,0.0
40173,0.0,0.0,0.0
40174,0.0,0.0,0.0
40175,0.0,0.0,0.0
40176,0.0,0.0,0.0
40177,0.0,0.0,0.0
40178,0.0,0.0,0.0
40179,0.0,0.0,0.0
40180,0.0,0.0,0.0
40181,0.0,0.0,0.0
40182,0.0,0.0,0.0
40183,0.0,0.0,0.0
40184,0.0,0.0,0.0
40185,0.0,0.0,0.0
40186,0.0,0.0,0.0
40187,0.0,0.0,0.0
40188,0.0,0.0,0.0
40189,0.0,0.0,0.0
40190,0.0,0.0,0.0
40191,0.0,0.0,0.0
40192,0.0,0.0,0.0
40193,0.0,0.0,0.0
40194,0.0,0.0,0.0
40195,0.0,0.0,0.0
40196,0.0,0.0,0.0
40197,0.0,0.0,0.0
40198,0.0,0.0,0.0
40199,0.0,0.0,0.0
40200,0.0,0.0,0.0
40201,0.0,0.0,0.0
40202,0.0,0.0,0.0
40203,0.0,0.0,0.0
40204,0.0,0.0,0.0
40205,0.0,0.0,0.0
40206,0.0,0.0,0.0
40207,0.0,0.0,0.0
40208,0.0,0.0,0.0
40209,0.0,0.0,0.0
40210,0.0,0.0,0.0
40211,0.0,0.0,0.0
40212,0.0,0.0,0.0
40213,0.0,0.0,0.0
40214,0.0,0.0,0.0
40215,0.0,0.0,0.0
40216,0.0,0.0,0.0
40217,0.0,0.0,0.0
40218,0.0,0.0,0.0
40219,0.0,0.0,0.0
40220,0.0,0.0,0.0
40221,0.0,0.0,0.0
40222,0.0,0.0,0.0
40223,0.0,0.0,0.0
40224,0.0,0.0,0.0
40225,0.0,0.0,0.0
40226,0.0,0.0,0.0
40227,0.0,0.0,0.0
40228,0.0,0.0,0.0
40229,0.0,0.0,0.0
40230,0.0,0.0,0.0
40231,0.0,0.0,0.0
40232,0.0,0.0,0.0
40233,0.0,0.0,0.0
40234,0.0,0.0,0.0
40235,0.0,0.0,0.0
40236,0.0,0.0,0.0
40237,0.0,0.0,0.0
40238,0.0,0.0,0.0
40239,0.0,0.0,0.0
40240,0.0,0.0,0.0
40241,0.0,0.0,0.0
40242,0.0,0.0,0.0
40243,0.0,0.0,0.0
40244,0.0,0.0,0.0
40245,0.0,0.0,0.0
40246,0.0,0.0,0.0
40247,0.0,0.0,0.0
40248,0.0,0.0,0.0
40249,0.0,0.0,0.0
40250,0.0,0.0,0.0
40251,0.0,0.0,0.0
40252,0.0,0.0,0.0
40253,0.0,0.0,0.0
40254,0.0,0.0,0.0
40255,0.0,0.0,0.0
40256,0.0,0.0,0.0
40257,0.0,0.0,0.0
40258,0.0,0.0,0.0
40259,0.0,0.0,0.0
40260,0.0,0.0,0.0
40261,0.0,0.0,0.0
40262,0.0,0.0,0.0
40263,0.0,0.0,0.0
40264,0.0,0.0,0.0
40265,0.0,0.0,0.0
40266,0.0,0.0,0.0
40267,0.0,0.0,0.0
40268,0.0,0.0,0.0
40269,0.0,0.0,0.0
40270,0.0,0.0,0.0
40271,0.0,0.0,0.0
40272,0.0,0.0,0.0
40273,0.0,0.0,0.0
40274,0.0,0.0,0.0
40275,0.0,0.0,0.0
40276,0.0,0.0,0.0
40277,0.0,0.0,0.0
40278,0.0,0.0,0.0
40279,0.0,0.0,0.0
40280,0.0,0.0,0.0
40281,0.0,0.0,0.0
40282,0.0,0.0,0.0
40283,0.0,0.0,0.0
40284,0.0,0.0,0.0
40285,0.0,0.0,0.0
40286,0.0,0.0,0.0
40287,0.0,0.0,0.0
40288,0.0,0.0,0.0
40289,0.0,0.0,0.0
40290,0.0,0.0,0.0
40291,0.0,0.0,0.0
40292,0.0,0.0,0.0
40293,0.0,0.0,0.0
40294,0.0,0.0,0.0
40295,0.0,0.0,0.0
40296,0.0,0.0,0.0
40297,0.0,0.0,0.0
40298,0.0,0.0,0.0
40299,0.0,0.0,0.0
40300,0.0,0.0,0.0
40301,0.0,0.0,0.0
40302,0.0,0.0,0.0
40303,0.0,0.0,0.0
40304,0.0,0.0,0.0
40305,0.0,0.0,0.0
40306,0.0,0.0,0.0
40307,0.0,0.0,0.0
40308,0.0,0.0,0.0
40309,0.0,0.0,0.0
40310,0.0,0.0,0.0
40311,0.0,0.0,0.0
40312,0.0,0.0,0.0
40313,0.0,0.0,0.0
40314,0.0,0.0,0.0
40315,0.0,0.0,0.0
40316,0.0,0.0,0.0
40317,0.0,0.0,0.0
40318,0.0,0.0,0.0
40319,0.0,0.0,0.0
40320,0.0,0.0,0.0
40321,0.0,0.0,0.0
40322,0.0,0.0,0.0
40323,0.0,0.0,0.0
40324,0.0,0.0,0.0
40325,0.0,0.0,0.0
40326,0.0,0.0,0.0
40327,0.0,0.0,0.0
40328,0.0,0.0,0.0
40329,0.0,0.0,0.0
40330,0.0,0.0,0.0
40331,0.0,0.0,0.0
40332,0.0,0.0,0.0
40333,0.0,0.0,0.0
40334,0.0,0.0,0.0
40335,0.0,0.0,0.0
40336,0.0,0.0,0.0
40337,0.0,0.0,0.0
40338,0.0,0.0,0.0
40339,0.0,0.0,0.0
40340,0.0,0.0,0.0
40341,0.0,0.0,0.0
40342,0.0,0.0,0.0
40343,0.0,0.0,0.0
40344,0.0,0.0,0.0
40345,0.0,0.0,0.0
40346,0.0,0.0,0.0
40347,0.0,0.0,0.0
40348,0.0,0.0,0.0
40349,0.0,0.0,0.0
40350,0.0,0.0,0.0
40351,0.0,0.0,0.0
40352,0.0,0.0,0.0
40353,0.0,0.0,0.0
40354,0.0,0.0,0.0
40355,0.0,0.0,0.0
40356,0.0,0.0,0.0
40357,0.0,0.0,0.0
40358,0.0,0.0,0.0
40359,0.0,0.0,0.0
40360,0.0,0.0,0.0
40361,0.0,0.0,0.0
40362,0.0,0.0,0.0
40363,0.0,0.0,0.0
40364,0.0,0.0,0.0
40365,0.0,0.0,0.0
40366,0.0,0.0,0.0
40367,0.0,0.0,0.0
40368,0.0,0.0,0.0
40369,0.0,0.0,0.0
40370,0.0,0.0,0.0
40371,0.0,0.0,0.0
40372,0.0,0.0,0.0
40373,0.0,0.0,0.0
40374,0.0,0.0,0.0
40375,0.0,0.0,0.0
40376,0.0,0.0,0.0
40377,0.0,0.0,0.0
40378,0.0,0.0,0.0
40379,0.0,0.0,0.0
40380,0.0,0.0,0.0
40381,0.0,0.0,0.0
40382,0.0,0.0,0.0
40383,0.0,0.0,0.0
40384,0.0,0.0,0.0
40385,0.0,0.0,0.0
40386,0.0,0.0,0.0
40387,0.0,0.0,0.0
40388,0.0,0.0,0.0
40389,0.0,0.0,0.0
40390,0.0,0.0,0.0
40391,0.0,0.0,0.0
40392,0.0,0.0,0.0
40393,0.0,0.0,0.0
40394,0.0,0.0,0.0
40395,0.0,0.0,0.0
40396,0.0,0.0,0.0
40397,0.0,0.0,0.0
40398,0.0,0.0,0.0
40399,0.0,0.0,0.0
40400,0.0,0.0,0.0
40401,0.0,0.0,0.0
40402,0.0,0.0,0.0
40403,0.0,0.0,0.0
40404,0.0,0.0,0.0
40405,0.0,0.0,0.0
40406,0.0,0.0,0.0
40407,0.0,0.0,0.0
40408,0.0,0.0,0.0
40409,0.0,0.0,0.0
40410,0.0,0.0,0.0
40411,0.0,0.0,0.0
40412,0.0,0.0,0.0
40413,0.0,0.0,0.0
40414,0.0,0.0,0.0
40415,0.0,0.0,0.0
40416,0.0,0.0,0.0
40417,0.0,0.0,0.0
40418,0.0,0.0,0.0
40419,0.0,0.0,0.0
40420,0.0,0.0,0.0
40421,0.0,0.0,0.0
40422,0.0,0.0,0.0
40423,0.0,0.0,0.0
40424,0.0,0.0,0.0
40425,0.0,0.0,0.0
40426,0.0,0.0,0.0
40427,0.0,0.0,0.0
40428,0.0,0.0,0.0
40429,0.0,0.0,0.0
40430,0.0,0.0,0.0
40431,0.0,0.0,0.0
40432,0.0,0.0,0.0
40433,0.0,0.0,0.0
40434,0.0,0.0,0.0
40435,0.0,0.0,0.0
40436,0.0,0.0,0.0
40437,0.0,0.0,0.0
40438,0.0,0.0,0.0
40439,0.0,0.0,0.0
40440,0.0,0.0,0.0
40441,0.0,0.0,0.0
40442,0.0,0.0,0.0
40443,0.0,0.0,0.0
40444,0.0,0.0,0.0
40445,0.0,0.0,0.0
40446,0.0,0.0,0.0
40447,0.0,0.0,0.0
40448,0.0,0.0,0.0
40449,0.0,0.0,0.0
40450,0.0,0.0,0.0
40451,0.0,0.0,0.0
40452,0.0,0.0,0.0
40453,0.0,0.0,0.0
40454,0.0,0.0,0.0
40455,0.0,0.0,0.0
40456,0.0,0.0,0.0
40457,0.0,0.0,0.0
40458,0.0,0.0,0.0
40459,0.0,0.0,0.0
40460,0.0,0.0,0.0
40461,0.0,0.0,0.0
40462,0.0,0.0,0.0
40463,0.0,0.0,0.0
40464,0.0,0.0,0.0
40465,0.0,0.0,0.0
40466,0.0,0.0,0.0
40467,0.0,0.0,0.0
40468,0.0,0.0,0.0
40469,0.0,0.0,0.0
40470,0.0,0.0,0.0
40471,0.0,0.0,0.0
40472,0.0,0.0,0.0
40473,0.0,0.0,0.0
40474,0.0,0.0,0.0
40475,0.0,0.0,0.0
40476,0.0,0.0,0.0
40477,0.0,0.0,0.0
40478,0.0,0.0,0.0
40479,0.0,0.0,0.0
40480,0.0,0.0,0.0
40481,0.0,0.0,0.0
40482,0.0,0.0,0.0
40483,0.0,0.0,0.0
40484,0.0,0.0,0.0
40485,0.0,0.0,0.0
40486,0.0,0.0,0.0
40487,0.0,0.0,0.0
40488,0.0,0.0,0.0
40489,0.0,0.0,0.0
40490,0.0,0.0,0.0
40491,0.0,0.0,0.0
40492,0.0,0.0,0.0
40493,0.0,0.0,0.0
40494,0.0,0.0,0.0
40495,0.0,0.0,0.0
40496,0.0,0.0,0.0
40497,0.0,0.0,0.0
40498,0.0,0.0,0.0
40499,0.0,0.0,0.0
40500,0.0,0.0,0.0
40501,0.0,0.0,0.0
40502,0.0,0.0,0.0
40503,0.0,0.0,0.0
40504,0.0,0.0,0.0
40505,0.0,0.0,0.0
40506,0.0,0.0,0.0
40507,0.0,0.0,0.0
40508,0.0,0.0,0.0
40509,0.0,0.0,0.0
40510,0.0,0.0,0.0
40511,0.0,0.0,0.0
40512,0.0,0.0,0.0
40513,0.0,0.0,0.0
40514,0.0,0.0,0.0
40515,0.0,0.0,0.0
40516,0.0,0.0,0.0
40517,0.0,0.0,0.0
40518,0.0,0.0,0.0
40519,0.0,0.0,0.0
40520,0.0,0.0,0.0
40521,0.0,0.0,0.0
40522,0.0,0.0,0.0
40523,0.0,0.0,0.0
40524,0.0,0.0,0.0
40525,0.0,0.0,0.0
40526,0.0,0.0,0.0
40527,0.0,0.0,0.0
40528,0.0,0.0,0.0
40529,0.0,0.0,0.0
40530,0.0,0.0,0.0
40531,0.0,0.0,0.0
40532,0.0,0.0,0.0
40533,0.0,0.0,0.0
40534,0.0,0.0,0.0
40535,0.0,0.0,0.0
40536,0.0,0.0,0.0
40537,0.0,0.0,0.0
40538,0.0,0.0,0.0
40539,0.0,0.0,0.0
40540,0.0,0.0,0.0
40541,0.0,0.0,0.0
40542,0.0,0.0,0.0
40543,0.0,0.0,0.0
40544,0.0,0.0,0.0
40545,0.0,0.0,0.0
40546,0.0,0.0,0.0
40547,0.0,0.0,0.0
40548,0.0,0.0,0.0
40549,0.0,0.0,0.0
40550,0.0,0.0,0.0
40551,0.0,0.0,0.0
40552,0.0,0.0,0.0
40553,0.0,0.0,0.0
40554,0.0,0.0,0.0
40555,0.0,0.0,0.0
40556,0.0,0.0,0.0
40557,0.0,0.0,0.0
40558,0.0,0.0,0.0
40559,0.0,0.0,0.0
40560,0.0,0.0,0.0
40561,0.0,0.0,0.0
40562,0.0,0.0,0.0
40563,0.0,0.0,0.0
40564,0.0,0.0,0.0
40565,0.0,0.0,0.0
40566,0.0,0.0,0.0
40567,0.0,0.0,0.0
40568,0.0,0.0,0.0
40569,0.0,0.0,0.0
40570,0.0,0.0,0.0
40571,0.0,0.0,0.0
40572,0.0,0.0,0.0
40573,0.0,0.0,0.0
40574,0.0,0.0,0.0
40575,0.0,0.0,0.0
40576,0.0,0.0,0.0
40577,0.0,0.0,0.0
40578,0.0,0.0,0.0
40579,0.0,0.0,0.0
40580,0.0,0.0,0.0
40581,0.0,0.0,0.0
40582,0.0,0.0,0.0
40583,0.0,0.0,0.0
40584,0.0,0.0,0.0
40585,0.0,0.0,0.0
40586,0.0,0.0,0.0
40587,0.0,0.0,0.0
40588,0.0,0.0,0.0
40589,0.0,0.0,0.0
40590,0.0,0.0,0.0
40591,0.0,0.0,0.0
40592,0.0,0.0,0.0
40593,0.0,0.0,0.0
40594,0.0,0.0,0.0
40595,0.0,0.0,0.0
40596,0.0,0.0,0.0
40597,0.0,0.0,0.0
40598,0.0,0.0,0.0
40599,0.0,0.0,0.0
40600,0.0,0.0,0.0
40601,0.0,0.0,0.0
40602,0.0,0.0,0.0
40603,0.0,0.0,0.0
40604,0.0,0.0,0.0
40605,0.0,0.0,0.0
40606,0.0,0.0,0.0
40607,0.0,0.0,0.0
40608,0.0,0.0,0.0
40609,0.0,0.0,0.0
40610,0.0,0.0,0.0
40611,0.0,0.0,0.0
40612,0.0,0.0,0.0
40613,0.0,0.0,0.0
40614,0.0,0.0,0.0
40615,0.0,0.0,0.0
40616,0.0,0.0,0.0
40617,0.0,0.0,0.0
40618,0.0,0.0,0.0
40619,0.0,0.0,0.0
40620,0.0,0.0,0.0
40621,0.0,0.0,0.0
40622,0.0,0.0,0.0
40623,0.0,0.0,0.0
40624,0.0,0.0,0.0
40625,0.0,0.0,0.0
40626,0.0,0.0,0.0
40627,0.0,0.0,0.0
40628,0.0,0.0,0.0
40629,0.0,0.0,0.0
40630,0.0,0.0,0.0
40631,0.0,0.0,0.0
40632,0.0,0.0,0.0
40633,0.0,0.0,0.0
40634,0.0,0.0,0.0
40635,0.0,0.0,0.0
40636,0.0,0.0,0.0
40637,0.0,0.0,0.0
40638,0.0,0.0,0.0
40639,0.0,0.0,0.0
40640,0.0,0.0,0.0
40641,0.0,0.0,0.0
40642,0.0,0.0,0.0
40643,0.0,0.0,0.0
40644,0.0,0.0,0.0
40645,0.0,0.0,0.0
40646,0.0,0.0,0.0
40647,0.0,0.0,0.0
40648,0.0,0.0,0.0
40649,0.0,0.0,0.0
40650,0.0,0.0,0.0
40651,0.0,0.0,0.0
40652,0.0,0.0,0.0
40653,0.0,0.0,0.0
40654,0.0,0.0,0.0
40655,0.0,0.0,0.0
40656,0.0,0.0,0.0
40657,0.0,0.0,0.0
40658,0.0,0.0,0.0
40659,0.0,0.0,0.0
40660,0.0,0.0,0.0
40661,0.0,0.0,0.0
40662,0.0,0.0,0.0
40663,0.0,0.0,0.0
40664,0.0,0.0,0.0
40665,0.0,0.0,0.0
40666,0.0,0.0,0.0
40667,0.0,0.0,0.0
40668,0.0,0.0,0.0
40669,0.0,0.0,0.0
40670,0.0,0.0,0.0
40671,0.0,0.0,0.0
40672,0.0,0.0,0.0
40673,0.0,0.0,0.0
40674,0.0,0.0,0.0
40675,0.0,0.0,0.0
40676,0.0,0.0,0.0
40677,0.0,0.0,0.0
40678,0.0,0.0,0.0
40679,0.0,0.0,0.0
40680,0.0,0.0,0.0
40681,0.0,0.0,0.0
40682,0.0,0.0,0.0
40683,0.0,0.0,0.0
40684,0.0,0.0,0.0
40685,0.0,0.0,0.0
40686,0.0,0.0,0.0
40687,0.0,0.0,0.0
40688,0.0,0.0,0.0
40689,0.0,0.0,0.0
40690,0.0,0.0,0.0
40691,0.0,0.0,0.0
40692,0.0,0.0,0.0
40693,0.0,0.0,0.0
40694,0.0,0.0,0.0
40695,0.0,0.0,0.0
40696,0.0,0.0,0.0
40697,0.0,0.0,0.0
40698,0.0,0.0,0.0
40699,0.0,0.0,0.0
40700,0.0,0.0,0.0
40701,0.0,0.0,0.0
40702,0.0,0.0,0.0
40703,0.0,0.0,0.0
40704,0.0,0.0,0.0
40705,0.0,0.0,0.0
40706,0.0,0.0,0.0
40707,0.0,0.0,0.0
40708,0.0,0.0,0.0
40709,0.0,0.0,0.0
40710,0.0,0.0,0.0
40711,0.0,0.0,0.0
40712,0.0,0.0,0.0
40713,0.0,0.0,0.0
40714,0.0,0.0,0.0
40715,0.0,0.0,0.0
40716,0.0,0.0,0.0
40717,0.0,0.0,0.0
40718,0.0,0.0,0.0
40719,0.0,0.0,0.0
40720,0.0,0.0,0.0
40721,0.0,0.0,0.0
40722,0.0,0.0,0.0
40723,0.0,0.0,0.0
40724,0.0,0.0,0.0
40725,0.0,0.0,0.0
40726,0.0,0.0,0.0
40727,0.0,0.0,0.0
40728,0.0,0.0,0.0
40729,0.0,0.0,0.0
40730,0.0,0.0,0.0
40731,0.0,0.0,0.0
40732,0.0,0.0,0.0
40733,0.0,0.0,0.0
40734,0.0,0.0,0.0
40735,0.0,0.0,0.0
40736,0.0,0.0,0.0
40737,0.0,0.0,0.0
40738,0.0,0.0,0.0
40739,0.0,0.0,0.0
40740,0.0,0.0,0.0
40741,0.0,0.0,0.0
40742,0.0,0.0,0.0
40743,0.0,0.0,0.0
40744,0.0,0.0,0.0
40745,0.0,0.0,0.0
40746,0.0,0.0,0.0
40747,0.0,0.0,0.0
40748,0.0,0.0,0.0
40749,0.0,0.0,0.0
40750,0.0,0.0,0.0
40751,0.0,0.0,0.0
40752,0.0,0.0,0.0
40753,0.0,0.0,0.0
40754,0.0,0.0,0.0
40755,0.0,0.0,0.0
40756,0.0,0.0,0.0
40757,0.0,0.0,0.0
40758,0.0,0.0,0.0
40759,0.0,0.0,0.0
40760,0.0,0.0,0.0
40761,0.0,0.0,0.0
40762,0.0,0.0,0.0
40763,0.0,0.0,0.0
40764,0.0,0.0,0.0
40765,0.0,0.0,0.0
40766,0.0,0.0,0.0
40767,0.0,0.0,0.0
40768,0.0,0.0,0.0
40769,0.0,0.0,0.0
40770,0.0,0.0,0.0
40771,0.0,0.0,0.0
40772,0.0,0.0,0.0
40773,0.0,0.0,0.0
40774,0.0,0.0,0.0
40775,0.0,0.0,0.0
40776,0.0,0.0,0.0
40777,0.0,0.0,0.0
40778,0.0,0.0,0.0
40779,0.0,0.0,0.0
40780,0.0,0.0,0.0
40781,0.0,0.0,0.0
40782,0.0,0.0,0.0
40783,0.0,0.0,0.0
40784,0.0,0.0,0.0
40785,0.0,0.0,0.0
40786,0.0,0.0,0.0
40787,0.0,0.0,0.0
40788,0.0,0.0,0.0
40789,0.0,0.0,0.0
40790,0.0,0.0,0.0
40791,0.0,0.0,0.0
40792,0.0,0.0,0.0
40793,0.0,0.0,0.0
40794,0.0,0.0,0.0
40795,0.0,0.0,0.0
40796,0.0,0.0,0.0
40797,0.0,0.0,0.0
40798,0.0,0.0,0.0
40799,0.0,0.0,0.0
40800,0.0,0.0,0.0
40801,0.0,0.0,0.0
40802,0.0,0.0,0.0
40803,0.0,0.0,0.0
40804,0.0,0.0,0.0
40805,0.0,0.0,0.0
40806,0.0,0.0,0.0
40807,0.0,0.0,0.0
40808,0.0,0.0,0.0
40809,0.0,0.0,0.0
40810,0.0,0.0,0.0
40811,0.0,0.0,0.0
40812,0.0,0.0,0.0
40813,0.0,0.0,0.0
40814,0.0,0.0,0.0
40815,0.0,0.0,0.0
40816,0.0,0.0,0.0
40817,0.0,0.0,0.0
40818,0.0,0.0,0.0
40819,0.0,0.0,0.0
40820,0.0,0.0,0.0
40821,0.0,0.0,0.0
40822,0.0,0.0,0.0
40823,0.0,0.0,0.0
40824,0.0,0.0,0.0
40825,0.0,0.0,0.0
40826,0.0,0.0,0.0
40827,0.0,0.0,0.0
40828,0.0,0.0,0.0
40829,0.0,0.0,0.0
40830,0.0,0.0,0.0
40831,0.0,0.0,0.0
40832,0.0,0.0,0.0
40833,0.0,0.0,0.0
40834,0.0,0.0,0.0
40835,0.0,0.0,0.0
40836,0.0,0.0,0.0
40837,0.0,0.0,0.0
40838,0.0,0.0,0.0
40839,0.0,0.0,0.0
40840,0.0,0.0,0.0
40841,0.0,0.0,0.0
40842,0.0,0.0,0.0
40843,0.0,0.0,0.0
40844,0.0,0.0,0.0
40845,0.0,0.0,0.0
40846,0.0,0.0,0.0
40847,0.0,0.0,0.0
40848,0.0,0.0,0.0
40849,0.0,0.0,0.0
40850,0.0,0.0,0.0
40851,0.0,0.0,0.0
40852,0.0,0.0,0.0
40853,0.0,0.0,0.0
40854,0.0,0.0,0.0
40855,0.0,0.0,0.0
40856,0.0,0.0,0.0
40857,0.0,0.0,0.0
40858,0.0,0.0,0.0
40859,0.0,0.0,0.0
40860,0.0,0.0,0.0
40861,0.0,0.0,0.0
40862,0.0,0.0,0.0
40863,0.0,0.0,0.0
40864,0.0,0.0,0.0
40865,0.0,0.0,0.0
40866,0.0,0.0,0.0
40867,0.0,0.0,0.0
40868,0.0,0.0,0.0
40869,0.0,0.0,0.0
40870,0.0,0.0,0.0
40871,0.0,0.0,0.0
40872,0.0,0.0,0.0
40873,0.0,0.0,0.0
40874,0.0,0.0,0.0
40875,0.0,0.0,0.0
40876,0.0,0.0,0.0
40877,0.0,0.0,0.0
40878,0.0,0.0,0.0
40879,0.0,0.0,0.0
40880,0.0,0.0,0.0
40881,0.0,0.0,0.0
40882,0.0,0.0,0.0
40883,0.0,0.0,0.0
40884,0.0,0.0,0.0
40885,0.0,0.0,0.0
40886,0.0,0.0,0.0
40887,0.0,0.0,0.0
40888,0.0,0.0,0.0
40889,0.0,0.0,0.0
40890,0.0,0.0,0.0
40891,0.0,0.0,0.0
40892,0.0,0.0,0.0
40893,0.0,0.0,0.0
40894,0.0,0.0,0.0
40895,0.0,0.0,0.0
40896,0.0,0.0,0.0
40897,0.0,0.0,0.0
40898,0.0,0.0,0.0
40899,0.0,0.0,0.0
40900,0.0,0.0,0.0
40901,0.0,0.0,0.0
40902,0.0,0.0,0.0
40903,0.0,0.0,0.0
40904,0.0,0.0,0.0
40905,0.0,0.0,0.0
40906,0.0,0.0,0.0
40907,0.0,0.0,0.0
40908,0.0,0.0,0.0
40909,0.0,0.0,0.0
40910,0.0,0.0,0.0
40911,0.0,0.0,0.0
40912,0.0,0.0,0.0
40913,0.0,0.0,0.0
40914,0.0,0.0,0.0
40915,0.0,0.0,0.0
40916,0.0,0.0,0.0
40917,0.0,0.0,0.0
40918,0.0,0.0,0.0
40919,0.0,0.0,0.0
40920,0.0,0.0,0.0
40921,0.0,0.0,0.0
40922,0.0,0.0,0.0
40923,0.0,0.0,0.0
40924,0.0,0.0,0.0
40925,0.0,0.0,0.0
40926,0.0,0.0,0.0
40927,0.0,0.0,0.0
40928,0.0,0.0,0.0
40929,0.0,0.0,0.0
40930,0.0,0.0,0.0
40931,0.0,0.0,0.0
40932,0.0,0.0,0.0
40933,0.0,0.0,0.0
40934,0.0,0.0,0.0
40935,0.0,0.0,0.0
40936,0.0,0.0,0.0
40937,0.0,0.0,0.0
40938,0.0,0.0,0.0
40939,0.0,0.0,0.0
40940,0.0,0.0,0.0
40941,0.0,0.0,0.0
40942,0.0,0.0,0.0
40943,0.0,0.0,0.0
40944,0.0,0.0,0.0
40945,0.0,0.0,0.0
40946,0.0,0.0,0.0
40947,0.0,0.0,0.0
40948,0.0,0.0,0.0
40949,0.0,0.0,0.0
40950,0.0,0.0,0.0
40951,0.0,0.0,0.0
40952,0.0,0.0,0.0
40953,0.0,0.0,0.0
40954,0.0,0.0,0.0
40955,0.0,0.0,0.0
40956,0.0,0.0,0.0
40957,0.0,0.0,0.0
40958,0.0,0.0,0.0
40959,0.0,0.0,0.0
40960,0.0,0.0,0.0
40961,0.0,0.0,0.0
40962,0.0,0.0,0.0
40963,0.0,0.0,0.0
40964,0.0,0.0,0.0
40965,0.0,0.0,0.0
40966,0.0,0.0,0.0
40967,0.0,0.0,0.0
40968,0.0,0.0,0.0
40969,0.0,0.0,0.0
40970,0.0,0.0,0.0
40971,0.0,0.0,0.0
40972,0.0,0.0,0.0
40973,0.0,0.0,0.0
40974,0.0,0.0,0.0
40975,0.0,0.0,0.0
40976,0.0,0.0,0.0
40977,0.0,0.0,0.0
40978,0.0,0.0,0.0
40979,0.0,0.0,0.0
40980,0.0,0.0,0.0
40981,0.0,0.0,0.0
40982,0.0,0.0,0.0
40983,0.0,0.0,0.0
40984,0.0,0.0,0.0
40985,0.0,0.0,0.0
40986,0.0,0.0,0.0
40987,0.0,0.0,0.0
40988,0.0,0.0,0.0
40989,0.0,0.0,0.0
40990,0.0,0.0,0.0
40991,0.0,0.0,0.0
40992,0.0,0.0,0.0
40993,0.0,0.0,0.0
40994,0.0,0.0,0.0
40995,0.0,0.0,0.0
40996,0.0,0.0,0.0
40997,0.0,0.0,0.0
40998,0.0,0.0,0.0
40999,0.0,0.0,0.0
41000,0.0,0.0,0.0
41001,0.0,0.0,0.0
41002,0.0,0.0,0.0
41003,0.0,0.0,0.0
41004,0.0,0.0,0.0
41005,0.0,0.0,0.0
41006,0.0,0.0,0.0
41007,0.0,0.0,0.0
41008,0.0,0.0,0.0
41009,0.0,0.0,0.0
41010,0.0,0.0,0.0
41011,0.0,0.0,0.0
41012,0.0,0.0,0.0
41013,0.0,0.0,0.0
41014,0.0,0.0,0.0
41015,0.0,0.0,0.0
41016,0.0,0.0,0.0
41017,0.0,0.0,0.0
41018,0.0,0.0,0.0
41019,0.0,0.0,0.0
41020,0.0,0.0,0.0
41021,0.0,0.0,0.0
41022,0.0,0.0,0.0
41023,0.0,0.0,0.0
41024,0.0,0.0,0.0
41025,0.0,0.0,0.0
41026,0.0,0.0,0.0
41027,0.0,0.0,0.0
41028,0.0,0.0,0.0
41029,0.0,0.0,0.0
41030,0.0,0.0,0.0
41031,0.0,0.0,0.0
41032,0.0,0.0,0.0
41033,0.0,0.0,0.0
41034,0.0,0.0,0.0
41035,0.0,0.0,0.0
41036,0.0,0.0,0.0
41037,0.0,0.0,0.0
41038,0.0,0.0,0.0
41039,0.0,0.0,0.0
41040,0.0,0.0,0.0
41041,0.0,0.0,0.0
41042,0.0,0.0,0.0
41043,0.0,0.0,0.0
41044,0.0,0.0,0.0
41045,0.0,0.0,0.0
41046,0.0,0.0,0.0
41047,0.0,0.0,0.0
41048,0.0,0.0,0.0
41049,0.0,0.0,0.0
41050,0.0,0.0,0.0
41051,0.0,0.0,0.0
41052,0.0,0.0,0.0
41053,0.0,0.0,0.0
41054,0.0,0.0,0.0
41055,0.0,0.0,0.0
41056,0.0,0.0,0.0
41057,0.0,0.0,0.0
41058,0.0,0.0,0.0
41059,0.0,0.0,0.0
41060,0.0,0.0,0.0
41061,0.0,0.0,0.0
41062,0.0,0.0,0.0
41063,0.0,0.0,0.0
41064,0.0,0.0,0.0
41065,0.0,0.0,0.0
41066,0.0,0.0,0.0
41067,0.0,0.0,0.0
41068,0.0,0.0,0.0
41069,0.0,0.0,0.0
41070,0.0,0.0,0.0
41071,0.0,0.0,0.0
41072,0.0,0.0,0.0
41073,0.0,0.0,0.0
41074,0.0,0.0,0.0
41075,0.0,0.0,0.0
41076,0.0,0.0,0.0
41077,0.0,0.0,0.0
41078,0.0,0.0,0.0
41079,0.0,0.0,0.0
41080,0.0,0.0,0.0
41081,0.0,0.0,0.0
41082,0.0,0.0,0.0
41083,0.0,0.0,0.0
41084,0.0,0.0,0.0
41085,0.0,0.0,0.0
41086,0.0,0.0,0.0
41087,0.0,0.0,0.0
41088,0.0,0.0,0.0
41089,0.0,0.0,0.0
41090,0.0,0.0,0.0
41091,0.0,0.0,0.0
41092,0.0,0.0,0.0
41093,0.0,0.0,0.0
41094,0.0,0.0,0.0
41095,0.0,0.0,0.0
41096,0.0,0.0,0.0
41097,0.0,0.0,0.0
41098,0.0,0.0,0.0
41099,0.0,0.0,0.0
41100,0.0,0.0,0.0
41101,0.0,0.0,0.0
41102,0.0,0.0,0.0
41103,0.0,0.0,0.0
41104,0.0,0.0,0.0
41105,0.0,0.0,0.0
41106,0.0,0.0,0.0
41107,0.0,0.0,0.0
41108,0.0,0.0,0.0
41109,0.0,0.0,0.0
41110,0.0,0.0,0.0
41111,0.0,0.0,0.0
41112,0.0,0.0,0.0
41113,0.0,0.0,0.0
41114,0.0,0.0,0.0
41115,0.0,0.0,0.0
41116,0.0,0.0,0.0
41117,0.0,0.0,0.0
41118,0.0,0.0,0.0
41119,0.0,0.0,0.0
41120,0.0,0.0,0.0
41121,0.0,0.0,0.0
41122,0.0,0.0,0.0
41123,0.0,0.0,0.0
41124,0.0,0.0,0.0
41125,0.0,0.0,0.0
41126,0.0,0.0,0.0
41127,0.0,0.0,0.0
41128,0.0,0.0,0.0
41129,0.0,0.0,0.0
41130,0.0,0.0,0.0
41131,0.0,0.0,0.0
41132,0.0,0.0,0.0
41133,0.0,0.0,0.0
41134,0.0,0.0,0.0
41135,0.0,0.0,0.0
41136,0.0,0.0,0.0
41137,0.0,0.0,0.0
41138,0.0,0.0,0.0
41139,0.0,0.0,0.0
41140,0.0,0.0,0.0
41141,0.0,0.0,0.0
41142,0.0,0.0,0.0
41143,0.0,0.0,0.0
41144,0.0,0.0,0.0
41145,0.0,0.0,0.0
41146,0.0,0.0,0.0
41147,0.0,0.0,0.0
41148,0.0,0.0,0.0
41149,0.0,0.0,0.0
41150,0.0,0.0,0.0
41151,0.0,0.0,0.0
41152,0.0,0.0,0.0
41153,0.0,0.0,0.0
41154,0.0,0.0,0.0
41155,0.0,0.0,0.0
41156,0.0,0.0,0.0
41157,0.0,0.0,0.0
41158,0.0,0.0,0.0
41159,0.0,0.0,0.0
41160,0.0,0.0,0.0
41161,0.0,0.0,0.0
41162,0.0,0.0,0.0
41163,0.0,0.0,0.0
41164,0.0,0.0,0.0
41165,0.0,0.0,0.0
41166,0.0,0.0,0.0
41167,0.0,0.0,0.0
41168,0.0,0.0,0.0
41169,0.0,0.0,0.0
41170,0.0,0.0,0.0
41171,0.0,0.0,0.0
41172,0.0,0.0,0.0
41173,0.0,0.0,0.0
41174,0.0,0.0,0.0
41175,0.0,0.0,0.0
41176,0.0,0.0,0.0
41177,0.0,0.0,0.0
41178,0.0,0.0,0.0
41179,0.0,0.0,0.0
41180,0.0,0.0,0.0
41181,0.0,0.0,0.0
41182,0.0,0.0,0.0
41183,0.0,0.0,0.0
41184,0.0,0.0,0.0
41185,0.0,0.0,0.0
41186,0.0,0.0,0.0
41187,0.0,0.0,0.0
41188,0.0,0.0,0.0
41189,0.0,0.0,0.0
41190,0.0,0.0,0.0
41191,0.0,0.0,0.0
41192,0.0,0.0,0.0
41193,0.0,0.0,0.0
41194,0.0,0.0,0.0
41195,0.0,0.0,0.0
41196,0.0,0.0,0.0
41197,0.0,0.0,0.0
41198,0.0,0.0,0.0
41199,0.0,0.0,0.0
41200,0.0,0.0,0.0
41201,0.0,0.0,0.0
41202,0.0,0.0,0.0
41203,0.0,0.0,0.0
41204,0.0,0.0,0.0
41205,0.0,0.0,0.0
41206,0.0,0.0,0.0
41207,0.0,0.0,0.0
41208,0.0,0.0,0.0
41209,0.0,0.0,0.0
41210,0.0,0.0,0.0
41211,0.0,0.0,0.0
41212,0.0,0.0,0.0
41213,0.0,0.0,0.0
41214,0.0,0.0,0.0
41215,0.0,0.0,0.0
41216,0.0,0.0,0.0
41217,0.0,0.0,0.0
41218,0.0,0.0,0.0
41219,0.0,0.0,0.0
41220,0.0,0.0,0.0
41221,0.0,0.0,0.0
41222,0.0,0.0,0.0
41223,0.0,0.0,0.0
41224,0.0,0.0,0.0
41225,0.0,0.0,0.0
41226,0.0,0.0,0.0
41227,0.0,0.0,0.0
41228,0.0,0.0,0.0
41229,0.0,0.0,0.0
41230,0.0,0.0,0.0
41231,0.0,0.0,0.0
41232,0.0,0.0,0.0
41233,0.0,0.0,0.0
41234,0.0,0.0,0.0
41235,0.0,0.0,0.0
41236,0.0,0.0,0.0
41237,0.0,0.0,0.0
41238,0.0,0.0,0.0
41239,0.0,0.0,0.0
41240,0.0,0.0,0.0
41241,0.0,0.0,0.0
41242,0.0,0.0,0.0
41243,0.0,0.0,0.0
41244,0.0,0.0,0.0
41245,0.0,0.0,0.0
41246,0.0,0.0,0.0
41247,0.0,0.0,0.0
41248,0.0,0.0,0.0
41249,0.0,0.0,0.0
41250,0.0,0.0,0.0
41251,0.0,0.0,0.0
41252,0.0,0.0,0.0
41253,0.0,0.0,0.0
41254,0.0,0.0,0.0
41255,0.0,0.0,0.0
41256,0.0,0.0,0.0
41257,0.0,0.0,0.0
41258,0.0,0.0,0.0
41259,0.0,0.0,0.0
41260,0.0,0.0,0.0
41261,0.0,0.0,0.0
41262,0.0,0.0,0.0
41263,0.0,0.0,0.0
41264,0.0,0.0,0.0
41265,0.0,0.0,0.0
41266,0.0,0.0,0.0
41267,0.0,0.0,0.0
41268,0.0,0.0,0.0
41269,0.0,0.0,0.0
41270,0.0,0.0,0.0
41271,0.0,0.0,0.0
41272,0.0,0.0,0.0
41273,0.0,0.0,0.0
41274,0.0,0.0,0.0
41275,0.0,0.0,0.0
41276,0.0,0.0,0.0
41277,0.0,0.0,0.0
41278,0.0,0.0,0.0
41279,0.0,0.0,0.0
41280,0.0,0.0,0.0
41281,0.0,0.0,0.0
41282,0.0,0.0,0.0
41283,0.0,0.0,0.0
41284,0.0,0.0,0.0
41285,0.0,0.0,0.0
41286,0.0,0.0,0.0
41287,0.0,0.0,0.0
41288,0.0,0.0,0.0
41289,0.0,0.0,0.0
41290,0.0,0.0,0.0
41291,0.0,0.0,0.0
41292,0.0,0.0,0.0
41293,0.0,0.0,0.0
41294,0.0,0.0,0.0
41295,0.0,0.0,0.0
41296,0.0,0.0,0.0
41297,0.0,0.0,0.0
41298,0.0,0.0,0.0
41299,0.0,0.0,0.0
41300,0.0,0.0,0.0
41301,0.0,0.0,0.0
41302,0.0,0.0,0.0
41303,0.0,0.0,0.0
41304,0.0,0.0,0.0
41305,0.0,0.0,0.0
41306,0.0,0.0,0.0
41307,0.0,0.0,0.0
41308,0.0,0.0,0.0
41309,0.0,0.0,0.0
41310,0.0,0.0,0.0
41311,0.0,0.0,0.0
41312,0.0,0.0,0.0
41313,0.0,0.0,0.0
41314,0.0,0.0,0.0
41315,0.0,0.0,0.0
41316,0.0,0.0,0.0
41317,0.0,0.0,0.0
41318,0.0,0.0,0.0
41319,0.0,0.0,0.0
41320,0.0,0.0,0.0
41321,0.0,0.0,0.0
41322,0.0,0.0,0.0
41323,0.0,0.0,0.0
41324,0.0,0.0,0.0
41325,0.0,0.0,0.0
41326,0.0,0.0,0.0
41327,0.0,0.0,0.0
41328,0.0,0.0,0.0
41329,0.0,0.0,0.0
41330,0.0,0.0,0.0
41331,0.0,0.0,0.0
41332,0.0,0.0,0.0
41333,0.0,0.0,0.0
41334,0.0,0.0,0.0
41335,0.0,0.0,0.0
41336,0.0,0.0,0.0
41337,0.0,0.0,0.0
41338,0.0,0.0,0.0
41339,0.0,0.0,0.0
41340,0.0,0.0,0.0
41341,0.0,0.0,0.0
41342,0.0,0.0,0.0
41343,0.0,0.0,0.0
41344,0.0,0.0,0.0
41345,0.0,0.0,0.0
41346,0.0,0.0,0.0
41347,0.0,0.0,0.0
41348,0.0,0.0,0.0
41349,0.0,0.0,0.0
41350,0.0,0.0,0.0
41351,0.0,0.0,0.0
41352,0.0,0.0,0.0
41353,0.0,0.0,0.0
41354,0.0,0.0,0.0
41355,0.0,0.0,0.0
41356,0.0,0.0,0.0
41357,0.0,0.0,0.0
41358,0.0,0.0,0.0
41359,0.0,0.0,0.0
41360,0.0,0.0,0.0
41361,0.0,0.0,0.0
41362,0.0,0.0,0.0
41363,0.0,0.0,0.0
41364,0.0,0.0,0.0
41365,0.0,0.0,0.0
41366,0.0,0.0,0.0
41367,0.0,0.0,0.0
41368,0.0,0.0,0.0
41369,0.0,0.0,0.0
41370,0.0,0.0,0.0
41371,0.0,0.0,0.0
41372,0.0,0.0,0.0
41373,0.0,0.0,0.0
41374,0.0,0.0,0.0
41375,0.0,0.0,0.0
41376,0.0,0.0,0.0
41377,0.0,0.0,0.0
41378,0.0,0.0,0.0
41379,0.0,0.0,0.0
41380,0.0,0.0,0.0
41381,0.0,0.0,0.0
41382,0.0,0.0,0.0
41383,0.0,0.0,0.0
41384,0.0,0.0,0.0
41385,0.0,0.0,0.0
41386,0.0,0.0,0.0
41387,0.0,0.0,0.0
41388,0.0,0.0,0.0
41389,0.0,0.0,0.0
41390,0.0,0.0,0.0
41391,0.0,0.0,0.0
41392,0.0,0.0,0.0
41393,0.0,0.0,0.0
41394,0.0,0.0,0.0
41395,0.0,0.0,0.0
41396,0.0,0.0,0.0
41397,0.0,0.0,0.0
41398,0.0,0.0,0.0
41399,0.0,0.0,0.0
41400,0.0,0.0,0.0
41401,0.0,0.0,0.0
41402,0.0,0.0,0.0
41403,0.0,0.0,0.0
41404,0.0,0.0,0.0
41405,0.0,0.0,0.0
41406,0.0,0.0,0.0
41407,0.0,0.0,0.0
41408,0.0,0.0,0.0
41409,0.0,0.0,0.0
41410,0.0,0.0,0.0
41411,0.0,0.0,0.0
41412,0.0,0.0,0.0
41413,0.0,0.0,0.0
41414,0.0,0.0,0.0
41415,0.0,0.0,0.0
41416,0.0,0.0,0.0
41417,0.0,0.0,0.0
41418,0.0,0.0,0.0
41419,0.0,0.0,0.0
41420,0.0,0.0,0.0
41421,0.0,0.0,0.0
41422,0.0,0.0,0.0
41423,0.0,0.0,0.0
41424,0.0,0.0,0.0
41425,0.0,0.0,0.0
41426,0.0,0.0,0.0
41427,0.0,0.0,0.0
41428,0.0,0.0,0.0
41429,0.0,0.0,0.0
41430,0.0,0.0,0.0
41431,0.0,0.0,0.0
41432,0.0,0.0,0.0
41433,0.0,0.0,0.0
41434,0.0,0.0,0.0
41435,0.0,0.0,0.0
41436,0.0,0.0,0.0
41437,0.0,0.0,0.0
41438,0.0,0.0,0.0
41439,0.0,0.0,0.0
41440,0.0,0.0,0.0
41441,0.0,0.0,0.0
41442,0.0,0.0,0.0
41443,0.0,0.0,0.0
41444,0.0,0.0,0.0
41445,0.0,0.0,0.0
41446,0.0,0.0,0.0
41447,0.0,0.0,0.0
41448,0.0,0.0,0.0
41449,0.0,0.0,0.0
41450,0.0,0.0,0.0
41451,0.0,0.0,0.0
41452,0.0,0.0,0.0
41453,0.0,0.0,0.0
41454,0.0,0.0,0.0
41455,0.0,0.0,0.0
41456,0.0,0.0,0.0
41457,0.0,0.0,0.0
41458,0.0,0.0,0.0
41459,0.0,0.0,0.0
41460,0.0,0.0,0.0
41461,0.0,0.0,0.0
41462,0.0,0.0,0.0
41463,0.0,0.0,0.0
41464,0.0,0.0,0.0
41465,0.0,0.0,0.0
41466,0.0,0.0,0.0
41467,0.0,0.0,0.0
41468,0.0,0.0,0.0
41469,0.0,0.0,0.0
41470,0.0,0.0,0.0
41471,0.0,0.0,0.0
41472,0.0,0.0,0.0
41473,0.0,0.0,0.0
41474,0.0,0.0,0.0
41475,0.0,0.0,0.0
41476,0.0,0.0,0.0
41477,0.0,0.0,0.0
41478,0.0,0.0,0.0
41479,0.0,0.0,0.0
41480,0.0,0.0,0.0
41481,0.0,0.0,0.0
41482,0.0,0.0,0.0
41483,0.0,0.0,0.0
41484,0.0,0.0,0.0
41485,0.0,0.0,0.0
41486,0.0,0.0,0.0
41487,0.0,0.0,0.0
41488,0.0,0.0,0.0
41489,0.0,0.0,0.0
41490,0.0,0.0,0.0
41491,0.0,0.0,0.0
41492,0.0,0.0,0.0
41493,0.0,0.0,0.0
41494,0.0,0.0,0.0
41495,0.0,0.0,0.0
41496,0.0,0.0,0.0
41497,0.0,0.0,0.0
41498,0.0,0.0,0.0
41499,0.0,0.0,0.0
41500,0.0,0.0,0.0
41501,0.0,0.0,0.0
41502,0.0,0.0,0.0
41503,0.0,0.0,0.0
41504,0.0,0.0,0.0
41505,0.0,0.0,0.0
41506,0.0,0.0,0.0
41507,0.0,0.0,0.0
41508,0.0,0.0,0.0
41509,0.0,0.0,0.0
41510,0.0,0.0,0.0
41511,0.0,0.0,0.0
41512,0.0,0.0,0.0
41513,0.0,0.0,0.0
41514,0.0,0.0,0.0
41515,0.0,0.0,0.0
41516,0.0,0.0,0.0
41517,0.0,0.0,0.0
41518,0.0,0.0,0.0
41519,0.0,0.0,0.0
41520,0.0,0.0,0.0
41521,0.0,0.0,0.0
41522,0.0,0.0,0.0
41523,0.0,0.0,0.0
41524,0.0,0.0,0.0
41525,0.0,0.0,0.0
41526,0.0,0.0,0.0
41527,0.0,0.0,0.0
41528,0.0,0.0,0.0
41529,0.0,0.0,0.0
41530,0.0,0.0,0.0
41531,0.0,0.0,0.0
41532,0.0,0.0,0.0
41533,0.0,0.0,0.0
41534,0.0,0.0,0.0
41535,0.0,0.0,0.0
41536,0.0,0.0,0.0
41537,0.0,0.0,0.0
41538,0.0,0.0,0.0
41539,0.0,0.0,0.0
41540,0.0,0.0,0.0
41541,0.0,0.0,0.0
41542,0.0,0.0,0.0
41543,0.0,0.0,0.0
41544,0.0,0.0,0.0
41545,0.0,0.0,0.0
41546,0.0,0.0,0.0
41547,0.0,0.0,0.0
41548,0.0,0.0,0.0
41549,0.0,0.0,0.0
41550,0.0,0.0,0.0
41551,0.0,0.0,0.0
41552,0.0,0.0,0.0
41553,0.0,0.0,0.0
41554,0.0,0.0,0.0
41555,0.0,0.0,0.0
41556,0.0,0.0,0.0
41557,0.0,0.0,0.0
41558,0.0,0.0,0.0
41559,0.0,0.0,0.0
41560,0.0,0.0,0.0
41561,0.0,0.0,0.0
41562,0.0,0.0,0.0
41563,0.0,0.0,0.0
41564,0.0,0.0,0.0
41565,0.0,0.0,0.0
41566,0.0,0.0,0.0
41567,0.0,0.0,0.0
41568,0.0,0.0,0.0
41569,0.0,0.0,0.0
41570,0.0,0.0,0.0
41571,0.0,0.0,0.0
41572,0.0,0.0,0.0
41573,0.0,0.0,0.0
41574,0.0,0.0,0.0
41575,0.0,0.0,0.0
41576,0.0,0.0,0.0
41577,0.0,0.0,0.0
41578,0.0,0.0,0.0
41579,0.0,0.0,0.0
41580,0.0,0.0,0.0
41581,0.0,0.0,0.0
41582,0.0,0.0,0.0
41583,0.0,0.0,0.0
41584,0.0,0.0,0.0
41585,0.0,0.0,0.0
41586,0.0,0.0,0.0
41587,0.0,0.0,0.0
41588,0.0,0.0,0.0
41589,0.0,0.0,0.0
41590,0.0,0.0,0.0
41591,0.0,0.0,0.0
41592,0.0,0.0,0.0
41593,0.0,0.0,0.0
41594,0.0,0.0,0.0
41595,0.0,0.0,0.0
41596,0.0,0.0,0.0
41597,0.0,0.0,0.0
41598,0.0,0.0,0.0
41599,0.0,0.0,0.0
41600,0.0,0.0,0.0
41601,0.0,0.0,0.0
41602,0.0,0.0,0.0
41603,0.0,0.0,0.0
41604,0.0,0.0,0.0
41605,0.0,0.0,0.0
41606,0.0,0.0,0.0
41607,0.0,0.0,0.0
41608,0.0,0.0,0.0
41609,0.0,0.0,0.0
41610,0.0,0.0,0.0
41611,0.0,0.0,0.0
41612,0.0,0.0,0.0
41613,0.0,0.0,0.0
41614,0.0,0.0,0.0
41615,0.0,0.0,0.0
41616,0.0,0.0,0.0
41617,0.0,0.0,0.0
41618,0.0,0.0,0.0
41619,0.0,0.0,0.0
41620,0.0,0.0,0.0
41621,0.0,0.0,0.0
41622,0.0,0.0,0.0
41623,0.0,0.0,0.0
41624,0.0,0.0,0.0
41625,0.0,0.0,0.0
41626,0.0,0.0,0.0
41627,0.0,0.0,0.0
41628,0.0,0.0,0.0
41629,0.0,0.0,0.0
41630,0.0,0.0,0.0
41631,0.0,0.0,0.0
41632,0.0,0.0,0.0
41633,0.0,0.0,0.0
41634,0.0,0.0,0.0
41635,0.0,0.0,0.0
41636,0.0,0.0,0.0
41637,0.0,0.0,0.0
41638,0.0,0.0,0.0
41639,0.0,0.0,0.0
41640,0.0,0.0,0.0
41641,0.0,0.0,0.0
41642,0.0,0.0,0.0
41643,0.0,0.0,0.0
41644,0.0,0.0,0.0
41645,0.0,0.0,0.0
41646,0.0,0.0,0.0
41647,0.0,0.0,0.0
41648,0.0,0.0,0.0
41649,0.0,0.0,0.0
41650,0.0,0.0,0.0
41651,0.0,0.0,0.0
41652,0.0,0.0,0.0
41653,0.0,0.0,0.0
41654,0.0,0.0,0.0
41655,0.0,0.0,0.0
41656,0.0,0.0,0.0
41657,0.0,0.0,0.0
41658,0.0,0.0,0.0
41659,0.0,0.0,0.0
41660,0.0,0.0,0.0
41661,0.0,0.0,0.0
41662,0.0,0.0,0.0
41663,0.0,0.0,0.0
41664,0.0,0.0,0.0
41665,0.0,0.0,0.0
41666,0.0,0.0,0.0
41667,0.0,0.0,0.0
41668,0.0,0.0,0.0
41669,0.0,0.0,0.0
41670,0.0,0.0,0.0
41671,0.0,0.0,0.0
41672,0.0,0.0,0.0
41673,0.0,0.0,0.0
41674,0.0,0.0,0.0
41675,0.0,0.0,0.0
41676,0.0,0.0,0.0
41677,0.0,0.0,0.0
41678,0.0,0.0,0.0
41679,0.0,0.0,0.0
41680,0.0,0.0,0.0
41681,0.0,0.0,0.0
41682,0.0,0.0,0.0
41683,0.0,0.0,0.0
41684,0.0,0.0,0.0
41685,0.0,0.0,0.0
41686,0.0,0.0,0.0
41687,0.0,0.0,0.0
41688,0.0,0.0,0.0
41689,0.0,0.0,0.0
41690,0.0,0.0,0.0
41691,0.0,0.0,0.0
41692,0.0,0.0,0.0
41693,0.0,0.0,0.0
41694,0.0,0.0,0.0
41695,0.0,0.0,0.0
41696,0.0,0.0,0.0
41697,0.0,0.0,0.0
41698,0.0,0.0,0.0
41699,0.0,0.0,0.0
41700,0.0,0.0,0.0
41701,0.0,0.0,0.0
41702,0.0,0.0,0.0
41703,0.0,0.0,0.0
41704,0.0,0.0,0.0
41705,0.0,0.0,0.0
41706,0.0,0.0,0.0
41707,0.0,0.0,0.0
41708,0.0,0.0,0.0
41709,0.0,0.0,0.0
41710,0.0,0.0,0.0
41711,0.0,0.0,0.0
41712,0.0,0.0,0.0
41713,0.0,0.0,0.0
41714,0.0,0.0,0.0
41715,0.0,0.0,0.0
41716,0.0,0.0,0.0
41717,0.0,0.0,0.0
41718,0.0,0.0,0.0
41719,0.0,0.0,0.0
41720,0.0,0.0,0.0
41721,0.0,0.0,0.0
41722,0.0,0.0,0.0
41723,0.0,0.0,0.0
41724,0.0,0.0,0.0
41725,0.0,0.0,0.0
41726,0.0,0.0,0.0
41727,0.0,0.0,0.0
41728,0.0,0.0,0.0
41729,0.0,0.0,0.0
41730,0.0,0.0,0.0
41731,0.0,0.0,0.0
41732,0.0,0.0,0.0
41733,0.0,0.0,0.0
41734,0.0,0.0,0.0
41735,0.0,0.0,0.0
41736,0.0,0.0,0.0
41737,0.0,0.0,0.0
41738,0.0,0.0,0.0
41739,0.0,0.0,0.0
41740,0.0,0.0,0.0
41741,0.0,0.0,0.0
41742,0.0,0.0,0.0
41743,0.0,0.0,0.0
41744,0.0,0.0,0.0
41745,0.0,0.0,0.0
41746,0.0,0.0,0.0
41747,0.0,0.0,0.0
41748,0.0,0.0,0.0
41749,0.0,0.0,0.0
41750,0.0,0.0,0.0
41751,0.0,0.0,0.0
41752,0.0,0.0,0.0
41753,0.0,0.0,0.0
41754,0.0,0.0,0.0
41755,0.0,0.0,0.0
41756,0.0,0.0,0.0
41757,0.0,0.0,0.0
41758,0.0,0.0,0.0
41759,0.0,0.0,0.0
41760,0.0,0.0,0.0
41761,0.0,0.0,0.0
41762,0.0,0.0,0.0
41763,0.0,0.0,0.0
41764,0.0,0.0,0.0
41765,0.0,0.0,0.0
41766,0.0,0.0,0.0
41767,0.0,0.0,0.0
41768,0.0,0.0,0.0
41769,0.0,0.0,0.0
41770,0.0,0.0,0.0
41771,0.0,0.0,0.0
41772,0.0,0.0,0.0
41773,0.0,0.0,0.0
41774,0.0,0.0,0.0
41775,0.0,0.0,0.0
41776,0.0,0.0,0.0
41777,0.0,0.0,0.0
41778,0.0,0.0,0.0
41779,0.0,0.0,0.0
41780,0.0,0.0,0.0
41781,0.0,0.0,0.0
41782,0.0,0.0,0.0
41783,0.0,0.0,0.0
41784,0.0,0.0,0.0
41785,0.0,0.0,0.0
41786,0.0,0.0,0.0
41787,0.0,0.0,0.0
41788,0.0,0.0,0.0
41789,0.0,0.0,0.0
41790,0.0,0.0,0.0
41791,0.0,0.0,0.0
41792,0.0,0.0,0.0
41793,0.0,0.0,0.0
41794,0.0,0.0,0.0
41795,0.0,0.0,0.0
41796,0.0,0.0,0.0
41797,0.0,0.0,0.0
41798,0.0,0.0,0.0
41799,0.0,0.0,0.0
41800,0.0,0.0,0.0
41801,0.0,0.0,0.0
41802,0.0,0.0,0.0
41803,0.0,0.0,0.0
41804,0.0,0.0,0.0
41805,0.0,0.0,0.0
41806,0.0,0.0,0.0
41807,0.0,0.0,0.0
41808,0.0,0.0,0.0
41809,0.0,0.0,0.0
41810,0.0,0.0,0.0
41811,0.0,0.0,0.0
41812,0.0,0.0,0.0
41813,0.0,0.0,0.0
41814,0.0,0.0,0.0
41815,0.0,0.0,0.0
41816,0.0,0.0,0.0
41817,0.0,0.0,0.0
41818,0.0,0.0,0.0
41819,0.0,0.0,0.0
41820,0.0,0.0,0.0
41821,0.0,0.0,0.0
41822,0.0,0.0,0.0
41823,0.0,0.0,0.0
41824,0.0,0.0,0.0
41825,0.0,0.0,0.0
41826,0.0,0.0,0.0
41827,0.0,0.0,0.0
41828,0.0,0.0,0.0
41829,0.0,0.0,0.0
41830,0.0,0.0,0.0
41831,0.0,0.0,0.0
41832,0.0,0.0,0.0
41833,0.0,0.0,0.0
41834,0.0,0.0,0.0
41835,0.0,0.0,0.0
41836,0.0,0.0,0.0
41837,0.0,0.0,0.0
41838,0.0,0.0,0.0
41839,0.0,0.0,0.0
41840,0.0,0.0,0.0
41841,0.0,0.0,0.0
41842,0.0,0.0,0.0
41843,0.0,0.0,0.0
41844,0.0,0.0,0.0
41845,0.0,0.0,0.0
41846,0.0,0.0,0.0
41847,0.0,0.0,0.0
41848,0.0,0.0,0.0
41849,0.0,0.0,0.0
41850,0.0,0.0,0.0
41851,0.0,0.0,0.0
41852,0.0,0.0,0.0
41853,0.0,0.0,0.0
41854,0.0,0.0,0.0
41855,0.0,0.0,0.0
41856,0.0,0.0,0.0
41857,0.0,0.0,0.0
41858,0.0,0.0,0.0
41859,0.0,0.0,0.0
41860,0.0,0.0,0.0
41861,0.0,0.0,0.0
41862,0.0,0.0,0.0
41863,0.0,0.0,0.0
41864,0.0,0.0,0.0
41865,0.0,0.0,0.0
41866,0.0,0.0,0.0
41867,0.0,0.0,0.0
41868,0.0,0.0,0.0
41869,0.0,0.0,0.0
41870,0.0,0.0,0.0
41871,0.0,0.0,0.0
41872,0.0,0.0,0.0
41873,0.0,0.0,0.0
41874,0.0,0.0,0.0
41875,0.0,0.0,0.0
41876,0.0,0.0,0.0
41877,0.0,0.0,0.0
41878,0.0,0.0,0.0
41879,0.0,0.0,0.0
41880,0.0,0.0,0.0
41881,0.0,0.0,0.0
41882,0.0,0.0,0.0
41883,0.0,0.0,0.0
41884,0.0,0.0,0.0
41885,0.0,0.0,0.0
41886,0.0,0.0,0.0
41887,0.0,0.0,0.0
41888,0.0,0.0,0.0
41889,0.0,0.0,0.0
41890,0.0,0.0,0.0
41891,0.0,0.0,0.0
41892,0.0,0.0,0.0
41893,0.0,0.0,0.0
41894,0.0,0.0,0.0
41895,0.0,0.0,0.0
41896,0.0,0.0,0.0
41897,0.0,0.0,0.0
41898,0.0,0.0,0.0
41899,0.0,0.0,0.0
41900,0.0,0.0,0.0
41901,0.0,0.0,0.0
41902,0.0,0.0,0.0
41903,0.0,0.0,0.0
41904,0.0,0.0,0.0
41905,0.0,0.0,0.0
41906,0.0,0.0,0.0
41907,0.0,0.0,0.0
41908,0.0,0.0,0.0
41909,0.0,0.0,0.0
41910,0.0,0.0,0.0
41911,0.0,0.0,0.0
41912,0.0,0.0,0.0
41913,0.0,0.0,0.0
41914,0.0,0.0,0.0
41915,0.0,0.0,0.0
41916,0.0,0.0,0.0
41917,0.0,0.0,0.0
41918,0.0,0.0,0.0
41919,0.0,0.0,0.0
41920,0.0,0.0,0.0
41921,0.0,0.0,0.0
41922,0.0,0.0,0.0
41923,0.0,0.0,0.0
41924,0.0,0.0,0.0
41925,0.0,0.0,0.0
41926,0.0,0.0,0.0
41927,0.0,0.0,0.0
41928,0.0,0.0,0.0
41929,0.0,0.0,0.0
41930,0.0,0.0,0.0
41931,0.0,0.0,0.0
41932,0.0,0.0,0.0
41933,0.0,0.0,0.0
41934,0.0,0.0,0.0
41935,0.0,0.0,0.0
41936,0.0,0.0,0.0
41937,0.0,0.0,0.0
41938,0.0,0.0,0.0
41939,0.0,0.0,0.0
41940,0.0,0.0,0.0
41941,0.0,0.0,0.0
41942,0.0,0.0,0.0
41943,0.0,0.0,0.0
41944,0.0,0.0,0.0
41945,0.0,0.0,0.0
41946,0.0,0.0,0.0
41947,0.0,0.0,0.0
41948,0.0,0.0,0.0
41949,0.0,0.0,0.0
41950,0.0,0.0,0.0
41951,0.0,0.0,0.0
41952,0.0,0.0,0.0
41953,0.0,0.0,0.0
41954,0.0,0.0,0.0
41955,0.0,0.0,0.0
41956,0.0,0.0,0.0
41957,0.0,0.0,0.0
41958,0.0,0.0,0.0
41959,0.0,0.0,0.0
41960,0.0,0.0,0.0
41961,0.0,0.0,0.0
41962,0.0,0.0,0.0
41963,0.0,0.0,0.0
41964,0.0,0.0,0.0
41965,0.0,0.0,0.0
41966,0.0,0.0,0.0
41967,0.0,0.0,0.0
41968,0.0,0.0,0.0
41969,0.0,0.0,0.0
41970,0.0,0.0,0.0
41971,0.0,0.0,0.0
41972,0.0,0.0,0.0
41973,0.0,0.0,0.0
41974,0.0,0.0,0.0
41975,0.0,0.0,0.0
41976,0.0,0.0,0.0
41977,0.0,0.0,0.0
41978,0.0,0.0,0.0
41979,0.0,0.0,0.0
41980,0.0,0.0,0.0
41981,0.0,0.0,0.0
41982,0.0,0.0,0.0
41983,0.0,0.0,0.0
41984,0.0,0.0,0.0
41985,0.0,0.0,0.0
41986,0.0,0.0,0.0
41987,0.0,0.0,0.0
41988,0.0,0.0,0.0
41989,0.0,0.0,0.0
41990,0.0,0.0,0.0
41991,0.0,0.0,0.0
41992,0.0,0.0,0.0
41993,0.0,0.0,0.0
41994,0.0,0.0,0.0
41995,0.0,0.0,0.0
41996,0.0,0.0,0.0
41997,0.0,0.0,0.0
41998,0.0,0.0,0.0
41999,0.0,0.0,0.0
42000,0.0,0.0,0.0
42001,0.0,0.0,0.0
42002,0.0,0.0,0.0
42003,0.0,0.0,0.0
42004,0.0,0.0,0.0
42005,0.0,0.0,0.0
42006,0.0,0.0,0.0
42007,0.0,0.0,0.0
42008,0.0,0.0,0.0
42009,0.0,0.0,0.0
42010,0.0,0.0,0.0
42011,0.0,0.0,0.0
42012,0.0,0.0,0.0
42013,0.0,0.0,0.0
42014,0.0,0.0,0.0
42015,0.0,0.0,0.0
42016,0.0,0.0,0.0
42017,0.0,0.0,0.0
42018,0.0,0.0,0.0
42019,0.0,0.0,0.0
42020,0.0,0.0,0.0
42021,0.0,0.0,0.0
42022,0.0,0.0,0.0
42023,0.0,0.0,0.0
42024,0.0,0.0,0.0
42025,0.0,0.0,0.0
42026,0.0,0.0,0.0
42027,0.0,0.0,0.0
42028,0.0,0.0,0.0
42029,0.0,0.0,0.0
42030,0.0,0.0,0.0
42031,0.0,0.0,0.0
42032,0.0,0.0,0.0
42033,0.0,0.0,0.0
42034,0.0,0.0,0.0
42035,0.0,0.0,0.0
42036,0.0,0.0,0.0
42037,0.0,0.0,0.0
42038,0.0,0.0,0.0
42039,0.0,0.0,0.0
42040,0.0,0.0,0.0
42041,0.0,0.0,0.0
42042,0.0,0.0,0.0
42043,0.0,0.0,0.0
42044,0.0,0.0,0.0
42045,0.0,0.0,0.0
42046,0.0,0.0,0.0
42047,0.0,0.0,0.0
42048,0.0,0.0,0.0
42049,0.0,0.0,0.0
42050,0.0,0.0,0.0
42051,0.0,0.0,0.0
42052,0.0,0.0,0.0
42053,0.0,0.0,0.0
42054,0.0,0.0,0.0
42055,0.0,0.0,0.0
42056,0.0,0.0,0.0
42057,0.0,0.0,0.0
42058,0.0,0.0,0.0
42059,0.0,0.0,0.0
42060,0.0,0.0,0.0
42061,0.0,0.0,0.0
42062,0.0,0.0,0.0
42063,0.0,0.0,0.0
42064,0.0,0.0,0.0
42065,0.0,0.0,0.0
42066,0.0,0.0,0.0
42067,0.0,0.0,0.0
42068,0.0,0.0,0.0
42069,0.0,0.0,0.0
42070,0.0,0.0,0.0
42071,0.0,0.0,0.0
42072,0.0,0.0,0.0
42073,0.0,0.0,0.0
42074,0.0,0.0,0.0
42075,0.0,0.0,0.0
42076,0.0,0.0,0.0
42077,0.0,0.0,0.0
42078,0.0,0.0,0.0
42079,0.0,0.0,0.0
42080,0.0,0.0,0.0
42081,0.0,0.0,0.0
42082,0.0,0.0,0.0
42083,0.0,0.0,0.0
42084,0.0,0.0,0.0
42085,0.0,0.0,0.0
42086,0.0,0.0,0.0
42087,0.0,0.0,0.0
42088,0.0,0.0,0.0
42089,0.0,0.0,0.0
42090,0.0,0.0,0.0
42091,0.0,0.0,0.0
42092,0.0,0.0,0.0
42093,0.0,0.0,0.0
42094,0.0,0.0,0.0
42095,0.0,0.0,0.0
42096,0.0,0.0,0.0
42097,0.0,0.0,0.0
42098,0.0,0.0,0.0
42099,0.0,0.0,0.0
42100,0.0,0.0,0.0
42101,0.0,0.0,0.0
42102,0.0,0.0,0.0
42103,0.0,0.0,0.0
42104,0.0,0.0,0.0
42105,0.0,0.0,0.0
42106,0.0,0.0,0.0
42107,0.0,0.0,0.0
42108,0.0,0.0,0.0
42109,0.0,0.0,0.0
42110,0.0,0.0,0.0
42111,0.0,0.0,0.0
42112,0.0,0.0,0.0
42113,0.0,0.0,0.0
42114,0.0,0.0,0.0
42115,0.0,0.0,0.0
42116,0.0,0.0,0.0
42117,0.0,0.0,0.0
42118,0.0,0.0,0.0
42119,0.0,0.0,0.0
42120,0.0,0.0,0.0
42121,0.0,0.0,0.0
42122,0.0,0.0,0.0
42123,0.0,0.0,0.0
42124,0.0,0.0,0.0
42125,0.0,0.0,0.0
42126,0.0,0.0,0.0
42127,0.0,0.0,0.0
42128,0.0,0.0,0.0
42129,0.0,0.0,0.0
42130,0.0,0.0,0.0
42131,0.0,0.0,0.0
42132,0.0,0.0,0.0
42133,0.0,0.0,0.0
42134,0.0,0.0,0.0
42135,0.0,0.0,0.0
42136,0.0,0.0,0.0
42137,0.0,0.0,0.0
42138,0.0,0.0,0.0
42139,0.0,0.0,0.0
42140,0.0,0.0,0.0
42141,0.0,0.0,0.0
42142,0.0,0.0,0.0
42143,0.0,0.0,0.0
42144,0.0,0.0,0.0
42145,0.0,0.0,0.0
42146,0.0,0.0,0.0
42147,0.0,0.0,0.0
42148,0.0,0.0,0.0
42149,0.0,0.0,0.0
42150,0.0,0.0,0.0
42151,0.0,0.0,0.0
42152,0.0,0.0,0.0
42153,0.0,0.0,0.0
42154,0.0,0.0,0.0
42155,0.0,0.0,0.0
42156,0.0,0.0,0.0
42157,0.0,0.0,0.0
42158,0.0,0.0,0.0
42159,0.0,0.0,0.0
42160,0.0,0.0,0.0
42161,0.0,0.0,0.0
42162,0.0,0.0,0.0
42163,0.0,0.0,0.0
42164,0.0,0.0,0.0
42165,0.0,0.0,0.0
42166,0.0,0.0,0.0
42167,0.0,0.0,0.0
42168,0.0,0.0,0.0
42169,0.0,0.0,0.0
42170,0.0,0.0,0.0
42171,0.0,0.0,0.0
42172,0.0,0.0,0.0
42173,0.0,0.0,0.0
42174,0.0,0.0,0.0
42175,0.0,0.0,0.0
42176,0.0,0.0,0.0
42177,0.0,0.0,0.0
42178,0.0,0.0,0.0
42179,0.0,0.0,0.0
42180,0.0,0.0,0.0
42181,0.0,0.0,0.0
42182,0.0,0.0,0.0
42183,0.0,0.0,0.0
42184,0.0,0.0,0.0
42185,0.0,0.0,0.0
42186,0.0,0.0,0.0
42187,0.0,0.0,0.0
42188,0.0,0.0,0.0
42189,0.0,0.0,0.0
42190,0.0,0.0,0.0
42191,0.0,0.0,0.0
42192,0.0,0.0,0.0
42193,0.0,0.0,0.0
42194,0.0,0.0,0.0
42195,0.0,0.0,0.0
42196,0.0,0.0,0.0
42197,0.0,0.0,0.0
42198,0.0,0.0,0.0
42199,0.0,0.0,0.0
42200,0.0,0.0,0.0
42201,0.0,0.0,0.0
42202,0.0,0.0,0.0
42203,0.0,0.0,0.0
42204,0.0,0.0,0.0
42205,0.0,0.0,0.0
42206,0.0,0.0,0.0
42207,0.0,0.0,0.0
42208,0.0,0.0,0.0
42209,0.0,0.0,0.0
42210,0.0,0.0,0.0
42211,0.0,0.0,0.0
42212,0.0,0.0,0.0
42213,0.0,0.0,0.0
42214,0.0,0.0,0.0
42215,0.0,0.0,0.0
42216,0.0,0.0,0.0
42217,0.0,0.0,0.0
42218,0.0,0.0,0.0
42219,0.0,0.0,0.0
42220,0.0,0.0,0.0
42221,0.0,0.0,0.0
42222,0.0,0.0,0.0
42223,0.0,0.0,0.0
42224,0.0,0.0,0.0
42225,0.0,0.0,0.0
42226,0.0,0.0,0.0
42227,0.0,0.0,0.0
42228,0.0,0.0,0.0
42229,0.0,0.0,0.0
42230,0.0,0.0,0.0
42231,0.0,0.0,0.0
42232,0.0,0.0,0.0
42233,0.0,0.0,0.0
42234,0.0,0.0,0.0
42235,0.0,0.0,0.0
42236,0.0,0.0,0.0
42237,0.0,0.0,0.0
42238,0.0,0.0,0.0
42239,0.0,0.0,0.0
42240,0.0,0.0,0.0
42241,0.0,0.0,0.0
42242,0.0,0.0,0.0
42243,0.0,0.0,0.0
42244,0.0,0.0,0.0
42245,0.0,0.0,0.0
42246,0.0,0.0,0.0
42247,0.0,0.0,0.0
42248,0.0,0.0,0.0
42249,0.0,0.0,0.0
42250,0.0,0.0,0.0
42251,0.0,0.0,0.0
42252,0.0,0.0,0.0
42253,0.0,0.0,0.0
42254,0.0,0.0,0.0
42255,0.0,0.0,0.0
42256,0.0,0.0,0.0
42257,0.0,0.0,0.0
42258,0.0,0.0,0.0
42259,0.0,0.0,0.0
42260,0.0,0.0,0.0
42261,0.0,0.0,0.0
42262,0.0,0.0,0.0
42263,0.0,0.0,0.0
42264,0.0,0.0,0.0
42265,0.0,0.0,0.0
42266,0.0,0.0,0.0
42267,0.0,0.0,0.0
42268,0.0,0.0,0.0
42269,0.0,0.0,0.0
42270,0.0,0.0,0.0
42271,0.0,0.0,0.0
42272,0.0,0.0,0.0
42273,0.0,0.0,0.0
42274,0.0,0.0,0.0
42275,0.0,0.0,0.0
42276,0.0,0.0,0.0
42277,0.0,0.0,0.0
42278,0.0,0.0,0.0
42279,0.0,0.0,0.0
42280,0.0,0.0,0.0
42281,0.0,0.0,0.0
42282,0.0,0.0,0.0
42283,0.0,0.0,0.0
42284,0.0,0.0,0.0
42285,0.0,0.0,0.0
42286,0.0,0.0,0.0
42287,0.0,0.0,0.0
42288,0.0,0.0,0.0
42289,0.0,0.0,0.0
42290,0.0,0.0,0.0
42291,0.0,0.0,0.0
42292,0.0,0.0,0.0
42293,0.0,0.0,0.0
42294,0.0,0.0,0.0
42295,0.0,0.0,0.0
42296,0.0,0.0,0.0
42297,0.0,0.0,0.0
42298,0.0,0.0,0.0
42299,0.0,0.0,0.0
42300,0.0,0.0,0.0
42301,0.0,0.0,0.0
42302,0.0,0.0,0.0
42303,0.0,0.0,0.0
42304,0.0,0.0,0.0
42305,0.0,0.0,0.0
42306,0.0,0.0,0.0
42307,0.0,0.0,0.0
42308,0.0,0.0,0.0
42309,0.0,0.0,0.0
42310,0.0,0.0,0.0
42311,0.0,0.0,0.0
42312,0.0,0.0,0.0
42313,0.0,0.0,0.0
42314,0.0,0.0,0.0
42315,0.0,0.0,0.0
42316,0.0,0.0,0.0
42317,0.0,0.0,0.0
42318,0.0,0.0,0.0
42319,0.0,0.0,0.0
42320,0.0,0.0,0.0
42321,0.0,0.0,0.0
42322,0.0,0.0,0.0
42323,0.0,0.0,0.0
42324,0.0,0.0,0.0
42325,0.0,0.0,0.0
42326,0.0,0.0,0.0
42327,0.0,0.0,0.0
42328,0.0,0.0,0.0
42329,0.0,0.0,0.0
42330,0.0,0.0,0.0
42331,0.0,0.0,0.0
42332,0.0,0.0,0.0
42333,0.0,0.0,0.0
42334,0.0,0.0,0.0
42335,0.0,0.0,0.0
42336,0.0,0.0,0.0
42337,0.0,0.0,0.0
42338,0.0,0.0,0.0
42339,0.0,0.0,0.0
42340,0.0,0.0,0.0
42341,0.0,0.0,0.0
42342,0.0,0.0,0.0
42343,0.0,0.0,0.0
42344,0.0,0.0,0.0
42345,0.0,0.0,0.0
42346,0.0,0.0,0.0
42347,0.0,0.0,0.0
42348,0.0,0.0,0.0
42349,0.0,0.0,0.0
42350,0.0,0.0,0.0
42351,0.0,0.0,0.0
42352,0.0,0.0,0.0
42353,0.0,0.0,0.0
42354,0.0,0.0,0.0
42355,0.0,0.0,0.0
42356,0.0,0.0,0.0
42357,0.0,0.0,0.0
42358,0.0,0.0,0.0
42359,0.0,0.0,0.0
42360,0.0,0.0,0.0
42361,0.0,0.0,0.0
42362,0.0,0.0,0.0
42363,0.0,0.0,0.0
42364,0.0,0.0,0.0
42365,0.0,0.0,0.0
42366,0.0,0.0,0.0
42367,0.0,0.0,0.0
42368,0.0,0.0,0.0
42369,0.0,0.0,0.0
42370,0.0,0.0,0.0
42371,0.0,0.0,0.0
42372,0.0,0.0,0.0
42373,0.0,0.0,0.0
42374,0.0,0.0,0.0
42375,0.0,0.0,0.0
42376,0.0,0.0,0.0
42377,0.0,0.0,0.0
42378,0.0,0.0,0.0
42379,0.0,0.0,0.0
42380,0.0,0.0,0.0
42381,0.0,0.0,0.0
42382,0.0,0.0,0.0
42383,0.0,0.0,0.0
42384,0.0,0.0,0.0
42385,0.0,0.0,0.0
42386,0.0,0.0,0.0
42387,0.0,0.0,0.0
42388,0.0,0.0,0.0
42389,0.0,0.0,0.0
42390,0.0,0.0,0.0
42391,0.0,0.0,0.0
42392,0.0,0.0,0.0
42393,0.0,0.0,0.0
42394,0.0,0.0,0.0
42395,0.0,0.0,0.0
42396,0.0,0.0,0.0
42397,0.0,0.0,0.0
42398,0.0,0.0,0.0
42399,0.0,0.0,0.0
42400,0.0,0.0,0.0
42401,0.0,0.0,0.0
42402,0.0,0.0,0.0
42403,0.0,0.0,0.0
42404,0.0,0.0,0.0
42405,0.0,0.0,0.0
42406,0.0,0.0,0.0
42407,0.0,0.0,0.0
42408,0.0,0.0,0.0
42409,0.0,0.0,0.0
42410,0.0,0.0,0.0
42411,0.0,0.0,0.0
42412,0.0,0.0,0.0
42413,0.0,0.0,0.0
42414,0.0,0.0,0.0
42415,0.0,0.0,0.0
42416,0.0,0.0,0.0
42417,0.0,0.0,0.0
42418,0.0,0.0,0.0
42419,0.0,0.0,0.0
42420,0.0,0.0,0.0
42421,0.0,0.0,0.0
42422,0.0,0.0,0.0
42423,0.0,0.0,0.0
42424,0.0,0.0,0.0
42425,0.0,0.0,0.0
42426,0.0,0.0,0.0
42427,0.0,0.0,0.0
42428,0.0,0.0,0.0
42429,0.0,0.0,0.0
42430,0.0,0.0,0.0
42431,0.0,0.0,0.0
42432,0.0,0.0,0.0
42433,0.0,0.0,0.0
42434,0.0,0.0,0.0
42435,0.0,0.0,0.0
42436,0.0,0.0,0.0
42437,0.0,0.0,0.0
42438,0.0,0.0,0.0
42439,0.0,0.0,0.0
42440,0.0,0.0,0.0
42441,0.0,0.0,0.0
42442,0.0,0.0,0.0
42443,0.0,0.0,0.0
42444,0.0,0.0,0.0
42445,0.0,0.0,0.0
42446,0.0,0.0,0.0
42447,0.0,0.0,0.0
42448,0.0,0.0,0.0
42449,0.0,0.0,0.0
42450,0.0,0.0,0.0
42451,0.0,0.0,0.0
42452,0.0,0.0,0.0
42453,0.0,0.0,0.0
42454,0.0,0.0,0.0
42455,0.0,0.0,0.0
42456,0.0,0.0,0.0
42457,0.0,0.0,0.0
42458,0.0,0.0,0.0
42459,0.0,0.0,0.0
42460,0.0,0.0,0.0
42461,0.0,0.0,0.0
42462,0.0,0.0,0.0
42463,0.0,0.0,0.0
42464,0.0,0.0,0.0
42465,0.0,0.0,0.0
42466,0.0,0.0,0.0
42467,0.0,0.0,0.0
42468,0.0,0.0,0.0
42469,0.0,0.0,0.0
42470,0.0,0.0,0.0
42471,0.0,0.0,0.0
42472,0.0,0.0,0.0
42473,0.0,0.0,0.0
42474,0.0,0.0,0.0
42475,0.0,0.0,0.0
42476,0.0,0.0,0.0
42477,0.0,0.0,0.0
42478,0.0,0.0,0.0
42479,0.0,0.0,0.0
42480,0.0,0.0,0.0
42481,0.0,0.0,0.0
42482,0.0,0.0,0.0
42483,0.0,0.0,0.0
42484,0.0,0.0,0.0
42485,0.0,0.0,0.0
42486,0.0,0.0,0.0
42487,0.0,0.0,0.0
42488,0.0,0.0,0.0
42489,0.0,0.0,0.0
42490,0.0,0.0,0.0
42491,0.0,0.0,0.0
42492,0.0,0.0,0.0
42493,0.0,0.0,0.0
42494,0.0,0.0,0.0
42495,0.0,0.0,0.0
42496,0.0,0.0,0.0
42497,0.0,0.0,0.0
42498,0.0,0.0,0.0
42499,0.0,0.0,0.0
42500,0.0,0.0,0.0
42501,0.0,0.0,0.0
42502,0.0,0.0,0.0
42503,0.0,0.0,0.0
42504,0.0,0.0,0.0
42505,0.0,0.0,0.0
42506,0.0,0.0,0.0
42507,0.0,0.0,0.0
42508,0.0,0.0,0.0
42509,0.0,0.0,0.0
42510,0.0,0.0,0.0
42511,0.0,0.0,0.0
42512,0.0,0.0,0.0
42513,0.0,0.0,0.0
42514,0.0,0.0,0.0
42515,0.0,0.0,0.0
42516,0.0,0.0,0.0
42517,0.0,0.0,0.0
42518,0.0,0.0,0.0
42519,0.0,0.0,0.0
42520,0.0,0.0,0.0
42521,0.0,0.0,0.0
42522,0.0,0.0,0.0
42523,0.0,0.0,0.0
42524,0.0,0.0,0.0
42525,0.0,0.0,0.0
42526,0.0,0.0,0.0
42527,0.0,0.0,0.0
42528,0.0,0.0,0.0
42529,0.0,0.0,0.0
42530,0.0,0.0,0.0
42531,0.0,0.0,0.0
42532,0.0,0.0,0.0
42533,0.0,0.0,0.0
42534,0.0,0.0,0.0
42535,0.0,0.0,0.0
42536,0.0,0.0,0.0
42537,0.0,0.0,0.0
42538,0.0,0.0,0.0
42539,0.0,0.0,0.0
42540,0.0,0.0,0.0
42541,0.0,0.0,0.0
42542,0.0,0.0,0.0
42543,0.0,0.0,0.0
42544,0.0,0.0,0.0
42545,0.0,0.0,0.0
42546,0.0,0.0,0.0
42547,0.0,0.0,0.0
42548,0.0,0.0,0.0
42549,0.0,0.0,0.0
42550,0.0,0.0,0.0
42551,0.0,0.0,0.0
42552,0.0,0.0,0.0
42553,0.0,0.0,0.0
42554,0.0,0.0,0.0
42555,0.0,0.0,0.0
42556,0.0,0.0,0.0
42557,0.0,0.0,0.0
42558,0.0,0.0,0.0
42559,0.0,0.0,0.0
42560,0.0,0.0,0.0
42561,0.0,0.0,0.0
42562,0.0,0.0,0.0
42563,0.0,0.0,0.0
42564,0.0,0.0,0.0
42565,0.0,0.0,0.0
42566,0.0,0.0,0.0
42567,0.0,0.0,0.0
42568,0.0,0.0,0.0
42569,0.0,0.0,0.0
42570,0.0,0.0,0.0
42571,0.0,0.0,0.0
42572,0.0,0.0,0.0
42573,0.0,0.0,0.0
42574,0.0,0.0,0.0
42575,0.0,0.0,0.0
42576,0.0,0.0,0.0
42577,0.0,0.0,0.0
42578,0.0,0.0,0.0
42579,0.0,0.0,0.0
42580,0.0,0.0,0.0
42581,0.0,0.0,0.0
42582,0.0,0.0,0.0
42583,0.0,0.0,0.0
42584,0.0,0.0,0.0
42585,0.0,0.0,0.0
42586,0.0,0.0,0.0
42587,0.0,0.0,0.0
42588,0.0,0.0,0.0
42589,0.0,0.0,0.0
42590,0.0,0.0,0.0
42591,0.0,0.0,0.0
42592,0.0,0.0,0.0
42593,0.0,0.0,0.0
42594,0.0,0.0,0.0
42595,0.0,0.0,0.0
42596,0.0,0.0,0.0
42597,0.0,0.0,0.0
42598,0.0,0.0,0.0
42599,0.0,0.0,0.0
42600,0.0,0.0,0.0
42601,0.0,0.0,0.0
42602,0.0,0.0,0.0
42603,0.0,0.0,0.0
42604,0.0,0.0,0.0
42605,0.0,0.0,0.0
42606,0.0,0.0,0.0
42607,0.0,0.0,0.0
42608,0.0,0.0,0.0
42609,0.0,0.0,0.0
42610,0.0,0.0,0.0
42611,0.0,0.0,0.0
42612,0.0,0.0,0.0
42613,0.0,0.0,0.0
42614,0.0,0.0,0.0
42615,0.0,0.0,0.0
42616,0.0,0.0,0.0
42617,0.0,0.0,0.0
42618,0.0,0.0,0.0
42619,0.0,0.0,0.0
42620,0.0,0.0,0.0
42621,0.0,0.0,0.0
42622,0.0,0.0,0.0
42623,0.0,0.0,0.0
42624,0.0,0.0,0.0
42625,0.0,0.0,0.0
42626,0.0,0.0,0.0
42627,0.0,0.0,0.0
42628,0.0,0.0,0.0
42629,0.0,0.0,0.0
42630,0.0,0.0,0.0
42631,0.0,0.0,0.0
42632,0.0,0.0,0.0
42633,0.0,0.0,0.0
42634,0.0,0.0,0.0
42635,0.0,0.0,0.0
42636,0.0,0.0,0.0
42637,0.0,0.0,0.0
42638,0.0,0.0,0.0
42639,0.0,0.0,0.0
42640,0.0,0.0,0.0
42641,0.0,0.0,0.0
42642,0.0,0.0,0.0
42643,0.0,0.0,0.0
42644,0.0,0.0,0.0
42645,0.0,0.0,0.0
42646,0.0,0.0,0.0
42647,0.0,0.0,0.0
42648,0.0,0.0,0.0
42649,0.0,0.0,0.0
42650,0.0,0.0,0.0
42651,0.0,0.0,0.0
42652,0.0,0.0,0.0
42653,0.0,0.0,0.0
42654,0.0,0.0,0.0
42655,0.0,0.0,0.0
42656,0.0,0.0,0.0
42657,0.0,0.0,0.0
42658,0.0,0.0,0.0
42659,0.0,0.0,0.0
42660,0.0,0.0,0.0
42661,0.0,0.0,0.0
42662,0.0,0.0,0.0
42663,0.0,0.0,0.0
42664,0.0,0.0,0.0
42665,0.0,0.0,0.0
42666,0.0,0.0,0.0
42667,0.0,0.0,0.0
42668,0.0,0.0,0.0
42669,0.0,0.0,0.0
42670,0.0,0.0,0.0
42671,0.0,0.0,0.0
42672,0.0,0.0,0.0
42673,0.0,0.0,0.0
42674,0.0,0.0,0.0
42675,0.0,0.0,0.0
42676,0.0,0.0,0.0
42677,0.0,0.0,0.0
42678,0.0,0.0,0.0
42679,0.0,0.0,0.0
42680,0.0,0.0,0.0
42681,0.0,0.0,0.0
42682,0.0,0.0,0.0
42683,0.0,0.0,0.0
42684,0.0,0.0,0.0
42685,0.0,0.0,0.0
42686,0.0,0.0,0.0
42687,0.0,0.0,0.0
42688,0.0,0.0,0.0
42689,0.0,0.0,0.0
42690,0.0,0.0,0.0
42691,0.0,0.0,0.0
42692,0.0,0.0,0.0
42693,0.0,0.0,0.0
42694,0.0,0.0,0.0
42695,0.0,0.0,0.0
42696,0.0,0.0,0.0
42697,0.0,0.0,0.0
42698,0.0,0.0,0.0
42699,0.0,0.0,0.0
42700,0.0,0.0,0.0
42701,0.0,0.0,0.0
42702,0.0,0.0,0.0
42703,0.0,0.0,0.0
42704,0.0,0.0,0.0
42705,0.0,0.0,0.0
42706,0.0,0.0,0.0
42707,0.0,0.0,0.0
42708,0.0,0.0,0.0
42709,0.0,0.0,0.0
42710,0.0,0.0,0.0
42711,0.0,0.0,0.0
42712,0.0,0.0,0.0
42713,0.0,0.0,0.0
42714,0.0,0.0,0.0
42715,0.0,0.0,0.0
42716,0.0,0.0,0.0
42717,0.0,0.0,0.0
42718,0.0,0.0,0.0
42719,0.0,0.0,0.0
42720,0.0,0.0,0.0
42721,0.0,0.0,0.0
42722,0.0,0.0,0.0
42723,0.0,0.0,0.0
42724,0.0,0.0,0.0
42725,0.0,0.0,0.0
42726,0.0,0.0,0.0
42727,0.0,0.0,0.0
42728,0.0,0.0,0.0
42729,0.0,0.0,0.0
42730,0.0,0.0,0.0
42731,0.0,0.0,0.0
42732,0.0,0.0,0.0
42733,0.0,0.0,0.0
42734,0.0,0.0,0.0
42735,0.0,0.0,0.0
42736,0.0,0.0,0.0
42737,0.0,0.0,0.0
42738,0.0,0.0,0.0
42739,0.0,0.0,0.0
42740,0.0,0.0,0.0
42741,0.0,0.0,0.0
42742,0.0,0.0,0.0
42743,0.0,0.0,0.0
42744,0.0,0.0,0.0
42745,0.0,0.0,0.0
42746,0.0,0.0,0.0
42747,0.0,0.0,0.0
42748,0.0,0.0,0.0
42749,0.0,0.0,0.0
42750,0.0,0.0,0.0
42751,0.0,0.0,0.0
42752,0.0,0.0,0.0
42753,0.0,0.0,0.0
42754,0.0,0.0,0.0
42755,0.0,0.0,0.0
42756,0.0,0.0,0.0
42757,0.0,0.0,0.0
42758,0.0,0.0,0.0
42759,0.0,0.0,0.0
42760,0.0,0.0,0.0
42761,0.0,0.0,0.0
42762,0.0,0.0,0.0
42763,0.0,0.0,0.0
42764,0.0,0.0,0.0
42765,0.0,0.0,0.0
42766,0.0,0.0,0.0
42767,0.0,0.0,0.0
42768,0.0,0.0,0.0
42769,0.0,0.0,0.0
42770,0.0,0.0,0.0
42771,0.0,0.0,0.0
42772,0.0,0.0,0.0
42773,0.0,0.0,0.0
42774,0.0,0.0,0.0
42775,0.0,0.0,0.0
42776,0.0,0.0,0.0
42777,0.0,0.0,0.0
42778,0.0,0.0,0.0
42779,0.0,0.0,0.0
42780,0.0,0.0,0.0
42781,0.0,0.0,0.0
42782,0.0,0.0,0.0
42783,0.0,0.0,0.0
42784,0.0,0.0,0.0
42785,0.0,0.0,0.0
42786,0.0,0.0,0.0
42787,0.0,0.0,0.0
42788,0.0,0.0,0.0
42789,0.0,0.0,0.0
42790,0.0,0.0,0.0
42791,0.0,0.0,0.0
42792,0.0,0.0,0.0
42793,0.0,0.0,0.0
42794,0.0,0.0,0.0
42795,0.0,0.0,0.0
42796,0.0,0.0,0.0
42797,0.0,0.0,0.0
42798,0.0,0.0,0.0
42799,0.0,0.0,0.0
42800,0.0,0.0,0.0
42801,0.0,0.0,0.0
42802,0.0,0.0,0.0
42803,0.0,0.0,0.0
42804,0.0,0.0,0.0
42805,0.0,0.0,0.0
42806,0.0,0.0,0.0
42807,0.0,0.0,0.0
42808,0.0,0.0,0.0
42809,0.0,0.0,0.0
42810,0.0,0.0,0.0
42811,0.0,0.0,0.0
42812,0.0,0.0,0.0
42813,0.0,0.0,0.0
42814,0.0,0.0,0.0
42815,0.0,0.0,0.0
42816,0.0,0.0,0.0
42817,0.0,0.0,0.0
42818,0.0,0.0,0.0
42819,0.0,0.0,0.0
42820,0.0,0.0,0.0
42821,0.0,0.0,0.0
42822,0.0,0.0,0.0
42823,0.0,0.0,0.0
42824,0.0,0.0,0.0
42825,0.0,0.0,0.0
42826,0.0,0.0,0.0
42827,0.0,0.0,0.0
42828,0.0,0.0,0.0
42829,0.0,0.0,0.0
42830,0.0,0.0,0.0
42831,0.0,0.0,0.0
42832,0.0,0.0,0.0
42833,0.0,0.0,0.0
42834,0.0,0.0,0.0
42835,0.0,0.0,0.0
42836,0.0,0.0,0.0
42837,0.0,0.0,0.0
42838,0.0,0.0,0.0
42839,0.0,0.0,0.0
42840,0.0,0.0,0.0
42841,0.0,0.0,0.0
42842,0.0,0.0,0.0
42843,0.0,0.0,0.0
42844,0.0,0.0,0.0
42845,0.0,0.0,0.0
42846,0.0,0.0,0.0
42847,0.0,0.0,0.0
42848,0.0,0.0,0.0
42849,0.0,0.0,0.0
42850,0.0,0.0,0.0
42851,0.0,0.0,0.0
42852,0.0,0.0,0.0
42853,0.0,0.0,0.0
42854,0.0,0.0,0.0
42855,0.0,0.0,0.0
42856,0.0,0.0,0.0
42857,0.0,0.0,0.0
42858,0.0,0.0,0.0
42859,0.0,0.0,0.0
42860,0.0,0.0,0.0
42861,0.0,0.0,0.0
42862,0.0,0.0,0.0
42863,0.0,0.0,0.0
42864,0.0,0.0,0.0
42865,0.0,0.0,0.0
42866,0.0,0.0,0.0
42867,0.0,0.0,0.0
42868,0.0,0.0,0.0
42869,0.0,0.0,0.0
42870,0.0,0.0,0.0
42871,0.0,0.0,0.0
42872,0.0,0.0,0.0
42873,0.0,0.0,0.0
42874,0.0,0.0,0.0
42875,0.0,0.0,0.0
42876,0.0,0.0,0.0
42877,0.0,0.0,0.0
42878,0.0,0.0,0.0
42879,0.0,0.0,0.0
42880,0.0,0.0,0.0
42881,0.0,0.0,0.0
42882,0.0,0.0,0.0
42883,0.0,0.0,0.0
42884,0.0,0.0,0.0
42885,0.0,0.0,0.0
42886,0.0,0.0,0.0
42887,0.0,0.0,0.0
42888,0.0,0.0,0.0
42889,0.0,0.0,0.0
42890,0.0,0.0,0.0
42891,0.0,0.0,0.0
42892,0.0,0.0,0.0
42893,0.0,0.0,0.0
42894,0.0,0.0,0.0
42895,0.0,0.0,0.0
42896,0.0,0.0,0.0
42897,0.0,0.0,0.0
42898,0.0,0.0,0.0
42899,0.0,0.0,0.0
42900,0.0,0.0,0.0
42901,0.0,0.0,0.0
42902,0.0,0.0,0.0
42903,0.0,0.0,0.0
42904,0.0,0.0,0.0
42905,0.0,0.0,0.0
42906,0.0,0.0,0.0
42907,0.0,0.0,0.0
42908,0.0,0.0,0.0
42909,0.0,0.0,0.0
42910,0.0,0.0,0.0
42911,0.0,0.0,0.0
42912,0.0,0.0,0.0
42913,0.0,0.0,0.0
42914,0.0,0.0,0.0
42915,0.0,0.0,0.0
42916,0.0,0.0,0.0
42917,0.0,0.0,0.0
42918,0.0,0.0,0.0
42919,0.0,0.0,0.0
42920,0.0,0.0,0.0
42921,0.0,0.0,0.0
42922,0.0,0.0,0.0
42923,0.0,0.0,0.0
42924,0.0,0.0,0.0
42925,0.0,0.0,0.0
42926,0.0,0.0,0.0
42927,0.0,0.0,0.0
42928,0.0,0.0,0.0
42929,0.0,0.0,0.0
42930,0.0,0.0,0.0
42931,0.0,0.0,0.0
42932,0.0,0.0,0.0
42933,0.0,0.0,0.0
42934,0.0,0.0,0.0
42935,0.0,0.0,0.0
42936,0.0,0.0,0.0
42937,0.0,0.0,0.0
42938,0.0,0.0,0.0
42939,0.0,0.0,0.0
42940,0.0,0.0,0.0
42941,0.0,0.0,0.0
42942,0.0,0.0,0.0
42943,0.0,0.0,0.0
42944,0.0,0.0,0.0
42945,0.0,0.0,0.0
42946,0.0,0.0,0.0
42947,0.0,0.0,0.0
42948,0.0,0.0,0.0
42949,0.0,0.0,0.0
42950,0.0,0.0,0.0
42951,0.0,0.0,0.0
42952,0.0,0.0,0.0
42953,0.0,0.0,0.0
42954,0.0,0.0,0.0
42955,0.0,0.0,0.0
42956,0.0,0.0,0.0
42957,0.0,0.0,0.0
42958,0.0,0.0,0.0
42959,0.0,0.0,0.0
42960,0.0,0.0,0.0
42961,0.0,0.0,0.0
42962,0.0,0.0,0.0
42963,0.0,0.0,0.0
42964,0.0,0.0,0.0
42965,0.0,0.0,0.0
42966,0.0,0.0,0.0
42967,0.0,0.0,0.0
42968,0.0,0.0,0.0
42969,0.0,0.0,0.0
42970,0.0,0.0,0.0
42971,0.0,0.0,0.0
42972,0.0,0.0,0.0
42973,0.0,0.0,0.0
42974,0.0,0.0,0.0
42975,0.0,0.0,0.0
42976,0.0,0.0,0.0
42977,0.0,0.0,0.0
42978,0.0,0.0,0.0
42979,0.0,0.0,0.0
42980,0.0,0.0,0.0
42981,0.0,0.0,0.0
42982,0.0,0.0,0.0
42983,0.0,0.0,0.0
42984,0.0,0.0,0.0
42985,0.0,0.0,0.0
42986,0.0,0.0,0.0
42987,0.0,0.0,0.0
42988,0.0,0.0,0.0
42989,0.0,0.0,0.0
42990,0.0,0.0,0.0
42991,0.0,0.0,0.0
42992,0.0,0.0,0.0
42993,0.0,0.0,0.0
42994,0.0,0.0,0.0
42995,0.0,0.0,0.0
42996,0.0,0.0,0.0
42997,0.0,0.0,0.0
42998,0.0,0.0,0.0
42999,0.0,0.0,0.0
43000,0.0,0.0,0.0
43001,0.0,0.0,0.0
43002,0.0,0.0,0.0
43003,0.0,0.0,0.0
43004,0.0,0.0,0.0
43005,0.0,0.0,0.0
43006,0.0,0.0,0.0
43007,0.0,0.0,0.0
43008,0.0,0.0,0.0
43009,0.0,0.0,0.0
43010,0.0,0.0,0.0
43011,0.0,0.0,0.0
43012,0.0,0.0,0.0
43013,0.0,0.0,0.0
43014,0.0,0.0,0.0
43015,0.0,0.0,0.0
43016,0.0,0.0,0.0
43017,0.0,0.0,0.0
43018,0.0,0.0,0.0
43019,0.0,0.0,0.0
43020,0.0,0.0,0.0
43021,0.0,0.0,0.0
43022,0.0,0.0,0.0
43023,0.0,0.0,0.0
43024,0.0,0.0,0.0
43025,0.0,0.0,0.0
43026,0.0,0.0,0.0
43027,0.0,0.0,0.0
43028,0.0,0.0,0.0
43029,0.0,0.0,0.0
43030,0.0,0.0,0.0
43031,0.0,0.0,0.0
43032,0.0,0.0,0.0
43033,0.0,0.0,0.0
43034,0.0,0.0,0.0
43035,0.0,0.0,0.0
43036,0.0,0.0,0.0
43037,0.0,0.0,0.0
43038,0.0,0.0,0.0
43039,0.0,0.0,0.0
43040,0.0,0.0,0.0
43041,0.0,0.0,0.0
43042,0.0,0.0,0.0
43043,0.0,0.0,0.0
43044,0.0,0.0,0.0
43045,0.0,0.0,0.0
43046,0.0,0.0,0.0
43047,0.0,0.0,0.0
43048,0.0,0.0,0.0
43049,0.0,0.0,0.0
43050,0.0,0.0,0.0
43051,0.0,0.0,0.0
43052,0.0,0.0,0.0
43053,0.0,0.0,0.0
43054,0.0,0.0,0.0
43055,0.0,0.0,0.0
43056,0.0,0.0,0.0
43057,0.0,0.0,0.0
43058,0.0,0.0,0.0
43059,0.0,0.0,0.0
43060,0.0,0.0,0.0
43061,0.0,0.0,0.0
43062,0.0,0.0,0.0
43063,0.0,0.0,0.0
43064,0.0,0.0,0.0
43065,0.0,0.0,0.0
43066,0.0,0.0,0.0
43067,0.0,0.0,0.0
43068,0.0,0.0,0.0
43069,0.0,0.0,0.0
43070,0.0,0.0,0.0
43071,0.0,0.0,0.0
43072,0.0,0.0,0.0
43073,0.0,0.0,0.0
43074,0.0,0.0,0.0
43075,0.0,0.0,0.0
43076,0.0,0.0,0.0
43077,0.0,0.0,0.0
43078,0.0,0.0,0.0
43079,0.0,0.0,0.0
43080,0.0,0.0,0.0
43081,0.0,0.0,0.0
43082,0.0,0.0,0.0
43083,0.0,0.0,0.0
43084,0.0,0.0,0.0
43085,0.0,0.0,0.0
43086,0.0,0.0,0.0
43087,0.0,0.0,0.0
43088,0.0,0.0,0.0
43089,0.0,0.0,0.0
43090,0.0,0.0,0.0
43091,0.0,0.0,0.0
43092,0.0,0.0,0.0
43093,0.0,0.0,0.0
43094,0.0,0.0,0.0
43095,0.0,0.0,0.0
43096,0.0,0.0,0.0
43097,0.0,0.0,0.0
43098,0.0,0.0,0.0
43099,0.0,0.0,0.0
43100,0.0,0.0,0.0
43101,0.0,0.0,0.0
43102,0.0,0.0,0.0
43103,0.0,0.0,0.0
43104,0.0,0.0,0.0
43105,0.0,0.0,0.0
43106,0.0,0.0,0.0
43107,0.0,0.0,0.0
43108,0.0,0.0,0.0
43109,0.0,0.0,0.0
43110,0.0,0.0,0.0
43111,0.0,0.0,0.0
43112,0.0,0.0,0.0
43113,0.0,0.0,0.0
43114,0.0,0.0,0.0
43115,0.0,0.0,0.0
43116,0.0,0.0,0.0
43117,0.0,0.0,0.0
43118,0.0,0.0,0.0
43119,0.0,0.0,0.0
43120,0.0,0.0,0.0
43121,0.0,0.0,0.0
43122,0.0,0.0,0.0
43123,0.0,0.0,0.0
43124,0.0,0.0,0.0
43125,0.0,0.0,0.0
43126,0.0,0.0,0.0
43127,0.0,0.0,0.0
43128,0.0,0.0,0.0
43129,0.0,0.0,0.0
43130,0.0,0.0,0.0
43131,0.0,0.0,0.0
43132,0.0,0.0,0.0
43133,0.0,0.0,0.0
43134,0.0,0.0,0.0
43135,0.0,0.0,0.0
43136,0.0,0.0,0.0
43137,0.0,0.0,0.0
43138,0.0,0.0,0.0
43139,0.0,0.0,0.0
43140,0.0,0.0,0.0
43141,0.0,0.0,0.0
43142,0.0,0.0,0.0
43143,0.0,0.0,0.0
43144,0.0,0.0,0.0
43145,0.0,0.0,0.0
43146,0.0,0.0,0.0
43147,0.0,0.0,0.0
43148,0.0,0.0,0.0
43149,0.0,0.0,0.0
43150,0.0,0.0,0.0
43151,0.0,0.0,0.0
43152,0.0,0.0,0.0
43153,0.0,0.0,0.0
43154,0.0,0.0,0.0
43155,0.0,0.0,0.0
43156,0.0,0.0,0.0
43157,0.0,0.0,0.0
43158,0.0,0.0,0.0
43159,0.0,0.0,0.0
43160,0.0,0.0,0.0
43161,0.0,0.0,0.0
43162,0.0,0.0,0.0
43163,0.0,0.0,0.0
43164,0.0,0.0,0.0
43165,0.0,0.0,0.0
43166,0.0,0.0,0.0
43167,0.0,0.0,0.0
43168,0.0,0.0,0.0
43169,0.0,0.0,0.0
43170,0.0,0.0,0.0
43171,0.0,0.0,0.0
43172,0.0,0.0,0.0
43173,0.0,0.0,0.0
43174,0.0,0.0,0.0
43175,0.0,0.0,0.0
43176,0.0,0.0,0.0
43177,0.0,0.0,0.0
43178,0.0,0.0,0.0
43179,0.0,0.0,0.0
43180,0.0,0.0,0.0
43181,0.0,0.0,0.0
43182,0.0,0.0,0.0
43183,0.0,0.0,0.0
43184,0.0,0.0,0.0
43185,0.0,0.0,0.0
43186,0.0,0.0,0.0
43187,0.0,0.0,0.0
43188,0.0,0.0,0.0
43189,0.0,0.0,0.0
43190,0.0,0.0,0.0
43191,0.0,0.0,0.0
43192,0.0,0.0,0.0
43193,0.0,0.0,0.0
43194,0.0,0.0,0.0
43195,0.0,0.0,0.0
43196,0.0,0.0,0.0
43197,0.0,0.0,0.0
43198,0.0,0.0,0.0
43199,0.0,0.0,0.0
43200,0.0,0.0,0.0
43201,0.0,0.0,0.0
43202,0.0,0.0,0.0
43203,0.0,0.0,0.0
43204,0.0,0.0,0.0
43205,0.0,0.0,0.0
43206,0.0,0.0,0.0
43207,0.0,0.0,0.0
43208,0.0,0.0,0.0
43209,0.0,0.0,0.0
43210,0.0,0.0,0.0
43211,0.0,0.0,0.0
43212,0.0,0.0,0.0
43213,0.0,0.0,0.0
43214,0.0,0.0,0.0
43215,0.0,0.0,0.0
43216,0.0,0.0,0.0
43217,0.0,0.0,0.0
43218,0.0,0.0,0.0
43219,0.0,0.0,0.0
43220,0.0,0.0,0.0
43221,0.0,0.0,0.0
43222,0.0,0.0,0.0
43223,0.0,0.0,0.0
43224,0.0,0.0,0.0
43225,0.0,0.0,0.0
43226,0.0,0.0,0.0
43227,0.0,0.0,0.0
43228,0.0,0.0,0.0
43229,0.0,0.0,0.0
43230,0.0,0.0,0.0
43231,0.0,0.0,0.0
43232,0.0,0.0,0.0
43233,0.0,0.0,0.0
43234,0.0,0.0,0.0
43235,0.0,0.0,0.0
43236,0.0,0.0,0.0
43237,0.0,0.0,0.0
43238,0.0,0.0,0.0
43239,0.0,0.0,0.0
43240,0.0,0.0,0.0
43241,0.0,0.0,0.0
43242,0.0,0.0,0.0
43243,0.0,0.0,0.0
43244,0.0,0.0,0.0
43245,0.0,0.0,0.0
43246,0.0,0.0,0.0
43247,0.0,0.0,0.0
43248,0.0,0.0,0.0
43249,0.0,0.0,0.0
43250,0.0,0.0,0.0
43251,0.0,0.0,0.0
43252,0.0,0.0,0.0
43253,0.0,0.0,0.0
43254,0.0,0.0,0.0
43255,0.0,0.0,0.0
43256,0.0,0.0,0.0
43257,0.0,0.0,0.0
43258,0.0,0.0,0.0
43259,0.0,0.0,0.0
43260,0.0,0.0,0.0
43261,0.0,0.0,0.0
43262,0.0,0.0,0.0
43263,0.0,0.0,0.0
43264,0.0,0.0,0.0
43265,0.0,0.0,0.0
43266,0.0,0.0,0.0
43267,0.0,0.0,0.0
43268,0.0,0.0,0.0
43269,0.0,0.0,0.0
43270,0.0,0.0,0.0
43271,0.0,0.0,0.0
43272,0.0,0.0,0.0
43273,0.0,0.0,0.0
43274,0.0,0.0,0.0
43275,0.0,0.0,0.0
43276,0.0,0.0,0.0
43277,0.0,0.0,0.0
43278,0.0,0.0,0.0
43279,0.0,0.0,0.0
43280,0.0,0.0,0.0
43281,0.0,0.0,0.0
43282,0.0,0.0,0.0
43283,0.0,0.0,0.0
43284,0.0,0.0,0.0
43285,0.0,0.0,0.0
43286,0.0,0.0,0.0
43287,0.0,0.0,0.0
43288,0.0,0.0,0.0
43289,0.0,0.0,0.0
43290,0.0,0.0,0.0
43291,0.0,0.0,0.0
43292,0.0,0.0,0.0
43293,0.0,0.0,0.0
43294,0.0,0.0,0.0
43295,0.0,0.0,0.0
43296,0.0,0.0,0.0
43297,0.0,0.0,0.0
43298,0.0,0.0,0.0
43299,0.0,0.0,0.0
43300,0.0,0.0,0.0
43301,0.0,0.0,0.0
43302,0.0,0.0,0.0
43303,0.0,0.0,0.0
43304,0.0,0.0,0.0
43305,0.0,0.0,0.0
43306,0.0,0.0,0.0
43307,0.0,0.0,0.0
43308,0.0,0.0,0.0
43309,0.0,0.0,0.0
43310,0.0,0.0,0.0
43311,0.0,0.0,0.0
43312,0.0,0.0,0.0
43313,0.0,0.0,0.0
43314,0.0,0.0,0.0
43315,0.0,0.0,0.0
43316,0.0,0.0,0.0
43317,0.0,0.0,0.0
43318,0.0,0.0,0.0
43319,0.0,0.0,0.0
43320,0.0,0.0,0.0
43321,0.0,0.0,0.0
43322,0.0,0.0,0.0
43323,0.0,0.0,0.0
43324,0.0,0.0,0.0
43325,0.0,0.0,0.0
43326,0.0,0.0,0.0
43327,0.0,0.0,0.0
43328,0.0,0.0,0.0
43329,0.0,0.0,0.0
43330,0.0,0.0,0.0
43331,0.0,0.0,0.0
43332,0.0,0.0,0.0
43333,0.0,0.0,0.0
43334,0.0,0.0,0.0
43335,0.0,0.0,0.0
43336,0.0,0.0,0.0
43337,0.0,0.0,0.0
43338,0.0,0.0,0.0
43339,0.0,0.0,0.0
43340,0.0,0.0,0.0
43341,0.0,0.0,0.0
43342,0.0,0.0,0.0
43343,0.0,0.0,0.0
43344,0.0,0.0,0.0
43345,0.0,0.0,0.0
43346,0.0,0.0,0.0
43347,0.0,0.0,0.0
43348,0.0,0.0,0.0
43349,0.0,0.0,0.0
43350,0.0,0.0,0.0
43351,0.0,0.0,0.0
43352,0.0,0.0,0.0
43353,0.0,0.0,0.0
43354,0.0,0.0,0.0
43355,0.0,0.0,0.0
43356,0.0,0.0,0.0
43357,0.0,0.0,0.0
43358,0.0,0.0,0.0
43359,0.0,0.0,0.0
43360,0.0,0.0,0.0
43361,0.0,0.0,0.0
43362,0.0,0.0,0.0
43363,0.0,0.0,0.0
43364,0.0,0.0,0.0
43365,0.0,0.0,0.0
43366,0.0,0.0,0.0
43367,0.0,0.0,0.0
43368,0.0,0.0,0.0
43369,0.0,0.0,0.0
43370,0.0,0.0,0.0
43371,0.0,0.0,0.0
43372,0.0,0.0,0.0
43373,0.0,0.0,0.0
43374,0.0,0.0,0.0
43375,0.0,0.0,0.0
43376,0.0,0.0,0.0
43377,0.0,0.0,0.0
43378,0.0,0.0,0.0
43379,0.0,0.0,0.0
43380,0.0,0.0,0.0
43381,0.0,0.0,0.0
43382,0.0,0.0,0.0
43383,0.0,0.0,0.0
43384,0.0,0.0,0.0
43385,0.0,0.0,0.0
43386,0.0,0.0,0.0
43387,0.0,0.0,0.0
43388,0.0,0.0,0.0
43389,0.0,0.0,0.0
43390,0.0,0.0,0.0
43391,0.0,0.0,0.0
43392,0.0,0.0,0.0
43393,0.0,0.0,0.0
43394,0.0,0.0,0.0
43395,0.0,0.0,0.0
43396,0.0,0.0,0.0
43397,0.0,0.0,0.0
43398,0.0,0.0,0.0
43399,0.0,0.0,0.0
43400,0.0,0.0,0.0
43401,0.0,0.0,0.0
43402,0.0,0.0,0.0
43403,0.0,0.0,0.0
43404,0.0,0.0,0.0
43405,0.0,0.0,0.0
43406,0.0,0.0,0.0
43407,0.0,0.0,0.0
43408,0.0,0.0,0.0
43409,0.0,0.0,0.0
43410,0.0,0.0,0.0
43411,0.0,0.0,0.0
43412,0.0,0.0,0.0
43413,0.0,0.0,0.0
43414,0.0,0.0,0.0
43415,0.0,0.0,0.0
43416,0.0,0.0,0.0
43417,0.0,0.0,0.0
43418,0.0,0.0,0.0
43419,0.0,0.0,0.0
43420,0.0,0.0,0.0
43421,0.0,0.0,0.0
43422,0.0,0.0,0.0
43423,0.0,0.0,0.0
43424,0.0,0.0,0.0
43425,0.0,0.0,0.0
43426,0.0,0.0,0.0
43427,0.0,0.0,0.0
43428,0.0,0.0,0.0
43429,0.0,0.0,0.0
43430,0.0,0.0,0.0
43431,0.0,0.0,0.0
43432,0.0,0.0,0.0
43433,0.0,0.0,0.0
43434,0.0,0.0,0.0
43435,0.0,0.0,0.0
43436,0.0,0.0,0.0
43437,0.0,0.0,0.0
43438,0.0,0.0,0.0
43439,0.0,0.0,0.0
43440,0.0,0.0,0.0
43441,0.0,0.0,0.0
43442,0.0,0.0,0.0
43443,0.0,0.0,0.0
43444,0.0,0.0,0.0
43445,0.0,0.0,0.0
43446,0.0,0.0,0.0
43447,0.0,0.0,0.0
43448,0.0,0.0,0.0
43449,0.0,0.0,0.0
43450,0.0,0.0,0.0
43451,0.0,0.0,0.0
43452,0.0,0.0,0.0
43453,0.0,0.0,0.0
43454,0.0,0.0,0.0
43455,0.0,0.0,0.0
43456,0.0,0.0,0.0
43457,0.0,0.0,0.0
43458,0.0,0.0,0.0
43459,0.0,0.0,0.0
43460,0.0,0.0,0.0
43461,0.0,0.0,0.0
43462,0.0,0.0,0.0
43463,0.0,0.0,0.0
43464,0.0,0.0,0.0
43465,0.0,0.0,0.0
43466,0.0,0.0,0.0
43467,0.0,0.0,0.0
43468,0.0,0.0,0.0
43469,0.0,0.0,0.0
43470,0.0,0.0,0.0
43471,0.0,0.0,0.0
43472,0.0,0.0,0.0
43473,0.0,0.0,0.0
43474,0.0,0.0,0.0
43475,0.0,0.0,0.0
43476,0.0,0.0,0.0
43477,0.0,0.0,0.0
43478,0.0,0.0,0.0
43479,0.0,0.0,0.0
43480,0.0,0.0,0.0
43481,0.0,0.0,0.0
43482,0.0,0.0,0.0
43483,0.0,0.0,0.0
43484,0.0,0.0,0.0
43485,0.0,0.0,0.0
43486,0.0,0.0,0.0
43487,0.0,0.0,0.0
43488,0.0,0.0,0.0
43489,0.0,0.0,0.0
43490,0.0,0.0,0.0
43491,0.0,0.0,0.0
43492,0.0,0.0,0.0
43493,0.0,0.0,0.0
43494,0.0,0.0,0.0
43495,0.0,0.0,0.0
43496,0.0,0.0,0.0
43497,0.0,0.0,0.0
43498,0.0,0.0,0.0
43499,0.0,0.0,0.0
43500,0.0,0.0,0.0
43501,0.0,0.0,0.0
43502,0.0,0.0,0.0
43503,0.0,0.0,0.0
43504,0.0,0.0,0.0
43505,0.0,0.0,0.0
43506,0.0,0.0,0.0
43507,0.0,0.0,0.0
43508,0.0,0.0,0.0
43509,0.0,0.0,0.0
43510,0.0,0.0,0.0
43511,0.0,0.0,0.0
43512,0.0,0.0,0.0
43513,0.0,0.0,0.0
43514,0.0,0.0,0.0
43515,0.0,0.0,0.0
43516,0.0,0.0,0.0
43517,0.0,0.0,0.0
43518,0.0,0.0,0.0
43519,0.0,0.0,0.0
43520,0.0,0.0,0.0
43521,0.0,0.0,0.0
43522,0.0,0.0,0.0
43523,0.0,0.0,0.0
43524,0.0,0.0,0.0
43525,0.0,0.0,0.0
43526,0.0,0.0,0.0
43527,0.0,0.0,0.0
43528,0.0,0.0,0.0
43529,0.0,0.0,0.0
43530,0.0,0.0,0.0
43531,0.0,0.0,0.0
43532,0.0,0.0,0.0
43533,0.0,0.0,0.0
43534,0.0,0.0,0.0
43535,0.0,0.0,0.0
43536,0.0,0.0,0.0
43537,0.0,0.0,0.0
43538,0.0,0.0,0.0
43539,0.0,0.0,0.0
43540,0.0,0.0,0.0
43541,0.0,0.0,0.0
43542,0.0,0.0,0.0
43543,0.0,0.0,0.0
43544,0.0,0.0,0.0
43545,0.0,0.0,0.0
43546,0.0,0.0,0.0
43547,0.0,0.0,0.0
43548,0.0,0.0,0.0
43549,0.0,0.0,0.0
43550,0.0,0.0,0.0
43551,0.0,0.0,0.0
43552,0.0,0.0,0.0
43553,0.0,0.0,0.0
43554,0.0,0.0,0.0
43555,0.0,0.0,0.0
43556,0.0,0.0,0.0
43557,0.0,0.0,0.0
43558,0.0,0.0,0.0
43559,0.0,0.0,0.0
43560,0.0,0.0,0.0
43561,0.0,0.0,0.0
43562,0.0,0.0,0.0
43563,0.0,0.0,0.0
43564,0.0,0.0,0.0
43565,0.0,0.0,0.0
43566,0.0,0.0,0.0
43567,0.0,0.0,0.0
43568,0.0,0.0,0.0
43569,0.0,0.0,0.0
43570,0.0,0.0,0.0
43571,0.0,0.0,0.0
43572,0.0,0.0,0.0
43573,0.0,0.0,0.0
43574,0.0,0.0,0.0
43575,0.0,0.0,0.0
43576,0.0,0.0,0.0
43577,0.0,0.0,0.0
43578,0.0,0.0,0.0
43579,0.0,0.0,0.0
43580,0.0,0.0,0.0
43581,0.0,0.0,0.0
43582,0.0,0.0,0.0
43583,0.0,0.0,0.0
43584,0.0,0.0,0.0
43585,0.0,0.0,0.0
43586,0.0,0.0,0.0
43587,0.0,0.0,0.0
43588,0.0,0.0,0.0
43589,0.0,0.0,0.0
43590,0.0,0.0,0.0
43591,0.0,0.0,0.0
43592,0.0,0.0,0.0
43593,0.0,0.0,0.0
43594,0.0,0.0,0.0
43595,0.0,0.0,0.0
43596,0.0,0.0,0.0
43597,0.0,0.0,0.0
43598,0.0,0.0,0.0
43599,0.0,0.0,0.0
43600,0.0,0.0,0.0
43601,0.0,0.0,0.0
43602,0.0,0.0,0.0
43603,0.0,0.0,0.0
43604,0.0,0.0,0.0
43605,0.0,0.0,0.0
43606,0.0,0.0,0.0
43607,0.0,0.0,0.0
43608,0.0,0.0,0.0
43609,0.0,0.0,0.0
43610,0.0,0.0,0.0
43611,0.0,0.0,0.0
43612,0.0,0.0,0.0
43613,0.0,0.0,0.0
43614,0.0,0.0,0.0
43615,0.0,0.0,0.0
43616,0.0,0.0,0.0
43617,0.0,0.0,0.0
43618,0.0,0.0,0.0
43619,0.0,0.0,0.0
43620,0.0,0.0,0.0
43621,0.0,0.0,0.0
43622,0.0,0.0,0.0
43623,0.0,0.0,0.0
43624,0.0,0.0,0.0
43625,0.0,0.0,0.0
43626,0.0,0.0,0.0
43627,0.0,0.0,0.0
43628,0.0,0.0,0.0
43629,0.0,0.0,0.0
43630,0.0,0.0,0.0
43631,0.0,0.0,0.0
43632,0.0,0.0,0.0
43633,0.0,0.0,0.0
43634,0.0,0.0,0.0
43635,0.0,0.0,0.0
43636,0.0,0.0,0.0
43637,0.0,0.0,0.0
43638,0.0,0.0,0.0
43639,0.0,0.0,0.0
43640,0.0,0.0,0.0
43641,0.0,0.0,0.0
43642,0.0,0.0,0.0
43643,0.0,0.0,0.0
43644,0.0,0.0,0.0
43645,0.0,0.0,0.0
43646,0.0,0.0,0.0
43647,0.0,0.0,0.0
43648,0.0,0.0,0.0
43649,0.0,0.0,0.0
43650,0.0,0.0,0.0
43651,0.0,0.0,0.0
43652,0.0,0.0,0.0
43653,0.0,0.0,0.0
43654,0.0,0.0,0.0
43655,0.0,0.0,0.0
43656,0.0,0.0,0.0
43657,0.0,0.0,0.0
43658,0.0,0.0,0.0
43659,0.0,0.0,0.0
43660,0.0,0.0,0.0
43661,0.0,0.0,0.0
43662,0.0,0.0,0.0
43663,0.0,0.0,0.0
43664,0.0,0.0,0.0
43665,0.0,0.0,0.0
43666,0.0,0.0,0.0
43667,0.0,0.0,0.0
43668,0.0,0.0,0.0
43669,0.0,0.0,0.0
43670,0.0,0.0,0.0
43671,0.0,0.0,0.0
43672,0.0,0.0,0.0
43673,0.0,0.0,0.0
43674,0.0,0.0,0.0
43675,0.0,0.0,0.0
43676,0.0,0.0,0.0
43677,0.0,0.0,0.0
43678,0.0,0.0,0.0
43679,0.0,0.0,0.0
43680,0.0,0.0,0.0
43681,0.0,0.0,0.0
43682,0.0,0.0,0.0
43683,0.0,0.0,0.0
43684,0.0,0.0,0.0
43685,0.0,0.0,0.0
43686,0.0,0.0,0.0
43687,0.0,0.0,0.0
43688,0.0,0.0,0.0
43689,0.0,0.0,0.0
43690,0.0,0.0,0.0
43691,0.0,0.0,0.0
43692,0.0,0.0,0.0
43693,0.0,0.0,0.0
43694,0.0,0.0,0.0
43695,0.0,0.0,0.0
43696,0.0,0.0,0.0
43697,0.0,0.0,0.0
43698,0.0,0.0,0.0
43699,0.0,0.0,0.0
43700,0.0,0.0,0.0
43701,0.0,0.0,0.0
43702,0.0,0.0,0.0
43703,0.0,0.0,0.0
43704,0.0,0.0,0.0
43705,0.0,0.0,0.0
43706,0.0,0.0,0.0
43707,0.0,0.0,0.0
43708,0.0,0.0,0.0
43709,0.0,0.0,0.0
43710,0.0,0.0,0.0
43711,0.0,0.0,0.0
43712,0.0,0.0,0.0
43713,0.0,0.0,0.0
43714,0.0,0.0,0.0
43715,0.0,0.0,0.0
43716,0.0,0.0,0.0
43717,0.0,0.0,0.0
43718,0.0,0.0,0.0
43719,0.0,0.0,0.0
43720,0.0,0.0,0.0
43721,0.0,0.0,0.0
43722,0.0,0.0,0.0
43723,0.0,0.0,0.0
43724,0.0,0.0,0.0
43725,0.0,0.0,0.0
43726,0.0,0.0,0.0
43727,0.0,0.0,0.0
43728,0.0,0.0,0.0
43729,0.0,0.0,0.0
43730,0.0,0.0,0.0
43731,0.0,0.0,0.0
43732,0.0,0.0,0.0
43733,0.0,0.0,0.0
43734,0.0,0.0,0.0
43735,0.0,0.0,0.0
43736,0.0,0.0,0.0
43737,0.0,0.0,0.0
43738,0.0,0.0,0.0
43739,0.0,0.0,0.0
43740,0.0,0.0,0.0
43741,0.0,0.0,0.0
43742,0.0,0.0,0.0
43743,0.0,0.0,0.0
43744,0.0,0.0,0.0
43745,0.0,0.0,0.0
43746,0.0,0.0,0.0
43747,0.0,0.0,0.0
43748,0.0,0.0,0.0
43749,0.0,0.0,0.0
43750,0.0,0.0,0.0
43751,0.0,0.0,0.0
43752,0.0,0.0,0.0
43753,0.0,0.0,0.0
43754,0.0,0.0,0.0
43755,0.0,0.0,0.0
43756,0.0,0.0,0.0
43757,0.0,0.0,0.0
43758,0.0,0.0,0.0
43759,0.0,0.0,0.0
43760,0.0,0.0,0.0
43761,0.0,0.0,0.0
43762,0.0,0.0,0.0
43763,0.0,0.0,0.0
43764,0.0,0.0,0.0
43765,0.0,0.0,0.0
43766,0.0,0.0,0.0
43767,0.0,0.0,0.0
43768,0.0,0.0,0.0
43769,0.0,0.0,0.0
43770,0.0,0.0,0.0
43771,0.0,0.0,0.0
43772,0.0,0.0,0.0
43773,0.0,0.0,0.0
43774,0.0,0.0,0.0
43775,0.0,0.0,0.0
43776,0.0,0.0,0.0
43777,0.0,0.0,0.0
43778,0.0,0.0,0.0
43779,0.0,0.0,0.0
43780,0.0,0.0,0.0
43781,0.0,0.0,0.0
43782,0.0,0.0,0.0
43783,0.0,0.0,0.0
43784,0.0,0.0,0.0
43785,0.0,0.0,0.0
43786,0.0,0.0,0.0
43787,0.0,0.0,0.0
43788,0.0,0.0,0.0
43789,0.0,0.0,0.0
43790,0.0,0.0,0.0
43791,0.0,0.0,0.0
43792,0.0,0.0,0.0
43793,0.0,0.0,0.0
43794,0.0,0.0,0.0
43795,0.0,0.0,0.0
43796,0.0,0.0,0.0
43797,0.0,0.0,0.0
43798,0.0,0.0,0.0
43799,0.0,0.0,0.0
43800,0.0,0.0,0.0
43801,0.0,0.0,0.0
43802,0.0,0.0,0.0
43803,0.0,0.0,0.0
43804,0.0,0.0,0.0
43805,0.0,0.0,0.0
43806,0.0,0.0,0.0
43807,0.0,0.0,0.0
43808,0.0,0.0,0.0
43809,0.0,0.0,0.0
43810,0.0,0.0,0.0
43811,0.0,0.0,0.0
43812,0.0,0.0,0.0
43813,0.0,0.0,0.0
43814,0.0,0.0,0.0
43815,0.0,0.0,0.0
43816,0.0,0.0,0.0
43817,0.0,0.0,0.0
43818,0.0,0.0,0.0
43819,0.0,0.0,0.0
43820,0.0,0.0,0.0
43821,0.0,0.0,0.0
43822,0.0,0.0,0.0
43823,0.0,0.0,0.0
43824,0.0,0.0,0.0
43825,0.0,0.0,0.0
43826,0.0,0.0,0.0
43827,0.0,0.0,0.0
43828,0.0,0.0,0.0
43829,0.0,0.0,0.0
43830,0.0,0.0,0.0
43831,0.0,0.0,0.0
43832,0.0,0.0,0.0
43833,0.0,0.0,0.0
43834,0.0,0.0,0.0
43835,0.0,0.0,0.0
43836,0.0,0.0,0.0
43837,0.0,0.0,0.0
43838,0.0,0.0,0.0
43839,0.0,0.0,0.0
43840,0.0,0.0,0.0
43841,0.0,0.0,0.0
43842,0.0,0.0,0.0
43843,0.0,0.0,0.0
43844,0.0,0.0,0.0
43845,0.0,0.0,0.0
43846,0.0,0.0,0.0
43847,0.0,0.0,0.0
43848,0.0,0.0,0.0
43849,0.0,0.0,0.0
43850,0.0,0.0,0.0
43851,0.0,0.0,0.0
43852,0.0,0.0,0.0
43853,0.0,0.0,0.0
43854,0.0,0.0,0.0
43855,0.0,0.0,0.0
43856,0.0,0.0,0.0
43857,0.0,0.0,0.0
43858,0.0,0.0,0.0
43859,0.0,0.0,0.0
43860,0.0,0.0,0.0
43861,0.0,0.0,0.0
43862,0.0,0.0,0.0
43863,0.0,0.0,0.0
43864,0.0,0.0,0.0
43865,0.0,0.0,0.0
43866,0.0,0.0,0.0
43867,0.0,0.0,0.0
43868,0.0,0.0,0.0
43869,0.0,0.0,0.0
43870,0.0,0.0,0.0
43871,0.0,0.0,0.0
43872,0.0,0.0,0.0
43873,0.0,0.0,0.0
43874,0.0,0.0,0.0
43875,0.0,0.0,0.0
43876,0.0,0.0,0.0
43877,0.0,0.0,0.0
43878,0.0,0.0,0.0
43879,0.0,0.0,0.0
43880,0.0,0.0,0.0
43881,0.0,0.0,0.0
43882,0.0,0.0,0.0
43883,0.0,0.0,0.0
43884,0.0,0.0,0.0
43885,0.0,0.0,0.0
43886,0.0,0.0,0.0
43887,0.0,0.0,0.0
43888,0.0,0.0,0.0
43889,0.0,0.0,0.0
43890,0.0,0.0,0.0
43891,0.0,0.0,0.0
43892,0.0,0.0,0.0
43893,0.0,0.0,0.0
43894,0.0,0.0,0.0
43895,0.0,0.0,0.0
43896,0.0,0.0,0.0
43897,0.0,0.0,0.0
43898,0.0,0.0,0.0
43899,0.0,0.0,0.0
43900,0.0,0.0,0.0
43901,0.0,0.0,0.0
43902,0.0,0.0,0.0
43903,0.0,0.0,0.0
43904,0.0,0.0,0.0
43905,0.0,0.0,0.0
43906,0.0,0.0,0.0
43907,0.0,0.0,0.0
43908,0.0,0.0,0.0
43909,0.0,0.0,0.0
43910,0.0,0.0,0.0
43911,0.0,0.0,0.0
43912,0.0,0.0,0.0
43913,0.0,0.0,0.0
43914,0.0,0.0,0.0
43915,0.0,0.0,0.0
43916,0.0,0.0,0.0
43917,0.0,0.0,0.0
43918,0.0,0.0,0.0
43919,0.0,0.0,0.0
43920,0.0,0.0,0.0
43921,0.0,0.0,0.0
43922,0.0,0.0,0.0
43923,0.0,0.0,0.0
43924,0.0,0.0,0.0
43925,0.0,0.0,0.0
43926,0.0,0.0,0.0
43927,0.0,0.0,0.0
43928,0.0,0.0,0.0
43929,0.0,0.0,0.0
43930,0.0,0.0,0.0
43931,0.0,0.0,0.0
43932,0.0,0.0,0.0
43933,0.0,0.0,0.0
43934,0.0,0.0,0.0
43935,0.0,0.0,0.0
43936,0.0,0.0,0.0
43937,0.0,0.0,0.0
43938,0.0,0.0,0.0
43939,0.0,0.0,0.0
43940,0.0,0.0,0.0
43941,0.0,0.0,0.0
43942,0.0,0.0,0.0
43943,0.0,0.0,0.0
43944,0.0,0.0,0.0
43945,0.0,0.0,0.0
43946,0.0,0.0,0.0
43947,0.0,0.0,0.0
43948,0.0,0.0,0.0
43949,0.0,0.0,0.0
43950,0.0,0.0,0.0
43951,0.0,0.0,0.0
43952,0.0,0.0,0.0
43953,0.0,0.0,0.0
43954,0.0,0.0,0.0
43955,0.0,0.0,0.0
43956,0.0,0.0,0.0
43957,0.0,0.0,0.0
43958,0.0,0.0,0.0
43959,0.0,0.0,0.0
43960,0.0,0.0,0.0
43961,0.0,0.0,0.0
43962,0.0,0.0,0.0
43963,0.0,0.0,0.0
43964,0.0,0.0,0.0
43965,0.0,0.0,0.0
43966,0.0,0.0,0.0
43967,0.0,0.0,0.0
43968,0.0,0.0,0.0
43969,0.0,0.0,0.0
43970,0.0,0.0,0.0
43971,0.0,0.0,0.0
43972,0.0,0.0,0.0
43973,0.0,0.0,0.0
43974,0.0,0.0,0.0
43975,0.0,0.0,0.0
43976,0.0,0.0,0.0
43977,0.0,0.0,0.0
43978,0.0,0.0,0.0
43979,0.0,0.0,0.0
43980,0.0,0.0,0.0
43981,0.0,0.0,0.0
43982,0.0,0.0,0.0
43983,0.0,0.0,0.0
43984,0.0,0.0,0.0
43985,0.0,0.0,0.0
43986,0.0,0.0,0.0
43987,0.0,0.0,0.0
43988,0.0,0.0,0.0
43989,0.0,0.0,0.0
43990,0.0,0.0,0.0
43991,0.0,0.0,0.0
43992,0.0,0.0,0.0
43993,0.0,0.0,0.0
43994,0.0,0.0,0.0
43995,0.0,0.0,0.0
43996,0.0,0.0,0.0
43997,0.0,0.0,0.0
43998,0.0,0.0,0.0
43999,0.0,0.0,0.0
44000,0.0,0.0,0.0
44001,0.0,0.0,0.0
44002,0.0,0.0,0.0
44003,0.0,0.0,0.0
44004,0.0,0.0,0.0
44005,0.0,0.0,0.0
44006,0.0,0.0,0.0
44007,0.0,0.0,0.0
44008,0.0,0.0,0.0
44009,0.0,0.0,0.0
44010,0.0,0.0,0.0
44011,0.0,0.0,0.0
44012,0.0,0.0,0.0
44013,0.0,0.0,0.0
44014,0.0,0.0,0.0
44015,0.0,0.0,0.0
44016,0.0,0.0,0.0
44017,0.0,0.0,0.0
44018,0.0,0.0,0.0
44019,0.0,0.0,0.0
44020,0.0,0.0,0.0
44021,0.0,0.0,0.0
44022,0.0,0.0,0.0
44023,0.0,0.0,0.0
44024,0.0,0.0,0.0
44025,0.0,0.0,0.0
44026,0.0,0.0,0.0
44027,0.0,0.0,0.0
44028,0.0,0.0,0.0
44029,0.0,0.0,0.0
44030,0.0,0.0,0.0
44031,0.0,0.0,0.0
44032,0.0,0.0,0.0
44033,0.0,0.0,0.0
44034,0.0,0.0,0.0
44035,0.0,0.0,0.0
44036,0.0,0.0,0.0
44037,0.0,0.0,0.0
44038,0.0,0.0,0.0
44039,0.0,0.0,0.0
44040,0.0,0.0,0.0
44041,0.0,0.0,0.0
44042,0.0,0.0,0.0
44043,0.0,0.0,0.0
44044,0.0,0.0,0.0
44045,0.0,0.0,0.0
44046,0.0,0.0,0.0
44047,0.0,0.0,0.0
44048,0.0,0.0,0.0
44049,0.0,0.0,0.0
44050,0.0,0.0,0.0
44051,0.0,0.0,0.0
44052,0.0,0.0,0.0
44053,0.0,0.0,0.0
44054,0.0,0.0,0.0
44055,0.0,0.0,0.0
44056,0.0,0.0,0.0
44057,0.0,0.0,0.0
44058,0.0,0.0,0.0
44059,0.0,0.0,0.0
44060,0.0,0.0,0.0
44061,0.0,0.0,0.0
44062,0.0,0.0,0.0
44063,0.0,0.0,0.0
44064,0.0,0.0,0.0
44065,0.0,0.0,0.0
44066,0.0,0.0,0.0
44067,0.0,0.0,0.0
44068,0.0,0.0,0.0
44069,0.0,0.0,0.0
44070,0.0,0.0,0.0
44071,0.0,0.0,0.0
44072,0.0,0.0,0.0
44073,0.0,0.0,0.0
44074,0.0,0.0,0.0
44075,0.0,0.0,0.0
44076,0.0,0.0,0.0
44077,0.0,0.0,0.0
44078,0.0,0.0,0.0
44079,0.0,0.0,0.0
44080,0.0,0.0,0.0
44081,0.0,0.0,0.0
44082,0.0,0.0,0.0
44083,0.0,0.0,0.0
44084,0.0,0.0,0.0
44085,0.0,0.0,0.0
44086,0.0,0.0,0.0
44087,0.0,0.0,0.0
44088,0.0,0.0,0.0
44089,0.0,0.0,0.0
44090,0.0,0.0,0.0
44091,0.0,0.0,0.0
44092,0.0,0.0,0.0
44093,0.0,0.0,0.0
44094,0.0,0.0,0.0
44095,0.0,0.0,0.0
44096,0.0,0.0,0.0
44097,0.0,0.0,0.0
44098,0.0,0.0,0.0
44099,0.0,0.0,0.0
44100,0.0,0.0,0.0
44101,0.0,0.0,0.0
44102,0.0,0.0,0.0
44103,0.0,0.0,0.0
44104,0.0,0.0,0.0
44105,0.0,0.0,0.0
44106,0.0,0.0,0.0
44107,0.0,0.0,0.0
44108,0.0,0.0,0.0
44109,0.0,0.0,0.0
44110,0.0,0.0,0.0
44111,0.0,0.0,0.0
44112,0.0,0.0,0.0
44113,0.0,0.0,0.0
44114,0.0,0.0,0.0
44115,0.0,0.0,0.0
44116,0.0,0.0,0.0
44117,0.0,0.0,0.0
44118,0.0,0.0,0.0
44119,0.0,0.0,0.0
44120,0.0,0.0,0.0
44121,0.0,0.0,0.0
44122,0.0,0.0,0.0
44123,0.0,0.0,0.0
44124,0.0,0.0,0.0
44125,0.0,0.0,0.0
44126,0.0,0.0,0.0
44127,0.0,0.0,0.0
44128,0.0,0.0,0.0
44129,0.0,0.0,0.0
44130,0.0,0.0,0.0
44131,0.0,0.0,0.0
44132,0.0,0.0,0.0
44133,0.0,0.0,0.0
44134,0.0,0.0,0.0
44135,0.0,0.0,0.0
44136,0.0,0.0,0.0
44137,0.0,0.0,0.0
44138,0.0,0.0,0.0
44139,0.0,0.0,0.0
44140,0.0,0.0,0.0
44141,0.0,0.0,0.0
44142,0.0,0.0,0.0
44143,0.0,0.0,0.0
44144,0.0,0.0,0.0
44145,0.0,0.0,0.0
44146,0.0,0.0,0.0
44147,0.0,0.0,0.0
44148,0.0,0.0,0.0
44149,0.0,0.0,0.0
44150,0.0,0.0,0.0
44151,0.0,0.0,0.0
44152,0.0,0.0,0.0
44153,0.0,0.0,0.0
44154,0.0,0.0,0.0
44155,0.0,0.0,0.0
44156,0.0,0.0,0.0
44157,0.0,0.0,0.0
44158,0.0,0.0,0.0
44159,0.0,0.0,0.0
44160,0.0,0.0,0.0
44161,0.0,0.0,0.0
44162,0.0,0.0,0.0
44163,0.0,0.0,0.0
44164,0.0,0.0,0.0
44165,0.0,0.0,0.0
44166,0.0,0.0,0.0
44167,0.0,0.0,0.0
44168,0.0,0.0,0.0
44169,0.0,0.0,0.0
44170,0.0,0.0,0.0
44171,0.0,0.0,0.0
44172,0.0,0.0,0.0
44173,0.0,0.0,0.0
44174,0.0,0.0,0.0
44175,0.0,0.0,0.0
44176,0.0,0.0,0.0
44177,0.0,0.0,0.0
44178,0.0,0.0,0.0
44179,0.0,0.0,0.0
44180,0.0,0.0,0.0
44181,0.0,0.0,0.0
44182,0.0,0.0,0.0
44183,0.0,0.0,0.0
44184,0.0,0.0,0.0
44185,0.0,0.0,0.0
44186,0.0,0.0,0.0
44187,0.0,0.0,0.0
44188,0.0,0.0,0.0
44189,0.0,0.0,0.0
44190,0.0,0.0,0.0
44191,0.0,0.0,0.0
44192,0.0,0.0,0.0
44193,0.0,0.0,0.0
44194,0.0,0.0,0.0
44195,0.0,0.0,0.0
44196,0.0,0.0,0.0
44197,0.0,0.0,0.0
44198,0.0,0.0,0.0
44199,0.0,0.0,0.0
44200,0.0,0.0,0.0
44201,0.0,0.0,0.0
44202,0.0,0.0,0.0
44203,0.0,0.0,0.0
44204,0.0,0.0,0.0
44205,0.0,0.0,0.0
44206,0.0,0.0,0.0
44207,0.0,0.0,0.0
44208,0.0,0.0,0.0
44209,0.0,0.0,0.0
44210,0.0,0.0,0.0
44211,0.0,0.0,0.0
44212,0.0,0.0,0.0
44213,0.0,0.0,0.0
44214,0.0,0.0,0.0
44215,0.0,0.0,0.0
44216,0.0,0.0,0.0
44217,0.0,0.0,0.0
44218,0.0,0.0,0.0
44219,0.0,0.0,0.0
44220,0.0,0.0,0.0
44221,0.0,0.0,0.0
44222,0.0,0.0,0.0
44223,0.0,0.0,0.0
44224,0.0,0.0,0.0
44225,0.0,0.0,0.0
44226,0.0,0.0,0.0
44227,0.0,0.0,0.0
44228,0.0,0.0,0.0
44229,0.0,0.0,0.0
44230,0.0,0.0,0.0
44231,0.0,0.0,0.0
44232,0.0,0.0,0.0
44233,0.0,0.0,0.0
44234,0.0,0.0,0.0
44235,0.0,0.0,0.0
44236,0.0,0.0,0.0
44237,0.0,0.0,0.0
44238,0.0,0.0,0.0
44239,0.0,0.0,0.0
44240,0.0,0.0,0.0
44241,0.0,0.0,0.0
44242,0.0,0.0,0.0
44243,0.0,0.0,0.0
44244,0.0,0.0,0.0
44245,0.0,0.0,0.0
44246,0.0,0.0,0.0
44247,0.0,0.0,0.0
44248,0.0,0.0,0.0
44249,0.0,0.0,0.0
44250,0.0,0.0,0.0
44251,0.0,0.0,0.0
44252,0.0,0.0,0.0
44253,0.0,0.0,0.0
44254,0.0,0.0,0.0
44255,0.0,0.0,0.0
44256,0.0,0.0,0.0
44257,0.0,0.0,0.0
44258,0.0,0.0,0.0
44259,0.0,0.0,0.0
44260,0.0,0.0,0.0
44261,0.0,0.0,0.0
44262,0.0,0.0,0.0
44263,0.0,0.0,0.0
44264,0.0,0.0,0.0
44265,0.0,0.0,0.0
44266,0.0,0.0,0.0
44267,0.0,0.0,0.0
44268,0.0,0.0,0.0
44269,0.0,0.0,0.0
44270,0.0,0.0,0.0
44271,0.0,0.0,0.0
44272,0.0,0.0,0.0
44273,0.0,0.0,0.0
44274,0.0,0.0,0.0
44275,0.0,0.0,0.0
44276,0.0,0.0,0.0
44277,0.0,0.0,0.0
44278,0.0,0.0,0.0
44279,0.0,0.0,0.0
44280,0.0,0.0,0.0
44281,0.0,0.0,0.0
44282,0.0,0.0,0.0
44283,0.0,0.0,0.0
44284,0.0,0.0,0.0
44285,0.0,0.0,0.0
44286,0.0,0.0,0.0
44287,0.0,0.0,0.0
44288,0.0,0.0,0.0
44289,0.0,0.0,0.0
44290,0.0,0.0,0.0
44291,0.0,0.0,0.0
44292,0.0,0.0,0.0
44293,0.0,0.0,0.0
44294,0.0,0.0,0.0
44295,0.0,0.0,0.0
44296,0.0,0.0,0.0
44297,0.0,0.0,0.0
44298,0.0,0.0,0.0
44299,0.0,0.0,0.0
44300,0.0,0.0,0.0
44301,0.0,0.0,0.0
44302,0.0,0.0,0.0
44303,0.0,0.0,0.0
44304,0.0,0.0,0.0
44305,0.0,0.0,0.0
44306,0.0,0.0,0.0
44307,0.0,0.0,0.0
44308,0.0,0.0,0.0
44309,0.0,0.0,0.0
44310,0.0,0.0,0.0
44311,0.0,0.0,0.0
44312,0.0,0.0,0.0
44313,0.0,0.0,0.0
44314,0.0,0.0,0.0
44315,0.0,0.0,0.0
44316,0.0,0.0,0.0
44317,0.0,0.0,0.0
44318,0.0,0.0,0.0
44319,0.0,0.0,0.0
44320,0.0,0.0,0.0
44321,0.0,0.0,0.0
44322,0.0,0.0,0.0
44323,0.0,0.0,0.0
44324,0.0,0.0,0.0
44325,0.0,0.0,0.0
44326,0.0,0.0,0.0
44327,0.0,0.0,0.0
44328,0.0,0.0,0.0
44329,0.0,0.0,0.0
44330,0.0,0.0,0.0
44331,0.0,0.0,0.0
44332,0.0,0.0,0.0
44333,0.0,0.0,0.0
44334,0.0,0.0,0.0
44335,0.0,0.0,0.0
44336,0.0,0.0,0.0
44337,0.0,0.0,0.0
44338,0.0,0.0,0.0
44339,0.0,0.0,0.0
44340,0.0,0.0,0.0
44341,0.0,0.0,0.0
44342,0.0,0.0,0.0
44343,0.0,0.0,0.0
44344,0.0,0.0,0.0
44345,0.0,0.0,0.0
44346,0.0,0.0,0.0
44347,0.0,0.0,0.0
44348,0.0,0.0,0.0
44349,0.0,0.0,0.0
44350,0.0,0.0,0.0
44351,0.0,0.0,0.0
44352,0.0,0.0,0.0
44353,0.0,0.0,0.0
44354,0.0,0.0,0.0
44355,0.0,0.0,0.0
44356,0.0,0.0,0.0
44357,0.0,0.0,0.0
44358,0.0,0.0,0.0
44359,0.0,0.0,0.0
44360,0.0,0.0,0.0
44361,0.0,0.0,0.0
44362,0.0,0.0,0.0
44363,0.0,0.0,0.0
44364,0.0,0.0,0.0
44365,0.0,0.0,0.0
44366,0.0,0.0,0.0
44367,0.0,0.0,0.0
44368,0.0,0.0,0.0
44369,0.0,0.0,0.0
44370,0.0,0.0,0.0
44371,0.0,0.0,0.0
44372,0.0,0.0,0.0
44373,0.0,0.0,0.0
44374,0.0,0.0,0.0
44375,0.0,0.0,0.0
44376,0.0,0.0,0.0
44377,0.0,0.0,0.0
44378,0.0,0.0,0.0
44379,0.0,0.0,0.0
44380,0.0,0.0,0.0
44381,0.0,0.0,0.0
44382,0.0,0.0,0.0
44383,0.0,0.0,0.0
44384,0.0,0.0,0.0
44385,0.0,0.0,0.0
44386,0.0,0.0,0.0
44387,0.0,0.0,0.0
44388,0.0,0.0,0.0
44389,0.0,0.0,0.0
44390,0.0,0.0,0.0
44391,0.0,0.0,0.0
44392,0.0,0.0,0.0
44393,0.0,0.0,0.0
44394,0.0,0.0,0.0
44395,0.0,0.0,0.0
44396,0.0,0.0,0.0
44397,0.0,0.0,0.0
44398,0.0,0.0,0.0
44399,0.0,0.0,0.0
44400,0.0,0.0,0.0
44401,0.0,0.0,0.0
44402,0.0,0.0,0.0
44403,0.0,0.0,0.0
44404,0.0,0.0,0.0
44405,0.0,0.0,0.0
44406,0.0,0.0,0.0
44407,0.0,0.0,0.0
44408,0.0,0.0,0.0
44409,0.0,0.0,0.0
44410,0.0,0.0,0.0
44411,0.0,0.0,0.0
44412,0.0,0.0,0.0
44413,0.0,0.0,0.0
44414,0.0,0.0,0.0
44415,0.0,0.0,0.0
44416,0.0,0.0,0.0
44417,0.0,0.0,0.0
44418,0.0,0.0,0.0
44419,0.0,0.0,0.0
44420,0.0,0.0,0.0
44421,0.0,0.0,0.0
44422,0.0,0.0,0.0
44423,0.0,0.0,0.0
44424,0.0,0.0,0.0
44425,0.0,0.0,0.0
44426,0.0,0.0,0.0
44427,0.0,0.0,0.0
44428,0.0,0.0,0.0
44429,0.0,0.0,0.0
44430,0.0,0.0,0.0
44431,0.0,0.0,0.0
44432,0.0,0.0,0.0
44433,0.0,0.0,0.0
44434,0.0,0.0,0.0
44435,0.0,0.0,0.0
44436,0.0,0.0,0.0
44437,0.0,0.0,0.0
44438,0.0,0.0,0.0
44439,0.0,0.0,0.0
44440,0.0,0.0,0.0
44441,0.0,0.0,0.0
44442,0.0,0.0,0.0
44443,0.0,0.0,0.0
44444,0.0,0.0,0.0
44445,0.0,0.0,0.0
44446,0.0,0.0,0.0
44447,0.0,0.0,0.0
44448,0.0,0.0,0.0
44449,0.0,0.0,0.0
44450,0.0,0.0,0.0
44451,0.0,0.0,0.0
44452,0.0,0.0,0.0
44453,0.0,0.0,0.0
44454,0.0,0.0,0.0
44455,0.0,0.0,0.0
44456,0.0,0.0,0.0
44457,0.0,0.0,0.0
44458,0.0,0.0,0.0
44459,0.0,0.0,0.0
44460,0.0,0.0,0.0
44461,0.0,0.0,0.0
44462,0.0,0.0,0.0
44463,0.0,0.0,0.0
44464,0.0,0.0,0.0
44465,0.0,0.0,0.0
44466,0.0,0.0,0.0
44467,0.0,0.0,0.0
44468,0.0,0.0,0.0
44469,0.0,0.0,0.0
44470,0.0,0.0,0.0
44471,0.0,0.0,0.0
44472,0.0,0.0,0.0
44473,0.0,0.0,0.0
44474,0.0,0.0,0.0
44475,0.0,0.0,0.0
44476,0.0,0.0,0.0
44477,0.0,0.0,0.0
44478,0.0,0.0,0.0
44479,0.0,0.0,0.0
44480,0.0,0.0,0.0
44481,0.0,0.0,0.0
44482,0.0,0.0,0.0
44483,0.0,0.0,0.0
44484,0.0,0.0,0.0
44485,0.0,0.0,0.0
44486,0.0,0.0,0.0
44487,0.0,0.0,0.0
44488,0.0,0.0,0.0
44489,0.0,0.0,0.0
44490,0.0,0.0,0.0
44491,0.0,0.0,0.0
44492,0.0,0.0,0.0
44493,0.0,0.0,0.0
44494,0.0,0.0,0.0
44495,0.0,0.0,0.0
44496,0.0,0.0,0.0
44497,0.0,0.0,0.0
44498,0.0,0.0,0.0
44499,0.0,0.0,0.0
44500,0.0,0.0,0.0
44501,0.0,0.0,0.0
44502,0.0,0.0,0.0
44503,0.0,0.0,0.0
44504,0.0,0.0,0.0
44505,0.0,0.0,0.0
44506,0.0,0.0,0.0
44507,0.0,0.0,0.0
44508,0.0,0.0,0.0
44509,0.0,0.0,0.0
44510,0.0,0.0,0.0
44511,0.0,0.0,0.0
44512,0.0,0.0,0.0
44513,0.0,0.0,0.0
44514,0.0,0.0,0.0
44515,0.0,0.0,0.0
44516,0.0,0.0,0.0
44517,0.0,0.0,0.0
44518,0.0,0.0,0.0
44519,0.0,0.0,0.0
44520,0.0,0.0,0.0
44521,0.0,0.0,0.0
44522,0.0,0.0,0.0
44523,0.0,0.0,0.0
44524,0.0,0.0,0.0
44525,0.0,0.0,0.0
44526,0.0,0.0,0.0
44527,0.0,0.0,0.0
44528,0.0,0.0,0.0
44529,0.0,0.0,0.0
44530,0.0,0.0,0.0
44531,0.0,0.0,0.0
44532,0.0,0.0,0.0
44533,0.0,0.0,0.0
44534,0.0,0.0,0.0
44535,0.0,0.0,0.0
44536,0.0,0.0,0.0
44537,0.0,0.0,0.0
44538,0.0,0.0,0.0
44539,0.0,0.0,0.0
44540,0.0,0.0,0.0
44541,0.0,0.0,0.0
44542,0.0,0.0,0.0
44543,0.0,0.0,0.0
44544,0.0,0.0,0.0
44545,0.0,0.0,0.0
44546,0.0,0.0,0.0
44547,0.0,0.0,0.0
44548,0.0,0.0,0.0
44549,0.0,0.0,0.0
44550,0.0,0.0,0.0
44551,0.0,0.0,0.0
44552,0.0,0.0,0.0
44553,0.0,0.0,0.0
44554,0.0,0.0,0.0
44555,0.0,0.0,0.0
44556,0.0,0.0,0.0
44557,0.0,0.0,0.0
44558,0.0,0.0,0.0
44559,0.0,0.0,0.0
44560,0.0,0.0,0.0
44561,0.0,0.0,0.0
44562,0.0,0.0,0.0
44563,0.0,0.0,0.0
44564,0.0,0.0,0.0
44565,0.0,0.0,0.0
44566,0.0,0.0,0.0
44567,0.0,0.0,0.0
44568,0.0,0.0,0.0
44569,0.0,0.0,0.0
44570,0.0,0.0,0.0
44571,0.0,0.0,0.0
44572,0.0,0.0,0.0
44573,0.0,0.0,0.0
44574,0.0,0.0,0.0
44575,0.0,0.0,0.0
44576,0.0,0.0,0.0
44577,0.0,0.0,0.0
44578,0.0,0.0,0.0
44579,0.0,0.0,0.0
44580,0.0,0.0,0.0
44581,0.0,0.0,0.0
44582,0.0,0.0,0.0
44583,0.0,0.0,0.0
44584,0.0,0.0,0.0
44585,0.0,0.0,0.0
44586,0.0,0.0,0.0
44587,0.0,0.0,0.0
44588,0.0,0.0,0.0
44589,0.0,0.0,0.0
44590,0.0,0.0,0.0
44591,0.0,0.0,0.0
44592,0.0,0.0,0.0
44593,0.0,0.0,0.0
44594,0.0,0.0,0.0
44595,0.0,0.0,0.0
44596,0.0,0.0,0.0
44597,0.0,0.0,0.0
44598,0.0,0.0,0.0
44599,0.0,0.0,0.0
44600,0.0,0.0,0.0
44601,0.0,0.0,0.0
44602,0.0,0.0,0.0
44603,0.0,0.0,0.0
44604,0.0,0.0,0.0
44605,0.0,0.0,0.0
44606,0.0,0.0,0.0
44607,0.0,0.0,0.0
44608,0.0,0.0,0.0
44609,0.0,0.0,0.0
44610,0.0,0.0,0.0
44611,0.0,0.0,0.0
44612,0.0,0.0,0.0
44613,0.0,0.0,0.0
44614,0.0,0.0,0.0
44615,0.0,0.0,0.0
44616,0.0,0.0,0.0
44617,0.0,0.0,0.0
44618,0.0,0.0,0.0
44619,0.0,0.0,0.0
44620,0.0,0.0,0.0
44621,0.0,0.0,0.0
44622,0.0,0.0,0.0
44623,0.0,0.0,0.0
44624,0.0,0.0,0.0
44625,0.0,0.0,0.0
44626,0.0,0.0,0.0
44627,0.0,0.0,0.0
44628,0.0,0.0,0.0
44629,0.0,0.0,0.0
44630,0.0,0.0,0.0
44631,0.0,0.0,0.0
44632,0.0,0.0,0.0
44633,0.0,0.0,0.0
44634,0.0,0.0,0.0
44635,0.0,0.0,0.0
44636,0.0,0.0,0.0
44637,0.0,0.0,0.0
44638,0.0,0.0,0.0
44639,0.0,0.0,0.0
44640,0.0,0.0,0.0
44641,0.0,0.0,0.0
44642,0.0,0.0,0.0
44643,0.0,0.0,0.0
44644,0.0,0.0,0.0
44645,0.0,0.0,0.0
44646,0.0,0.0,0.0
44647,0.0,0.0,0.0
44648,0.0,0.0,0.0
44649,0.0,0.0,0.0
44650,0.0,0.0,0.0
44651,0.0,0.0,0.0
44652,0.0,0.0,0.0
44653,0.0,0.0,0.0
44654,0.0,0.0,0.0
44655,0.0,0.0,0.0
44656,0.0,0.0,0.0
44657,0.0,0.0,0.0
44658,0.0,0.0,0.0
44659,0.0,0.0,0.0
44660,0.0,0.0,0.0
44661,0.0,0.0,0.0
44662,0.0,0.0,0.0
44663,0.0,0.0,0.0
44664,0.0,0.0,0.0
44665,0.0,0.0,0.0
44666,0.0,0.0,0.0
44667,0.0,0.0,0.0
44668,0.0,0.0,0.0
44669,0.0,0.0,0.0
44670,0.0,0.0,0.0
44671,0.0,0.0,0.0
44672,0.0,0.0,0.0
44673,0.0,0.0,0.0
44674,0.0,0.0,0.0
44675,0.0,0.0,0.0
44676,0.0,0.0,0.0
44677,0.0,0.0,0.0
44678,0.0,0.0,0.0
44679,0.0,0.0,0.0
44680,0.0,0.0,0.0
44681,0.0,0.0,0.0
44682,0.0,0.0,0.0
44683,0.0,0.0,0.0
44684,0.0,0.0,0.0
44685,0.0,0.0,0.0
44686,0.0,0.0,0.0
44687,0.0,0.0,0.0
44688,0.0,0.0,0.0
44689,0.0,0.0,0.0
44690,0.0,0.0,0.0
44691,0.0,0.0,0.0
44692,0.0,0.0,0.0
44693,0.0,0.0,0.0
44694,0.0,0.0,0.0
44695,0.0,0.0,0.0
44696,0.0,0.0,0.0
44697,0.0,0.0,0.0
44698,0.0,0.0,0.0
44699,0.0,0.0,0.0
44700,0.0,0.0,0.0
44701,0.0,0.0,0.0
44702,0.0,0.0,0.0
44703,0.0,0.0,0.0
44704,0.0,0.0,0.0
44705,0.0,0.0,0.0
44706,0.0,0.0,0.0
44707,0.0,0.0,0.0
44708,0.0,0.0,0.0
44709,0.0,0.0,0.0
44710,0.0,0.0,0.0
44711,0.0,0.0,0.0
44712,0.0,0.0,0.0
44713,0.0,0.0,0.0
44714,0.0,0.0,0.0
44715,0.0,0.0,0.0
44716,0.0,0.0,0.0
44717,0.0,0.0,0.0
44718,0.0,0.0,0.0
44719,0.0,0.0,0.0
44720,0.0,0.0,0.0
44721,0.0,0.0,0.0
44722,0.0,0.0,0.0
44723,0.0,0.0,0.0
44724,0.0,0.0,0.0
44725,0.0,0.0,0.0
44726,0.0,0.0,0.0
44727,0.0,0.0,0.0
44728,0.0,0.0,0.0
44729,0.0,0.0,0.0
44730,0.0,0.0,0.0
44731,0.0,0.0,0.0
44732,0.0,0.0,0.0
44733,0.0,0.0,0.0
44734,0.0,0.0,0.0
44735,0.0,0.0,0.0
44736,0.0,0.0,0.0
44737,0.0,0.0,0.0
44738,0.0,0.0,0.0
44739,0.0,0.0,0.0
44740,0.0,0.0,0.0
44741,0.0,0.0,0.0
44742,0.0,0.0,0.0
44743,0.0,0.0,0.0
44744,0.0,0.0,0.0
44745,0.0,0.0,0.0
44746,0.0,0.0,0.0
44747,0.0,0.0,0.0
44748,0.0,0.0,0.0
44749,0.0,0.0,0.0
44750,0.0,0.0,0.0
44751,0.0,0.0,0.0
44752,0.0,0.0,0.0
44753,0.0,0.0,0.0
44754,0.0,0.0,0.0
44755,0.0,0.0,0.0
44756,0.0,0.0,0.0
44757,0.0,0.0,0.0
44758,0.0,0.0,0.0
44759,0.0,0.0,0.0
44760,0.0,0.0,0.0
44761,0.0,0.0,0.0
44762,0.0,0.0,0.0
44763,0.0,0.0,0.0
44764,0.0,0.0,0.0
44765,0.0,0.0,0.0
44766,0.0,0.0,0.0
44767,0.0,0.0,0.0
44768,0.0,0.0,0.0
44769,0.0,0.0,0.0
44770,0.0,0.0,0.0
44771,0.0,0.0,0.0
44772,0.0,0.0,0.0
44773,0.0,0.0,0.0
44774,0.0,0.0,0.0
44775,0.0,0.0,0.0
44776,0.0,0.0,0.0
44777,0.0,0.0,0.0
44778,0.0,0.0,0.0
44779,0.0,0.0,0.0
44780,0.0,0.0,0.0
44781,0.0,0.0,0.0
44782,0.0,0.0,0.0
44783,0.0,0.0,0.0
44784,0.0,0.0,0.0
44785,0.0,0.0,0.0
44786,0.0,0.0,0.0
44787,0.0,0.0,0.0
44788,0.0,0.0,0.0
44789,0.0,0.0,0.0
44790,0.0,0.0,0.0
44791,0.0,0.0,0.0
44792,0.0,0.0,0.0
44793,0.0,0.0,0.0
44794,0.0,0.0,0.0
44795,0.0,0.0,0.0
44796,0.0,0.0,0.0
44797,0.0,0.0,0.0
44798,0.0,0.0,0.0
44799,0.0,0.0,0.0
44800,0.0,0.0,0.0
44801,0.0,0.0,0.0
44802,0.0,0.0,0.0
44803,0.0,0.0,0.0
44804,0.0,0.0,0.0
44805,0.0,0.0,0.0
44806,0.0,0.0,0.0
44807,0.0,0.0,0.0
44808,0.0,0.0,0.0
44809,0.0,0.0,0.0
44810,0.0,0.0,0.0
44811,0.0,0.0,0.0
44812,0.0,0.0,0.0
44813,0.0,0.0,0.0
44814,0.0,0.0,0.0
44815,0.0,0.0,0.0
44816,0.0,0.0,0.0
44817,0.0,0.0,0.0
44818,0.0,0.0,0.0
44819,0.0,0.0,0.0
44820,0.0,0.0,0.0
44821,0.0,0.0,0.0
44822,0.0,0.0,0.0
44823,0.0,0.0,0.0
44824,0.0,0.0,0.0
44825,0.0,0.0,0.0
44826,0.0,0.0,0.0
44827,0.0,0.0,0.0
44828,0.0,0.0,0.0
44829,0.0,0.0,0.0
44830,0.0,0.0,0.0
44831,0.0,0.0,0.0
44832,0.0,0.0,0.0
44833,0.0,0.0,0.0
44834,0.0,0.0,0.0
44835,0.0,0.0,0.0
44836,0.0,0.0,0.0
44837,0.0,0.0,0.0
44838,0.0,0.0,0.0
44839,0.0,0.0,0.0
44840,0.0,0.0,0.0
44841,0.0,0.0,0.0
44842,0.0,0.0,0.0
44843,0.0,0.0,0.0
44844,0.0,0.0,0.0
44845,0.0,0.0,0.0
44846,0.0,0.0,0.0
44847,0.0,0.0,0.0
44848,0.0,0.0,0.0
44849,0.0,0.0,0.0
44850,0.0,0.0,0.0
44851,0.0,0.0,0.0
44852,0.0,0.0,0.0
44853,0.0,0.0,0.0
44854,0.0,0.0,0.0
44855,0.0,0.0,0.0
44856,0.0,0.0,0.0
44857,0.0,0.0,0.0
44858,0.0,0.0,0.0
44859,0.0,0.0,0.0
44860,0.0,0.0,0.0
44861,0.0,0.0,0.0
44862,0.0,0.0,0.0
44863,0.0,0.0,0.0
44864,0.0,0.0,0.0
44865,0.0,0.0,0.0
44866,0.0,0.0,0.0
44867,0.0,0.0,0.0
44868,0.0,0.0,0.0
44869,0.0,0.0,0.0
44870,0.0,0.0,0.0
44871,0.0,0.0,0.0
44872,0.0,0.0,0.0
44873,0.0,0.0,0.0
44874,0.0,0.0,0.0
44875,0.0,0.0,0.0
44876,0.0,0.0,0.0
44877,0.0,0.0,0.0
44878,0.0,0.0,0.0
44879,0.0,0.0,0.0
44880,0.0,0.0,0.0
44881,0.0,0.0,0.0
44882,0.0,0.0,0.0
44883,0.0,0.0,0.0
44884,0.0,0.0,0.0
44885,0.0,0.0,0.0
44886,0.0,0.0,0.0
44887,0.0,0.0,0.0
44888,0.0,0.0,0.0
44889,0.0,0.0,0.0
44890,0.0,0.0,0.0
44891,0.0,0.0,0.0
44892,0.0,0.0,0.0
44893,0.0,0.0,0.0
44894,0.0,0.0,0.0
44895,0.0,0.0,0.0
44896,0.0,0.0,0.0
44897,0.0,0.0,0.0
44898,0.0,0.0,0.0
44899,0.0,0.0,0.0
44900,0.0,0.0,0.0
44901,0.0,0.0,0.0
44902,0.0,0.0,0.0
44903,0.0,0.0,0.0
44904,0.0,0.0,0.0
44905,0.0,0.0,0.0
44906,0.0,0.0,0.0
44907,0.0,0.0,0.0
44908,0.0,0.0,0.0
44909,0.0,0.0,0.0
44910,0.0,0.0,0.0
44911,0.0,0.0,0.0
44912,0.0,0.0,0.0
44913,0.0,0.0,0.0
44914,0.0,0.0,0.0
44915,0.0,0.0,0.0
44916,0.0,0.0,0.0
44917,0.0,0.0,0.0
44918,0.0,0.0,0.0
44919,0.0,0.0,0.0
44920,0.0,0.0,0.0
44921,0.0,0.0,0.0
44922,0.0,0.0,0.0
44923,0.0,0.0,0.0
44924,0.0,0.0,0.0
44925,0.0,0.0,0.0
44926,0.0,0.0,0.0
44927,0.0,0.0,0.0
44928,0.0,0.0,0.0
44929,0.0,0.0,0.0
44930,0.0,0.0,0.0
44931,0.0,0.0,0.0
44932,0.0,0.0,0.0
44933,0.0,0.0,0.0
44934,0.0,0.0,0.0
44935,0.0,0.0,0.0
44936,0.0,0.0,0.0
44937,0.0,0.0,0.0
44938,0.0,0.0,0.0
44939,0.0,0.0,0.0
44940,0.0,0.0,0.0
44941,0.0,0.0,0.0
44942,0.0,0.0,0.0
44943,0.0,0.0,0.0
44944,0.0,0.0,0.0
44945,0.0,0.0,0.0
44946,0.0,0.0,0.0
44947,0.0,0.0,0.0
44948,0.0,0.0,0.0
44949,0.0,0.0,0.0
44950,0.0,0.0,0.0
44951,0.0,0.0,0.0
44952,0.0,0.0,0.0
44953,0.0,0.0,0.0
44954,0.0,0.0,0.0
44955,0.0,0.0,0.0
44956,0.0,0.0,0.0
44957,0.0,0.0,0.0
44958,0.0,0.0,0.0
44959,0.0,0.0,0.0
44960,0.0,0.0,0.0
44961,0.0,0.0,0.0
44962,0.0,0.0,0.0
44963,0.0,0.0,0.0
44964,0.0,0.0,0.0
44965,0.0,0.0,0.0
44966,0.0,0.0,0.0
44967,0.0,0.0,0.0
44968,0.0,0.0,0.0
44969,0.0,0.0,0.0
44970,0.0,0.0,0.0
44971,0.0,0.0,0.0
44972,0.0,0.0,0.0
44973,0.0,0.0,0.0
44974,0.0,0.0,0.0
44975,0.0,0.0,0.0
44976,0.0,0.0,0.0
44977,0.0,0.0,0.0
44978,0.0,0.0,0.0
44979,0.0,0.0,0.0
44980,0.0,0.0,0.0
44981,0.0,0.0,0.0
44982,0.0,0.0,0.0
44983,0.0,0.0,0.0
44984,0.0,0.0,0.0
44985,0.0,0.0,0.0
44986,0.0,0.0,0.0
44987,0.0,0.0,0.0
44988,0.0,0.0,0.0
44989,0.0,0.0,0.0
44990,0.0,0.0,0.0
44991,0.0,0.0,0.0
44992,0.0,0.0,0.0
44993,0.0,0.0,0.0
44994,0.0,0.0,0.0
44995,0.0,0.0,0.0
44996,0.0,0.0,0.0
44997,0.0,0.0,0.0
44998,0.0,0.0,0.0
44999,0.0,0.0,0.0
45000,0.0,0.0,0.0
45001,0.0,0.0,0.0
45002,0.0,0.0,0.0
45003,0.0,0.0,0.0
45004,0.0,0.0,0.0
45005,0.0,0.0,0.0
45006,0.0,0.0,0.0
45007,0.0,0.0,0.0
45008,0.0,0.0,0.0
45009,0.0,0.0,0.0
45010,0.0,0.0,0.0
45011,0.0,0.0,0.0
45012,0.0,0.0,0.0
45013,0.0,0.0,0.0
45014,0.0,0.0,0.0
45015,0.0,0.0,0.0
45016,0.0,0.0,0.0
45017,0.0,0.0,0.0
45018,0.0,0.0,0.0
45019,0.0,0.0,0.0
45020,0.0,0.0,0.0
45021,0.0,0.0,0.0
45022,0.0,0.0,0.0
45023,0.0,0.0,0.0
45024,0.0,0.0,0.0
45025,0.0,0.0,0.0
45026,0.0,0.0,0.0
45027,0.0,0.0,0.0
45028,0.0,0.0,0.0
45029,0.0,0.0,0.0
45030,0.0,0.0,0.0
45031,0.0,0.0,0.0
45032,0.0,0.0,0.0
45033,0.0,0.0,0.0
45034,0.0,0.0,0.0
45035,0.0,0.0,0.0
45036,0.0,0.0,0.0
45037,0.0,0.0,0.0
45038,0.0,0.0,0.0
45039,0.0,0.0,0.0
45040,0.0,0.0,0.0
45041,0.0,0.0,0.0
45042,0.0,0.0,0.0
45043,0.0,0.0,0.0
45044,0.0,0.0,0.0
45045,0.0,0.0,0.0
45046,0.0,0.0,0.0
45047,0.0,0.0,0.0
45048,0.0,0.0,0.0
45049,0.0,0.0,0.0
45050,0.0,0.0,0.0
45051,0.0,0.0,0.0
45052,0.0,0.0,0.0
45053,0.0,0.0,0.0
45054,0.0,0.0,0.0
45055,0.0,0.0,0.0
45056,0.0,0.0,0.0
45057,0.0,0.0,0.0
45058,0.0,0.0,0.0
45059,0.0,0.0,0.0
45060,0.0,0.0,0.0
45061,0.0,0.0,0.0
45062,0.0,0.0,0.0
45063,0.0,0.0,0.0
45064,0.0,0.0,0.0
45065,0.0,0.0,0.0
45066,0.0,0.0,0.0
45067,0.0,0.0,0.0
45068,0.0,0.0,0.0
45069,0.0,0.0,0.0
45070,0.0,0.0,0.0
45071,0.0,0.0,0.0
45072,0.0,0.0,0.0
45073,0.0,0.0,0.0
45074,0.0,0.0,0.0
45075,0.0,0.0,0.0
45076,0.0,0.0,0.0
45077,0.0,0.0,0.0
45078,0.0,0.0,0.0
45079,0.0,0.0,0.0
45080,0.0,0.0,0.0
45081,0.0,0.0,0.0
45082,0.0,0.0,0.0
45083,0.0,0.0,0.0
45084,0.0,0.0,0.0
45085,0.0,0.0,0.0
45086,0.0,0.0,0.0
45087,0.0,0.0,0.0
45088,0.0,0.0,0.0
45089,0.0,0.0,0.0
45090,0.0,0.0,0.0
45091,0.0,0.0,0.0
45092,0.0,0.0,0.0
45093,0.0,0.0,0.0
45094,0.0,0.0,0.0
45095,0.0,0.0,0.0
45096,0.0,0.0,0.0
45097,0.0,0.0,0.0
45098,0.0,0.0,0.0
45099,0.0,0.0,0.0
45100,0.0,0.0,0.0
45101,0.0,0.0,0.0
45102,0.0,0.0,0.0
45103,0.0,0.0,0.0
45104,0.0,0.0,0.0
45105,0.0,0.0,0.0
45106,0.0,0.0,0.0
45107,0.0,0.0,0.0
45108,0.0,0.0,0.0
45109,0.0,0.0,0.0
45110,0.0,0.0,0.0
45111,0.0,0.0,0.0
45112,0.0,0.0,0.0
45113,0.0,0.0,0.0
45114,0.0,0.0,0.0
45115,0.0,0.0,0.0
45116,0.0,0.0,0.0
45117,0.0,0.0,0.0
45118,0.0,0.0,0.0
45119,0.0,0.0,0.0
45120,0.0,0.0,0.0
45121,0.0,0.0,0.0
45122,0.0,0.0,0.0
45123,0.0,0.0,0.0
45124,0.0,0.0,0.0
45125,0.0,0.0,0.0
45126,0.0,0.0,0.0
45127,0.0,0.0,0.0
45128,0.0,0.0,0.0
45129,0.0,0.0,0.0
45130,0.0,0.0,0.0
45131,0.0,0.0,0.0
45132,0.0,0.0,0.0
45133,0.0,0.0,0.0
45134,0.0,0.0,0.0
45135,0.0,0.0,0.0
45136,0.0,0.0,0.0
45137,0.0,0.0,0.0
45138,0.0,0.0,0.0
45139,0.0,0.0,0.0
45140,0.0,0.0,0.0
45141,0.0,0.0,0.0
45142,0.0,0.0,0.0
45143,0.0,0.0,0.0
45144,0.0,0.0,0.0
45145,0.0,0.0,0.0
45146,0.0,0.0,0.0
45147,0.0,0.0,0.0
45148,0.0,0.0,0.0
45149,0.0,0.0,0.0
45150,0.0,0.0,0.0
45151,0.0,0.0,0.0
45152,0.0,0.0,0.0
45153,0.0,0.0,0.0
45154,0.0,0.0,0.0
45155,0.0,0.0,0.0
45156,0.0,0.0,0.0
45157,0.0,0.0,0.0
45158,0.0,0.0,0.0
45159,0.0,0.0,0.0
45160,0.0,0.0,0.0
45161,0.0,0.0,0.0
45162,0.0,0.0,0.0
45163,0.0,0.0,0.0
45164,0.0,0.0,0.0
45165,0.0,0.0,0.0
45166,0.0,0.0,0.0
45167,0.0,0.0,0.0
45168,0.0,0.0,0.0
45169,0.0,0.0,0.0
45170,0.0,0.0,0.0
45171,0.0,0.0,0.0
45172,0.0,0.0,0.0
45173,0.0,0.0,0.0
45174,0.0,0.0,0.0
45175,0.0,0.0,0.0
45176,0.0,0.0,0.0
45177,0.0,0.0,0.0
45178,0.0,0.0,0.0
45179,0.0,0.0,0.0
45180,0.0,0.0,0.0
45181,0.0,0.0,0.0
45182,0.0,0.0,0.0
45183,0.0,0.0,0.0
45184,0.0,0.0,0.0
45185,0.0,0.0,0.0
45186,0.0,0.0,0.0
45187,0.0,0.0,0.0
45188,0.0,0.0,0.0
45189,0.0,0.0,0.0
45190,0.0,0.0,0.0
45191,0.0,0.0,0.0
45192,0.0,0.0,0.0
45193,0.0,0.0,0.0
45194,0.0,0.0,0.0
45195,0.0,0.0,0.0
45196,0.0,0.0,0.0
45197,0.0,0.0,0.0
45198,0.0,0.0,0.0
45199,0.0,0.0,0.0
45200,0.0,0.0,0.0
45201,0.0,0.0,0.0
45202,0.0,0.0,0.0
45203,0.0,0.0,0.0
45204,0.0,0.0,0.0
45205,0.0,0.0,0.0
45206,0.0,0.0,0.0
45207,0.0,0.0,0.0
45208,0.0,0.0,0.0
45209,0.0,0.0,0.0
45210,0.0,0.0,0.0
45211,0.0,0.0,0.0
45212,0.0,0.0,0.0
45213,0.0,0.0,0.0
45214,0.0,0.0,0.0
45215,0.0,0.0,0.0
45216,0.0,0.0,0.0
45217,0.0,0.0,0.0
45218,0.0,0.0,0.0
45219,0.0,0.0,0.0
45220,0.0,0.0,0.0
45221,0.0,0.0,0.0
45222,0.0,0.0,0.0
45223,0.0,0.0,0.0
45224,0.0,0.0,0.0
45225,0.0,0.0,0.0
45226,0.0,0.0,0.0
45227,0.0,0.0,0.0
45228,0.0,0.0,0.0
45229,0.0,0.0,0.0
45230,0.0,0.0,0.0
45231,0.0,0.0,0.0
45232,0.0,0.0,0.0
45233,0.0,0.0,0.0
45234,0.0,0.0,0.0
45235,0.0,0.0,0.0
45236,0.0,0.0,0.0
45237,0.0,0.0,0.0
45238,0.0,0.0,0.0
45239,0.0,0.0,0.0
45240,0.0,0.0,0.0
45241,0.0,0.0,0.0
45242,0.0,0.0,0.0
45243,0.0,0.0,0.0
45244,0.0,0.0,0.0
45245,0.0,0.0,0.0
45246,0.0,0.0,0.0
45247,0.0,0.0,0.0
45248,0.0,0.0,0.0
45249,0.0,0.0,0.0
45250,0.0,0.0,0.0
45251,0.0,0.0,0.0
45252,0.0,0.0,0.0
45253,0.0,0.0,0.0
45254,0.0,0.0,0.0
45255,0.0,0.0,0.0
45256,0.0,0.0,0.0
45257,0.0,0.0,0.0
45258,0.0,0.0,0.0
45259,0.0,0.0,0.0
45260,0.0,0.0,0.0
45261,0.0,0.0,0.0
45262,0.0,0.0,0.0
45263,0.0,0.0,0.0
45264,0.0,0.0,0.0
45265,0.0,0.0,0.0
45266,0.0,0.0,0.0
45267,0.0,0.0,0.0
45268,0.0,0.0,0.0
45269,0.0,0.0,0.0
45270,0.0,0.0,0.0
45271,0.0,0.0,0.0
45272,0.0,0.0,0.0
45273,0.0,0.0,0.0
45274,0.0,0.0,0.0
45275,0.0,0.0,0.0
45276,0.0,0.0,0.0
45277,0.0,0.0,0.0
45278,0.0,0.0,0.0
45279,0.0,0.0,0.0
45280,0.0,0.0,0.0
45281,0.0,0.0,0.0
45282,0.0,0.0,0.0
45283,0.0,0.0,0.0
45284,0.0,0.0,0.0
45285,0.0,0.0,0.0
45286,0.0,0.0,0.0
45287,0.0,0.0,0.0
45288,0.0,0.0,0.0
45289,0.0,0.0,0.0
45290,0.0,0.0,0.0
45291,0.0,0.0,0.0
45292,0.0,0.0,0.0
45293,0.0,0.0,0.0
45294,0.0,0.0,0.0
45295,0.0,0.0,0.0
45296,0.0,0.0,0.0
45297,0.0,0.0,0.0
45298,0.0,0.0,0.0
45299,0.0,0.0,0.0
45300,0.0,0.0,0.0
45301,0.0,0.0,0.0
45302,0.0,0.0,0.0
45303,0.0,0.0,0.0
45304,0.0,0.0,0.0
45305,0.0,0.0,0.0
45306,0.0,0.0,0.0
45307,0.0,0.0,0.0
45308,0.0,0.0,0.0
45309,0.0,0.0,0.0
45310,0.0,0.0,0.0
45311,0.0,0.0,0.0
45312,0.0,0.0,0.0
45313,0.0,0.0,0.0
45314,0.0,0.0,0.0
45315,0.0,0.0,0.0
45316,0.0,0.0,0.0
45317,0.0,0.0,0.0
45318,0.0,0.0,0.0
45319,0.0,0.0,0.0
45320,0.0,0.0,0.0
45321,0.0,0.0,0.0
45322,0.0,0.0,0.0
45323,0.0,0.0,0.0
45324,0.0,0.0,0.0
45325,0.0,0.0,0.0
45326,0.0,0.0,0.0
45327,0.0,0.0,0.0
45328,0.0,0.0,0.0
45329,0.0,0.0,0.0
45330,0.0,0.0,0.0
45331,0.0,0.0,0.0
45332,0.0,0.0,0.0
45333,0.0,0.0,0.0
45334,0.0,0.0,0.0
45335,0.0,0.0,0.0
45336,0.0,0.0,0.0
45337,0.0,0.0,0.0
45338,0.0,0.0,0.0
45339,0.0,0.0,0.0
45340,0.0,0.0,0.0
45341,0.0,0.0,0.0
45342,0.0,0.0,0.0
45343,0.0,0.0,0.0
45344,0.0,0.0,0.0
45345,0.0,0.0,0.0
45346,0.0,0.0,0.0
45347,0.0,0.0,0.0
45348,0.0,0.0,0.0
45349,0.0,0.0,0.0
45350,0.0,0.0,0.0
45351,0.0,0.0,0.0
45352,0.0,0.0,0.0
45353,0.0,0.0,0.0
45354,0.0,0.0,0.0
45355,0.0,0.0,0.0
45356,0.0,0.0,0.0
45357,0.0,0.0,0.0
45358,0.0,0.0,0.0
45359,0.0,0.0,0.0
45360,0.0,0.0,0.0
45361,0.0,0.0,0.0
45362,0.0,0.0,0.0
45363,0.0,0.0,0.0
45364,0.0,0.0,0.0
45365,0.0,0.0,0.0
45366,0.0,0.0,0.0
45367,0.0,0.0,0.0
45368,0.0,0.0,0.0
45369,0.0,0.0,0.0
45370,0.0,0.0,0.0
45371,0.0,0.0,0.0
45372,0.0,0.0,0.0
45373,0.0,0.0,0.0
45374,0.0,0.0,0.0
45375,0.0,0.0,0.0
45376,0.0,0.0,0.0
45377,0.0,0.0,0.0
45378,0.0,0.0,0.0
45379,0.0,0.0,0.0
45380,0.0,0.0,0.0
45381,0.0,0.0,0.0
45382,0.0,0.0,0.0
45383,0.0,0.0,0.0
45384,0.0,0.0,0.0
45385,0.0,0.0,0.0
45386,0.0,0.0,0.0
45387,0.0,0.0,0.0
45388,0.0,0.0,0.0
45389,0.0,0.0,0.0
45390,0.0,0.0,0.0
45391,0.0,0.0,0.0
45392,0.0,0.0,0.0
45393,0.0,0.0,0.0
45394,0.0,0.0,0.0
45395,0.0,0.0,0.0
45396,0.0,0.0,0.0
45397,0.0,0.0,0.0
45398,0.0,0.0,0.0
45399,0.0,0.0,0.0
45400,0.0,0.0,0.0
45401,0.0,0.0,0.0
45402,0.0,0.0,0.0
45403,0.0,0.0,0.0
45404,0.0,0.0,0.0
45405,0.0,0.0,0.0
45406,0.0,0.0,0.0
45407,0.0,0.0,0.0
45408,0.0,0.0,0.0
45409,0.0,0.0,0.0
45410,0.0,0.0,0.0
45411,0.0,0.0,0.0
45412,0.0,0.0,0.0
45413,0.0,0.0,0.0
45414,0.0,0.0,0.0
45415,0.0,0.0,0.0
45416,0.0,0.0,0.0
45417,0.0,0.0,0.0
45418,0.0,0.0,0.0
45419,0.0,0.0,0.0
45420,0.0,0.0,0.0
45421,0.0,0.0,0.0
45422,0.0,0.0,0.0
45423,0.0,0.0,0.0
45424,0.0,0.0,0.0
45425,0.0,0.0,0.0
45426,0.0,0.0,0.0
45427,0.0,0.0,0.0
45428,0.0,0.0,0.0
45429,0.0,0.0,0.0
45430,0.0,0.0,0.0
45431,0.0,0.0,0.0
45432,0.0,0.0,0.0
45433,0.0,0.0,0.0
45434,0.0,0.0,0.0
45435,0.0,0.0,0.0
45436,0.0,0.0,0.0
45437,0.0,0.0,0.0
45438,0.0,0.0,0.0
45439,0.0,0.0,0.0
45440,0.0,0.0,0.0
45441,0.0,0.0,0.0
45442,0.0,0.0,0.0
45443,0.0,0.0,0.0
45444,0.0,0.0,0.0
45445,0.0,0.0,0.0
45446,0.0,0.0,0.0
45447,0.0,0.0,0.0
45448,0.0,0.0,0.0
45449,0.0,0.0,0.0
45450,0.0,0.0,0.0
45451,0.0,0.0,0.0
45452,0.0,0.0,0.0
45453,0.0,0.0,0.0
45454,0.0,0.0,0.0
45455,0.0,0.0,0.0
45456,0.0,0.0,0.0
45457,0.0,0.0,0.0
45458,0.0,0.0,0.0
45459,0.0,0.0,0.0
45460,0.0,0.0,0.0
45461,0.0,0.0,0.0
45462,0.0,0.0,0.0
45463,0.0,0.0,0.0
45464,0.0,0.0,0.0
45465,0.0,0.0,0.0
45466,0.0,0.0,0.0
45467,0.0,0.0,0.0
45468,0.0,0.0,0.0
45469,0.0,0.0,0.0
45470,0.0,0.0,0.0
45471,0.0,0.0,0.0
45472,0.0,0.0,0.0
45473,0.0,0.0,0.0
45474,0.0,0.0,0.0
45475,0.0,0.0,0.0
45476,0.0,0.0,0.0
45477,0.0,0.0,0.0
45478,0.0,0.0,0.0
45479,0.0,0.0,0.0
45480,0.0,0.0,0.0
45481,0.0,0.0,0.0
45482,0.0,0.0,0.0
45483,0.0,0.0,0.0
45484,0.0,0.0,0.0
45485,0.0,0.0,0.0
45486,0.0,0.0,0.0
45487,0.0,0.0,0.0
45488,0.0,0.0,0.0
45489,0.0,0.0,0.0
45490,0.0,0.0,0.0
45491,0.0,0.0,0.0
45492,0.0,0.0,0.0
45493,0.0,0.0,0.0
45494,0.0,0.0,0.0
45495,0.0,0.0,0.0
45496,0.0,0.0,0.0
45497,0.0,0.0,0.0
45498,0.0,0.0,0.0
45499,0.0,0.0,0.0
45500,0.0,0.0,0.0
45501,0.0,0.0,0.0
45502,0.0,0.0,0.0
45503,0.0,0.0,0.0
45504,0.0,0.0,0.0
45505,0.0,0.0,0.0
45506,0.0,0.0,0.0
45507,0.0,0.0,0.0
45508,0.0,0.0,0.0
45509,0.0,0.0,0.0
45510,0.0,0.0,0.0
45511,0.0,0.0,0.0
45512,0.0,0.0,0.0
45513,0.0,0.0,0.0
45514,0.0,0.0,0.0
45515,0.0,0.0,0.0
45516,0.0,0.0,0.0
45517,0.0,0.0,0.0
45518,0.0,0.0,0.0
45519,0.0,0.0,0.0
45520,0.0,0.0,0.0
45521,0.0,0.0,0.0
45522,0.0,0.0,0.0
45523,0.0,0.0,0.0
45524,0.0,0.0,0.0
45525,0.0,0.0,0.0
45526,0.0,0.0,0.0
45527,0.0,0.0,0.0
45528,0.0,0.0,0.0
45529,0.0,0.0,0.0
45530,0.0,0.0,0.0
45531,0.0,0.0,0.0
45532,0.0,0.0,0.0
45533,0.0,0.0,0.0
45534,0.0,0.0,0.0
45535,0.0,0.0,0.0
45536,0.0,0.0,0.0
45537,0.0,0.0,0.0
45538,0.0,0.0,0.0
45539,0.0,0.0,0.0
45540,0.0,0.0,0.0
45541,0.0,0.0,0.0
45542,0.0,0.0,0.0
45543,0.0,0.0,0.0
45544,0.0,0.0,0.0
45545,0.0,0.0,0.0
45546,0.0,0.0,0.0
45547,0.0,0.0,0.0
45548,0.0,0.0,0.0
45549,0.0,0.0,0.0
45550,0.0,0.0,0.0
45551,0.0,0.0,0.0
45552,0.0,0.0,0.0
45553,0.0,0.0,0.0
45554,0.0,0.0,0.0
45555,0.0,0.0,0.0
45556,0.0,0.0,0.0
45557,0.0,0.0,0.0
45558,0.0,0.0,0.0
45559,0.0,0.0,0.0
45560,0.0,0.0,0.0
45561,0.0,0.0,0.0
45562,0.0,0.0,0.0
45563,0.0,0.0,0.0
45564,0.0,0.0,0.0
45565,0.0,0.0,0.0
45566,0.0,0.0,0.0
45567,0.0,0.0,0.0
45568,0.0,0.0,0.0
45569,0.0,0.0,0.0
45570,0.0,0.0,0.0
45571,0.0,0.0,0.0
45572,0.0,0.0,0.0
45573,0.0,0.0,0.0
45574,0.0,0.0,0.0
45575,0.0,0.0,0.0
45576,0.0,0.0,0.0
45577,0.0,0.0,0.0
45578,0.0,0.0,0.0
45579,0.0,0.0,0.0
45580,0.0,0.0,0.0
45581,0.0,0.0,0.0
45582,0.0,0.0,0.0
45583,0.0,0.0,0.0
45584,0.0,0.0,0.0
45585,0.0,0.0,0.0
45586,0.0,0.0,0.0
45587,0.0,0.0,0.0
45588,0.0,0.0,0.0
45589,0.0,0.0,0.0
45590,0.0,0.0,0.0
45591,0.0,0.0,0.0
45592,0.0,0.0,0.0
45593,0.0,0.0,0.0
45594,0.0,0.0,0.0
45595,0.0,0.0,0.0
45596,0.0,0.0,0.0
45597,0.0,0.0,0.0
45598,0.0,0.0,0.0
45599,0.0,0.0,0.0
45600,0.0,0.0,0.0
45601,0.0,0.0,0.0
45602,0.0,0.0,0.0
45603,0.0,0.0,0.0
45604,0.0,0.0,0.0
45605,0.0,0.0,0.0
45606,0.0,0.0,0.0
45607,0.0,0.0,0.0
45608,0.0,0.0,0.0
45609,0.0,0.0,0.0
45610,0.0,0.0,0.0
45611,0.0,0.0,0.0
45612,0.0,0.0,0.0
45613,0.0,0.0,0.0
45614,0.0,0.0,0.0
45615,0.0,0.0,0.0
45616,0.0,0.0,0.0
45617,0.0,0.0,0.0
45618,0.0,0.0,0.0
45619,0.0,0.0,0.0
45620,0.0,0.0,0.0
45621,0.0,0.0,0.0
45622,0.0,0.0,0.0
45623,0.0,0.0,0.0
45624,0.0,0.0,0.0
45625,0.0,0.0,0.0
45626,0.0,0.0,0.0
45627,0.0,0.0,0.0
45628,0.0,0.0,0.0
45629,0.0,0.0,0.0
45630,0.0,0.0,0.0
45631,0.0,0.0,0.0
45632,0.0,0.0,0.0
45633,0.0,0.0,0.0
45634,0.0,0.0,0.0
45635,0.0,0.0,0.0
45636,0.0,0.0,0.0
45637,0.0,0.0,0.0
45638,0.0,0.0,0.0
45639,0.0,0.0,0.0
45640,0.0,0.0,0.0
45641,0.0,0.0,0.0
45642,0.0,0.0,0.0
45643,0.0,0.0,0.0
45644,0.0,0.0,0.0
45645,0.0,0.0,0.0
45646,0.0,0.0,0.0
45647,0.0,0.0,0.0
45648,0.0,0.0,0.0
45649,0.0,0.0,0.0
45650,0.0,0.0,0.0
45651,0.0,0.0,0.0
45652,0.0,0.0,0.0
45653,0.0,0.0,0.0
45654,0.0,0.0,0.0
45655,0.0,0.0,0.0
45656,0.0,0.0,0.0
45657,0.0,0.0,0.0
45658,0.0,0.0,0.0
45659,0.0,0.0,0.0
45660,0.0,0.0,0.0
45661,0.0,0.0,0.0
45662,0.0,0.0,0.0
45663,0.0,0.0,0.0
45664,0.0,0.0,0.0
45665,0.0,0.0,0.0
45666,0.0,0.0,0.0
45667,0.0,0.0,0.0
45668,0.0,0.0,0.0
45669,0.0,0.0,0.0
45670,0.0,0.0,0.0
45671,0.0,0.0,0.0
45672,0.0,0.0,0.0
45673,0.0,0.0,0.0
45674,0.0,0.0,0.0
45675,0.0,0.0,0.0
45676,0.0,0.0,0.0
45677,0.0,0.0,0.0
45678,0.0,0.0,0.0
45679,0.0,0.0,0.0
45680,0.0,0.0,0.0
45681,0.0,0.0,0.0
45682,0.0,0.0,0.0
45683,0.0,0.0,0.0
45684,0.0,0.0,0.0
45685,0.0,0.0,0.0
45686,0.0,0.0,0.0
45687,0.0,0.0,0.0
45688,0.0,0.0,0.0
45689,0.0,0.0,0.0
45690,0.0,0.0,0.0
45691,0.0,0.0,0.0
45692,0.0,0.0,0.0
45693,0.0,0.0,0.0
45694,0.0,0.0,0.0
45695,0.0,0.0,0.0
45696,0.0,0.0,0.0
45697,0.0,0.0,0.0
45698,0.0,0.0,0.0
45699,0.0,0.0,0.0
45700,0.0,0.0,0.0
45701,0.0,0.0,0.0
45702,0.0,0.0,0.0
45703,0.0,0.0,0.0
45704,0.0,0.0,0.0
45705,0.0,0.0,0.0
45706,0.0,0.0,0.0
45707,0.0,0.0,0.0
45708,0.0,0.0,0.0
45709,0.0,0.0,0.0
45710,0.0,0.0,0.0
45711,0.0,0.0,0.0
45712,0.0,0.0,0.0
45713,0.0,0.0,0.0
45714,0.0,0.0,0.0
45715,0.0,0.0,0.0
45716,0.0,0.0,0.0
45717,0.0,0.0,0.0
45718,0.0,0.0,0.0
45719,0.0,0.0,0.0
45720,0.0,0.0,0.0
45721,0.0,0.0,0.0
45722,0.0,0.0,0.0
45723,0.0,0.0,0.0
45724,0.0,0.0,0.0
45725,0.0,0.0,0.0
45726,0.0,0.0,0.0
45727,0.0,0.0,0.0
45728,0.0,0.0,0.0
45729,0.0,0.0,0.0
45730,0.0,0.0,0.0
45731,0.0,0.0,0.0
45732,0.0,0.0,0.0
45733,0.0,0.0,0.0
45734,0.0,0.0,0.0
45735,0.0,0.0,0.0
45736,0.0,0.0,0.0
45737,0.0,0.0,0.0
45738,0.0,0.0,0.0
45739,0.0,0.0,0.0
45740,0.0,0.0,0.0
45741,0.0,0.0,0.0
45742,0.0,0.0,0.0
45743,0.0,0.0,0.0
45744,0.0,0.0,0.0
45745,0.0,0.0,0.0
45746,0.0,0.0,0.0
45747,0.0,0.0,0.0
45748,0.0,0.0,0.0
45749,0.0,0.0,0.0
45750,0.0,0.0,0.0
45751,0.0,0.0,0.0
45752,0.0,0.0,0.0
45753,0.0,0.0,0.0
45754,0.0,0.0,0.0
45755,0.0,0.0,0.0
45756,0.0,0.0,0.0
45757,0.0,0.0,0.0
45758,0.0,0.0,0.0
45759,0.0,0.0,0.0
45760,0.0,0.0,0.0
45761,0.0,0.0,0.0
45762,0.0,0.0,0.0
45763,0.0,0.0,0.0
45764,0.0,0.0,0.0
45765,0.0,0.0,0.0
45766,0.0,0.0,0.0
45767,0.0,0.0,0.0
45768,0.0,0.0,0.0
45769,0.0,0.0,0.0
45770,0.0,0.0,0.0
45771,0.0,0.0,0.0
45772,0.0,0.0,0.0
45773,0.0,0.0,0.0
45774,0.0,0.0,0.0
45775,0.0,0.0,0.0
45776,0.0,0.0,0.0
45777,0.0,0.0,0.0
45778,0.0,0.0,0.0
45779,0.0,0.0,0.0
45780,0.0,0.0,0.0
45781,0.0,0.0,0.0
45782,0.0,0.0,0.0
45783,0.0,0.0,0.0
45784,0.0,0.0,0.0
45785,0.0,0.0,0.0
45786,0.0,0.0,0.0
45787,0.0,0.0,0.0
45788,0.0,0.0,0.0
45789,0.0,0.0,0.0
45790,0.0,0.0,0.0
45791,0.0,0.0,0.0
45792,0.0,0.0,0.0
45793,0.0,0.0,0.0
45794,0.0,0.0,0.0
45795,0.0,0.0,0.0
45796,0.0,0.0,0.0
45797,0.0,0.0,0.0
45798,0.0,0.0,0.0
45799,0.0,0.0,0.0
45800,0.0,0.0,0.0
45801,0.0,0.0,0.0
45802,0.0,0.0,0.0
45803,0.0,0.0,0.0
45804,0.0,0.0,0.0
45805,0.0,0.0,0.0
45806,0.0,0.0,0.0
45807,0.0,0.0,0.0
45808,0.0,0.0,0.0
45809,0.0,0.0,0.0
45810,0.0,0.0,0.0
45811,0.0,0.0,0.0
45812,0.0,0.0,0.0
45813,0.0,0.0,0.0
45814,0.0,0.0,0.0
45815,0.0,0.0,0.0
45816,0.0,0.0,0.0
45817,0.0,0.0,0.0
45818,0.0,0.0,0.0
45819,0.0,0.0,0.0
45820,0.0,0.0,0.0
45821,0.0,0.0,0.0
45822,0.0,0.0,0.0
45823,0.0,0.0,0.0
45824,0.0,0.0,0.0
45825,0.0,0.0,0.0
45826,0.0,0.0,0.0
45827,0.0,0.0,0.0
45828,0.0,0.0,0.0
45829,0.0,0.0,0.0
45830,0.0,0.0,0.0
45831,0.0,0.0,0.0
45832,0.0,0.0,0.0
45833,0.0,0.0,0.0
45834,0.0,0.0,0.0
45835,0.0,0.0,0.0
45836,0.0,0.0,0.0
45837,0.0,0.0,0.0
45838,0.0,0.0,0.0
45839,0.0,0.0,0.0
45840,0.0,0.0,0.0
45841,0.0,0.0,0.0
45842,0.0,0.0,0.0
45843,0.0,0.0,0.0
45844,0.0,0.0,0.0
45845,0.0,0.0,0.0
45846,0.0,0.0,0.0
45847,0.0,0.0,0.0
45848,0.0,0.0,0.0
45849,0.0,0.0,0.0
45850,0.0,0.0,0.0
45851,0.0,0.0,0.0
45852,0.0,0.0,0.0
45853,0.0,0.0,0.0
45854,0.0,0.0,0.0
45855,0.0,0.0,0.0
45856,0.0,0.0,0.0
45857,0.0,0.0,0.0
45858,0.0,0.0,0.0
45859,0.0,0.0,0.0
45860,0.0,0.0,0.0
45861,0.0,0.0,0.0
45862,0.0,0.0,0.0
45863,0.0,0.0,0.0
45864,0.0,0.0,0.0
45865,0.0,0.0,0.0
45866,0.0,0.0,0.0
45867,0.0,0.0,0.0
45868,0.0,0.0,0.0
45869,0.0,0.0,0.0
45870,0.0,0.0,0.0
45871,0.0,0.0,0.0
45872,0.0,0.0,0.0
45873,0.0,0.0,0.0
45874,0.0,0.0,0.0
45875,0.0,0.0,0.0
45876,0.0,0.0,0.0
45877,0.0,0.0,0.0
45878,0.0,0.0,0.0
45879,0.0,0.0,0.0
45880,0.0,0.0,0.0
45881,0.0,0.0,0.0
45882,0.0,0.0,0.0
45883,0.0,0.0,0.0
45884,0.0,0.0,0.0
45885,0.0,0.0,0.0
45886,0.0,0.0,0.0
45887,0.0,0.0,0.0
45888,0.0,0.0,0.0
45889,0.0,0.0,0.0
45890,0.0,0.0,0.0
45891,0.0,0.0,0.0
45892,0.0,0.0,0.0
45893,0.0,0.0,0.0
45894,0.0,0.0,0.0
45895,0.0,0.0,0.0
45896,0.0,0.0,0.0
45897,0.0,0.0,0.0
45898,0.0,0.0,0.0
45899,0.0,0.0,0.0
45900,0.0,0.0,0.0
45901,0.0,0.0,0.0
45902,0.0,0.0,0.0
45903,0.0,0.0,0.0
45904,0.0,0.0,0.0
45905,0.0,0.0,0.0
45906,0.0,0.0,0.0
45907,0.0,0.0,0.0
45908,0.0,0.0,0.0
45909,0.0,0.0,0.0
45910,0.0,0.0,0.0
45911,0.0,0.0,0.0
45912,0.0,0.0,0.0
45913,0.0,0.0,0.0
45914,0.0,0.0,0.0
45915,0.0,0.0,0.0
45916,0.0,0.0,0.0
45917,0.0,0.0,0.0
45918,0.0,0.0,0.0
45919,0.0,0.0,0.0
45920,0.0,0.0,0.0
45921,0.0,0.0,0.0
45922,0.0,0.0,0.0
45923,0.0,0.0,0.0
45924,0.0,0.0,0.0
45925,0.0,0.0,0.0
45926,0.0,0.0,0.0
45927,0.0,0.0,0.0
45928,0.0,0.0,0.0
45929,0.0,0.0,0.0
45930,0.0,0.0,0.0
45931,0.0,0.0,0.0
45932,0.0,0.0,0.0
45933,0.0,0.0,0.0
45934,0.0,0.0,0.0
45935,0.0,0.0,0.0
45936,0.0,0.0,0.0
45937,0.0,0.0,0.0
45938,0.0,0.0,0.0
45939,0.0,0.0,0.0
45940,0.0,0.0,0.0
45941,0.0,0.0,0.0
45942,0.0,0.0,0.0
45943,0.0,0.0,0.0
45944,0.0,0.0,0.0
45945,0.0,0.0,0.0
45946,0.0,0.0,0.0
45947,0.0,0.0,0.0
45948,0.0,0.0,0.0
45949,0.0,0.0,0.0
45950,0.0,0.0,0.0
45951,0.0,0.0,0.0
45952,0.0,0.0,0.0
45953,0.0,0.0,0.0
45954,0.0,0.0,0.0
45955,0.0,0.0,0.0
45956,0.0,0.0,0.0
45957,0.0,0.0,0.0
45958,0.0,0.0,0.0
45959,0.0,0.0,0.0
45960,0.0,0.0,0.0
45961,0.0,0.0,0.0
45962,0.0,0.0,0.0
45963,0.0,0.0,0.0
45964,0.0,0.0,0.0
45965,0.0,0.0,0.0
45966,0.0,0.0,0.0
45967,0.0,0.0,0.0
45968,0.0,0.0,0.0
45969,0.0,0.0,0.0
45970,0.0,0.0,0.0
45971,0.0,0.0,0.0
45972,0.0,0.0,0.0
45973,0.0,0.0,0.0
45974,0.0,0.0,0.0
45975,0.0,0.0,0.0
45976,0.0,0.0,0.0
45977,0.0,0.0,0.0
45978,0.0,0.0,0.0
45979,0.0,0.0,0.0
45980,0.0,0.0,0.0
45981,0.0,0.0,0.0
45982,0.0,0.0,0.0
45983,0.0,0.0,0.0
45984,0.0,0.0,0.0
45985,0.0,0.0,0.0
45986,0.0,0.0,0.0
45987,0.0,0.0,0.0
45988,0.0,0.0,0.0
45989,0.0,0.0,0.0
45990,0.0,0.0,0.0
45991,0.0,0.0,0.0
45992,0.0,0.0,0.0
45993,0.0,0.0,0.0
45994,0.0,0.0,0.0
45995,0.0,0.0,0.0
45996,0.0,0.0,0.0
45997,0.0,0.0,0.0
45998,0.0,0.0,0.0
45999,0.0,0.0,0.0
46000,0.0,0.0,0.0
46001,0.0,0.0,0.0
46002,0.0,0.0,0.0
46003,0.0,0.0,0.0
46004,0.0,0.0,0.0
46005,0.0,0.0,0.0
46006,0.0,0.0,0.0
46007,0.0,0.0,0.0
46008,0.0,0.0,0.0
46009,0.0,0.0,0.0
46010,0.0,0.0,0.0
46011,0.0,0.0,0.0
46012,0.0,0.0,0.0
46013,0.0,0.0,0.0
46014,0.0,0.0,0.0
46015,0.0,0.0,0.0
46016,0.0,0.0,0.0
46017,0.0,0.0,0.0
46018,0.0,0.0,0.0
46019,0.0,0.0,0.0
46020,0.0,0.0,0.0
46021,0.0,0.0,0.0
46022,0.0,0.0,0.0
46023,0.0,0.0,0.0
46024,0.0,0.0,0.0
46025,0.0,0.0,0.0
46026,0.0,0.0,0.0
46027,0.0,0.0,0.0
46028,0.0,0.0,0.0
46029,0.0,0.0,0.0
46030,0.0,0.0,0.0
46031,0.0,0.0,0.0
46032,0.0,0.0,0.0
46033,0.0,0.0,0.0
46034,0.0,0.0,0.0
46035,0.0,0.0,0.0
46036,0.0,0.0,0.0
46037,0.0,0.0,0.0
46038,0.0,0.0,0.0
46039,0.0,0.0,0.0
46040,0.0,0.0,0.0
46041,0.0,0.0,0.0
46042,0.0,0.0,0.0
46043,0.0,0.0,0.0
46044,0.0,0.0,0.0
46045,0.0,0.0,0.0
46046,0.0,0.0,0.0
46047,0.0,0.0,0.0
46048,0.0,0.0,0.0
46049,0.0,0.0,0.0
46050,0.0,0.0,0.0
46051,0.0,0.0,0.0
46052,0.0,0.0,0.0
46053,0.0,0.0,0.0
46054,0.0,0.0,0.0
46055,0.0,0.0,0.0
46056,0.0,0.0,0.0
46057,0.0,0.0,0.0
46058,0.0,0.0,0.0
46059,0.0,0.0,0.0
46060,0.0,0.0,0.0
46061,0.0,0.0,0.0
46062,0.0,0.0,0.0
46063,0.0,0.0,0.0
46064,0.0,0.0,0.0
46065,0.0,0.0,0.0
46066,0.0,0.0,0.0
46067,0.0,0.0,0.0
46068,0.0,0.0,0.0
46069,0.0,0.0,0.0
46070,0.0,0.0,0.0
46071,0.0,0.0,0.0
46072,0.0,0.0,0.0
46073,0.0,0.0,0.0
46074,0.0,0.0,0.0
46075,0.0,0.0,0.0
46076,0.0,0.0,0.0
46077,0.0,0.0,0.0
46078,0.0,0.0,0.0
46079,0.0,0.0,0.0
46080,0.0,0.0,0.0
46081,0.0,0.0,0.0
46082,0.0,0.0,0.0
46083,0.0,0.0,0.0
46084,0.0,0.0,0.0
46085,0.0,0.0,0.0
46086,0.0,0.0,0.0
46087,0.0,0.0,0.0
46088,0.0,0.0,0.0
46089,0.0,0.0,0.0
46090,0.0,0.0,0.0
46091,0.0,0.0,0.0
46092,0.0,0.0,0.0
46093,0.0,0.0,0.0
46094,0.0,0.0,0.0
46095,0.0,0.0,0.0
46096,0.0,0.0,0.0
46097,0.0,0.0,0.0
46098,0.0,0.0,0.0
46099,0.0,0.0,0.0
46100,0.0,0.0,0.0
46101,0.0,0.0,0.0
46102,0.0,0.0,0.0
46103,0.0,0.0,0.0
46104,0.0,0.0,0.0
46105,0.0,0.0,0.0
46106,0.0,0.0,0.0
46107,0.0,0.0,0.0
46108,0.0,0.0,0.0
46109,0.0,0.0,0.0
46110,0.0,0.0,0.0
46111,0.0,0.0,0.0
46112,0.0,0.0,0.0
46113,0.0,0.0,0.0
46114,0.0,0.0,0.0
46115,0.0,0.0,0.0
46116,0.0,0.0,0.0
46117,0.0,0.0,0.0
46118,0.0,0.0,0.0
46119,0.0,0.0,0.0
46120,0.0,0.0,0.0
46121,0.0,0.0,0.0
46122,0.0,0.0,0.0
46123,0.0,0.0,0.0
46124,0.0,0.0,0.0
46125,0.0,0.0,0.0
46126,0.0,0.0,0.0
46127,0.0,0.0,0.0
46128,0.0,0.0,0.0
46129,0.0,0.0,0.0
46130,0.0,0.0,0.0
46131,0.0,0.0,0.0
46132,0.0,0.0,0.0
46133,0.0,0.0,0.0
46134,0.0,0.0,0.0
46135,0.0,0.0,0.0
46136,0.0,0.0,0.0
46137,0.0,0.0,0.0
46138,0.0,0.0,0.0
46139,0.0,0.0,0.0
46140,0.0,0.0,0.0
46141,0.0,0.0,0.0
46142,0.0,0.0,0.0
46143,0.0,0.0,0.0
46144,0.0,0.0,0.0
46145,0.0,0.0,0.0
46146,0.0,0.0,0.0
46147,0.0,0.0,0.0
46148,0.0,0.0,0.0
46149,0.0,0.0,0.0
46150,0.0,0.0,0.0
46151,0.0,0.0,0.0
46152,0.0,0.0,0.0
46153,0.0,0.0,0.0
46154,0.0,0.0,0.0
46155,0.0,0.0,0.0
46156,0.0,0.0,0.0
46157,0.0,0.0,0.0
46158,0.0,0.0,0.0
46159,0.0,0.0,0.0
46160,0.0,0.0,0.0
46161,0.0,0.0,0.0
46162,0.0,0.0,0.0
46163,0.0,0.0,0.0
46164,0.0,0.0,0.0
46165,0.0,0.0,0.0
46166,0.0,0.0,0.0
46167,0.0,0.0,0.0
46168,0.0,0.0,0.0
46169,0.0,0.0,0.0
46170,0.0,0.0,0.0
46171,0.0,0.0,0.0
46172,0.0,0.0,0.0
46173,0.0,0.0,0.0
46174,0.0,0.0,0.0
46175,0.0,0.0,0.0
46176,0.0,0.0,0.0
46177,0.0,0.0,0.0
46178,0.0,0.0,0.0
46179,0.0,0.0,0.0
46180,0.0,0.0,0.0
46181,0.0,0.0,0.0
46182,0.0,0.0,0.0
46183,0.0,0.0,0.0
46184,0.0,0.0,0.0
46185,0.0,0.0,0.0
46186,0.0,0.0,0.0
46187,0.0,0.0,0.0
46188,0.0,0.0,0.0
46189,0.0,0.0,0.0
46190,0.0,0.0,0.0
46191,0.0,0.0,0.0
46192,0.0,0.0,0.0
46193,0.0,0.0,0.0
46194,0.0,0.0,0.0
46195,0.0,0.0,0.0
46196,0.0,0.0,0.0
46197,0.0,0.0,0.0
46198,0.0,0.0,0.0
46199,0.0,0.0,0.0
46200,0.0,0.0,0.0
46201,0.0,0.0,0.0
46202,0.0,0.0,0.0
46203,0.0,0.0,0.0
46204,0.0,0.0,0.0
46205,0.0,0.0,0.0
46206,0.0,0.0,0.0
46207,0.0,0.0,0.0
46208,0.0,0.0,0.0
46209,0.0,0.0,0.0
46210,0.0,0.0,0.0
46211,0.0,0.0,0.0
46212,0.0,0.0,0.0
46213,0.0,0.0,0.0
46214,0.0,0.0,0.0
46215,0.0,0.0,0.0
46216,0.0,0.0,0.0
46217,0.0,0.0,0.0
46218,0.0,0.0,0.0
46219,0.0,0.0,0.0
46220,0.0,0.0,0.0
46221,0.0,0.0,0.0
46222,0.0,0.0,0.0
46223,0.0,0.0,0.0
46224,0.0,0.0,0.0
46225,0.0,0.0,0.0
46226,0.0,0.0,0.0
46227,0.0,0.0,0.0
46228,0.0,0.0,0.0
46229,0.0,0.0,0.0
46230,0.0,0.0,0.0
46231,0.0,0.0,0.0
46232,0.0,0.0,0.0
46233,0.0,0.0,0.0
46234,0.0,0.0,0.0
46235,0.0,0.0,0.0
46236,0.0,0.0,0.0
46237,0.0,0.0,0.0
46238,0.0,0.0,0.0
46239,0.0,0.0,0.0
46240,0.0,0.0,0.0
46241,0.0,0.0,0.0
46242,0.0,0.0,0.0
46243,0.0,0.0,0.0
46244,0.0,0.0,0.0
46245,0.0,0.0,0.0
46246,0.0,0.0,0.0
46247,0.0,0.0,0.0
46248,0.0,0.0,0.0
46249,0.0,0.0,0.0
46250,0.0,0.0,0.0
46251,0.0,0.0,0.0
46252,0.0,0.0,0.0
46253,0.0,0.0,0.0
46254,0.0,0.0,0.0
46255,0.0,0.0,0.0
46256,0.0,0.0,0.0
46257,0.0,0.0,0.0
46258,0.0,0.0,0.0
46259,0.0,0.0,0.0
46260,0.0,0.0,0.0
46261,0.0,0.0,0.0
46262,0.0,0.0,0.0
46263,0.0,0.0,0.0
46264,0.0,0.0,0.0
46265,0.0,0.0,0.0
46266,0.0,0.0,0.0
46267,0.0,0.0,0.0
46268,0.0,0.0,0.0
46269,0.0,0.0,0.0
46270,0.0,0.0,0.0
46271,0.0,0.0,0.0
46272,0.0,0.0,0.0
46273,0.0,0.0,0.0
46274,0.0,0.0,0.0
46275,0.0,0.0,0.0
46276,0.0,0.0,0.0
46277,0.0,0.0,0.0
46278,0.0,0.0,0.0
46279,0.0,0.0,0.0
46280,0.0,0.0,0.0
46281,0.0,0.0,0.0
46282,0.0,0.0,0.0
46283,0.0,0.0,0.0
46284,0.0,0.0,0.0
46285,0.0,0.0,0.0
46286,0.0,0.0,0.0
46287,0.0,0.0,0.0
46288,0.0,0.0,0.0
46289,0.0,0.0,0.0
46290,0.0,0.0,0.0
46291,0.0,0.0,0.0
46292,0.0,0.0,0.0
46293,0.0,0.0,0.0
46294,0.0,0.0,0.0
46295,0.0,0.0,0.0
46296,0.0,0.0,0.0
46297,0.0,0.0,0.0
46298,0.0,0.0,0.0
46299,0.0,0.0,0.0
46300,0.0,0.0,0.0
46301,0.0,0.0,0.0
46302,0.0,0.0,0.0
46303,0.0,0.0,0.0
46304,0.0,0.0,0.0
46305,0.0,0.0,0.0
46306,0.0,0.0,0.0
46307,0.0,0.0,0.0
46308,0.0,0.0,0.0
46309,0.0,0.0,0.0
46310,0.0,0.0,0.0
46311,0.0,0.0,0.0
46312,0.0,0.0,0.0
46313,0.0,0.0,0.0
46314,0.0,0.0,0.0
46315,0.0,0.0,0.0
46316,0.0,0.0,0.0
46317,0.0,0.0,0.0
46318,0.0,0.0,0.0
46319,0.0,0.0,0.0
46320,0.0,0.0,0.0
46321,0.0,0.0,0.0
46322,0.0,0.0,0.0
46323,0.0,0.0,0.0
46324,0.0,0.0,0.0
46325,0.0,0.0,0.0
46326,0.0,0.0,0.0
46327,0.0,0.0,0.0
46328,0.0,0.0,0.0
46329,0.0,0.0,0.0
46330,0.0,0.0,0.0
46331,0.0,0.0,0.0
46332,0.0,0.0,0.0
46333,0.0,0.0,0.0
46334,0.0,0.0,0.0
46335,0.0,0.0,0.0
46336,0.0,0.0,0.0
46337,0.0,0.0,0.0
46338,0.0,0.0,0.0
46339,0.0,0.0,0.0
46340,0.0,0.0,0.0
46341,0.0,0.0,0.0
46342,0.0,0.0,0.0
46343,0.0,0.0,0.0
46344,0.0,0.0,0.0
46345,0.0,0.0,0.0
46346,0.0,0.0,0.0
46347,0.0,0.0,0.0
46348,0.0,0.0,0.0
46349,0.0,0.0,0.0
46350,0.0,0.0,0.0
46351,0.0,0.0,0.0
46352,0.0,0.0,0.0
46353,0.0,0.0,0.0
46354,0.0,0.0,0.0
46355,0.0,0.0,0.0
46356,0.0,0.0,0.0
46357,0.0,0.0,0.0
46358,0.0,0.0,0.0
46359,0.0,0.0,0.0
46360,0.0,0.0,0.0
46361,0.0,0.0,0.0
46362,0.0,0.0,0.0
46363,0.0,0.0,0.0
46364,0.0,0.0,0.0
46365,0.0,0.0,0.0
46366,0.0,0.0,0.0
46367,0.0,0.0,0.0
46368,0.0,0.0,0.0
46369,0.0,0.0,0.0
46370,0.0,0.0,0.0
46371,0.0,0.0,0.0
46372,0.0,0.0,0.0
46373,0.0,0.0,0.0
46374,0.0,0.0,0.0
46375,0.0,0.0,0.0
46376,0.0,0.0,0.0
46377,0.0,0.0,0.0
46378,0.0,0.0,0.0
46379,0.0,0.0,0.0
46380,0.0,0.0,0.0
46381,0.0,0.0,0.0
46382,0.0,0.0,0.0
46383,0.0,0.0,0.0
46384,0.0,0.0,0.0
46385,0.0,0.0,0.0
46386,0.0,0.0,0.0
46387,0.0,0.0,0.0
46388,0.0,0.0,0.0
46389,0.0,0.0,0.0
46390,0.0,0.0,0.0
46391,0.0,0.0,0.0
46392,0.0,0.0,0.0
46393,0.0,0.0,0.0
46394,0.0,0.0,0.0
46395,0.0,0.0,0.0
46396,0.0,0.0,0.0
46397,0.0,0.0,0.0
46398,0.0,0.0,0.0
46399,0.0,0.0,0.0
46400,0.0,0.0,0.0
46401,0.0,0.0,0.0
46402,0.0,0.0,0.0
46403,0.0,0.0,0.0
46404,0.0,0.0,0.0
46405,0.0,0.0,0.0
46406,0.0,0.0,0.0
46407,0.0,0.0,0.0
46408,0.0,0.0,0.0
46409,0.0,0.0,0.0
46410,0.0,0.0,0.0
46411,0.0,0.0,0.0
46412,0.0,0.0,0.0
46413,0.0,0.0,0.0
46414,0.0,0.0,0.0
46415,0.0,0.0,0.0
46416,0.0,0.0,0.0
46417,0.0,0.0,0.0
46418,0.0,0.0,0.0
46419,0.0,0.0,0.0
46420,0.0,0.0,0.0
46421,0.0,0.0,0.0
46422,0.0,0.0,0.0
46423,0.0,0.0,0.0
46424,0.0,0.0,0.0
46425,0.0,0.0,0.0
46426,0.0,0.0,0.0
46427,0.0,0.0,0.0
46428,0.0,0.0,0.0
46429,0.0,0.0,0.0
46430,0.0,0.0,0.0
46431,0.0,0.0,0.0
46432,0.0,0.0,0.0
46433,0.0,0.0,0.0
46434,0.0,0.0,0.0
46435,0.0,0.0,0.0
46436,0.0,0.0,0.0
46437,0.0,0.0,0.0
46438,0.0,0.0,0.0
46439,0.0,0.0,0.0
46440,0.0,0.0,0.0
46441,0.0,0.0,0.0
46442,0.0,0.0,0.0
46443,0.0,0.0,0.0
46444,0.0,0.0,0.0
46445,0.0,0.0,0.0
46446,0.0,0.0,0.0
46447,0.0,0.0,0.0
46448,0.0,0.0,0.0
46449,0.0,0.0,0.0
46450,0.0,0.0,0.0
46451,0.0,0.0,0.0
46452,0.0,0.0,0.0
46453,0.0,0.0,0.0
46454,0.0,0.0,0.0
46455,0.0,0.0,0.0
46456,0.0,0.0,0.0
46457,0.0,0.0,0.0
46458,0.0,0.0,0.0
46459,0.0,0.0,0.0
46460,0.0,0.0,0.0
46461,0.0,0.0,0.0
46462,0.0,0.0,0.0
46463,0.0,0.0,0.0
46464,0.0,0.0,0.0
46465,0.0,0.0,0.0
46466,0.0,0.0,0.0
46467,0.0,0.0,0.0
46468,0.0,0.0,0.0
46469,0.0,0.0,0.0
46470,0.0,0.0,0.0
46471,0.0,0.0,0.0
46472,0.0,0.0,0.0
46473,0.0,0.0,0.0
46474,0.0,0.0,0.0
46475,0.0,0.0,0.0
46476,0.0,0.0,0.0
46477,0.0,0.0,0.0
46478,0.0,0.0,0.0
46479,0.0,0.0,0.0
46480,0.0,0.0,0.0
46481,0.0,0.0,0.0
46482,0.0,0.0,0.0
46483,0.0,0.0,0.0
46484,0.0,0.0,0.0
46485,0.0,0.0,0.0
46486,0.0,0.0,0.0
46487,0.0,0.0,0.0
46488,0.0,0.0,0.0
46489,0.0,0.0,0.0
46490,0.0,0.0,0.0
46491,0.0,0.0,0.0
46492,0.0,0.0,0.0
46493,0.0,0.0,0.0
46494,0.0,0.0,0.0
46495,0.0,0.0,0.0
46496,0.0,0.0,0.0
46497,0.0,0.0,0.0
46498,0.0,0.0,0.0
46499,0.0,0.0,0.0
46500,0.0,0.0,0.0
46501,0.0,0.0,0.0
46502,0.0,0.0,0.0
46503,0.0,0.0,0.0
46504,0.0,0.0,0.0
46505,0.0,0.0,0.0
46506,0.0,0.0,0.0
46507,0.0,0.0,0.0
46508,0.0,0.0,0.0
46509,0.0,0.0,0.0
46510,0.0,0.0,0.0
46511,0.0,0.0,0.0
46512,0.0,0.0,0.0
46513,0.0,0.0,0.0
46514,0.0,0.0,0.0
46515,0.0,0.0,0.0
46516,0.0,0.0,0.0
46517,0.0,0.0,0.0
46518,0.0,0.0,0.0
46519,0.0,0.0,0.0
46520,0.0,0.0,0.0
46521,0.0,0.0,0.0
46522,0.0,0.0,0.0
46523,0.0,0.0,0.0
46524,0.0,0.0,0.0
46525,0.0,0.0,0.0
46526,0.0,0.0,0.0
46527,0.0,0.0,0.0
46528,0.0,0.0,0.0
46529,0.0,0.0,0.0
46530,0.0,0.0,0.0
46531,0.0,0.0,0.0
46532,0.0,0.0,0.0
46533,0.0,0.0,0.0
46534,0.0,0.0,0.0
46535,0.0,0.0,0.0
46536,0.0,0.0,0.0
46537,0.0,0.0,0.0
46538,0.0,0.0,0.0
46539,0.0,0.0,0.0
46540,0.0,0.0,0.0
46541,0.0,0.0,0.0
46542,0.0,0.0,0.0
46543,0.0,0.0,0.0
46544,0.0,0.0,0.0
46545,0.0,0.0,0.0
46546,0.0,0.0,0.0
46547,0.0,0.0,0.0
46548,0.0,0.0,0.0
46549,0.0,0.0,0.0
46550,0.0,0.0,0.0
46551,0.0,0.0,0.0
46552,0.0,0.0,0.0
46553,0.0,0.0,0.0
46554,0.0,0.0,0.0
46555,0.0,0.0,0.0
46556,0.0,0.0,0.0
46557,0.0,0.0,0.0
46558,0.0,0.0,0.0
46559,0.0,0.0,0.0
46560,0.0,0.0,0.0
46561,0.0,0.0,0.0
46562,0.0,0.0,0.0
46563,0.0,0.0,0.0
46564,0.0,0.0,0.0
46565,0.0,0.0,0.0
46566,0.0,0.0,0.0
46567,0.0,0.0,0.0
46568,0.0,0.0,0.0
46569,0.0,0.0,0.0
46570,0.0,0.0,0.0
46571,0.0,0.0,0.0
46572,0.0,0.0,0.0
46573,0.0,0.0,0.0
46574,0.0,0.0,0.0
46575,0.0,0.0,0.0
46576,0.0,0.0,0.0
46577,0.0,0.0,0.0
46578,0.0,0.0,0.0
46579,0.0,0.0,0.0
46580,0.0,0.0,0.0
46581,0.0,0.0,0.0
46582,0.0,0.0,0.0
46583,0.0,0.0,0.0
46584,0.0,0.0,0.0
46585,0.0,0.0,0.0
46586,0.0,0.0,0.0
46587,0.0,0.0,0.0
46588,0.0,0.0,0.0
46589,0.0,0.0,0.0
46590,0.0,0.0,0.0
46591,0.0,0.0,0.0
46592,0.0,0.0,0.0
46593,0.0,0.0,0.0
46594,0.0,0.0,0.0
46595,0.0,0.0,0.0
46596,0.0,0.0,0.0
46597,0.0,0.0,0.0
46598,0.0,0.0,0.0
46599,0.0,0.0,0.0
46600,0.0,0.0,0.0
46601,0.0,0.0,0.0
46602,0.0,0.0,0.0
46603,0.0,0.0,0.0
46604,0.0,0.0,0.0
46605,0.0,0.0,0.0
46606,0.0,0.0,0.0
46607,0.0,0.0,0.0
46608,0.0,0.0,0.0
46609,0.0,0.0,0.0
46610,0.0,0.0,0.0
46611,0.0,0.0,0.0
46612,0.0,0.0,0.0
46613,0.0,0.0,0.0
46614,0.0,0.0,0.0
46615,0.0,0.0,0.0
46616,0.0,0.0,0.0
46617,0.0,0.0,0.0
46618,0.0,0.0,0.0
46619,0.0,0.0,0.0
46620,0.0,0.0,0.0
46621,0.0,0.0,0.0
46622,0.0,0.0,0.0
46623,0.0,0.0,0.0
46624,0.0,0.0,0.0
46625,0.0,0.0,0.0
46626,0.0,0.0,0.0
46627,0.0,0.0,0.0
46628,0.0,0.0,0.0
46629,0.0,0.0,0.0
46630,0.0,0.0,0.0
46631,0.0,0.0,0.0
46632,0.0,0.0,0.0
46633,0.0,0.0,0.0
46634,0.0,0.0,0.0
46635,0.0,0.0,0.0
46636,0.0,0.0,0.0
46637,0.0,0.0,0.0
46638,0.0,0.0,0.0
46639,0.0,0.0,0.0
46640,0.0,0.0,0.0
46641,0.0,0.0,0.0
46642,0.0,0.0,0.0
46643,0.0,0.0,0.0
46644,0.0,0.0,0.0
46645,0.0,0.0,0.0
46646,0.0,0.0,0.0
46647,0.0,0.0,0.0
46648,0.0,0.0,0.0
46649,0.0,0.0,0.0
46650,0.0,0.0,0.0
46651,0.0,0.0,0.0
46652,0.0,0.0,0.0
46653,0.0,0.0,0.0
46654,0.0,0.0,0.0
46655,0.0,0.0,0.0
46656,0.0,0.0,0.0
46657,0.0,0.0,0.0
46658,0.0,0.0,0.0
46659,0.0,0.0,0.0
46660,0.0,0.0,0.0
46661,0.0,0.0,0.0
46662,0.0,0.0,0.0
46663,0.0,0.0,0.0
46664,0.0,0.0,0.0
46665,0.0,0.0,0.0
46666,0.0,0.0,0.0
46667,0.0,0.0,0.0
46668,0.0,0.0,0.0
46669,0.0,0.0,0.0
46670,0.0,0.0,0.0
46671,0.0,0.0,0.0
46672,0.0,0.0,0.0
46673,0.0,0.0,0.0
46674,0.0,0.0,0.0
46675,0.0,0.0,0.0
46676,0.0,0.0,0.0
46677,0.0,0.0,0.0
46678,0.0,0.0,0.0
46679,0.0,0.0,0.0
46680,0.0,0.0,0.0
46681,0.0,0.0,0.0
46682,0.0,0.0,0.0
46683,0.0,0.0,0.0
46684,0.0,0.0,0.0
46685,0.0,0.0,0.0
46686,0.0,0.0,0.0
46687,0.0,0.0,0.0
46688,0.0,0.0,0.0
46689,0.0,0.0,0.0
46690,0.0,0.0,0.0
46691,0.0,0.0,0.0
46692,0.0,0.0,0.0
46693,0.0,0.0,0.0
46694,0.0,0.0,0.0
46695,0.0,0.0,0.0
46696,0.0,0.0,0.0
46697,0.0,0.0,0.0
46698,0.0,0.0,0.0
46699,0.0,0.0,0.0
46700,0.0,0.0,0.0
46701,0.0,0.0,0.0
46702,0.0,0.0,0.0
46703,0.0,0.0,0.0
46704,0.0,0.0,0.0
46705,0.0,0.0,0.0
46706,0.0,0.0,0.0
46707,0.0,0.0,0.0
46708,0.0,0.0,0.0
46709,0.0,0.0,0.0
46710,0.0,0.0,0.0
46711,0.0,0.0,0.0
46712,0.0,0.0,0.0
46713,0.0,0.0,0.0
46714,0.0,0.0,0.0
46715,0.0,0.0,0.0
46716,0.0,0.0,0.0
46717,0.0,0.0,0.0
46718,0.0,0.0,0.0
46719,0.0,0.0,0.0
46720,0.0,0.0,0.0
46721,0.0,0.0,0.0
46722,0.0,0.0,0.0
46723,0.0,0.0,0.0
46724,0.0,0.0,0.0
46725,0.0,0.0,0.0
46726,0.0,0.0,0.0
46727,0.0,0.0,0.0
46728,0.0,0.0,0.0
46729,0.0,0.0,0.0
46730,0.0,0.0,0.0
46731,0.0,0.0,0.0
46732,0.0,0.0,0.0
46733,0.0,0.0,0.0
46734,0.0,0.0,0.0
46735,0.0,0.0,0.0
46736,0.0,0.0,0.0
46737,0.0,0.0,0.0
46738,0.0,0.0,0.0
46739,0.0,0.0,0.0
46740,0.0,0.0,0.0
46741,0.0,0.0,0.0
46742,0.0,0.0,0.0
46743,0.0,0.0,0.0
46744,0.0,0.0,0.0
46745,0.0,0.0,0.0
46746,0.0,0.0,0.0
46747,0.0,0.0,0.0
46748,0.0,0.0,0.0
46749,0.0,0.0,0.0
46750,0.0,0.0,0.0
46751,0.0,0.0,0.0
46752,0.0,0.0,0.0
46753,0.0,0.0,0.0
46754,0.0,0.0,0.0
46755,0.0,0.0,0.0
46756,0.0,0.0,0.0
46757,0.0,0.0,0.0
46758,0.0,0.0,0.0
46759,0.0,0.0,0.0
46760,0.0,0.0,0.0
46761,0.0,0.0,0.0
46762,0.0,0.0,0.0
46763,0.0,0.0,0.0
46764,0.0,0.0,0.0
46765,0.0,0.0,0.0
46766,0.0,0.0,0.0
46767,0.0,0.0,0.0
46768,0.0,0.0,0.0
46769,0.0,0.0,0.0
46770,0.0,0.0,0.0
46771,0.0,0.0,0.0
46772,0.0,0.0,0.0
46773,0.0,0.0,0.0
46774,0.0,0.0,0.0
46775,0.0,0.0,0.0
46776,0.0,0.0,0.0
46777,0.0,0.0,0.0
46778,0.0,0.0,0.0
46779,0.0,0.0,0.0
46780,0.0,0.0,0.0
46781,0.0,0.0,0.0
46782,0.0,0.0,0.0
46783,0.0,0.0,0.0
46784,0.0,0.0,0.0
46785,0.0,0.0,0.0
46786,0.0,0.0,0.0
46787,0.0,0.0,0.0
46788,0.0,0.0,0.0
46789,0.0,0.0,0.0
46790,0.0,0.0,0.0
46791,0.0,0.0,0.0
46792,0.0,0.0,0.0
46793,0.0,0.0,0.0
46794,0.0,0.0,0.0
46795,0.0,0.0,0.0
46796,0.0,0.0,0.0
46797,0.0,0.0,0.0
46798,0.0,0.0,0.0
46799,0.0,0.0,0.0
46800,0.0,0.0,0.0
46801,0.0,0.0,0.0
46802,0.0,0.0,0.0
46803,0.0,0.0,0.0
46804,0.0,0.0,0.0
46805,0.0,0.0,0.0
46806,0.0,0.0,0.0
46807,0.0,0.0,0.0
46808,0.0,0.0,0.0
46809,0.0,0.0,0.0
46810,0.0,0.0,0.0
46811,0.0,0.0,0.0
46812,0.0,0.0,0.0
46813,0.0,0.0,0.0
46814,0.0,0.0,0.0
46815,0.0,0.0,0.0
46816,0.0,0.0,0.0
46817,0.0,0.0,0.0
46818,0.0,0.0,0.0
46819,0.0,0.0,0.0
46820,0.0,0.0,0.0
46821,0.0,0.0,0.0
46822,0.0,0.0,0.0
46823,0.0,0.0,0.0
46824,0.0,0.0,0.0
46825,0.0,0.0,0.0
46826,0.0,0.0,0.0
46827,0.0,0.0,0.0
46828,0.0,0.0,0.0
46829,0.0,0.0,0.0
46830,0.0,0.0,0.0
46831,0.0,0.0,0.0
46832,0.0,0.0,0.0
46833,0.0,0.0,0.0
46834,0.0,0.0,0.0
46835,0.0,0.0,0.0
46836,0.0,0.0,0.0
46837,0.0,0.0,0.0
46838,0.0,0.0,0.0
46839,0.0,0.0,0.0
46840,0.0,0.0,0.0
46841,0.0,0.0,0.0
46842,0.0,0.0,0.0
46843,0.0,0.0,0.0
46844,0.0,0.0,0.0
46845,0.0,0.0,0.0
46846,0.0,0.0,0.0
46847,0.0,0.0,0.0
46848,0.0,0.0,0.0
46849,0.0,0.0,0.0
46850,0.0,0.0,0.0
46851,0.0,0.0,0.0
46852,0.0,0.0,0.0
46853,0.0,0.0,0.0
46854,0.0,0.0,0.0
46855,0.0,0.0,0.0
46856,0.0,0.0,0.0
46857,0.0,0.0,0.0
46858,0.0,0.0,0.0
46859,0.0,0.0,0.0
46860,0.0,0.0,0.0
46861,0.0,0.0,0.0
46862,0.0,0.0,0.0
46863,0.0,0.0,0.0
46864,0.0,0.0,0.0
46865,0.0,0.0,0.0
46866,0.0,0.0,0.0
46867,0.0,0.0,0.0
46868,0.0,0.0,0.0
46869,0.0,0.0,0.0
46870,0.0,0.0,0.0
46871,0.0,0.0,0.0
46872,0.0,0.0,0.0
46873,0.0,0.0,0.0
46874,0.0,0.0,0.0
46875,0.0,0.0,0.0
46876,0.0,0.0,0.0
46877,0.0,0.0,0.0
46878,0.0,0.0,0.0
46879,0.0,0.0,0.0
46880,0.0,0.0,0.0
46881,0.0,0.0,0.0
46882,0.0,0.0,0.0
46883,0.0,0.0,0.0
46884,0.0,0.0,0.0
46885,0.0,0.0,0.0
46886,0.0,0.0,0.0
46887,0.0,0.0,0.0
46888,0.0,0.0,0.0
46889,0.0,0.0,0.0
46890,0.0,0.0,0.0
46891,0.0,0.0,0.0
46892,0.0,0.0,0.0
46893,0.0,0.0,0.0
46894,0.0,0.0,0.0
46895,0.0,0.0,0.0
46896,0.0,0.0,0.0
46897,0.0,0.0,0.0
46898,0.0,0.0,0.0
46899,0.0,0.0,0.0
46900,0.0,0.0,0.0
46901,0.0,0.0,0.0
46902,0.0,0.0,0.0
46903,0.0,0.0,0.0
46904,0.0,0.0,0.0
46905,0.0,0.0,0.0
46906,0.0,0.0,0.0
46907,0.0,0.0,0.0
46908,0.0,0.0,0.0
46909,0.0,0.0,0.0
46910,0.0,0.0,0.0
46911,0.0,0.0,0.0
46912,0.0,0.0,0.0
46913,0.0,0.0,0.0
46914,0.0,0.0,0.0
46915,0.0,0.0,0.0
46916,0.0,0.0,0.0
46917,0.0,0.0,0.0
46918,0.0,0.0,0.0
46919,0.0,0.0,0.0
46920,0.0,0.0,0.0
46921,0.0,0.0,0.0
46922,0.0,0.0,0.0
46923,0.0,0.0,0.0
46924,0.0,0.0,0.0
46925,0.0,0.0,0.0
46926,0.0,0.0,0.0
46927,0.0,0.0,0.0
46928,0.0,0.0,0.0
46929,0.0,0.0,0.0
46930,0.0,0.0,0.0
46931,0.0,0.0,0.0
46932,0.0,0.0,0.0
46933,0.0,0.0,0.0
46934,0.0,0.0,0.0
46935,0.0,0.0,0.0
46936,0.0,0.0,0.0
46937,0.0,0.0,0.0
46938,0.0,0.0,0.0
46939,0.0,0.0,0.0
46940,0.0,0.0,0.0
46941,0.0,0.0,0.0
46942,0.0,0.0,0.0
46943,0.0,0.0,0.0
46944,0.0,0.0,0.0
46945,0.0,0.0,0.0
46946,0.0,0.0,0.0
46947,0.0,0.0,0.0
46948,0.0,0.0,0.0
46949,0.0,0.0,0.0
46950,0.0,0.0,0.0
46951,0.0,0.0,0.0
46952,0.0,0.0,0.0
46953,0.0,0.0,0.0
46954,0.0,0.0,0.0
46955,0.0,0.0,0.0
46956,0.0,0.0,0.0
46957,0.0,0.0,0.0
46958,0.0,0.0,0.0
46959,0.0,0.0,0.0
46960,0.0,0.0,0.0
46961,0.0,0.0,0.0
46962,0.0,0.0,0.0
46963,0.0,0.0,0.0
46964,0.0,0.0,0.0
46965,0.0,0.0,0.0
46966,0.0,0.0,0.0
46967,0.0,0.0,0.0
46968,0.0,0.0,0.0
46969,0.0,0.0,0.0
46970,0.0,0.0,0.0
46971,0.0,0.0,0.0
46972,0.0,0.0,0.0
46973,0.0,0.0,0.0
46974,0.0,0.0,0.0
46975,0.0,0.0,0.0
46976,0.0,0.0,0.0
46977,0.0,0.0,0.0
46978,0.0,0.0,0.0
46979,0.0,0.0,0.0
46980,0.0,0.0,0.0
46981,0.0,0.0,0.0
46982,0.0,0.0,0.0
46983,0.0,0.0,0.0
46984,0.0,0.0,0.0
46985,0.0,0.0,0.0
46986,0.0,0.0,0.0
46987,0.0,0.0,0.0
46988,0.0,0.0,0.0
46989,0.0,0.0,0.0
46990,0.0,0.0,0.0
46991,0.0,0.0,0.0
46992,0.0,0.0,0.0
46993,0.0,0.0,0.0
46994,0.0,0.0,0.0
46995,0.0,0.0,0.0
46996,0.0,0.0,0.0
46997,0.0,0.0,0.0
46998,0.0,0.0,0.0
46999,0.0,0.0,0.0
47000,0.0,0.0,0.0
47001,0.0,0.0,0.0
47002,0.0,0.0,0.0
47003,0.0,0.0,0.0
47004,0.0,0.0,0.0
47005,0.0,0.0,0.0
47006,0.0,0.0,0.0
47007,0.0,0.0,0.0
47008,0.0,0.0,0.0
47009,0.0,0.0,0.0
47010,0.0,0.0,0.0
47011,0.0,0.0,0.0
47012,0.0,0.0,0.0
47013,0.0,0.0,0.0
47014,0.0,0.0,0.0
47015,0.0,0.0,0.0
47016,0.0,0.0,0.0
47017,0.0,0.0,0.0
47018,0.0,0.0,0.0
47019,0.0,0.0,0.0
47020,0.0,0.0,0.0
47021,0.0,0.0,0.0
47022,0.0,0.0,0.0
47023,0.0,0.0,0.0
47024,0.0,0.0,0.0
47025,0.0,0.0,0.0
47026,0.0,0.0,0.0
47027,0.0,0.0,0.0
47028,0.0,0.0,0.0
47029,0.0,0.0,0.0
47030,0.0,0.0,0.0
47031,0.0,0.0,0.0
47032,0.0,0.0,0.0
47033,0.0,0.0,0.0
47034,0.0,0.0,0.0
47035,0.0,0.0,0.0
47036,0.0,0.0,0.0
47037,0.0,0.0,0.0
47038,0.0,0.0,0.0
47039,0.0,0.0,0.0
47040,0.0,0.0,0.0
47041,0.0,0.0,0.0
47042,0.0,0.0,0.0
47043,0.0,0.0,0.0
47044,0.0,0.0,0.0
47045,0.0,0.0,0.0
47046,0.0,0.0,0.0
47047,0.0,0.0,0.0
47048,0.0,0.0,0.0
47049,0.0,0.0,0.0
47050,0.0,0.0,0.0
47051,0.0,0.0,0.0
47052,0.0,0.0,0.0
47053,0.0,0.0,0.0
47054,0.0,0.0,0.0
47055,0.0,0.0,0.0
47056,0.0,0.0,0.0
47057,0.0,0.0,0.0
47058,0.0,0.0,0.0
47059,0.0,0.0,0.0
47060,0.0,0.0,0.0
47061,0.0,0.0,0.0
47062,0.0,0.0,0.0
47063,0.0,0.0,0.0
47064,0.0,0.0,0.0
47065,0.0,0.0,0.0
47066,0.0,0.0,0.0
47067,0.0,0.0,0.0
47068,0.0,0.0,0.0
47069,0.0,0.0,0.0
47070,0.0,0.0,0.0
47071,0.0,0.0,0.0
47072,0.0,0.0,0.0
47073,0.0,0.0,0.0
47074,0.0,0.0,0.0
47075,0.0,0.0,0.0
47076,0.0,0.0,0.0
47077,0.0,0.0,0.0
47078,0.0,0.0,0.0
47079,0.0,0.0,0.0
47080,0.0,0.0,0.0
47081,0.0,0.0,0.0
47082,0.0,0.0,0.0
47083,0.0,0.0,0.0
47084,0.0,0.0,0.0
47085,0.0,0.0,0.0
47086,0.0,0.0,0.0
47087,0.0,0.0,0.0
47088,0.0,0.0,0.0
47089,0.0,0.0,0.0
47090,0.0,0.0,0.0
47091,0.0,0.0,0.0
47092,0.0,0.0,0.0
47093,0.0,0.0,0.0
47094,0.0,0.0,0.0
47095,0.0,0.0,0.0
47096,0.0,0.0,0.0
47097,0.0,0.0,0.0
47098,0.0,0.0,0.0
47099,0.0,0.0,0.0
47100,0.0,0.0,0.0
47101,0.0,0.0,0.0
47102,0.0,0.0,0.0
47103,0.0,0.0,0.0
47104,0.0,0.0,0.0
47105,0.0,0.0,0.0
47106,0.0,0.0,0.0
47107,0.0,0.0,0.0
47108,0.0,0.0,0.0
47109,0.0,0.0,0.0
47110,0.0,0.0,0.0
47111,0.0,0.0,0.0
47112,0.0,0.0,0.0
47113,0.0,0.0,0.0
47114,0.0,0.0,0.0
47115,0.0,0.0,0.0
47116,0.0,0.0,0.0
47117,0.0,0.0,0.0
47118,0.0,0.0,0.0
47119,0.0,0.0,0.0
47120,0.0,0.0,0.0
47121,0.0,0.0,0.0
47122,0.0,0.0,0.0
47123,0.0,0.0,0.0
47124,0.0,0.0,0.0
47125,0.0,0.0,0.0
47126,0.0,0.0,0.0
47127,0.0,0.0,0.0
47128,0.0,0.0,0.0
47129,0.0,0.0,0.0
47130,0.0,0.0,0.0
47131,0.0,0.0,0.0
47132,0.0,0.0,0.0
47133,0.0,0.0,0.0
47134,0.0,0.0,0.0
47135,0.0,0.0,0.0
47136,0.0,0.0,0.0
47137,0.0,0.0,0.0
47138,0.0,0.0,0.0
47139,0.0,0.0,0.0
47140,0.0,0.0,0.0
47141,0.0,0.0,0.0
47142,0.0,0.0,0.0
47143,0.0,0.0,0.0
47144,0.0,0.0,0.0
47145,0.0,0.0,0.0
47146,0.0,0.0,0.0
47147,0.0,0.0,0.0
47148,0.0,0.0,0.0
47149,0.0,0.0,0.0
47150,0.0,0.0,0.0
47151,0.0,0.0,0.0
47152,0.0,0.0,0.0
47153,0.0,0.0,0.0
47154,0.0,0.0,0.0
47155,0.0,0.0,0.0
47156,0.0,0.0,0.0
47157,0.0,0.0,0.0
47158,0.0,0.0,0.0
47159,0.0,0.0,0.0
47160,0.0,0.0,0.0
47161,0.0,0.0,0.0
47162,0.0,0.0,0.0
47163,0.0,0.0,0.0
47164,0.0,0.0,0.0
47165,0.0,0.0,0.0
47166,0.0,0.0,0.0
47167,0.0,0.0,0.0
47168,0.0,0.0,0.0
47169,0.0,0.0,0.0
47170,0.0,0.0,0.0
47171,0.0,0.0,0.0
47172,0.0,0.0,0.0
47173,0.0,0.0,0.0
47174,0.0,0.0,0.0
47175,0.0,0.0,0.0
47176,0.0,0.0,0.0
47177,0.0,0.0,0.0
47178,0.0,0.0,0.0
47179,0.0,0.0,0.0
47180,0.0,0.0,0.0
47181,0.0,0.0,0.0
47182,0.0,0.0,0.0
47183,0.0,0.0,0.0
47184,0.0,0.0,0.0
47185,0.0,0.0,0.0
47186,0.0,0.0,0.0
47187,0.0,0.0,0.0
47188,0.0,0.0,0.0
47189,0.0,0.0,0.0
47190,0.0,0.0,0.0
47191,0.0,0.0,0.0
47192,0.0,0.0,0.0
47193,0.0,0.0,0.0
47194,0.0,0.0,0.0
47195,0.0,0.0,0.0
47196,0.0,0.0,0.0
47197,0.0,0.0,0.0
47198,0.0,0.0,0.0
47199,0.0,0.0,0.0
47200,0.0,0.0,0.0
47201,0.0,0.0,0.0
47202,0.0,0.0,0.0
47203,0.0,0.0,0.0
47204,0.0,0.0,0.0
47205,0.0,0.0,0.0
47206,0.0,0.0,0.0
47207,0.0,0.0,0.0
47208,0.0,0.0,0.0
47209,0.0,0.0,0.0
47210,0.0,0.0,0.0
47211,0.0,0.0,0.0
47212,0.0,0.0,0.0
47213,0.0,0.0,0.0
47214,0.0,0.0,0.0
47215,0.0,0.0,0.0
47216,0.0,0.0,0.0
47217,0.0,0.0,0.0
47218,0.0,0.0,0.0
47219,0.0,0.0,0.0
47220,0.0,0.0,0.0
47221,0.0,0.0,0.0
47222,0.0,0.0,0.0
47223,0.0,0.0,0.0
47224,0.0,0.0,0.0
47225,0.0,0.0,0.0
47226,0.0,0.0,0.0
47227,0.0,0.0,0.0
47228,0.0,0.0,0.0
47229,0.0,0.0,0.0
47230,0.0,0.0,0.0
47231,0.0,0.0,0.0
47232,0.0,0.0,0.0
47233,0.0,0.0,0.0
47234,0.0,0.0,0.0
47235,0.0,0.0,0.0
47236,0.0,0.0,0.0
47237,0.0,0.0,0.0
47238,0.0,0.0,0.0
47239,0.0,0.0,0.0
47240,0.0,0.0,0.0
47241,0.0,0.0,0.0
47242,0.0,0.0,0.0
47243,0.0,0.0,0.0
47244,0.0,0.0,0.0
47245,0.0,0.0,0.0
47246,0.0,0.0,0.0
47247,0.0,0.0,0.0
47248,0.0,0.0,0.0
47249,0.0,0.0,0.0
47250,0.0,0.0,0.0
47251,0.0,0.0,0.0
47252,0.0,0.0,0.0
47253,0.0,0.0,0.0
47254,0.0,0.0,0.0
47255,0.0,0.0,0.0
47256,0.0,0.0,0.0
47257,0.0,0.0,0.0
47258,0.0,0.0,0.0
47259,0.0,0.0,0.0
47260,0.0,0.0,0.0
47261,0.0,0.0,0.0
47262,0.0,0.0,0.0
47263,0.0,0.0,0.0
47264,0.0,0.0,0.0
47265,0.0,0.0,0.0
47266,0.0,0.0,0.0
47267,0.0,0.0,0.0
47268,0.0,0.0,0.0
47269,0.0,0.0,0.0
47270,0.0,0.0,0.0
47271,0.0,0.0,0.0
47272,0.0,0.0,0.0
47273,0.0,0.0,0.0
47274,0.0,0.0,0.0
47275,0.0,0.0,0.0
47276,0.0,0.0,0.0
47277,0.0,0.0,0.0
47278,0.0,0.0,0.0
47279,0.0,0.0,0.0
47280,0.0,0.0,0.0
47281,0.0,0.0,0.0
47282,0.0,0.0,0.0
47283,0.0,0.0,0.0
47284,0.0,0.0,0.0
47285,0.0,0.0,0.0
47286,0.0,0.0,0.0
47287,0.0,0.0,0.0
47288,0.0,0.0,0.0
47289,0.0,0.0,0.0
47290,0.0,0.0,0.0
47291,0.0,0.0,0.0
47292,0.0,0.0,0.0
47293,0.0,0.0,0.0
47294,0.0,0.0,0.0
47295,0.0,0.0,0.0
47296,0.0,0.0,0.0
47297,0.0,0.0,0.0
47298,0.0,0.0,0.0
47299,0.0,0.0,0.0
47300,0.0,0.0,0.0
47301,0.0,0.0,0.0
47302,0.0,0.0,0.0
47303,0.0,0.0,0.0
47304,0.0,0.0,0.0
47305,0.0,0.0,0.0
47306,0.0,0.0,0.0
47307,0.0,0.0,0.0
47308,0.0,0.0,0.0
47309,0.0,0.0,0.0
47310,0.0,0.0,0.0
47311,0.0,0.0,0.0
47312,0.0,0.0,0.0
47313,0.0,0.0,0.0
47314,0.0,0.0,0.0
47315,0.0,0.0,0.0
47316,0.0,0.0,0.0
47317,0.0,0.0,0.0
47318,0.0,0.0,0.0
47319,0.0,0.0,0.0
47320,0.0,0.0,0.0
47321,0.0,0.0,0.0
47322,0.0,0.0,0.0
47323,0.0,0.0,0.0
47324,0.0,0.0,0.0
47325,0.0,0.0,0.0
47326,0.0,0.0,0.0
47327,0.0,0.0,0.0
47328,0.0,0.0,0.0
47329,0.0,0.0,0.0
47330,0.0,0.0,0.0
47331,0.0,0.0,0.0
47332,0.0,0.0,0.0
47333,0.0,0.0,0.0
47334,0.0,0.0,0.0
47335,0.0,0.0,0.0
47336,0.0,0.0,0.0
47337,0.0,0.0,0.0
47338,0.0,0.0,0.0
47339,0.0,0.0,0.0
47340,0.0,0.0,0.0
47341,0.0,0.0,0.0
47342,0.0,0.0,0.0
47343,0.0,0.0,0.0
47344,0.0,0.0,0.0
47345,0.0,0.0,0.0
47346,0.0,0.0,0.0
47347,0.0,0.0,0.0
47348,0.0,0.0,0.0
47349,0.0,0.0,0.0
47350,0.0,0.0,0.0
47351,0.0,0.0,0.0
47352,0.0,0.0,0.0
47353,0.0,0.0,0.0
47354,0.0,0.0,0.0
47355,0.0,0.0,0.0
47356,0.0,0.0,0.0
47357,0.0,0.0,0.0
47358,0.0,0.0,0.0
47359,0.0,0.0,0.0
47360,0.0,0.0,0.0
47361,0.0,0.0,0.0
47362,0.0,0.0,0.0
47363,0.0,0.0,0.0
47364,0.0,0.0,0.0
47365,0.0,0.0,0.0
47366,0.0,0.0,0.0
47367,0.0,0.0,0.0
47368,0.0,0.0,0.0
47369,0.0,0.0,0.0
47370,0.0,0.0,0.0
47371,0.0,0.0,0.0
47372,0.0,0.0,0.0
47373,0.0,0.0,0.0
47374,0.0,0.0,0.0
47375,0.0,0.0,0.0
47376,0.0,0.0,0.0
47377,0.0,0.0,0.0
47378,0.0,0.0,0.0
47379,0.0,0.0,0.0
47380,0.0,0.0,0.0
47381,0.0,0.0,0.0
47382,0.0,0.0,0.0
47383,0.0,0.0,0.0
47384,0.0,0.0,0.0
47385,0.0,0.0,0.0
47386,0.0,0.0,0.0
47387,0.0,0.0,0.0
47388,0.0,0.0,0.0
47389,0.0,0.0,0.0
47390,0.0,0.0,0.0
47391,0.0,0.0,0.0
47392,0.0,0.0,0.0
47393,0.0,0.0,0.0
47394,0.0,0.0,0.0
47395,0.0,0.0,0.0
47396,0.0,0.0,0.0
47397,0.0,0.0,0.0
47398,0.0,0.0,0.0
47399,0.0,0.0,0.0
47400,0.0,0.0,0.0
47401,0.0,0.0,0.0
47402,0.0,0.0,0.0
47403,0.0,0.0,0.0
47404,0.0,0.0,0.0
47405,0.0,0.0,0.0
47406,0.0,0.0,0.0
47407,0.0,0.0,0.0
47408,0.0,0.0,0.0
47409,0.0,0.0,0.0
47410,0.0,0.0,0.0
47411,0.0,0.0,0.0
47412,0.0,0.0,0.0
47413,0.0,0.0,0.0
47414,0.0,0.0,0.0
47415,0.0,0.0,0.0
47416,0.0,0.0,0.0
47417,0.0,0.0,0.0
47418,0.0,0.0,0.0
47419,0.0,0.0,0.0
47420,0.0,0.0,0.0
47421,0.0,0.0,0.0
47422,0.0,0.0,0.0
47423,0.0,0.0,0.0
47424,0.0,0.0,0.0
47425,0.0,0.0,0.0
47426,0.0,0.0,0.0
47427,0.0,0.0,0.0
47428,0.0,0.0,0.0
47429,0.0,0.0,0.0
47430,0.0,0.0,0.0
47431,0.0,0.0,0.0
47432,0.0,0.0,0.0
47433,0.0,0.0,0.0
47434,0.0,0.0,0.0
47435,0.0,0.0,0.0
47436,0.0,0.0,0.0
47437,0.0,0.0,0.0
47438,0.0,0.0,0.0
47439,0.0,0.0,0.0
47440,0.0,0.0,0.0
47441,0.0,0.0,0.0
47442,0.0,0.0,0.0
47443,0.0,0.0,0.0
47444,0.0,0.0,0.0
47445,0.0,0.0,0.0
47446,0.0,0.0,0.0
47447,0.0,0.0,0.0
47448,0.0,0.0,0.0
47449,0.0,0.0,0.0
47450,0.0,0.0,0.0
47451,0.0,0.0,0.0
47452,0.0,0.0,0.0
47453,0.0,0.0,0.0
47454,0.0,0.0,0.0
47455,0.0,0.0,0.0
47456,0.0,0.0,0.0
47457,0.0,0.0,0.0
47458,0.0,0.0,0.0
47459,0.0,0.0,0.0
47460,0.0,0.0,0.0
47461,0.0,0.0,0.0
47462,0.0,0.0,0.0
47463,0.0,0.0,0.0
47464,0.0,0.0,0.0
47465,0.0,0.0,0.0
47466,0.0,0.0,0.0
47467,0.0,0.0,0.0
47468,0.0,0.0,0.0
47469,0.0,0.0,0.0
47470,0.0,0.0,0.0
47471,0.0,0.0,0.0
47472,0.0,0.0,0.0
47473,0.0,0.0,0.0
47474,0.0,0.0,0.0
47475,0.0,0.0,0.0
47476,0.0,0.0,0.0
47477,0.0,0.0,0.0
47478,0.0,0.0,0.0
47479,0.0,0.0,0.0
47480,0.0,0.0,0.0
47481,0.0,0.0,0.0
47482,0.0,0.0,0.0
47483,0.0,0.0,0.0
47484,0.0,0.0,0.0
47485,0.0,0.0,0.0
47486,0.0,0.0,0.0
47487,0.0,0.0,0.0
47488,0.0,0.0,0.0
47489,0.0,0.0,0.0
47490,0.0,0.0,0.0
47491,0.0,0.0,0.0
47492,0.0,0.0,0.0
47493,0.0,0.0,0.0
47494,0.0,0.0,0.0
47495,0.0,0.0,0.0
47496,0.0,0.0,0.0
47497,0.0,0.0,0.0
47498,0.0,0.0,0.0
47499,0.0,0.0,0.0
47500,0.0,0.0,0.0
47501,0.0,0.0,0.0
47502,0.0,0.0,0.0
47503,0.0,0.0,0.0
47504,0.0,0.0,0.0
47505,0.0,0.0,0.0
47506,0.0,0.0,0.0
47507,0.0,0.0,0.0
47508,0.0,0.0,0.0
47509,0.0,0.0,0.0
47510,0.0,0.0,0.0
47511,0.0,0.0,0.0
47512,0.0,0.0,0.0
47513,0.0,0.0,0.0
47514,0.0,0.0,0.0
47515,0.0,0.0,0.0
47516,0.0,0.0,0.0
47517,0.0,0.0,0.0
47518,0.0,0.0,0.0
47519,0.0,0.0,0.0
47520,0.0,0.0,0.0
47521,0.0,0.0,0.0
47522,0.0,0.0,0.0
47523,0.0,0.0,0.0
47524,0.0,0.0,0.0
47525,0.0,0.0,0.0
47526,0.0,0.0,0.0
47527,0.0,0.0,0.0
47528,0.0,0.0,0.0
47529,0.0,0.0,0.0
47530,0.0,0.0,0.0
47531,0.0,0.0,0.0
47532,0.0,0.0,0.0
47533,0.0,0.0,0.0
47534,0.0,0.0,0.0
47535,0.0,0.0,0.0
47536,0.0,0.0,0.0
47537,0.0,0.0,0.0
47538,0.0,0.0,0.0
47539,0.0,0.0,0.0
47540,0.0,0.0,0.0
47541,0.0,0.0,0.0
47542,0.0,0.0,0.0
47543,0.0,0.0,0.0
47544,0.0,0.0,0.0
47545,0.0,0.0,0.0
47546,0.0,0.0,0.0
47547,0.0,0.0,0.0
47548,0.0,0.0,0.0
47549,0.0,0.0,0.0
47550,0.0,0.0,0.0
47551,0.0,0.0,0.0
47552,0.0,0.0,0.0
47553,0.0,0.0,0.0
47554,0.0,0.0,0.0
47555,0.0,0.0,0.0
47556,0.0,0.0,0.0
47557,0.0,0.0,0.0
47558,0.0,0.0,0.0
47559,0.0,0.0,0.0
47560,0.0,0.0,0.0
47561,0.0,0.0,0.0
47562,0.0,0.0,0.0
47563,0.0,0.0,0.0
47564,0.0,0.0,0.0
47565,0.0,0.0,0.0
47566,0.0,0.0,0.0
47567,0.0,0.0,0.0
47568,0.0,0.0,0.0
47569,0.0,0.0,0.0
47570,0.0,0.0,0.0
47571,0.0,0.0,0.0
47572,0.0,0.0,0.0
47573,0.0,0.0,0.0
47574,0.0,0.0,0.0
47575,0.0,0.0,0.0
47576,0.0,0.0,0.0
47577,0.0,0.0,0.0
47578,0.0,0.0,0.0
47579,0.0,0.0,0.0
47580,0.0,0.0,0.0
47581,0.0,0.0,0.0
47582,0.0,0.0,0.0
47583,0.0,0.0,0.0
47584,0.0,0.0,0.0
47585,0.0,0.0,0.0
47586,0.0,0.0,0.0
47587,0.0,0.0,0.0
47588,0.0,0.0,0.0
47589,0.0,0.0,0.0
47590,0.0,0.0,0.0
47591,0.0,0.0,0.0
47592,0.0,0.0,0.0
47593,0.0,0.0,0.0
47594,0.0,0.0,0.0
47595,0.0,0.0,0.0
47596,0.0,0.0,0.0
47597,0.0,0.0,0.0
47598,0.0,0.0,0.0
47599,0.0,0.0,0.0
47600,0.0,0.0,0.0
47601,0.0,0.0,0.0
47602,0.0,0.0,0.0
47603,0.0,0.0,0.0
47604,0.0,0.0,0.0
47605,0.0,0.0,0.0
47606,0.0,0.0,0.0
47607,0.0,0.0,0.0
47608,0.0,0.0,0.0
47609,0.0,0.0,0.0
47610,0.0,0.0,0.0
47611,0.0,0.0,0.0
47612,0.0,0.0,0.0
47613,0.0,0.0,0.0
47614,0.0,0.0,0.0
47615,0.0,0.0,0.0
47616,0.0,0.0,0.0
47617,0.0,0.0,0.0
47618,0.0,0.0,0.0
47619,0.0,0.0,0.0
47620,0.0,0.0,0.0
47621,0.0,0.0,0.0
47622,0.0,0.0,0.0
47623,0.0,0.0,0.0
47624,0.0,0.0,0.0
47625,0.0,0.0,0.0
47626,0.0,0.0,0.0
47627,0.0,0.0,0.0
47628,0.0,0.0,0.0
47629,0.0,0.0,0.0
47630,0.0,0.0,0.0
47631,0.0,0.0,0.0
47632,0.0,0.0,0.0
47633,0.0,0.0,0.0
47634,0.0,0.0,0.0
47635,0.0,0.0,0.0
47636,0.0,0.0,0.0
47637,0.0,0.0,0.0
47638,0.0,0.0,0.0
47639,0.0,0.0,0.0
47640,0.0,0.0,0.0
47641,0.0,0.0,0.0
47642,0.0,0.0,0.0
47643,0.0,0.0,0.0
47644,0.0,0.0,0.0
47645,0.0,0.0,0.0
47646,0.0,0.0,0.0
47647,0.0,0.0,0.0
47648,0.0,0.0,0.0
47649,0.0,0.0,0.0
47650,0.0,0.0,0.0
47651,0.0,0.0,0.0
47652,0.0,0.0,0.0
47653,0.0,0.0,0.0
47654,0.0,0.0,0.0
47655,0.0,0.0,0.0
47656,0.0,0.0,0.0
47657,0.0,0.0,0.0
47658,0.0,0.0,0.0
47659,0.0,0.0,0.0
47660,0.0,0.0,0.0
47661,0.0,0.0,0.0
47662,0.0,0.0,0.0
47663,0.0,0.0,0.0
47664,0.0,0.0,0.0
47665,0.0,0.0,0.0
47666,0.0,0.0,0.0
47667,0.0,0.0,0.0
47668,0.0,0.0,0.0
47669,0.0,0.0,0.0
47670,0.0,0.0,0.0
47671,0.0,0.0,0.0
47672,0.0,0.0,0.0
47673,0.0,0.0,0.0
47674,0.0,0.0,0.0
47675,0.0,0.0,0.0
47676,0.0,0.0,0.0
47677,0.0,0.0,0.0
47678,0.0,0.0,0.0
47679,0.0,0.0,0.0
47680,0.0,0.0,0.0
47681,0.0,0.0,0.0
47682,0.0,0.0,0.0
47683,0.0,0.0,0.0
47684,0.0,0.0,0.0
47685,0.0,0.0,0.0
47686,0.0,0.0,0.0
47687,0.0,0.0,0.0
47688,0.0,0.0,0.0
47689,0.0,0.0,0.0
47690,0.0,0.0,0.0
47691,0.0,0.0,0.0
47692,0.0,0.0,0.0
47693,0.0,0.0,0.0
47694,0.0,0.0,0.0
47695,0.0,0.0,0.0
47696,0.0,0.0,0.0
47697,0.0,0.0,0.0
47698,0.0,0.0,0.0
47699,0.0,0.0,0.0
47700,0.0,0.0,0.0
47701,0.0,0.0,0.0
47702,0.0,0.0,0.0
47703,0.0,0.0,0.0
47704,0.0,0.0,0.0
47705,0.0,0.0,0.0
47706,0.0,0.0,0.0
47707,0.0,0.0,0.0
47708,0.0,0.0,0.0
47709,0.0,0.0,0.0
47710,0.0,0.0,0.0
47711,0.0,0.0,0.0
47712,0.0,0.0,0.0
47713,0.0,0.0,0.0
47714,0.0,0.0,0.0
47715,0.0,0.0,0.0
47716,0.0,0.0,0.0
47717,0.0,0.0,0.0
47718,0.0,0.0,0.0
47719,0.0,0.0,0.0
47720,0.0,0.0,0.0
47721,0.0,0.0,0.0
47722,0.0,0.0,0.0
47723,0.0,0.0,0.0
47724,0.0,0.0,0.0
47725,0.0,0.0,0.0
47726,0.0,0.0,0.0
47727,0.0,0.0,0.0
47728,0.0,0.0,0.0
47729,0.0,0.0,0.0
47730,0.0,0.0,0.0
47731,0.0,0.0,0.0
47732,0.0,0.0,0.0
47733,0.0,0.0,0.0
47734,0.0,0.0,0.0
47735,0.0,0.0,0.0
47736,0.0,0.0,0.0
47737,0.0,0.0,0.0
47738,0.0,0.0,0.0
47739,0.0,0.0,0.0
47740,0.0,0.0,0.0
47741,0.0,0.0,0.0
47742,0.0,0.0,0.0
47743,0.0,0.0,0.0
47744,0.0,0.0,0.0
47745,0.0,0.0,0.0
47746,0.0,0.0,0.0
47747,0.0,0.0,0.0
47748,0.0,0.0,0.0
47749,0.0,0.0,0.0
47750,0.0,0.0,0.0
47751,0.0,0.0,0.0
47752,0.0,0.0,0.0
47753,0.0,0.0,0.0
47754,0.0,0.0,0.0
47755,0.0,0.0,0.0
47756,0.0,0.0,0.0
47757,0.0,0.0,0.0
47758,0.0,0.0,0.0
47759,0.0,0.0,0.0
47760,0.0,0.0,0.0
47761,0.0,0.0,0.0
47762,0.0,0.0,0.0
47763,0.0,0.0,0.0
47764,0.0,0.0,0.0
47765,0.0,0.0,0.0
47766,0.0,0.0,0.0
47767,0.0,0.0,0.0
47768,0.0,0.0,0.0
47769,0.0,0.0,0.0
47770,0.0,0.0,0.0
47771,0.0,0.0,0.0
47772,0.0,0.0,0.0
47773,0.0,0.0,0.0
47774,0.0,0.0,0.0
47775,0.0,0.0,0.0
47776,0.0,0.0,0.0
47777,0.0,0.0,0.0
47778,0.0,0.0,0.0
47779,0.0,0.0,0.0
47780,0.0,0.0,0.0
47781,0.0,0.0,0.0
47782,0.0,0.0,0.0
47783,0.0,0.0,0.0
47784,0.0,0.0,0.0
47785,0.0,0.0,0.0
47786,0.0,0.0,0.0
47787,0.0,0.0,0.0
47788,0.0,0.0,0.0
47789,0.0,0.0,0.0
47790,0.0,0.0,0.0
47791,0.0,0.0,0.0
47792,0.0,0.0,0.0
47793,0.0,0.0,0.0
47794,0.0,0.0,0.0
47795,0.0,0.0,0.0
47796,0.0,0.0,0.0
47797,0.0,0.0,0.0
47798,0.0,0.0,0.0
47799,0.0,0.0,0.0
47800,0.0,0.0,0.0
47801,0.0,0.0,0.0
47802,0.0,0.0,0.0
47803,0.0,0.0,0.0
47804,0.0,0.0,0.0
47805,0.0,0.0,0.0
47806,0.0,0.0,0.0
47807,0.0,0.0,0.0
47808,0.0,0.0,0.0
47809,0.0,0.0,0.0
47810,0.0,0.0,0.0
47811,0.0,0.0,0.0
47812,0.0,0.0,0.0
47813,0.0,0.0,0.0
47814,0.0,0.0,0.0
47815,0.0,0.0,0.0
47816,0.0,0.0,0.0
47817,0.0,0.0,0.0
47818,0.0,0.0,0.0
47819,0.0,0.0,0.0
47820,0.0,0.0,0.0
47821,0.0,0.0,0.0
47822,0.0,0.0,0.0
47823,0.0,0.0,0.0
47824,0.0,0.0,0.0
47825,0.0,0.0,0.0
47826,0.0,0.0,0.0
47827,0.0,0.0,0.0
47828,0.0,0.0,0.0
47829,0.0,0.0,0.0
47830,0.0,0.0,0.0
47831,0.0,0.0,0.0
47832,0.0,0.0,0.0
47833,0.0,0.0,0.0
47834,0.0,0.0,0.0
47835,0.0,0.0,0.0
47836,0.0,0.0,0.0
47837,0.0,0.0,0.0
47838,0.0,0.0,0.0
47839,0.0,0.0,0.0
47840,0.0,0.0,0.0
47841,0.0,0.0,0.0
47842,0.0,0.0,0.0
47843,0.0,0.0,0.0
47844,0.0,0.0,0.0
47845,0.0,0.0,0.0
47846,0.0,0.0,0.0
47847,0.0,0.0,0.0
47848,0.0,0.0,0.0
47849,0.0,0.0,0.0
47850,0.0,0.0,0.0
47851,0.0,0.0,0.0
47852,0.0,0.0,0.0
47853,0.0,0.0,0.0
47854,0.0,0.0,0.0
47855,0.0,0.0,0.0
47856,0.0,0.0,0.0
47857,0.0,0.0,0.0
47858,0.0,0.0,0.0
47859,0.0,0.0,0.0
47860,0.0,0.0,0.0
47861,0.0,0.0,0.0
47862,0.0,0.0,0.0
47863,0.0,0.0,0.0
47864,0.0,0.0,0.0
47865,0.0,0.0,0.0
47866,0.0,0.0,0.0
47867,0.0,0.0,0.0
47868,0.0,0.0,0.0
47869,0.0,0.0,0.0
47870,0.0,0.0,0.0
47871,0.0,0.0,0.0
47872,0.0,0.0,0.0
47873,0.0,0.0,0.0
47874,0.0,0.0,0.0
47875,0.0,0.0,0.0
47876,0.0,0.0,0.0
47877,0.0,0.0,0.0
47878,0.0,0.0,0.0
47879,0.0,0.0,0.0
47880,0.0,0.0,0.0
47881,0.0,0.0,0.0
47882,0.0,0.0,0.0
47883,0.0,0.0,0.0
47884,0.0,0.0,0.0
47885,0.0,0.0,0.0
47886,0.0,0.0,0.0
47887,0.0,0.0,0.0
47888,0.0,0.0,0.0
47889,0.0,0.0,0.0
47890,0.0,0.0,0.0
47891,0.0,0.0,0.0
47892,0.0,0.0,0.0
47893,0.0,0.0,0.0
47894,0.0,0.0,0.0
47895,0.0,0.0,0.0
47896,0.0,0.0,0.0
47897,0.0,0.0,0.0
47898,0.0,0.0,0.0
47899,0.0,0.0,0.0
47900,0.0,0.0,0.0
47901,0.0,0.0,0.0
47902,0.0,0.0,0.0
47903,0.0,0.0,0.0
47904,0.0,0.0,0.0
47905,0.0,0.0,0.0
47906,0.0,0.0,0.0
47907,0.0,0.0,0.0
47908,0.0,0.0,0.0
47909,0.0,0.0,0.0
47910,0.0,0.0,0.0
47911,0.0,0.0,0.0
47912,0.0,0.0,0.0
47913,0.0,0.0,0.0
47914,0.0,0.0,0.0
47915,0.0,0.0,0.0
47916,0.0,0.0,0.0
47917,0.0,0.0,0.0
47918,0.0,0.0,0.0
47919,0.0,0.0,0.0
47920,0.0,0.0,0.0
47921,0.0,0.0,0.0
47922,0.0,0.0,0.0
47923,0.0,0.0,0.0
47924,0.0,0.0,0.0
47925,0.0,0.0,0.0
47926,0.0,0.0,0.0
47927,0.0,0.0,0.0
47928,0.0,0.0,0.0
47929,0.0,0.0,0.0
47930,0.0,0.0,0.0
47931,0.0,0.0,0.0
47932,0.0,0.0,0.0
47933,0.0,0.0,0.0
47934,0.0,0.0,0.0
47935,0.0,0.0,0.0
47936,0.0,0.0,0.0
47937,0.0,0.0,0.0
47938,0.0,0.0,0.0
47939,0.0,0.0,0.0
47940,0.0,0.0,0.0
47941,0.0,0.0,0.0
47942,0.0,0.0,0.0
47943,0.0,0.0,0.0
47944,0.0,0.0,0.0
47945,0.0,0.0,0.0
47946,0.0,0.0,0.0
47947,0.0,0.0,0.0
47948,0.0,0.0,0.0
47949,0.0,0.0,0.0
47950,0.0,0.0,0.0
47951,0.0,0.0,0.0
47952,0.0,0.0,0.0
47953,0.0,0.0,0.0
47954,0.0,0.0,0.0
47955,0.0,0.0,0.0
47956,0.0,0.0,0.0
47957,0.0,0.0,0.0
47958,0.0,0.0,0.0
47959,0.0,0.0,0.0
47960,0.0,0.0,0.0
47961,0.0,0.0,0.0
47962,0.0,0.0,0.0
47963,0.0,0.0,0.0
47964,0.0,0.0,0.0
47965,0.0,0.0,0.0
47966,0.0,0.0,0.0
47967,0.0,0.0,0.0
47968,0.0,0.0,0.0
47969,0.0,0.0,0.0
47970,0.0,0.0,0.0
47971,0.0,0.0,0.0
47972,0.0,0.0,0.0
47973,0.0,0.0,0.0
47974,0.0,0.0,0.0
47975,0.0,0.0,0.0
47976,0.0,0.0,0.0
47977,0.0,0.0,0.0
47978,0.0,0.0,0.0
47979,0.0,0.0,0.0
47980,0.0,0.0,0.0
47981,0.0,0.0,0.0
47982,0.0,0.0,0.0
47983,0.0,0.0,0.0
47984,0.0,0.0,0.0
47985,0.0,0.0,0.0
47986,0.0,0.0,0.0
47987,0.0,0.0,0.0
47988,0.0,0.0,0.0
47989,0.0,0.0,0.0
47990,0.0,0.0,0.0
47991,0.0,0.0,0.0
47992,0.0,0.0,0.0
47993,0.0,0.0,0.0
47994,0.0,0.0,0.0
47995,0.0,0.0,0.0
47996,0.0,0.0,0.0
47997,0.0,0.0,0.0
47998,0.0,0.0,0.0
47999,0.0,0.0,0.0
48000,0.0,0.0,0.0
48001,0.0,0.0,0.0
48002,0.0,0.0,0.0
48003,0.0,0.0,0.0
48004,0.0,0.0,0.0
48005,0.0,0.0,0.0
48006,0.0,0.0,0.0
48007,0.0,0.0,0.0
48008,0.0,0.0,0.0
48009,0.0,0.0,0.0
48010,0.0,0.0,0.0
48011,0.0,0.0,0.0
48012,0.0,0.0,0.0
48013,0.0,0.0,0.0
48014,0.0,0.0,0.0
48015,0.0,0.0,0.0
48016,0.0,0.0,0.0
48017,0.0,0.0,0.0
48018,0.0,0.0,0.0
48019,0.0,0.0,0.0
48020,0.0,0.0,0.0
48021,0.0,0.0,0.0
48022,0.0,0.0,0.0
48023,0.0,0.0,0.0
48024,0.0,0.0,0.0
48025,0.0,0.0,0.0
48026,0.0,0.0,0.0
48027,0.0,0.0,0.0
48028,0.0,0.0,0.0
48029,0.0,0.0,0.0
48030,0.0,0.0,0.0
48031,0.0,0.0,0.0
48032,0.0,0.0,0.0
48033,0.0,0.0,0.0
48034,0.0,0.0,0.0
48035,0.0,0.0,0.0
48036,0.0,0.0,0.0
48037,0.0,0.0,0.0
48038,0.0,0.0,0.0
48039,0.0,0.0,0.0
48040,0.0,0.0,0.0
48041,0.0,0.0,0.0
48042,0.0,0.0,0.0
48043,0.0,0.0,0.0
48044,0.0,0.0,0.0
48045,0.0,0.0,0.0
48046,0.0,0.0,0.0
48047,0.0,0.0,0.0
48048,0.0,0.0,0.0
48049,0.0,0.0,0.0
48050,0.0,0.0,0.0
48051,0.0,0.0,0.0
48052,0.0,0.0,0.0
48053,0.0,0.0,0.0
48054,0.0,0.0,0.0
48055,0.0,0.0,0.0
48056,0.0,0.0,0.0
48057,0.0,0.0,0.0
48058,0.0,0.0,0.0
48059,0.0,0.0,0.0
48060,0.0,0.0,0.0
48061,0.0,0.0,0.0
48062,0.0,0.0,0.0
48063,0.0,0.0,0.0
48064,0.0,0.0,0.0
48065,0.0,0.0,0.0
48066,0.0,0.0,0.0
48067,0.0,0.0,0.0
48068,0.0,0.0,0.0
48069,0.0,0.0,0.0
48070,0.0,0.0,0.0
48071,0.0,0.0,0.0
48072,0.0,0.0,0.0
48073,0.0,0.0,0.0
48074,0.0,0.0,0.0
48075,0.0,0.0,0.0
48076,0.0,0.0,0.0
48077,0.0,0.0,0.0
48078,0.0,0.0,0.0
48079,0.0,0.0,0.0
48080,0.0,0.0,0.0
48081,0.0,0.0,0.0
48082,0.0,0.0,0.0
48083,0.0,0.0,0.0
48084,0.0,0.0,0.0
48085,0.0,0.0,0.0
48086,0.0,0.0,0.0
48087,0.0,0.0,0.0
48088,0.0,0.0,0.0
48089,0.0,0.0,0.0
48090,0.0,0.0,0.0
48091,0.0,0.0,0.0
48092,0.0,0.0,0.0
48093,0.0,0.0,0.0
48094,0.0,0.0,0.0
48095,0.0,0.0,0.0
48096,0.0,0.0,0.0
48097,0.0,0.0,0.0
48098,0.0,0.0,0.0
48099,0.0,0.0,0.0
48100,0.0,0.0,0.0
48101,0.0,0.0,0.0
48102,0.0,0.0,0.0
48103,0.0,0.0,0.0
48104,0.0,0.0,0.0
48105,0.0,0.0,0.0
48106,0.0,0.0,0.0
48107,0.0,0.0,0.0
48108,0.0,0.0,0.0
48109,0.0,0.0,0.0
48110,0.0,0.0,0.0
48111,0.0,0.0,0.0
48112,0.0,0.0,0.0
48113,0.0,0.0,0.0
48114,0.0,0.0,0.0
48115,0.0,0.0,0.0
48116,0.0,0.0,0.0
48117,0.0,0.0,0.0
48118,0.0,0.0,0.0
48119,0.0,0.0,0.0
48120,0.0,0.0,0.0
48121,0.0,0.0,0.0
48122,0.0,0.0,0.0
48123,0.0,0.0,0.0
48124,0.0,0.0,0.0
48125,0.0,0.0,0.0
48126,0.0,0.0,0.0
48127,0.0,0.0,0.0
48128,0.0,0.0,0.0
48129,0.0,0.0,0.0
48130,0.0,0.0,0.0
48131,0.0,0.0,0.0
48132,0.0,0.0,0.0
48133,0.0,0.0,0.0
48134,0.0,0.0,0.0
48135,0.0,0.0,0.0
48136,0.0,0.0,0.0
48137,0.0,0.0,0.0
48138,0.0,0.0,0.0
48139,0.0,0.0,0.0
48140,0.0,0.0,0.0
48141,0.0,0.0,0.0
48142,0.0,0.0,0.0
48143,0.0,0.0,0.0
48144,0.0,0.0,0.0
48145,0.0,0.0,0.0
48146,0.0,0.0,0.0
48147,0.0,0.0,0.0
48148,0.0,0.0,0.0
48149,0.0,0.0,0.0
48150,0.0,0.0,0.0
48151,0.0,0.0,0.0
48152,0.0,0.0,0.0
48153,0.0,0.0,0.0
48154,0.0,0.0,0.0
48155,0.0,0.0,0.0
48156,0.0,0.0,0.0
48157,0.0,0.0,0.0
48158,0.0,0.0,0.0
48159,0.0,0.0,0.0
48160,0.0,0.0,0.0
48161,0.0,0.0,0.0
48162,0.0,0.0,0.0
48163,0.0,0.0,0.0
48164,0.0,0.0,0.0
48165,0.0,0.0,0.0
48166,0.0,0.0,0.0
48167,0.0,0.0,0.0
48168,0.0,0.0,0.0
48169,0.0,0.0,0.0
48170,0.0,0.0,0.0
48171,0.0,0.0,0.0
48172,0.0,0.0,0.0
48173,0.0,0.0,0.0
48174,0.0,0.0,0.0
48175,0.0,0.0,0.0
48176,0.0,0.0,0.0
48177,0.0,0.0,0.0
48178,0.0,0.0,0.0
48179,0.0,0.0,0.0
48180,0.0,0.0,0.0
48181,0.0,0.0,0.0
48182,0.0,0.0,0.0
48183,0.0,0.0,0.0
48184,0.0,0.0,0.0
48185,0.0,0.0,0.0
48186,0.0,0.0,0.0
48187,0.0,0.0,0.0
48188,0.0,0.0,0.0
48189,0.0,0.0,0.0
48190,0.0,0.0,0.0
48191,0.0,0.0,0.0
48192,0.0,0.0,0.0
48193,0.0,0.0,0.0
48194,0.0,0.0,0.0
48195,0.0,0.0,0.0
48196,0.0,0.0,0.0
48197,0.0,0.0,0.0
48198,0.0,0.0,0.0
48199,0.0,0.0,0.0
48200,0.0,0.0,0.0
48201,0.0,0.0,0.0
48202,0.0,0.0,0.0
48203,0.0,0.0,0.0
48204,0.0,0.0,0.0
48205,0.0,0.0,0.0
48206,0.0,0.0,0.0
48207,0.0,0.0,0.0
48208,0.0,0.0,0.0
48209,0.0,0.0,0.0
48210,0.0,0.0,0.0
48211,0.0,0.0,0.0
48212,0.0,0.0,0.0
48213,0.0,0.0,0.0
48214,0.0,0.0,0.0
48215,0.0,0.0,0.0
48216,0.0,0.0,0.0
48217,0.0,0.0,0.0
48218,0.0,0.0,0.0
48219,0.0,0.0,0.0
48220,0.0,0.0,0.0
48221,0.0,0.0,0.0
48222,0.0,0.0,0.0
48223,0.0,0.0,0.0
48224,0.0,0.0,0.0
48225,0.0,0.0,0.0
48226,0.0,0.0,0.0
48227,0.0,0.0,0.0
48228,0.0,0.0,0.0
48229,0.0,0.0,0.0
48230,0.0,0.0,0.0
48231,0.0,0.0,0.0
48232,0.0,0.0,0.0
48233,0.0,0.0,0.0
48234,0.0,0.0,0.0
48235,0.0,0.0,0.0
48236,0.0,0.0,0.0
48237,0.0,0.0,0.0
48238,0.0,0.0,0.0
48239,0.0,0.0,0.0
48240,0.0,0.0,0.0
48241,0.0,0.0,0.0
48242,0.0,0.0,0.0
48243,0.0,0.0,0.0
48244,0.0,0.0,0.0
48245,0.0,0.0,0.0
48246,0.0,0.0,0.0
48247,0.0,0.0,0.0
48248,0.0,0.0,0.0
48249,0.0,0.0,0.0
48250,0.0,0.0,0.0
48251,0.0,0.0,0.0
48252,0.0,0.0,0.0
48253,0.0,0.0,0.0
48254,0.0,0.0,0.0
48255,0.0,0.0,0.0
48256,0.0,0.0,0.0
48257,0.0,0.0,0.0
48258,0.0,0.0,0.0
48259,0.0,0.0,0.0
48260,0.0,0.0,0.0
48261,0.0,0.0,0.0
48262,0.0,0.0,0.0
48263,0.0,0.0,0.0
48264,0.0,0.0,0.0
48265,0.0,0.0,0.0
48266,0.0,0.0,0.0
48267,0.0,0.0,0.0
48268,0.0,0.0,0.0
48269,0.0,0.0,0.0
48270,0.0,0.0,0.0
48271,0.0,0.0,0.0
48272,0.0,0.0,0.0
48273,0.0,0.0,0.0
48274,0.0,0.0,0.0
48275,0.0,0.0,0.0
48276,0.0,0.0,0.0
48277,0.0,0.0,0.0
48278,0.0,0.0,0.0
48279,0.0,0.0,0.0
48280,0.0,0.0,0.0
48281,0.0,0.0,0.0
48282,0.0,0.0,0.0
48283,0.0,0.0,0.0
48284,0.0,0.0,0.0
48285,0.0,0.0,0.0
48286,0.0,0.0,0.0
48287,0.0,0.0,0.0
48288,0.0,0.0,0.0
48289,0.0,0.0,0.0
48290,0.0,0.0,0.0
48291,0.0,0.0,0.0
48292,0.0,0.0,0.0
48293,0.0,0.0,0.0
48294,0.0,0.0,0.0
48295,0.0,0.0,0.0
48296,0.0,0.0,0.0
48297,0.0,0.0,0.0
48298,0.0,0.0,0.0
48299,0.0,0.0,0.0
48300,0.0,0.0,0.0
48301,0.0,0.0,0.0
48302,0.0,0.0,0.0
48303,0.0,0.0,0.0
48304,0.0,0.0,0.0
48305,0.0,0.0,0.0
48306,0.0,0.0,0.0
48307,0.0,0.0,0.0
48308,0.0,0.0,0.0
48309,0.0,0.0,0.0
48310,0.0,0.0,0.0
48311,0.0,0.0,0.0
48312,0.0,0.0,0.0
48313,0.0,0.0,0.0
48314,0.0,0.0,0.0
48315,0.0,0.0,0.0
48316,0.0,0.0,0.0
48317,0.0,0.0,0.0
48318,0.0,0.0,0.0
48319,0.0,0.0,0.0
48320,0.0,0.0,0.0
48321,0.0,0.0,0.0
48322,0.0,0.0,0.0
48323,0.0,0.0,0.0
48324,0.0,0.0,0.0
48325,0.0,0.0,0.0
48326,0.0,0.0,0.0
48327,0.0,0.0,0.0
48328,0.0,0.0,0.0
48329,0.0,0.0,0.0
48330,0.0,0.0,0.0
48331,0.0,0.0,0.0
48332,0.0,0.0,0.0
48333,0.0,0.0,0.0
48334,0.0,0.0,0.0
48335,0.0,0.0,0.0
48336,0.0,0.0,0.0
48337,0.0,0.0,0.0
48338,0.0,0.0,0.0
48339,0.0,0.0,0.0
48340,0.0,0.0,0.0
48341,0.0,0.0,0.0
48342,0.0,0.0,0.0
48343,0.0,0.0,0.0
48344,0.0,0.0,0.0
48345,0.0,0.0,0.0
48346,0.0,0.0,0.0
48347,0.0,0.0,0.0
48348,0.0,0.0,0.0
48349,0.0,0.0,0.0
48350,0.0,0.0,0.0
48351,0.0,0.0,0.0
48352,0.0,0.0,0.0
48353,0.0,0.0,0.0
48354,0.0,0.0,0.0
48355,0.0,0.0,0.0
48356,0.0,0.0,0.0
48357,0.0,0.0,0.0
48358,0.0,0.0,0.0
48359,0.0,0.0,0.0
48360,0.0,0.0,0.0
48361,0.0,0.0,0.0
48362,0.0,0.0,0.0
48363,0.0,0.0,0.0
48364,0.0,0.0,0.0
48365,0.0,0.0,0.0
48366,0.0,0.0,0.0
48367,0.0,0.0,0.0
48368,0.0,0.0,0.0
48369,0.0,0.0,0.0
48370,0.0,0.0,0.0
48371,0.0,0.0,0.0
48372,0.0,0.0,0.0
48373,0.0,0.0,0.0
48374,0.0,0.0,0.0
48375,0.0,0.0,0.0
48376,0.0,0.0,0.0
48377,0.0,0.0,0.0
48378,0.0,0.0,0.0
48379,0.0,0.0,0.0
48380,0.0,0.0,0.0
48381,0.0,0.0,0.0
48382,0.0,0.0,0.0
48383,0.0,0.0,0.0
48384,0.0,0.0,0.0
48385,0.0,0.0,0.0
48386,0.0,0.0,0.0
48387,0.0,0.0,0.0
48388,0.0,0.0,0.0
48389,0.0,0.0,0.0
48390,0.0,0.0,0.0
48391,0.0,0.0,0.0
48392,0.0,0.0,0.0
48393,0.0,0.0,0.0
48394,0.0,0.0,0.0
48395,0.0,0.0,0.0
48396,0.0,0.0,0.0
48397,0.0,0.0,0.0
48398,0.0,0.0,0.0
48399,0.0,0.0,0.0
48400,0.0,0.0,0.0
48401,0.0,0.0,0.0
48402,0.0,0.0,0.0
48403,0.0,0.0,0.0
48404,0.0,0.0,0.0
48405,0.0,0.0,0.0
48406,0.0,0.0,0.0
48407,0.0,0.0,0.0
48408,0.0,0.0,0.0
48409,0.0,0.0,0.0
48410,0.0,0.0,0.0
48411,0.0,0.0,0.0
48412,0.0,0.0,0.0
48413,0.0,0.0,0.0
48414,0.0,0.0,0.0
48415,0.0,0.0,0.0
48416,0.0,0.0,0.0
48417,0.0,0.0,0.0
48418,0.0,0.0,0.0
48419,0.0,0.0,0.0
48420,0.0,0.0,0.0
48421,0.0,0.0,0.0
48422,0.0,0.0,0.0
48423,0.0,0.0,0.0
48424,0.0,0.0,0.0
48425,0.0,0.0,0.0
48426,0.0,0.0,0.0
48427,0.0,0.0,0.0
48428,0.0,0.0,0.0
48429,0.0,0.0,0.0
48430,0.0,0.0,0.0
48431,0.0,0.0,0.0
48432,0.0,0.0,0.0
48433,0.0,0.0,0.0
48434,0.0,0.0,0.0
48435,0.0,0.0,0.0
48436,0.0,0.0,0.0
48437,0.0,0.0,0.0
48438,0.0,0.0,0.0
48439,0.0,0.0,0.0
48440,0.0,0.0,0.0
48441,0.0,0.0,0.0
48442,0.0,0.0,0.0
48443,0.0,0.0,0.0
48444,0.0,0.0,0.0
48445,0.0,0.0,0.0
48446,0.0,0.0,0.0
48447,0.0,0.0,0.0
48448,0.0,0.0,0.0
48449,0.0,0.0,0.0
48450,0.0,0.0,0.0
48451,0.0,0.0,0.0
48452,0.0,0.0,0.0
48453,0.0,0.0,0.0
48454,0.0,0.0,0.0
48455,0.0,0.0,0.0
48456,0.0,0.0,0.0
48457,0.0,0.0,0.0
48458,0.0,0.0,0.0
48459,0.0,0.0,0.0
48460,0.0,0.0,0.0
48461,0.0,0.0,0.0
48462,0.0,0.0,0.0
48463,0.0,0.0,0.0
48464,0.0,0.0,0.0
48465,0.0,0.0,0.0
48466,0.0,0.0,0.0
48467,0.0,0.0,0.0
48468,0.0,0.0,0.0
48469,0.0,0.0,0.0
48470,0.0,0.0,0.0
48471,0.0,0.0,0.0
48472,0.0,0.0,0.0
48473,0.0,0.0,0.0
48474,0.0,0.0,0.0
48475,0.0,0.0,0.0
48476,0.0,0.0,0.0
48477,0.0,0.0,0.0
48478,0.0,0.0,0.0
48479,0.0,0.0,0.0
48480,0.0,0.0,0.0
48481,0.0,0.0,0.0
48482,0.0,0.0,0.0
48483,0.0,0.0,0.0
48484,0.0,0.0,0.0
48485,0.0,0.0,0.0
48486,0.0,0.0,0.0
48487,0.0,0.0,0.0
48488,0.0,0.0,0.0
48489,0.0,0.0,0.0
48490,0.0,0.0,0.0
48491,0.0,0.0,0.0
48492,0.0,0.0,0.0
48493,0.0,0.0,0.0
48494,0.0,0.0,0.0
48495,0.0,0.0,0.0
48496,0.0,0.0,0.0
48497,0.0,0.0,0.0
48498,0.0,0.0,0.0
48499,0.0,0.0,0.0
48500,0.0,0.0,0.0
48501,0.0,0.0,0.0
48502,0.0,0.0,0.0
48503,0.0,0.0,0.0
48504,0.0,0.0,0.0
48505,0.0,0.0,0.0
48506,0.0,0.0,0.0
48507,0.0,0.0,0.0
48508,0.0,0.0,0.0
48509,0.0,0.0,0.0
48510,0.0,0.0,0.0
48511,0.0,0.0,0.0
48512,0.0,0.0,0.0
48513,0.0,0.0,0.0
48514,0.0,0.0,0.0
48515,0.0,0.0,0.0
48516,0.0,0.0,0.0
48517,0.0,0.0,0.0
48518,0.0,0.0,0.0
48519,0.0,0.0,0.0
48520,0.0,0.0,0.0
48521,0.0,0.0,0.0
48522,0.0,0.0,0.0
48523,0.0,0.0,0.0
48524,0.0,0.0,0.0
48525,0.0,0.0,0.0
48526,0.0,0.0,0.0
48527,0.0,0.0,0.0
48528,0.0,0.0,0.0
48529,0.0,0.0,0.0
48530,0.0,0.0,0.0
48531,0.0,0.0,0.0
48532,0.0,0.0,0.0
48533,0.0,0.0,0.0
48534,0.0,0.0,0.0
48535,0.0,0.0,0.0
48536,0.0,0.0,0.0
48537,0.0,0.0,0.0
48538,0.0,0.0,0.0
48539,0.0,0.0,0.0
48540,0.0,0.0,0.0
48541,0.0,0.0,0.0
48542,0.0,0.0,0.0
48543,0.0,0.0,0.0
48544,0.0,0.0,0.0
48545,0.0,0.0,0.0
48546,0.0,0.0,0.0
48547,0.0,0.0,0.0
48548,0.0,0.0,0.0
48549,0.0,0.0,0.0
48550,0.0,0.0,0.0
48551,0.0,0.0,0.0
48552,0.0,0.0,0.0
48553,0.0,0.0,0.0
48554,0.0,0.0,0.0
48555,0.0,0.0,0.0
48556,0.0,0.0,0.0
48557,0.0,0.0,0.0
48558,0.0,0.0,0.0
48559,0.0,0.0,0.0
48560,0.0,0.0,0.0
48561,0.0,0.0,0.0
48562,0.0,0.0,0.0
48563,0.0,0.0,0.0
48564,0.0,0.0,0.0
48565,0.0,0.0,0.0
48566,0.0,0.0,0.0
48567,0.0,0.0,0.0
48568,0.0,0.0,0.0
48569,0.0,0.0,0.0
48570,0.0,0.0,0.0
48571,0.0,0.0,0.0
48572,0.0,0.0,0.0
48573,0.0,0.0,0.0
48574,0.0,0.0,0.0
48575,0.0,0.0,0.0
48576,0.0,0.0,0.0
48577,0.0,0.0,0.0
48578,0.0,0.0,0.0
48579,0.0,0.0,0.0
48580,0.0,0.0,0.0
48581,0.0,0.0,0.0
48582,0.0,0.0,0.0
48583,0.0,0.0,0.0
48584,0.0,0.0,0.0
48585,0.0,0.0,0.0
48586,0.0,0.0,0.0
48587,0.0,0.0,0.0
48588,0.0,0.0,0.0
48589,0.0,0.0,0.0
48590,0.0,0.0,0.0
48591,0.0,0.0,0.0
48592,0.0,0.0,0.0
48593,0.0,0.0,0.0
48594,0.0,0.0,0.0
48595,0.0,0.0,0.0
48596,0.0,0.0,0.0
48597,0.0,0.0,0.0
48598,0.0,0.0,0.0
48599,0.0,0.0,0.0
48600,0.0,0.0,0.0
48601,0.0,0.0,0.0
48602,0.0,0.0,0.0
48603,0.0,0.0,0.0
48604,0.0,0.0,0.0
48605,0.0,0.0,0.0
48606,0.0,0.0,0.0
48607,0.0,0.0,0.0
48608,0.0,0.0,0.0
48609,0.0,0.0,0.0
48610,0.0,0.0,0.0
48611,0.0,0.0,0.0
48612,0.0,0.0,0.0
48613,0.0,0.0,0.0
48614,0.0,0.0,0.0
48615,0.0,0.0,0.0
48616,0.0,0.0,0.0
48617,0.0,0.0,0.0
48618,0.0,0.0,0.0
48619,0.0,0.0,0.0
48620,0.0,0.0,0.0
48621,0.0,0.0,0.0
48622,0.0,0.0,0.0
48623,0.0,0.0,0.0
48624,0.0,0.0,0.0
48625,0.0,0.0,0.0
48626,0.0,0.0,0.0
48627,0.0,0.0,0.0
48628,0.0,0.0,0.0
48629,0.0,0.0,0.0
48630,0.0,0.0,0.0
48631,0.0,0.0,0.0
48632,0.0,0.0,0.0
48633,0.0,0.0,0.0
48634,0.0,0.0,0.0
48635,0.0,0.0,0.0
48636,0.0,0.0,0.0
48637,0.0,0.0,0.0
48638,0.0,0.0,0.0
48639,0.0,0.0,0.0
48640,0.0,0.0,0.0
48641,0.0,0.0,0.0
48642,0.0,0.0,0.0
48643,0.0,0.0,0.0
48644,0.0,0.0,0.0
48645,0.0,0.0,0.0
48646,0.0,0.0,0.0
48647,0.0,0.0,0.0
48648,0.0,0.0,0.0
48649,0.0,0.0,0.0
48650,0.0,0.0,0.0
48651,0.0,0.0,0.0
48652,0.0,0.0,0.0
48653,0.0,0.0,0.0
48654,0.0,0.0,0.0
48655,0.0,0.0,0.0
48656,0.0,0.0,0.0
48657,0.0,0.0,0.0
48658,0.0,0.0,0.0
48659,0.0,0.0,0.0
48660,0.0,0.0,0.0
48661,0.0,0.0,0.0
48662,0.0,0.0,0.0
48663,0.0,0.0,0.0
48664,0.0,0.0,0.0
48665,0.0,0.0,0.0
48666,0.0,0.0,0.0
48667,0.0,0.0,0.0
48668,0.0,0.0,0.0
48669,0.0,0.0,0.0
48670,0.0,0.0,0.0
48671,0.0,0.0,0.0
48672,0.0,0.0,0.0
48673,0.0,0.0,0.0
48674,0.0,0.0,0.0
48675,0.0,0.0,0.0
48676,0.0,0.0,0.0
48677,0.0,0.0,0.0
48678,0.0,0.0,0.0
48679,0.0,0.0,0.0
48680,0.0,0.0,0.0
48681,0.0,0.0,0.0
48682,0.0,0.0,0.0
48683,0.0,0.0,0.0
48684,0.0,0.0,0.0
48685,0.0,0.0,0.0
48686,0.0,0.0,0.0
48687,0.0,0.0,0.0
48688,0.0,0.0,0.0
48689,0.0,0.0,0.0
48690,0.0,0.0,0.0
48691,0.0,0.0,0.0
48692,0.0,0.0,0.0
48693,0.0,0.0,0.0
48694,0.0,0.0,0.0
48695,0.0,0.0,0.0
48696,0.0,0.0,0.0
48697,0.0,0.0,0.0
48698,0.0,0.0,0.0
48699,0.0,0.0,0.0
48700,0.0,0.0,0.0
48701,0.0,0.0,0.0
48702,0.0,0.0,0.0
48703,0.0,0.0,0.0
48704,0.0,0.0,0.0
48705,0.0,0.0,0.0
48706,0.0,0.0,0.0
48707,0.0,0.0,0.0
48708,0.0,0.0,0.0
48709,0.0,0.0,0.0
48710,0.0,0.0,0.0
48711,0.0,0.0,0.0
48712,0.0,0.0,0.0
48713,0.0,0.0,0.0
48714,0.0,0.0,0.0
48715,0.0,0.0,0.0
48716,0.0,0.0,0.0
48717,0.0,0.0,0.0
48718,0.0,0.0,0.0
48719,0.0,0.0,0.0
48720,0.0,0.0,0.0
48721,0.0,0.0,0.0
48722,0.0,0.0,0.0
48723,0.0,0.0,0.0
48724,0.0,0.0,0.0
48725,0.0,0.0,0.0
48726,0.0,0.0,0.0
48727,0.0,0.0,0.0
48728,0.0,0.0,0.0
48729,0.0,0.0,0.0
48730,0.0,0.0,0.0
48731,0.0,0.0,0.0
48732,0.0,0.0,0.0
48733,0.0,0.0,0.0
48734,0.0,0.0,0.0
48735,0.0,0.0,0.0
48736,0.0,0.0,0.0
48737,0.0,0.0,0.0
48738,0.0,0.0,0.0
48739,0.0,0.0,0.0
48740,0.0,0.0,0.0
48741,0.0,0.0,0.0
48742,0.0,0.0,0.0
48743,0.0,0.0,0.0
48744,0.0,0.0,0.0
48745,0.0,0.0,0.0
48746,0.0,0.0,0.0
48747,0.0,0.0,0.0
48748,0.0,0.0,0.0
48749,0.0,0.0,0.0
48750,0.0,0.0,0.0
48751,0.0,0.0,0.0
48752,0.0,0.0,0.0
48753,0.0,0.0,0.0
48754,0.0,0.0,0.0
48755,0.0,0.0,0.0
48756,0.0,0.0,0.0
48757,0.0,0.0,0.0
48758,0.0,0.0,0.0
48759,0.0,0.0,0.0
48760,0.0,0.0,0.0
48761,0.0,0.0,0.0
48762,0.0,0.0,0.0
48763,0.0,0.0,0.0
48764,0.0,0.0,0.0
48765,0.0,0.0,0.0
48766,0.0,0.0,0.0
48767,0.0,0.0,0.0
48768,0.0,0.0,0.0
48769,0.0,0.0,0.0
48770,0.0,0.0,0.0
48771,0.0,0.0,0.0
48772,0.0,0.0,0.0
48773,0.0,0.0,0.0
48774,0.0,0.0,0.0
48775,0.0,0.0,0.0
48776,0.0,0.0,0.0
48777,0.0,0.0,0.0
48778,0.0,0.0,0.0
48779,0.0,0.0,0.0
48780,0.0,0.0,0.0
48781,0.0,0.0,0.0
48782,0.0,0.0,0.0
48783,0.0,0.0,0.0
48784,0.0,0.0,0.0
48785,0.0,0.0,0.0
48786,0.0,0.0,0.0
48787,0.0,0.0,0.0
48788,0.0,0.0,0.0
48789,0.0,0.0,0.0
48790,0.0,0.0,0.0
48791,0.0,0.0,0.0
48792,0.0,0.0,0.0
48793,0.0,0.0,0.0
48794,0.0,0.0,0.0
48795,0.0,0.0,0.0
48796,0.0,0.0,0.0
48797,0.0,0.0,0.0
48798,0.0,0.0,0.0
48799,0.0,0.0,0.0
48800,0.0,0.0,0.0
48801,0.0,0.0,0.0
48802,0.0,0.0,0.0
48803,0.0,0.0,0.0
48804,0.0,0.0,0.0
48805,0.0,0.0,0.0
48806,0.0,0.0,0.0
48807,0.0,0.0,0.0
48808,0.0,0.0,0.0
48809,0.0,0.0,0.0
48810,0.0,0.0,0.0
48811,0.0,0.0,0.0
48812,0.0,0.0,0.0
48813,0.0,0.0,0.0
48814,0.0,0.0,0.0
48815,0.0,0.0,0.0
48816,0.0,0.0,0.0
48817,0.0,0.0,0.0
48818,0.0,0.0,0.0
48819,0.0,0.0,0.0
48820,0.0,0.0,0.0
48821,0.0,0.0,0.0
48822,0.0,0.0,0.0
48823,0.0,0.0,0.0
48824,0.0,0.0,0.0
48825,0.0,0.0,0.0
48826,0.0,0.0,0.0
48827,0.0,0.0,0.0
48828,0.0,0.0,0.0
48829,0.0,0.0,0.0
48830,0.0,0.0,0.0
48831,0.0,0.0,0.0
48832,0.0,0.0,0.0
48833,0.0,0.0,0.0
48834,0.0,0.0,0.0
48835,0.0,0.0,0.0
48836,0.0,0.0,0.0
48837,0.0,0.0,0.0
48838,0.0,0.0,0.0
48839,0.0,0.0,0.0
48840,0.0,0.0,0.0
48841,0.0,0.0,0.0
48842,0.0,0.0,0.0
48843,0.0,0.0,0.0
48844,0.0,0.0,0.0
48845,0.0,0.0,0.0
48846,0.0,0.0,0.0
48847,0.0,0.0,0.0
48848,0.0,0.0,0.0
48849,0.0,0.0,0.0
48850,0.0,0.0,0.0
48851,0.0,0.0,0.0
48852,0.0,0.0,0.0
48853,0.0,0.0,0.0
48854,0.0,0.0,0.0
48855,0.0,0.0,0.0
48856,0.0,0.0,0.0
48857,0.0,0.0,0.0
48858,0.0,0.0,0.0
48859,0.0,0.0,0.0
48860,0.0,0.0,0.0
48861,0.0,0.0,0.0
48862,0.0,0.0,0.0
48863,0.0,0.0,0.0
48864,0.0,0.0,0.0
48865,0.0,0.0,0.0
48866,0.0,0.0,0.0
48867,0.0,0.0,0.0
48868,0.0,0.0,0.0
48869,0.0,0.0,0.0
48870,0.0,0.0,0.0
48871,0.0,0.0,0.0
48872,0.0,0.0,0.0
48873,0.0,0.0,0.0
48874,0.0,0.0,0.0
48875,0.0,0.0,0.0
48876,0.0,0.0,0.0
48877,0.0,0.0,0.0
48878,0.0,0.0,0.0
48879,0.0,0.0,0.0
48880,0.0,0.0,0.0
48881,0.0,0.0,0.0
48882,0.0,0.0,0.0
48883,0.0,0.0,0.0
48884,0.0,0.0,0.0
48885,0.0,0.0,0.0
48886,0.0,0.0,0.0
48887,0.0,0.0,0.0
48888,0.0,0.0,0.0
48889,0.0,0.0,0.0
48890,0.0,0.0,0.0
48891,0.0,0.0,0.0
48892,0.0,0.0,0.0
48893,0.0,0.0,0.0
48894,0.0,0.0,0.0
48895,0.0,0.0,0.0
48896,0.0,0.0,0.0
48897,0.0,0.0,0.0
48898,0.0,0.0,0.0
48899,0.0,0.0,0.0
48900,0.0,0.0,0.0
48901,0.0,0.0,0.0
48902,0.0,0.0,0.0
48903,0.0,0.0,0.0
48904,0.0,0.0,0.0
48905,0.0,0.0,0.0
48906,0.0,0.0,0.0
48907,0.0,0.0,0.0
48908,0.0,0.0,0.0
48909,0.0,0.0,0.0
48910,0.0,0.0,0.0
48911,0.0,0.0,0.0
48912,0.0,0.0,0.0
48913,0.0,0.0,0.0
48914,0.0,0.0,0.0
48915,0.0,0.0,0.0
48916,0.0,0.0,0.0
48917,0.0,0.0,0.0
48918,0.0,0.0,0.0
48919,0.0,0.0,0.0
48920,0.0,0.0,0.0
48921,0.0,0.0,0.0
48922,0.0,0.0,0.0
48923,0.0,0.0,0.0
48924,0.0,0.0,0.0
48925,0.0,0.0,0.0
48926,0.0,0.0,0.0
48927,0.0,0.0,0.0
48928,0.0,0.0,0.0
48929,0.0,0.0,0.0
48930,0.0,0.0,0.0
48931,0.0,0.0,0.0
48932,0.0,0.0,0.0
48933,0.0,0.0,0.0
48934,0.0,0.0,0.0
48935,0.0,0.0,0.0
48936,0.0,0.0,0.0
48937,0.0,0.0,0.0
48938,0.0,0.0,0.0
48939,0.0,0.0,0.0
48940,0.0,0.0,0.0
48941,0.0,0.0,0.0
48942,0.0,0.0,0.0
48943,0.0,0.0,0.0
48944,0.0,0.0,0.0
48945,0.0,0.0,0.0
48946,0.0,0.0,0.0
48947,0.0,0.0,0.0
48948,0.0,0.0,0.0
48949,0.0,0.0,0.0
48950,0.0,0.0,0.0
48951,0.0,0.0,0.0
48952,0.0,0.0,0.0
48953,0.0,0.0,0.0
48954,0.0,0.0,0.0
48955,0.0,0.0,0.0
48956,0.0,0.0,0.0
48957,0.0,0.0,0.0
48958,0.0,0.0,0.0
48959,0.0,0.0,0.0
48960,0.0,0.0,0.0
48961,0.0,0.0,0.0
48962,0.0,0.0,0.0
48963,0.0,0.0,0.0
48964,0.0,0.0,0.0
48965,0.0,0.0,0.0
48966,0.0,0.0,0.0
48967,0.0,0.0,0.0
48968,0.0,0.0,0.0
48969,0.0,0.0,0.0
48970,0.0,0.0,0.0
48971,0.0,0.0,0.0
48972,0.0,0.0,0.0
48973,0.0,0.0,0.0
48974,0.0,0.0,0.0
48975,0.0,0.0,0.0
48976,0.0,0.0,0.0
48977,0.0,0.0,0.0
48978,0.0,0.0,0.0
48979,0.0,0.0,0.0
48980,0.0,0.0,0.0
48981,0.0,0.0,0.0
48982,0.0,0.0,0.0
48983,0.0,0.0,0.0
48984,0.0,0.0,0.0
48985,0.0,0.0,0.0
48986,0.0,0.0,0.0
48987,0.0,0.0,0.0
48988,0.0,0.0,0.0
48989,0.0,0.0,0.0
48990,0.0,0.0,0.0
48991,0.0,0.0,0.0
48992,0.0,0.0,0.0
48993,0.0,0.0,0.0
48994,0.0,0.0,0.0
48995,0.0,0.0,0.0
48996,0.0,0.0,0.0
48997,0.0,0.0,0.0
48998,0.0,0.0,0.0
48999,0.0,0.0,0.0
49000,0.0,0.0,0.0
49001,0.0,0.0,0.0
49002,0.0,0.0,0.0
49003,0.0,0.0,0.0
49004,0.0,0.0,0.0
49005,0.0,0.0,0.0
49006,0.0,0.0,0.0
49007,0.0,0.0,0.0
49008,0.0,0.0,0.0
49009,0.0,0.0,0.0
49010,0.0,0.0,0.0
49011,0.0,0.0,0.0
49012,0.0,0.0,0.0
49013,0.0,0.0,0.0
49014,0.0,0.0,0.0
49015,0.0,0.0,0.0
49016,0.0,0.0,0.0
49017,0.0,0.0,0.0
49018,0.0,0.0,0.0
49019,0.0,0.0,0.0
49020,0.0,0.0,0.0
49021,0.0,0.0,0.0
49022,0.0,0.0,0.0
49023,0.0,0.0,0.0
49024,0.0,0.0,0.0
49025,0.0,0.0,0.0
49026,0.0,0.0,0.0
49027,0.0,0.0,0.0
49028,0.0,0.0,0.0
49029,0.0,0.0,0.0
49030,0.0,0.0,0.0
49031,0.0,0.0,0.0
49032,0.0,0.0,0.0
49033,0.0,0.0,0.0
49034,0.0,0.0,0.0
49035,0.0,0.0,0.0
49036,0.0,0.0,0.0
49037,0.0,0.0,0.0
49038,0.0,0.0,0.0
49039,0.0,0.0,0.0
49040,0.0,0.0,0.0
49041,0.0,0.0,0.0
49042,0.0,0.0,0.0
49043,0.0,0.0,0.0
49044,0.0,0.0,0.0
49045,0.0,0.0,0.0
49046,0.0,0.0,0.0
49047,0.0,0.0,0.0
49048,0.0,0.0,0.0
49049,0.0,0.0,0.0
49050,0.0,0.0,0.0
49051,0.0,0.0,0.0
49052,0.0,0.0,0.0
49053,0.0,0.0,0.0
49054,0.0,0.0,0.0
49055,0.0,0.0,0.0
49056,0.0,0.0,0.0
49057,0.0,0.0,0.0
49058,0.0,0.0,0.0
49059,0.0,0.0,0.0
49060,0.0,0.0,0.0
49061,0.0,0.0,0.0
49062,0.0,0.0,0.0
49063,0.0,0.0,0.0
49064,0.0,0.0,0.0
49065,0.0,0.0,0.0
49066,0.0,0.0,0.0
49067,0.0,0.0,0.0
49068,0.0,0.0,0.0
49069,0.0,0.0,0.0
49070,0.0,0.0,0.0
49071,0.0,0.0,0.0
49072,0.0,0.0,0.0
49073,0.0,0.0,0.0
49074,0.0,0.0,0.0
49075,0.0,0.0,0.0
49076,0.0,0.0,0.0
49077,0.0,0.0,0.0
49078,0.0,0.0,0.0
49079,0.0,0.0,0.0
49080,0.0,0.0,0.0
49081,0.0,0.0,0.0
49082,0.0,0.0,0.0
49083,0.0,0.0,0.0
49084,0.0,0.0,0.0
49085,0.0,0.0,0.0
49086,0.0,0.0,0.0
49087,0.0,0.0,0.0
49088,0.0,0.0,0.0
49089,0.0,0.0,0.0
49090,0.0,0.0,0.0
49091,0.0,0.0,0.0
49092,0.0,0.0,0.0
49093,0.0,0.0,0.0
49094,0.0,0.0,0.0
49095,0.0,0.0,0.0
49096,0.0,0.0,0.0
49097,0.0,0.0,0.0
49098,0.0,0.0,0.0
49099,0.0,0.0,0.0
49100,0.0,0.0,0.0
49101,0.0,0.0,0.0
49102,0.0,0.0,0.0
49103,0.0,0.0,0.0
49104,0.0,0.0,0.0
49105,0.0,0.0,0.0
49106,0.0,0.0,0.0
49107,0.0,0.0,0.0
49108,0.0,0.0,0.0
49109,0.0,0.0,0.0
49110,0.0,0.0,0.0
49111,0.0,0.0,0.0
49112,0.0,0.0,0.0
49113,0.0,0.0,0.0
49114,0.0,0.0,0.0
49115,0.0,0.0,0.0
49116,0.0,0.0,0.0
49117,0.0,0.0,0.0
49118,0.0,0.0,0.0
49119,0.0,0.0,0.0
49120,0.0,0.0,0.0
49121,0.0,0.0,0.0
49122,0.0,0.0,0.0
49123,0.0,0.0,0.0
49124,0.0,0.0,0.0
49125,0.0,0.0,0.0
49126,0.0,0.0,0.0
49127,0.0,0.0,0.0
49128,0.0,0.0,0.0
49129,0.0,0.0,0.0
49130,0.0,0.0,0.0
49131,0.0,0.0,0.0
49132,0.0,0.0,0.0
49133,0.0,0.0,0.0
49134,0.0,0.0,0.0
49135,0.0,0.0,0.0
49136,0.0,0.0,0.0
49137,0.0,0.0,0.0
49138,0.0,0.0,0.0
49139,0.0,0.0,0.0
49140,0.0,0.0,0.0
49141,0.0,0.0,0.0
49142,0.0,0.0,0.0
49143,0.0,0.0,0.0
49144,0.0,0.0,0.0
49145,0.0,0.0,0.0
49146,0.0,0.0,0.0
49147,0.0,0.0,0.0
49148,0.0,0.0,0.0
49149,0.0,0.0,0.0
49150,0.0,0.0,0.0
49151,0.0,0.0,0.0
49152,0.0,0.0,0.0
49153,0.0,0.0,0.0
49154,0.0,0.0,0.0
49155,0.0,0.0,0.0
49156,0.0,0.0,0.0
49157,0.0,0.0,0.0
49158,0.0,0.0,0.0
49159,0.0,0.0,0.0
49160,0.0,0.0,0.0
49161,0.0,0.0,0.0
49162,0.0,0.0,0.0
49163,0.0,0.0,0.0
49164,0.0,0.0,0.0
49165,0.0,0.0,0.0
49166,0.0,0.0,0.0
49167,0.0,0.0,0.0
49168,0.0,0.0,0.0
49169,0.0,0.0,0.0
49170,0.0,0.0,0.0
49171,0.0,0.0,0.0
49172,0.0,0.0,0.0
49173,0.0,0.0,0.0
49174,0.0,0.0,0.0
49175,0.0,0.0,0.0
49176,0.0,0.0,0.0
49177,0.0,0.0,0.0
49178,0.0,0.0,0.0
49179,0.0,0.0,0.0
49180,0.0,0.0,0.0
49181,0.0,0.0,0.0
49182,0.0,0.0,0.0
49183,0.0,0.0,0.0
49184,0.0,0.0,0.0
49185,0.0,0.0,0.0
49186,0.0,0.0,0.0
49187,0.0,0.0,0.0
49188,0.0,0.0,0.0
49189,0.0,0.0,0.0
49190,0.0,0.0,0.0
49191,0.0,0.0,0.0
49192,0.0,0.0,0.0
49193,0.0,0.0,0.0
49194,0.0,0.0,0.0
49195,0.0,0.0,0.0
49196,0.0,0.0,0.0
49197,0.0,0.0,0.0
49198,0.0,0.0,0.0
49199,0.0,0.0,0.0
49200,0.0,0.0,0.0
49201,0.0,0.0,0.0
49202,0.0,0.0,0.0
49203,0.0,0.0,0.0
49204,0.0,0.0,0.0
49205,0.0,0.0,0.0
49206,0.0,0.0,0.0
49207,0.0,0.0,0.0
49208,0.0,0.0,0.0
49209,0.0,0.0,0.0
49210,0.0,0.0,0.0
49211,0.0,0.0,0.0
49212,0.0,0.0,0.0
49213,0.0,0.0,0.0
49214,0.0,0.0,0.0
49215,0.0,0.0,0.0
49216,0.0,0.0,0.0
49217,0.0,0.0,0.0
49218,0.0,0.0,0.0
49219,0.0,0.0,0.0
49220,0.0,0.0,0.0
49221,0.0,0.0,0.0
49222,0.0,0.0,0.0
49223,0.0,0.0,0.0
49224,0.0,0.0,0.0
49225,0.0,0.0,0.0
49226,0.0,0.0,0.0
49227,0.0,0.0,0.0
49228,0.0,0.0,0.0
49229,0.0,0.0,0.0
49230,0.0,0.0,0.0
49231,0.0,0.0,0.0
49232,0.0,0.0,0.0
49233,0.0,0.0,0.0
49234,0.0,0.0,0.0
49235,0.0,0.0,0.0
49236,0.0,0.0,0.0
49237,0.0,0.0,0.0
49238,0.0,0.0,0.0
49239,0.0,0.0,0.0
49240,0.0,0.0,0.0
49241,0.0,0.0,0.0
49242,0.0,0.0,0.0
49243,0.0,0.0,0.0
49244,0.0,0.0,0.0
49245,0.0,0.0,0.0
49246,0.0,0.0,0.0
49247,0.0,0.0,0.0
49248,0.0,0.0,0.0
49249,0.0,0.0,0.0
49250,0.0,0.0,0.0
49251,0.0,0.0,0.0
49252,0.0,0.0,0.0
49253,0.0,0.0,0.0
49254,0.0,0.0,0.0
49255,0.0,0.0,0.0
49256,0.0,0.0,0.0
49257,0.0,0.0,0.0
49258,0.0,0.0,0.0
49259,0.0,0.0,0.0
49260,0.0,0.0,0.0
49261,0.0,0.0,0.0
49262,0.0,0.0,0.0
49263,0.0,0.0,0.0
49264,0.0,0.0,0.0
49265,0.0,0.0,0.0
49266,0.0,0.0,0.0
49267,0.0,0.0,0.0
49268,0.0,0.0,0.0
49269,0.0,0.0,0.0
49270,0.0,0.0,0.0
49271,0.0,0.0,0.0
49272,0.0,0.0,0.0
49273,0.0,0.0,0.0
49274,0.0,0.0,0.0
49275,0.0,0.0,0.0
49276,0.0,0.0,0.0
49277,0.0,0.0,0.0
49278,0.0,0.0,0.0
49279,0.0,0.0,0.0
49280,0.0,0.0,0.0
49281,0.0,0.0,0.0
49282,0.0,0.0,0.0
49283,0.0,0.0,0.0
49284,0.0,0.0,0.0
49285,0.0,0.0,0.0
49286,0.0,0.0,0.0
49287,0.0,0.0,0.0
49288,0.0,0.0,0.0
49289,0.0,0.0,0.0
49290,0.0,0.0,0.0
49291,0.0,0.0,0.0
49292,0.0,0.0,0.0
49293,0.0,0.0,0.0
49294,0.0,0.0,0.0
49295,0.0,0.0,0.0
49296,0.0,0.0,0.0
49297,0.0,0.0,0.0
49298,0.0,0.0,0.0
49299,0.0,0.0,0.0
49300,0.0,0.0,0.0
49301,0.0,0.0,0.0
49302,0.0,0.0,0.0
49303,0.0,0.0,0.0
49304,0.0,0.0,0.0
49305,0.0,0.0,0.0
49306,0.0,0.0,0.0
49307,0.0,0.0,0.0
49308,0.0,0.0,0.0
49309,0.0,0.0,0.0
49310,0.0,0.0,0.0
49311,0.0,0.0,0.0
49312,0.0,0.0,0.0
49313,0.0,0.0,0.0
49314,0.0,0.0,0.0
49315,0.0,0.0,0.0
49316,0.0,0.0,0.0
49317,0.0,0.0,0.0
49318,0.0,0.0,0.0
49319,0.0,0.0,0.0
49320,0.0,0.0,0.0
49321,0.0,0.0,0.0
49322,0.0,0.0,0.0
49323,0.0,0.0,0.0
49324,0.0,0.0,0.0
49325,0.0,0.0,0.0
49326,0.0,0.0,0.0
49327,0.0,0.0,0.0
49328,0.0,0.0,0.0
49329,0.0,0.0,0.0
49330,0.0,0.0,0.0
49331,0.0,0.0,0.0
49332,0.0,0.0,0.0
49333,0.0,0.0,0.0
49334,0.0,0.0,0.0
49335,0.0,0.0,0.0
49336,0.0,0.0,0.0
49337,0.0,0.0,0.0
49338,0.0,0.0,0.0
49339,0.0,0.0,0.0
49340,0.0,0.0,0.0
49341,0.0,0.0,0.0
49342,0.0,0.0,0.0
49343,0.0,0.0,0.0
49344,0.0,0.0,0.0
49345,0.0,0.0,0.0
49346,0.0,0.0,0.0
49347,0.0,0.0,0.0
49348,0.0,0.0,0.0
49349,0.0,0.0,0.0
49350,0.0,0.0,0.0
49351,0.0,0.0,0.0
49352,0.0,0.0,0.0
49353,0.0,0.0,0.0
49354,0.0,0.0,0.0
49355,0.0,0.0,0.0
49356,0.0,0.0,0.0
49357,0.0,0.0,0.0
49358,0.0,0.0,0.0
49359,0.0,0.0,0.0
49360,0.0,0.0,0.0
49361,0.0,0.0,0.0
49362,0.0,0.0,0.0
49363,0.0,0.0,0.0
49364,0.0,0.0,0.0
49365,0.0,0.0,0.0
49366,0.0,0.0,0.0
49367,0.0,0.0,0.0
49368,0.0,0.0,0.0
49369,0.0,0.0,0.0
49370,0.0,0.0,0.0
49371,0.0,0.0,0.0
49372,0.0,0.0,0.0
49373,0.0,0.0,0.0
49374,0.0,0.0,0.0
49375,0.0,0.0,0.0
49376,0.0,0.0,0.0
49377,0.0,0.0,0.0
49378,0.0,0.0,0.0
49379,0.0,0.0,0.0
49380,0.0,0.0,0.0
49381,0.0,0.0,0.0
49382,0.0,0.0,0.0
49383,0.0,0.0,0.0
49384,0.0,0.0,0.0
49385,0.0,0.0,0.0
49386,0.0,0.0,0.0
49387,0.0,0.0,0.0
49388,0.0,0.0,0.0
49389,0.0,0.0,0.0
49390,0.0,0.0,0.0
49391,0.0,0.0,0.0
49392,0.0,0.0,0.0
49393,0.0,0.0,0.0
49394,0.0,0.0,0.0
49395,0.0,0.0,0.0
49396,0.0,0.0,0.0
49397,0.0,0.0,0.0
49398,0.0,0.0,0.0
49399,0.0,0.0,0.0
49400,0.0,0.0,0.0
49401,0.0,0.0,0.0
49402,0.0,0.0,0.0
49403,0.0,0.0,0.0
49404,0.0,0.0,0.0
49405,0.0,0.0,0.0
49406,0.0,0.0,0.0
49407,0.0,0.0,0.0
49408,0.0,0.0,0.0
49409,0.0,0.0,0.0
49410,0.0,0.0,0.0
49411,0.0,0.0,0.0
49412,0.0,0.0,0.0
49413,0.0,0.0,0.0
49414,0.0,0.0,0.0
49415,0.0,0.0,0.0
49416,0.0,0.0,0.0
49417,0.0,0.0,0.0
49418,0.0,0.0,0.0
49419,0.0,0.0,0.0
49420,0.0,0.0,0.0
49421,0.0,0.0,0.0
49422,0.0,0.0,0.0
49423,0.0,0.0,0.0
49424,0.0,0.0,0.0
49425,0.0,0.0,0.0
49426,0.0,0.0,0.0
49427,0.0,0.0,0.0
49428,0.0,0.0,0.0
49429,0.0,0.0,0.0
49430,0.0,0.0,0.0
49431,0.0,0.0,0.0
49432,0.0,0.0,0.0
49433,0.0,0.0,0.0
49434,0.0,0.0,0.0
49435,0.0,0.0,0.0
49436,0.0,0.0,0.0
49437,0.0,0.0,0.0
49438,0.0,0.0,0.0
49439,0.0,0.0,0.0
49440,0.0,0.0,0.0
49441,0.0,0.0,0.0
49442,0.0,0.0,0.0
49443,0.0,0.0,0.0
49444,0.0,0.0,0.0
49445,0.0,0.0,0.0
49446,0.0,0.0,0.0
49447,0.0,0.0,0.0
49448,0.0,0.0,0.0
49449,0.0,0.0,0.0
49450,0.0,0.0,0.0
49451,0.0,0.0,0.0
49452,0.0,0.0,0.0
49453,0.0,0.0,0.0
49454,0.0,0.0,0.0
49455,0.0,0.0,0.0
49456,0.0,0.0,0.0
49457,0.0,0.0,0.0
49458,0.0,0.0,0.0
49459,0.0,0.0,0.0
49460,0.0,0.0,0.0
49461,0.0,0.0,0.0
49462,0.0,0.0,0.0
49463,0.0,0.0,0.0
49464,0.0,0.0,0.0
49465,0.0,0.0,0.0
49466,0.0,0.0,0.0
49467,0.0,0.0,0.0
49468,0.0,0.0,0.0
49469,0.0,0.0,0.0
49470,0.0,0.0,0.0
49471,0.0,0.0,0.0
49472,0.0,0.0,0.0
49473,0.0,0.0,0.0
49474,0.0,0.0,0.0
49475,0.0,0.0,0.0
49476,0.0,0.0,0.0
49477,0.0,0.0,0.0
49478,0.0,0.0,0.0
49479,0.0,0.0,0.0
49480,0.0,0.0,0.0
49481,0.0,0.0,0.0
49482,0.0,0.0,0.0
49483,0.0,0.0,0.0
49484,0.0,0.0,0.0
49485,0.0,0.0,0.0
49486,0.0,0.0,0.0
49487,0.0,0.0,0.0
49488,0.0,0.0,0.0
49489,0.0,0.0,0.0
49490,0.0,0.0,0.0
49491,0.0,0.0,0.0
49492,0.0,0.0,0.0
49493,0.0,0.0,0.0
49494,0.0,0.0,0.0
49495,0.0,0.0,0.0
49496,0.0,0.0,0.0
49497,0.0,0.0,0.0
49498,0.0,0.0,0.0
49499,0.0,0.0,0.0
49500,0.0,0.0,0.0
49501,0.0,0.0,0.0
49502,0.0,0.0,0.0
49503,0.0,0.0,0.0
49504,0.0,0.0,0.0
49505,0.0,0.0,0.0
49506,0.0,0.0,0.0
49507,0.0,0.0,0.0
49508,0.0,0.0,0.0
49509,0.0,0.0,0.0
49510,0.0,0.0,0.0
49511,0.0,0.0,0.0
49512,0.0,0.0,0.0
49513,0.0,0.0,0.0
49514,0.0,0.0,0.0
49515,0.0,0.0,0.0
49516,0.0,0.0,0.0
49517,0.0,0.0,0.0
49518,0.0,0.0,0.0
49519,0.0,0.0,0.0
49520,0.0,0.0,0.0
49521,0.0,0.0,0.0
49522,0.0,0.0,0.0
49523,0.0,0.0,0.0
49524,0.0,0.0,0.0
49525,0.0,0.0,0.0
49526,0.0,0.0,0.0
49527,0.0,0.0,0.0
49528,0.0,0.0,0.0
49529,0.0,0.0,0.0
49530,0.0,0.0,0.0
49531,0.0,0.0,0.0
49532,0.0,0.0,0.0
49533,0.0,0.0,0.0
49534,0.0,0.0,0.0
49535,0.0,0.0,0.0
49536,0.0,0.0,0.0
49537,0.0,0.0,0.0
49538,0.0,0.0,0.0
49539,0.0,0.0,0.0
49540,0.0,0.0,0.0
49541,0.0,0.0,0.0
49542,0.0,0.0,0.0
49543,0.0,0.0,0.0
49544,0.0,0.0,0.0
49545,0.0,0.0,0.0
49546,0.0,0.0,0.0
49547,0.0,0.0,0.0
49548,0.0,0.0,0.0
49549,0.0,0.0,0.0
49550,0.0,0.0,0.0
49551,0.0,0.0,0.0
49552,0.0,0.0,0.0
49553,0.0,0.0,0.0
49554,0.0,0.0,0.0
49555,0.0,0.0,0.0
49556,0.0,0.0,0.0
49557,0.0,0.0,0.0
49558,0.0,0.0,0.0
49559,0.0,0.0,0.0
49560,0.0,0.0,0.0
49561,0.0,0.0,0.0
49562,0.0,0.0,0.0
49563,0.0,0.0,0.0
49564,0.0,0.0,0.0
49565,0.0,0.0,0.0
49566,0.0,0.0,0.0
49567,0.0,0.0,0.0
49568,0.0,0.0,0.0
49569,0.0,0.0,0.0
49570,0.0,0.0,0.0
49571,0.0,0.0,0.0
49572,0.0,0.0,0.0
49573,0.0,0.0,0.0
49574,0.0,0.0,0.0
49575,0.0,0.0,0.0
49576,0.0,0.0,0.0
49577,0.0,0.0,0.0
49578,0.0,0.0,0.0
49579,0.0,0.0,0.0
49580,0.0,0.0,0.0
49581,0.0,0.0,0.0
49582,0.0,0.0,0.0
49583,0.0,0.0,0.0
49584,0.0,0.0,0.0
49585,0.0,0.0,0.0
49586,0.0,0.0,0.0
49587,0.0,0.0,0.0
49588,0.0,0.0,0.0
49589,0.0,0.0,0.0
49590,0.0,0.0,0.0
49591,0.0,0.0,0.0
49592,0.0,0.0,0.0
49593,0.0,0.0,0.0
49594,0.0,0.0,0.0
49595,0.0,0.0,0.0
49596,0.0,0.0,0.0
49597,0.0,0.0,0.0
49598,0.0,0.0,0.0
49599,0.0,0.0,0.0
49600,0.0,0.0,0.0
49601,0.0,0.0,0.0
49602,0.0,0.0,0.0
49603,0.0,0.0,0.0
49604,0.0,0.0,0.0
49605,0.0,0.0,0.0
49606,0.0,0.0,0.0
49607,0.0,0.0,0.0
49608,0.0,0.0,0.0
49609,0.0,0.0,0.0
49610,0.0,0.0,0.0
49611,0.0,0.0,0.0
49612,0.0,0.0,0.0
49613,0.0,0.0,0.0
49614,0.0,0.0,0.0
49615,0.0,0.0,0.0
49616,0.0,0.0,0.0
49617,0.0,0.0,0.0
49618,0.0,0.0,0.0
49619,0.0,0.0,0.0
49620,0.0,0.0,0.0
49621,0.0,0.0,0.0
49622,0.0,0.0,0.0
49623,0.0,0.0,0.0
49624,0.0,0.0,0.0
49625,0.0,0.0,0.0
49626,0.0,0.0,0.0
49627,0.0,0.0,0.0
49628,0.0,0.0,0.0
49629,0.0,0.0,0.0
49630,0.0,0.0,0.0
49631,0.0,0.0,0.0
49632,0.0,0.0,0.0
49633,0.0,0.0,0.0
49634,0.0,0.0,0.0
49635,0.0,0.0,0.0
49636,0.0,0.0,0.0
49637,0.0,0.0,0.0
49638,0.0,0.0,0.0
49639,0.0,0.0,0.0
49640,0.0,0.0,0.0
49641,0.0,0.0,0.0
49642,0.0,0.0,0.0
49643,0.0,0.0,0.0
49644,0.0,0.0,0.0
49645,0.0,0.0,0.0
49646,0.0,0.0,0.0
49647,0.0,0.0,0.0
49648,0.0,0.0,0.0
49649,0.0,0.0,0.0
49650,0.0,0.0,0.0
49651,0.0,0.0,0.0
49652,0.0,0.0,0.0
49653,0.0,0.0,0.0
49654,0.0,0.0,0.0
49655,0.0,0.0,0.0
49656,0.0,0.0,0.0
49657,0.0,0.0,0.0
49658,0.0,0.0,0.0
49659,0.0,0.0,0.0
49660,0.0,0.0,0.0
49661,0.0,0.0,0.0
49662,0.0,0.0,0.0
49663,0.0,0.0,0.0
49664,0.0,0.0,0.0
49665,0.0,0.0,0.0
49666,0.0,0.0,0.0
49667,0.0,0.0,0.0
49668,0.0,0.0,0.0
49669,0.0,0.0,0.0
49670,0.0,0.0,0.0
49671,0.0,0.0,0.0
49672,0.0,0.0,0.0
49673,0.0,0.0,0.0
49674,0.0,0.0,0.0
49675,0.0,0.0,0.0
49676,0.0,0.0,0.0
49677,0.0,0.0,0.0
49678,0.0,0.0,0.0
49679,0.0,0.0,0.0
49680,0.0,0.0,0.0
49681,0.0,0.0,0.0
49682,0.0,0.0,0.0
49683,0.0,0.0,0.0
49684,0.0,0.0,0.0
49685,0.0,0.0,0.0
49686,0.0,0.0,0.0
49687,0.0,0.0,0.0
49688,0.0,0.0,0.0
49689,0.0,0.0,0.0
49690,0.0,0.0,0.0
49691,0.0,0.0,0.0
49692,0.0,0.0,0.0
49693,0.0,0.0,0.0
49694,0.0,0.0,0.0
49695,0.0,0.0,0.0
49696,0.0,0.0,0.0
49697,0.0,0.0,0.0
49698,0.0,0.0,0.0
49699,0.0,0.0,0.0
49700,0.0,0.0,0.0
49701,0.0,0.0,0.0
49702,0.0,0.0,0.0
49703,0.0,0.0,0.0
49704,0.0,0.0,0.0
49705,0.0,0.0,0.0
49706,0.0,0.0,0.0
49707,0.0,0.0,0.0
49708,0.0,0.0,0.0
49709,0.0,0.0,0.0
49710,0.0,0.0,0.0
49711,0.0,0.0,0.0
49712,0.0,0.0,0.0
49713,0.0,0.0,0.0
49714,0.0,0.0,0.0
49715,0.0,0.0,0.0
49716,0.0,0.0,0.0
49717,0.0,0.0,0.0
49718,0.0,0.0,0.0
49719,0.0,0.0,0.0
49720,0.0,0.0,0.0
49721,0.0,0.0,0.0
49722,0.0,0.0,0.0
49723,0.0,0.0,0.0
49724,0.0,0.0,0.0
49725,0.0,0.0,0.0
49726,0.0,0.0,0.0
49727,0.0,0.0,0.0
49728,0.0,0.0,0.0
49729,0.0,0.0,0.0
49730,0.0,0.0,0.0
49731,0.0,0.0,0.0
49732,0.0,0.0,0.0
49733,0.0,0.0,0.0
49734,0.0,0.0,0.0
49735,0.0,0.0,0.0
49736,0.0,0.0,0.0
49737,0.0,0.0,0.0
49738,0.0,0.0,0.0
49739,0.0,0.0,0.0
49740,0.0,0.0,0.0
49741,0.0,0.0,0.0
49742,0.0,0.0,0.0
49743,0.0,0.0,0.0
49744,0.0,0.0,0.0
49745,0.0,0.0,0.0
49746,0.0,0.0,0.0
49747,0.0,0.0,0.0
49748,0.0,0.0,0.0
49749,0.0,0.0,0.0
49750,0.0,0.0,0.0
49751,0.0,0.0,0.0
49752,0.0,0.0,0.0
49753,0.0,0.0,0.0
49754,0.0,0.0,0.0
49755,0.0,0.0,0.0
49756,0.0,0.0,0.0
49757,0.0,0.0,0.0
49758,0.0,0.0,0.0
49759,0.0,0.0,0.0
49760,0.0,0.0,0.0
49761,0.0,0.0,0.0
49762,0.0,0.0,0.0
49763,0.0,0.0,0.0
49764,0.0,0.0,0.0
49765,0.0,0.0,0.0
49766,0.0,0.0,0.0
49767,0.0,0.0,0.0
49768,0.0,0.0,0.0
49769,0.0,0.0,0.0
49770,0.0,0.0,0.0
49771,0.0,0.0,0.0
49772,0.0,0.0,0.0
49773,0.0,0.0,0.0
49774,0.0,0.0,0.0
49775,0.0,0.0,0.0
49776,0.0,0.0,0.0
49777,0.0,0.0,0.0
49778,0.0,0.0,0.0
49779,0.0,0.0,0.0
49780,0.0,0.0,0.0
49781,0.0,0.0,0.0
49782,0.0,0.0,0.0
49783,0.0,0.0,0.0
49784,0.0,0.0,0.0
49785,0.0,0.0,0.0
49786,0.0,0.0,0.0
49787,0.0,0.0,0.0
49788,0.0,0.0,0.0
49789,0.0,0.0,0.0
49790,0.0,0.0,0.0
49791,0.0,0.0,0.0
49792,0.0,0.0,0.0
49793,0.0,0.0,0.0
49794,0.0,0.0,0.0
49795,0.0,0.0,0.0
49796,0.0,0.0,0.0
49797,0.0,0.0,0.0
49798,0.0,0.0,0.0
49799,0.0,0.0,0.0
49800,0.0,0.0,0.0
49801,0.0,0.0,0.0
49802,0.0,0.0,0.0
49803,0.0,0.0,0.0
49804,0.0,0.0,0.0
49805,0.0,0.0,0.0
49806,0.0,0.0,0.0
49807,0.0,0.0,0.0
49808,0.0,0.0,0.0
49809,0.0,0.0,0.0
49810,0.0,0.0,0.0
49811,0.0,0.0,0.0
49812,0.0,0.0,0.0
49813,0.0,0.0,0.0
49814,0.0,0.0,0.0
49815,0.0,0.0,0.0
49816,0.0,0.0,0.0
49817,0.0,0.0,0.0
49818,0.0,0.0,0.0
49819,0.0,0.0,0.0
49820,0.0,0.0,0.0
49821,0.0,0.0,0.0
49822,0.0,0.0,0.0
49823,0.0,0.0,0.0
49824,0.0,0.0,0.0
49825,0.0,0.0,0.0
49826,0.0,0.0,0.0
49827,0.0,0.0,0.0
49828,0.0,0.0,0.0
49829,0.0,0.0,0.0
49830,0.0,0.0,0.0
49831,0.0,0.0,0.0
49832,0.0,0.0,0.0
49833,0.0,0.0,0.0
49834,0.0,0.0,0.0
49835,0.0,0.0,0.0
49836,0.0,0.0,0.0
49837,0.0,0.0,0.0
49838,0.0,0.0,0.0
49839,0.0,0.0,0.0
49840,0.0,0.0,0.0
49841,0.0,0.0,0.0
49842,0.0,0.0,0.0
49843,0.0,0.0,0.0
49844,0.0,0.0,0.0
49845,0.0,0.0,0.0
49846,0.0,0.0,0.0
49847,0.0,0.0,0.0
49848,0.0,0.0,0.0
49849,0.0,0.0,0.0
49850,0.0,0.0,0.0
49851,0.0,0.0,0.0
49852,0.0,0.0,0.0
49853,0.0,0.0,0.0
49854,0.0,0.0,0.0
49855,0.0,0.0,0.0
49856,0.0,0.0,0.0
49857,0.0,0.0,0.0
49858,0.0,0.0,0.0
49859,0.0,0.0,0.0
49860,0.0,0.0,0.0
49861,0.0,0.0,0.0
49862,0.0,0.0,0.0
49863,0.0,0.0,0.0
49864,0.0,0.0,0.0
49865,0.0,0.0,0.0
49866,0.0,0.0,0.0
49867,0.0,0.0,0.0
49868,0.0,0.0,0.0
49869,0.0,0.0,0.0
49870,0.0,0.0,0.0
49871,0.0,0.0,0.0
49872,0.0,0.0,0.0
49873,0.0,0.0,0.0
49874,0.0,0.0,0.0
49875,0.0,0.0,0.0
49876,0.0,0.0,0.0
49877,0.0,0.0,0.0
49878,0.0,0.0,0.0
49879,0.0,0.0,0.0
49880,0.0,0.0,0.0
49881,0.0,0.0,0.0
49882,0.0,0.0,0.0
49883,0.0,0.0,0.0
49884,0.0,0.0,0.0
49885,0.0,0.0,0.0
49886,0.0,0.0,0.0
49887,0.0,0.0,0.0
49888,0.0,0.0,0.0
49889,0.0,0.0,0.0
49890,0.0,0.0,0.0
49891,0.0,0.0,0.0
49892,0.0,0.0,0.0
49893,0.0,0.0,0.0
49894,0.0,0.0,0.0
49895,0.0,0.0,0.0
49896,0.0,0.0,0.0
49897,0.0,0.0,0.0
49898,0.0,0.0,0.0
49899,0.0,0.0,0.0
49900,0.0,0.0,0.0
49901,0.0,0.0,0.0
49902,0.0,0.0,0.0
49903,0.0,0.0,0.0
49904,0.0,0.0,0.0
49905,0.0,0.0,0.0
49906,0.0,0.0,0.0
49907,0.0,0.0,0.0
49908,0.0,0.0,0.0
49909,0.0,0.0,0.0
49910,0.0,0.0,0.0
49911,0.0,0.0,0.0
49912,0.0,0.0,0.0
49913,0.0,0.0,0.0
49914,0.0,0.0,0.0
49915,0.0,0.0,0.0
49916,0.0,0.0,0.0
49917,0.0,0.0,0.0
49918,0.0,0.0,0.0
49919,0.0,0.0,0.0
49920,0.0,0.0,0.0
49921,0.0,0.0,0.0
49922,0.0,0.0,0.0
49923,0.0,0.0,0.0
49924,0.0,0.0,0.0
49925,0.0,0.0,0.0
49926,0.0,0.0,0.0
49927,0.0,0.0,0.0
49928,0.0,0.0,0.0
49929,0.0,0.0,0.0
49930,0.0,0.0,0.0
49931,0.0,0.0,0.0
49932,0.0,0.0,0.0
49933,0.0,0.0,0.0
49934,0.0,0.0,0.0
49935,0.0,0.0,0.0
49936,0.0,0.0,0.0
49937,0.0,0.0,0.0
49938,0.0,0.0,0.0
49939,0.0,0.0,0.0
49940,0.0,0.0,0.0
49941,0.0,0.0,0.0
49942,0.0,0.0,0.0
49943,0.0,0.0,0.0
49944,0.0,0.0,0.0
49945,0.0,0.0,0.0
49946,0.0,0.0,0.0
49947,0.0,0.0,0.0
49948,0.0,0.0,0.0
49949,0.0,0.0,0.0
49950,0.0,0.0,0.0
49951,0.0,0.0,0.0
49952,0.0,0.0,0.0
49953,0.0,0.0,0.0
49954,0.0,0.0,0.0
49955,0.0,0.0,0.0
49956,0.0,0.0,0.0
49957,0.0,0.0,0.0
49958,0.0,0.0,0.0
49959,0.0,0.0,0.0
49960,0.0,0.0,0.0
49961,0.0,0.0,0.0
49962,0.0,0.0,0.0
49963,0.0,0.0,0.0
49964,0.0,0.0,0.0
49965,0.0,0.0,0.0
49966,0.0,0.0,0.0
49967,0.0,0.0,0.0
49968,0.0,0.0,0.0
49969,0.0,0.0,0.0
49970,0.0,0.0,0.0
49971,0.0,0.0,0.0
49972,0.0,0.0,0.0
49973,0.0,0.0,0.0
49974,0.0,0.0,0.0
49975,0.0,0.0,0.0
49976,0.0,0.0,0.0
49977,0.0,0.0,0.0
49978,0.0,0.0,0.0
49979,0.0,0.0,0.0
49980,0.0,0.0,0.0
49981,0.0,0.0,0.0
49982,0.0,0.0,0.0
49983,0.0,0.0,0.0
49984,0.0,0.0,0.0
49985,0.0,0.0,0.0
49986,0.0,0.0,0.0
49987,0.0,0.0,0.0
49988,0.0,0.0,0.0
49989,0.0,0.0,0.0
49990,0.0,0.0,0.0
49991,0.0,0.0,0.0
49992,0.0,0.0,0.0
49993,0.0,0.0,0.0
49994,0.0,0.0,0.0
49995,0.0,0.0,0.0
49996,0.0,0.0,0.0
49997,0.0,0.0,0.0
49998,0.0,0.0,0.0
49999,0.0,0.0,0.0
50000,0.0,0.0,0.0
50001,0.0,0.0,0.0
50002,0.0,0.0,0.0
50003,0.0,0.0,0.0
50004,0.0,0.0,0.0
50005,0.0,0.0,0.0
50006,0.0,0.0,0.0
50007,0.0,0.0,0.0
50008,0.0,0.0,0.0
50009,0.0,0.0,0.0
50010,0.0,0.0,0.0
50011,0.0,0.0,0.0
50012,0.0,0.0,0.0
50013,0.0,0.0,0.0
50014,0.0,0.0,0.0
50015,0.0,0.0,0.0
50016,0.0,0.0,0.0
50017,0.0,0.0,0.0
50018,0.0,0.0,0.0
50019,0.0,0.0,0.0
50020,0.0,0.0,0.0
50021,0.0,0.0,0.0
50022,0.0,0.0,0.0
50023,0.0,0.0,0.0
50024,0.0,0.0,0.0
50025,0.0,0.0,0.0
50026,0.0,0.0,0.0
50027,0.0,0.0,0.0
50028,0.0,0.0,0.0
50029,0.0,0.0,0.0
50030,0.0,0.0,0.0
50031,0.0,0.0,0.0
50032,0.0,0.0,0.0
50033,0.0,0.0,0.0
50034,0.0,0.0,0.0
50035,0.0,0.0,0.0
50036,0.0,0.0,0.0
50037,0.0,0.0,0.0
50038,0.0,0.0,0.0
50039,0.0,0.0,0.0
50040,0.0,0.0,0.0
50041,0.0,0.0,0.0
50042,0.0,0.0,0.0
50043,0.0,0.0,0.0
50044,0.0,0.0,0.0
50045,0.0,0.0,0.0
50046,0.0,0.0,0.0
50047,0.0,0.0,0.0
50048,0.0,0.0,0.0
50049,0.0,0.0,0.0
50050,0.0,0.0,0.0
50051,0.0,0.0,0.0
50052,0.0,0.0,0.0
50053,0.0,0.0,0.0
50054,0.0,0.0,0.0
50055,0.0,0.0,0.0
50056,0.0,0.0,0.0
50057,0.0,0.0,0.0
50058,0.0,0.0,0.0
50059,0.0,0.0,0.0
50060,0.0,0.0,0.0
50061,0.0,0.0,0.0
50062,0.0,0.0,0.0
50063,0.0,0.0,0.0
50064,0.0,0.0,0.0
50065,0.0,0.0,0.0
50066,0.0,0.0,0.0
50067,0.0,0.0,0.0
50068,0.0,0.0,0.0
50069,0.0,0.0,0.0
50070,0.0,0.0,0.0
50071,0.0,0.0,0.0
50072,0.0,0.0,0.0
50073,0.0,0.0,0.0
50074,0.0,0.0,0.0
50075,0.0,0.0,0.0
50076,0.0,0.0,0.0
50077,0.0,0.0,0.0
50078,0.0,0.0,0.0
50079,0.0,0.0,0.0
50080,0.0,0.0,0.0
50081,0.0,0.0,0.0
50082,0.0,0.0,0.0
50083,0.0,0.0,0.0
50084,0.0,0.0,0.0
50085,0.0,0.0,0.0
50086,0.0,0.0,0.0
50087,0.0,0.0,0.0
50088,0.0,0.0,0.0
50089,0.0,0.0,0.0
50090,0.0,0.0,0.0
50091,0.0,0.0,0.0
50092,0.0,0.0,0.0
50093,0.0,0.0,0.0
50094,0.0,0.0,0.0
50095,0.0,0.0,0.0
50096,0.0,0.0,0.0
50097,0.0,0.0,0.0
50098,0.0,0.0,0.0
50099,0.0,0.0,0.0
50100,0.0,0.0,0.0
50101,0.0,0.0,0.0
50102,0.0,0.0,0.0
50103,0.0,0.0,0.0
50104,0.0,0.0,0.0
50105,0.0,0.0,0.0
50106,0.0,0.0,0.0
50107,0.0,0.0,0.0
50108,0.0,0.0,0.0
50109,0.0,0.0,0.0
50110,0.0,0.0,0.0
50111,0.0,0.0,0.0
50112,0.0,0.0,0.0
50113,0.0,0.0,0.0
50114,0.0,0.0,0.0
50115,0.0,0.0,0.0
50116,0.0,0.0,0.0
50117,0.0,0.0,0.0
50118,0.0,0.0,0.0
50119,0.0,0.0,0.0
50120,0.0,0.0,0.0
50121,0.0,0.0,0.0
50122,0.0,0.0,0.0
50123,0.0,0.0,0.0
50124,0.0,0.0,0.0
50125,0.0,0.0,0.0
50126,0.0,0.0,0.0
50127,0.0,0.0,0.0
50128,0.0,0.0,0.0
50129,0.0,0.0,0.0
50130,0.0,0.0,0.0
50131,0.0,0.0,0.0
50132,0.0,0.0,0.0
50133,0.0,0.0,0.0
50134,0.0,0.0,0.0
50135,0.0,0.0,0.0
50136,0.0,0.0,0.0
50137,0.0,0.0,0.0
50138,0.0,0.0,0.0
50139,0.0,0.0,0.0
50140,0.0,0.0,0.0
50141,0.0,0.0,0.0
50142,0.0,0.0,0.0
50143,0.0,0.0,0.0
50144,0.0,0.0,0.0
50145,0.0,0.0,0.0
50146,0.0,0.0,0.0
50147,0.0,0.0,0.0
50148,0.0,0.0,0.0
50149,0.0,0.0,0.0
50150,0.0,0.0,0.0
50151,0.0,0.0,0.0
50152,0.0,0.0,0.0
50153,0.0,0.0,0.0
50154,0.0,0.0,0.0
50155,0.0,0.0,0.0
50156,0.0,0.0,0.0
50157,0.0,0.0,0.0
50158,0.0,0.0,0.0
50159,0.0,0.0,0.0
50160,0.0,0.0,0.0
50161,0.0,0.0,0.0
50162,0.0,0.0,0.0
50163,0.0,0.0,0.0
50164,0.0,0.0,0.0
50165,0.0,0.0,0.0
50166,0.0,0.0,0.0
50167,0.0,0.0,0.0
50168,0.0,0.0,0.0
50169,0.0,0.0,0.0
50170,0.0,0.0,0.0
50171,0.0,0.0,0.0
50172,0.0,0.0,0.0
50173,0.0,0.0,0.0
50174,0.0,0.0,0.0
50175,0.0,0.0,0.0
50176,0.0,0.0,0.0
50177,0.0,0.0,0.0
50178,0.0,0.0,0.0
50179,0.0,0.0,0.0
50180,0.0,0.0,0.0
50181,0.0,0.0,0.0
50182,0.0,0.0,0.0
50183,0.0,0.0,0.0
50184,0.0,0.0,0.0
50185,0.0,0.0,0.0
50186,0.0,0.0,0.0
50187,0.0,0.0,0.0
50188,0.0,0.0,0.0
50189,0.0,0.0,0.0
50190,0.0,0.0,0.0
50191,0.0,0.0,0.0
50192,0.0,0.0,0.0
50193,0.0,0.0,0.0
50194,0.0,0.0,0.0
50195,0.0,0.0,0.0
50196,0.0,0.0,0.0
50197,0.0,0.0,0.0
50198,0.0,0.0,0.0
50199,0.0,0.0,0.0
50200,0.0,0.0,0.0
50201,0.0,0.0,0.0
50202,0.0,0.0,0.0
50203,0.0,0.0,0.0
50204,0.0,0.0,0.0
50205,0.0,0.0,0.0
50206,0.0,0.0,0.0
50207,0.0,0.0,0.0
50208,0.0,0.0,0.0
50209,0.0,0.0,0.0
50210,0.0,0.0,0.0
50211,0.0,0.0,0.0
50212,0.0,0.0,0.0
50213,0.0,0.0,0.0
50214,0.0,0.0,0.0
50215,0.0,0.0,0.0
50216,0.0,0.0,0.0
50217,0.0,0.0,0.0
50218,0.0,0.0,0.0
50219,0.0,0.0,0.0
50220,0.0,0.0,0.0
50221,0.0,0.0,0.0
50222,0.0,0.0,0.0
50223,0.0,0.0,0.0
50224,0.0,0.0,0.0
50225,0.0,0.0,0.0
50226,0.0,0.0,0.0
50227,0.0,0.0,0.0
50228,0.0,0.0,0.0
50229,0.0,0.0,0.0
50230,0.0,0.0,0.0
50231,0.0,0.0,0.0
50232,0.0,0.0,0.0
50233,0.0,0.0,0.0
50234,0.0,0.0,0.0
50235,0.0,0.0,0.0
50236,0.0,0.0,0.0
50237,0.0,0.0,0.0
50238,0.0,0.0,0.0
50239,0.0,0.0,0.0
50240,0.0,0.0,0.0
50241,0.0,0.0,0.0
50242,0.0,0.0,0.0
50243,0.0,0.0,0.0
50244,0.0,0.0,0.0
50245,0.0,0.0,0.0
50246,0.0,0.0,0.0
50247,0.0,0.0,0.0
50248,0.0,0.0,0.0
50249,0.0,0.0,0.0
50250,0.0,0.0,0.0
50251,0.0,0.0,0.0
50252,0.0,0.0,0.0
50253,0.0,0.0,0.0
50254,0.0,0.0,0.0
50255,0.0,0.0,0.0
50256,0.0,0.0,0.0
50257,0.0,0.0,0.0
50258,0.0,0.0,0.0
50259,0.0,0.0,0.0
50260,0.0,0.0,0.0
50261,0.0,0.0,0.0
50262,0.0,0.0,0.0
50263,0.0,0.0,0.0
50264,0.0,0.0,0.0
50265,0.0,0.0,0.0
50266,0.0,0.0,0.0
50267,0.0,0.0,0.0
50268,0.0,0.0,0.0
50269,0.0,0.0,0.0
50270,0.0,0.0,0.0
50271,0.0,0.0,0.0
50272,0.0,0.0,0.0
50273,0.0,0.0,0.0
50274,0.0,0.0,0.0
50275,0.0,0.0,0.0
50276,0.0,0.0,0.0
50277,0.0,0.0,0.0
50278,0.0,0.0,0.0
50279,0.0,0.0,0.0
50280,0.0,0.0,0.0
50281,0.0,0.0,0.0
50282,0.0,0.0,0.0
50283,0.0,0.0,0.0
50284,0.0,0.0,0.0
50285,0.0,0.0,0.0
50286,0.0,0.0,0.0
50287,0.0,0.0,0.0
50288,0.0,0.0,0.0
50289,0.0,0.0,0.0
50290,0.0,0.0,0.0
50291,0.0,0.0,0.0
50292,0.0,0.0,0.0
50293,0.0,0.0,0.0
50294,0.0,0.0,0.0
50295,0.0,0.0,0.0
50296,0.0,0.0,0.0
50297,0.0,0.0,0.0
50298,0.0,0.0,0.0
50299,0.0,0.0,0.0
50300,0.0,0.0,0.0
50301,0.0,0.0,0.0
50302,0.0,0.0,0.0
50303,0.0,0.0,0.0
50304,0.0,0.0,0.0
50305,0.0,0.0,0.0
50306,0.0,0.0,0.0
50307,0.0,0.0,0.0
50308,0.0,0.0,0.0
50309,0.0,0.0,0.0
50310,0.0,0.0,0.0
50311,0.0,0.0,0.0
50312,0.0,0.0,0.0
50313,0.0,0.0,0.0
50314,0.0,0.0,0.0
50315,0.0,0.0,0.0
50316,0.0,0.0,0.0
50317,0.0,0.0,0.0
50318,0.0,0.0,0.0
50319,0.0,0.0,0.0
50320,0.0,0.0,0.0
50321,0.0,0.0,0.0
50322,0.0,0.0,0.0
50323,0.0,0.0,0.0
50324,0.0,0.0,0.0
50325,0.0,0.0,0.0
50326,0.0,0.0,0.0
50327,0.0,0.0,0.0
50328,0.0,0.0,0.0
50329,0.0,0.0,0.0
50330,0.0,0.0,0.0
50331,0.0,0.0,0.0
50332,0.0,0.0,0.0
50333,0.0,0.0,0.0
50334,0.0,0.0,0.0
50335,0.0,0.0,0.0
50336,0.0,0.0,0.0
50337,0.0,0.0,0.0
50338,0.0,0.0,0.0
50339,0.0,0.0,0.0
50340,0.0,0.0,0.0
50341,0.0,0.0,0.0
50342,0.0,0.0,0.0
50343,0.0,0.0,0.0
50344,0.0,0.0,0.0
50345,0.0,0.0,0.0
50346,0.0,0.0,0.0
50347,0.0,0.0,0.0
50348,0.0,0.0,0.0
50349,0.0,0.0,0.0
50350,0.0,0.0,0.0
50351,0.0,0.0,0.0
50352,0.0,0.0,0.0
50353,0.0,0.0,0.0
50354,0.0,0.0,0.0
50355,0.0,0.0,0.0
50356,0.0,0.0,0.0
50357,0.0,0.0,0.0
50358,0.0,0.0,0.0
50359,0.0,0.0,0.0
50360,0.0,0.0,0.0
50361,0.0,0.0,0.0
50362,0.0,0.0,0.0
50363,0.0,0.0,0.0
50364,0.0,0.0,0.0
50365,0.0,0.0,0.0
50366,0.0,0.0,0.0
50367,0.0,0.0,0.0
50368,0.0,0.0,0.0
50369,0.0,0.0,0.0
50370,0.0,0.0,0.0
50371,0.0,0.0,0.0
50372,0.0,0.0,0.0
50373,0.0,0.0,0.0
50374,0.0,0.0,0.0
50375,0.0,0.0,0.0
50376,0.0,0.0,0.0
50377,0.0,0.0,0.0
50378,0.0,0.0,0.0
50379,0.0,0.0,0.0
50380,0.0,0.0,0.0
50381,0.0,0.0,0.0
50382,0.0,0.0,0.0
50383,0.0,0.0,0.0
50384,0.0,0.0,0.0
50385,0.0,0.0,0.0
50386,0.0,0.0,0.0
50387,0.0,0.0,0.0
50388,0.0,0.0,0.0
50389,0.0,0.0,0.0
50390,0.0,0.0,0.0
50391,0.0,0.0,0.0
50392,0.0,0.0,0.0
50393,0.0,0.0,0.0
50394,0.0,0.0,0.0
50395,0.0,0.0,0.0
50396,0.0,0.0,0.0
50397,0.0,0.0,0.0
50398,0.0,0.0,0.0
50399,0.0,0.0,0.0
50400,0.0,0.0,0.0
50401,0.0,0.0,0.0
50402,0.0,0.0,0.0
50403,0.0,0.0,0.0
50404,0.0,0.0,0.0
50405,0.0,0.0,0.0
50406,0.0,0.0,0.0
50407,0.0,0.0,0.0
50408,0.0,0.0,0.0
50409,0.0,0.0,0.0
50410,0.0,0.0,0.0
50411,0.0,0.0,0.0
50412,0.0,0.0,0.0
50413,0.0,0.0,0.0
50414,0.0,0.0,0.0
50415,0.0,0.0,0.0
50416,0.0,0.0,0.0
50417,0.0,0.0,0.0
50418,0.0,0.0,0.0
50419,0.0,0.0,0.0
50420,0.0,0.0,0.0
50421,0.0,0.0,0.0
50422,0.0,0.0,0.0
50423,0.0,0.0,0.0
50424,0.0,0.0,0.0
50425,0.0,0.0,0.0
50426,0.0,0.0,0.0
50427,0.0,0.0,0.0
50428,0.0,0.0,0.0
50429,0.0,0.0,0.0
50430,0.0,0.0,0.0
50431,0.0,0.0,0.0
50432,0.0,0.0,0.0
50433,0.0,0.0,0.0
50434,0.0,0.0,0.0
50435,0.0,0.0,0.0
50436,0.0,0.0,0.0
50437,0.0,0.0,0.0
50438,0.0,0.0,0.0
50439,0.0,0.0,0.0
50440,0.0,0.0,0.0
50441,0.0,0.0,0.0
50442,0.0,0.0,0.0
50443,0.0,0.0,0.0
50444,0.0,0.0,0.0
50445,0.0,0.0,0.0
50446,0.0,0.0,0.0
50447,0.0,0.0,0.0
50448,0.0,0.0,0.0
50449,0.0,0.0,0.0
50450,0.0,0.0,0.0
50451,0.0,0.0,0.0
50452,0.0,0.0,0.0
50453,0.0,0.0,0.0
50454,0.0,0.0,0.0
50455,0.0,0.0,0.0
50456,0.0,0.0,0.0
50457,0.0,0.0,0.0
50458,0.0,0.0,0.0
50459,0.0,0.0,0.0
50460,0.0,0.0,0.0
50461,0.0,0.0,0.0
50462,0.0,0.0,0.0
50463,0.0,0.0,0.0
50464,0.0,0.0,0.0
50465,0.0,0.0,0.0
50466,0.0,0.0,0.0
50467,0.0,0.0,0.0
50468,0.0,0.0,0.0
50469,0.0,0.0,0.0
50470,0.0,0.0,0.0
50471,0.0,0.0,0.0
50472,0.0,0.0,0.0
50473,0.0,0.0,0.0
50474,0.0,0.0,0.0
50475,0.0,0.0,0.0
50476,0.0,0.0,0.0
50477,0.0,0.0,0.0
50478,0.0,0.0,0.0
50479,0.0,0.0,0.0
50480,0.0,0.0,0.0
50481,0.0,0.0,0.0
50482,0.0,0.0,0.0
50483,0.0,0.0,0.0
50484,0.0,0.0,0.0
50485,0.0,0.0,0.0
50486,0.0,0.0,0.0
50487,0.0,0.0,0.0
50488,0.0,0.0,0.0
50489,0.0,0.0,0.0
50490,0.0,0.0,0.0
50491,0.0,0.0,0.0
50492,0.0,0.0,0.0
50493,0.0,0.0,0.0
50494,0.0,0.0,0.0
50495,0.0,0.0,0.0
50496,0.0,0.0,0.0
50497,0.0,0.0,0.0
50498,0.0,0.0,0.0
50499,0.0,0.0,0.0
50500,0.0,0.0,0.0
50501,0.0,0.0,0.0
50502,0.0,0.0,0.0
50503,0.0,0.0,0.0
50504,0.0,0.0,0.0
50505,0.0,0.0,0.0
50506,0.0,0.0,0.0
50507,0.0,0.0,0.0
50508,0.0,0.0,0.0
50509,0.0,0.0,0.0
50510,0.0,0.0,0.0
50511,0.0,0.0,0.0
50512,0.0,0.0,0.0
50513,0.0,0.0,0.0
50514,0.0,0.0,0.0
50515,0.0,0.0,0.0
50516,0.0,0.0,0.0
50517,0.0,0.0,0.0
50518,0.0,0.0,0.0
50519,0.0,0.0,0.0
50520,0.0,0.0,0.0
50521,0.0,0.0,0.0
50522,0.0,0.0,0.0
50523,0.0,0.0,0.0
50524,0.0,0.0,0.0
50525,0.0,0.0,0.0
50526,0.0,0.0,0.0
50527,0.0,0.0,0.0
50528,0.0,0.0,0.0
50529,0.0,0.0,0.0
50530,0.0,0.0,0.0
50531,0.0,0.0,0.0
50532,0.0,0.0,0.0
50533,0.0,0.0,0.0
50534,0.0,0.0,0.0
50535,0.0,0.0,0.0
50536,0.0,0.0,0.0
50537,0.0,0.0,0.0
50538,0.0,0.0,0.0
50539,0.0,0.0,0.0
50540,0.0,0.0,0.0
50541,0.0,0.0,0.0
50542,0.0,0.0,0.0
50543,0.0,0.0,0.0
50544,0.0,0.0,0.0
50545,0.0,0.0,0.0
50546,0.0,0.0,0.0
50547,0.0,0.0,0.0
50548,0.0,0.0,0.0
50549,0.0,0.0,0.0
50550,0.0,0.0,0.0
50551,0.0,0.0,0.0
50552,0.0,0.0,0.0
50553,0.0,0.0,0.0
50554,0.0,0.0,0.0
50555,0.0,0.0,0.0
50556,0.0,0.0,0.0
50557,0.0,0.0,0.0
50558,0.0,0.0,0.0
50559,0.0,0.0,0.0
50560,0.0,0.0,0.0
50561,0.0,0.0,0.0
50562,0.0,0.0,0.0
50563,0.0,0.0,0.0
50564,0.0,0.0,0.0
50565,0.0,0.0,0.0
50566,0.0,0.0,0.0
50567,0.0,0.0,0.0
50568,0.0,0.0,0.0
50569,0.0,0.0,0.0
50570,0.0,0.0,0.0
50571,0.0,0.0,0.0
50572,0.0,0.0,0.0
50573,0.0,0.0,0.0
50574,0.0,0.0,0.0
50575,0.0,0.0,0.0
50576,0.0,0.0,0.0
50577,0.0,0.0,0.0
50578,0.0,0.0,0.0
50579,0.0,0.0,0.0
50580,0.0,0.0,0.0
50581,0.0,0.0,0.0
50582,0.0,0.0,0.0
50583,0.0,0.0,0.0
50584,0.0,0.0,0.0
50585,0.0,0.0,0.0
50586,0.0,0.0,0.0
50587,0.0,0.0,0.0
50588,0.0,0.0,0.0
50589,0.0,0.0,0.0
50590,0.0,0.0,0.0
50591,0.0,0.0,0.0
50592,0.0,0.0,0.0
50593,0.0,0.0,0.0
50594,0.0,0.0,0.0
50595,0.0,0.0,0.0
50596,0.0,0.0,0.0
50597,0.0,0.0,0.0
50598,0.0,0.0,0.0
50599,0.0,0.0,0.0
50600,0.0,0.0,0.0
50601,0.0,0.0,0.0
50602,0.0,0.0,0.0
50603,0.0,0.0,0.0
50604,0.0,0.0,0.0
50605,0.0,0.0,0.0
50606,0.0,0.0,0.0
50607,0.0,0.0,0.0
50608,0.0,0.0,0.0
50609,0.0,0.0,0.0
50610,0.0,0.0,0.0
50611,0.0,0.0,0.0
50612,0.0,0.0,0.0
50613,0.0,0.0,0.0
50614,0.0,0.0,0.0
50615,0.0,0.0,0.0
50616,0.0,0.0,0.0
50617,0.0,0.0,0.0
50618,0.0,0.0,0.0
50619,0.0,0.0,0.0
50620,0.0,0.0,0.0
50621,0.0,0.0,0.0
50622,0.0,0.0,0.0
50623,0.0,0.0,0.0
50624,0.0,0.0,0.0
50625,0.0,0.0,0.0
50626,0.0,0.0,0.0
50627,0.0,0.0,0.0
50628,0.0,0.0,0.0
50629,0.0,0.0,0.0
50630,0.0,0.0,0.0
50631,0.0,0.0,0.0
50632,0.0,0.0,0.0
50633,0.0,0.0,0.0
50634,0.0,0.0,0.0
50635,0.0,0.0,0.0
50636,0.0,0.0,0.0
50637,0.0,0.0,0.0
50638,0.0,0.0,0.0
50639,0.0,0.0,0.0
50640,0.0,0.0,0.0
50641,0.0,0.0,0.0
50642,0.0,0.0,0.0
50643,0.0,0.0,0.0
50644,0.0,0.0,0.0
50645,0.0,0.0,0.0
50646,0.0,0.0,0.0
50647,0.0,0.0,0.0
50648,0.0,0.0,0.0
50649,0.0,0.0,0.0
50650,0.0,0.0,0.0
50651,0.0,0.0,0.0
50652,0.0,0.0,0.0
50653,0.0,0.0,0.0
50654,0.0,0.0,0.0
50655,0.0,0.0,0.0
50656,0.0,0.0,0.0
50657,0.0,0.0,0.0
50658,0.0,0.0,0.0
50659,0.0,0.0,0.0
50660,0.0,0.0,0.0
50661,0.0,0.0,0.0
50662,0.0,0.0,0.0
50663,0.0,0.0,0.0
50664,0.0,0.0,0.0
50665,0.0,0.0,0.0
50666,0.0,0.0,0.0
50667,0.0,0.0,0.0
50668,0.0,0.0,0.0
50669,0.0,0.0,0.0
50670,0.0,0.0,0.0
50671,0.0,0.0,0.0
50672,0.0,0.0,0.0
50673,0.0,0.0,0.0
50674,0.0,0.0,0.0
50675,0.0,0.0,0.0
50676,0.0,0.0,0.0
50677,0.0,0.0,0.0
50678,0.0,0.0,0.0
50679,0.0,0.0,0.0
50680,0.0,0.0,0.0
50681,0.0,0.0,0.0
50682,0.0,0.0,0.0
50683,0.0,0.0,0.0
50684,0.0,0.0,0.0
50685,0.0,0.0,0.0
50686,0.0,0.0,0.0
50687,0.0,0.0,0.0
50688,0.0,0.0,0.0
50689,0.0,0.0,0.0
50690,0.0,0.0,0.0
50691,0.0,0.0,0.0
50692,0.0,0.0,0.0
50693,0.0,0.0,0.0
50694,0.0,0.0,0.0
50695,0.0,0.0,0.0
50696,0.0,0.0,0.0
50697,0.0,0.0,0.0
50698,0.0,0.0,0.0
50699,0.0,0.0,0.0
50700,0.0,0.0,0.0
50701,0.0,0.0,0.0
50702,0.0,0.0,0.0
50703,0.0,0.0,0.0
50704,0.0,0.0,0.0
50705,0.0,0.0,0.0
50706,0.0,0.0,0.0
50707,0.0,0.0,0.0
50708,0.0,0.0,0.0
50709,0.0,0.0,0.0
50710,0.0,0.0,0.0
50711,0.0,0.0,0.0
50712,0.0,0.0,0.0
50713,0.0,0.0,0.0
50714,0.0,0.0,0.0
50715,0.0,0.0,0.0
50716,0.0,0.0,0.0
50717,0.0,0.0,0.0
50718,0.0,0.0,0.0
50719,0.0,0.0,0.0
50720,0.0,0.0,0.0
50721,0.0,0.0,0.0
50722,0.0,0.0,0.0
50723,0.0,0.0,0.0
50724,0.0,0.0,0.0
50725,0.0,0.0,0.0
50726,0.0,0.0,0.0
50727,0.0,0.0,0.0
50728,0.0,0.0,0.0
50729,0.0,0.0,0.0
50730,0.0,0.0,0.0
50731,0.0,0.0,0.0
50732,0.0,0.0,0.0
50733,0.0,0.0,0.0
50734,0.0,0.0,0.0
50735,0.0,0.0,0.0
50736,0.0,0.0,0.0
50737,0.0,0.0,0.0
50738,0.0,0.0,0.0
50739,0.0,0.0,0.0
50740,0.0,0.0,0.0
50741,0.0,0.0,0.0
50742,0.0,0.0,0.0
50743,0.0,0.0,0.0
50744,0.0,0.0,0.0
50745,0.0,0.0,0.0
50746,0.0,0.0,0.0
50747,0.0,0.0,0.0
50748,0.0,0.0,0.0
50749,0.0,0.0,0.0
50750,0.0,0.0,0.0
50751,0.0,0.0,0.0
50752,0.0,0.0,0.0
50753,0.0,0.0,0.0
50754,0.0,0.0,0.0
50755,0.0,0.0,0.0
50756,0.0,0.0,0.0
50757,0.0,0.0,0.0
50758,0.0,0.0,0.0
50759,0.0,0.0,0.0
50760,0.0,0.0,0.0
50761,0.0,0.0,0.0
50762,0.0,0.0,0.0
50763,0.0,0.0,0.0
50764,0.0,0.0,0.0
50765,0.0,0.0,0.0
50766,0.0,0.0,0.0
50767,0.0,0.0,0.0
50768,0.0,0.0,0.0
50769,0.0,0.0,0.0
50770,0.0,0.0,0.0
50771,0.0,0.0,0.0
50772,0.0,0.0,0.0
50773,0.0,0.0,0.0
50774,0.0,0.0,0.0
50775,0.0,0.0,0.0
50776,0.0,0.0,0.0
50777,0.0,0.0,0.0
50778,0.0,0.0,0.0
50779,0.0,0.0,0.0
50780,0.0,0.0,0.0
50781,0.0,0.0,0.0
50782,0.0,0.0,0.0
50783,0.0,0.0,0.0
50784,0.0,0.0,0.0
50785,0.0,0.0,0.0
50786,0.0,0.0,0.0
50787,0.0,0.0,0.0
50788,0.0,0.0,0.0
50789,0.0,0.0,0.0
50790,0.0,0.0,0.0
50791,0.0,0.0,0.0
50792,0.0,0.0,0.0
50793,0.0,0.0,0.0
50794,0.0,0.0,0.0
50795,0.0,0.0,0.0
50796,0.0,0.0,0.0
50797,0.0,0.0,0.0
50798,0.0,0.0,0.0
50799,0.0,0.0,0.0
50800,0.0,0.0,0.0
50801,0.0,0.0,0.0
50802,0.0,0.0,0.0
50803,0.0,0.0,0.0
50804,0.0,0.0,0.0
50805,0.0,0.0,0.0
50806,0.0,0.0,0.0
50807,0.0,0.0,0.0
50808,0.0,0.0,0.0
50809,0.0,0.0,0.0
50810,0.0,0.0,0.0
50811,0.0,0.0,0.0
50812,0.0,0.0,0.0
50813,0.0,0.0,0.0
50814,0.0,0.0,0.0
50815,0.0,0.0,0.0
50816,0.0,0.0,0.0
50817,0.0,0.0,0.0
50818,0.0,0.0,0.0
50819,0.0,0.0,0.0
50820,0.0,0.0,0.0
50821,0.0,0.0,0.0
50822,0.0,0.0,0.0
50823,0.0,0.0,0.0
50824,0.0,0.0,0.0
50825,0.0,0.0,0.0
50826,0.0,0.0,0.0
50827,0.0,0.0,0.0
50828,0.0,0.0,0.0
50829,0.0,0.0,0.0
50830,0.0,0.0,0.0
50831,0.0,0.0,0.0
50832,0.0,0.0,0.0
50833,0.0,0.0,0.0
50834,0.0,0.0,0.0
50835,0.0,0.0,0.0
50836,0.0,0.0,0.0
50837,0.0,0.0,0.0
50838,0.0,0.0,0.0
50839,0.0,0.0,0.0
50840,0.0,0.0,0.0
50841,0.0,0.0,0.0
50842,0.0,0.0,0.0
50843,0.0,0.0,0.0
50844,0.0,0.0,0.0
50845,0.0,0.0,0.0
50846,0.0,0.0,0.0
50847,0.0,0.0,0.0
50848,0.0,0.0,0.0
50849,0.0,0.0,0.0
50850,0.0,0.0,0.0
50851,0.0,0.0,0.0
50852,0.0,0.0,0.0
50853,0.0,0.0,0.0
50854,0.0,0.0,0.0
50855,0.0,0.0,0.0
50856,0.0,0.0,0.0
50857,0.0,0.0,0.0
50858,0.0,0.0,0.0
50859,0.0,0.0,0.0
50860,0.0,0.0,0.0
50861,0.0,0.0,0.0
50862,0.0,0.0,0.0
50863,0.0,0.0,0.0
50864,0.0,0.0,0.0
50865,0.0,0.0,0.0
50866,0.0,0.0,0.0
50867,0.0,0.0,0.0
50868,0.0,0.0,0.0
50869,0.0,0.0,0.0
50870,0.0,0.0,0.0
50871,0.0,0.0,0.0
50872,0.0,0.0,0.0
50873,0.0,0.0,0.0
50874,0.0,0.0,0.0
50875,0.0,0.0,0.0
50876,0.0,0.0,0.0
50877,0.0,0.0,0.0
50878,0.0,0.0,0.0
50879,0.0,0.0,0.0
50880,0.0,0.0,0.0
50881,0.0,0.0,0.0
50882,0.0,0.0,0.0
50883,0.0,0.0,0.0
50884,0.0,0.0,0.0
50885,0.0,0.0,0.0
50886,0.0,0.0,0.0
50887,0.0,0.0,0.0
50888,0.0,0.0,0.0
50889,0.0,0.0,0.0
50890,0.0,0.0,0.0
50891,0.0,0.0,0.0
50892,0.0,0.0,0.0
50893,0.0,0.0,0.0
50894,0.0,0.0,0.0
50895,0.0,0.0,0.0
50896,0.0,0.0,0.0
50897,0.0,0.0,0.0
50898,0.0,0.0,0.0
50899,0.0,0.0,0.0
50900,0.0,0.0,0.0
50901,0.0,0.0,0.0
50902,0.0,0.0,0.0
50903,0.0,0.0,0.0
50904,0.0,0.0,0.0
50905,0.0,0.0,0.0
50906,0.0,0.0,0.0
50907,0.0,0.0,0.0
50908,0.0,0.0,0.0
50909,0.0,0.0,0.0
50910,0.0,0.0,0.0
50911,0.0,0.0,0.0
50912,0.0,0.0,0.0
50913,0.0,0.0,0.0
50914,0.0,0.0,0.0
50915,0.0,0.0,0.0
50916,0.0,0.0,0.0
50917,0.0,0.0,0.0
50918,0.0,0.0,0.0
50919,0.0,0.0,0.0
50920,0.0,0.0,0.0
50921,0.0,0.0,0.0
50922,0.0,0.0,0.0
50923,0.0,0.0,0.0
50924,0.0,0.0,0.0
50925,0.0,0.0,0.0
50926,0.0,0.0,0.0
50927,0.0,0.0,0.0
50928,0.0,0.0,0.0
50929,0.0,0.0,0.0
50930,0.0,0.0,0.0
50931,0.0,0.0,0.0
50932,0.0,0.0,0.0
50933,0.0,0.0,0.0
50934,0.0,0.0,0.0
50935,0.0,0.0,0.0
50936,0.0,0.0,0.0
50937,0.0,0.0,0.0
50938,0.0,0.0,0.0
50939,0.0,0.0,0.0
50940,0.0,0.0,0.0
50941,0.0,0.0,0.0
50942,0.0,0.0,0.0
50943,0.0,0.0,0.0
50944,0.0,0.0,0.0
50945,0.0,0.0,0.0
50946,0.0,0.0,0.0
50947,0.0,0.0,0.0
50948,0.0,0.0,0.0
50949,0.0,0.0,0.0
50950,0.0,0.0,0.0
50951,0.0,0.0,0.0
50952,0.0,0.0,0.0
50953,0.0,0.0,0.0
50954,0.0,0.0,0.0
50955,0.0,0.0,0.0
50956,0.0,0.0,0.0
50957,0.0,0.0,0.0
50958,0.0,0.0,0.0
50959,0.0,0.0,0.0
50960,0.0,0.0,0.0
50961,0.0,0.0,0.0
50962,0.0,0.0,0.0
50963,0.0,0.0,0.0
50964,0.0,0.0,0.0
50965,0.0,0.0,0.0
50966,0.0,0.0,0.0
50967,0.0,0.0,0.0
50968,0.0,0.0,0.0
50969,0.0,0.0,0.0
50970,0.0,0.0,0.0
50971,0.0,0.0,0.0
50972,0.0,0.0,0.0
50973,0.0,0.0,0.0
50974,0.0,0.0,0.0
50975,0.0,0.0,0.0
50976,0.0,0.0,0.0
50977,0.0,0.0,0.0
50978,0.0,0.0,0.0
50979,0.0,0.0,0.0
50980,0.0,0.0,0.0
50981,0.0,0.0,0.0
50982,0.0,0.0,0.0
50983,0.0,0.0,0.0
50984,0.0,0.0,0.0
50985,0.0,0.0,0.0
50986,0.0,0.0,0.0
50987,0.0,0.0,0.0
50988,0.0,0.0,0.0
50989,0.0,0.0,0.0
50990,0.0,0.0,0.0
50991,0.0,0.0,0.0
50992,0.0,0.0,0.0
50993,0.0,0.0,0.0
50994,0.0,0.0,0.0
50995,0.0,0.0,0.0
50996,0.0,0.0,0.0
50997,0.0,0.0,0.0
50998,0.0,0.0,0.0
50999,0.0,0.0,0.0
51000,0.0,0.0,0.0
51001,0.0,0.0,0.0
51002,0.0,0.0,0.0
51003,0.0,0.0,0.0
51004,0.0,0.0,0.0
51005,0.0,0.0,0.0
51006,0.0,0.0,0.0
51007,0.0,0.0,0.0
51008,0.0,0.0,0.0
51009,0.0,0.0,0.0
51010,0.0,0.0,0.0
51011,0.0,0.0,0.0
51012,0.0,0.0,0.0
51013,0.0,0.0,0.0
51014,0.0,0.0,0.0
51015,0.0,0.0,0.0
51016,0.0,0.0,0.0
51017,0.0,0.0,0.0
51018,0.0,0.0,0.0
51019,0.0,0.0,0.0
51020,0.0,0.0,0.0
51021,0.0,0.0,0.0
51022,0.0,0.0,0.0
51023,0.0,0.0,0.0
51024,0.0,0.0,0.0
51025,0.0,0.0,0.0
51026,0.0,0.0,0.0
51027,0.0,0.0,0.0
51028,0.0,0.0,0.0
51029,0.0,0.0,0.0
51030,0.0,0.0,0.0
51031,0.0,0.0,0.0
51032,0.0,0.0,0.0
51033,0.0,0.0,0.0
51034,0.0,0.0,0.0
51035,0.0,0.0,0.0
51036,0.0,0.0,0.0
51037,0.0,0.0,0.0
51038,0.0,0.0,0.0
51039,0.0,0.0,0.0
51040,0.0,0.0,0.0
51041,0.0,0.0,0.0
51042,0.0,0.0,0.0
51043,0.0,0.0,0.0
51044,0.0,0.0,0.0
51045,0.0,0.0,0.0
51046,0.0,0.0,0.0
51047,0.0,0.0,0.0
51048,0.0,0.0,0.0
51049,0.0,0.0,0.0
51050,0.0,0.0,0.0
51051,0.0,0.0,0.0
51052,0.0,0.0,0.0
51053,0.0,0.0,0.0
51054,0.0,0.0,0.0
51055,0.0,0.0,0.0
51056,0.0,0.0,0.0
51057,0.0,0.0,0.0
51058,0.0,0.0,0.0
51059,0.0,0.0,0.0
51060,0.0,0.0,0.0
51061,0.0,0.0,0.0
51062,0.0,0.0,0.0
51063,0.0,0.0,0.0
51064,0.0,0.0,0.0
51065,0.0,0.0,0.0
51066,0.0,0.0,0.0
51067,0.0,0.0,0.0
51068,0.0,0.0,0.0
51069,0.0,0.0,0.0
51070,0.0,0.0,0.0
51071,0.0,0.0,0.0
51072,0.0,0.0,0.0
51073,0.0,0.0,0.0
51074,0.0,0.0,0.0
51075,0.0,0.0,0.0
51076,0.0,0.0,0.0
51077,0.0,0.0,0.0
51078,0.0,0.0,0.0
51079,0.0,0.0,0.0
51080,0.0,0.0,0.0
51081,0.0,0.0,0.0
51082,0.0,0.0,0.0
51083,0.0,0.0,0.0
51084,0.0,0.0,0.0
51085,0.0,0.0,0.0
51086,0.0,0.0,0.0
51087,0.0,0.0,0.0
51088,0.0,0.0,0.0
51089,0.0,0.0,0.0
51090,0.0,0.0,0.0
51091,0.0,0.0,0.0
51092,0.0,0.0,0.0
51093,0.0,0.0,0.0
51094,0.0,0.0,0.0
51095,0.0,0.0,0.0
51096,0.0,0.0,0.0
51097,0.0,0.0,0.0
51098,0.0,0.0,0.0
51099,0.0,0.0,0.0
51100,0.0,0.0,0.0
51101,0.0,0.0,0.0
51102,0.0,0.0,0.0
51103,0.0,0.0,0.0
51104,0.0,0.0,0.0
51105,0.0,0.0,0.0
51106,0.0,0.0,0.0
51107,0.0,0.0,0.0
51108,0.0,0.0,0.0
51109,0.0,0.0,0.0
51110,0.0,0.0,0.0
51111,0.0,0.0,0.0
51112,0.0,0.0,0.0
51113,0.0,0.0,0.0
51114,0.0,0.0,0.0
51115,0.0,0.0,0.0
51116,0.0,0.0,0.0
51117,0.0,0.0,0.0
51118,0.0,0.0,0.0
51119,0.0,0.0,0.0
51120,0.0,0.0,0.0
51121,0.0,0.0,0.0
51122,0.0,0.0,0.0
51123,0.0,0.0,0.0
51124,0.0,0.0,0.0
51125,0.0,0.0,0.0
51126,0.0,0.0,0.0
51127,0.0,0.0,0.0
51128,0.0,0.0,0.0
51129,0.0,0.0,0.0
51130,0.0,0.0,0.0
51131,0.0,0.0,0.0
51132,0.0,0.0,0.0
51133,0.0,0.0,0.0
51134,0.0,0.0,0.0
51135,0.0,0.0,0.0
51136,0.0,0.0,0.0
51137,0.0,0.0,0.0
51138,0.0,0.0,0.0
51139,0.0,0.0,0.0
51140,0.0,0.0,0.0
51141,0.0,0.0,0.0
51142,0.0,0.0,0.0
51143,0.0,0.0,0.0
51144,0.0,0.0,0.0
51145,0.0,0.0,0.0
51146,0.0,0.0,0.0
51147,0.0,0.0,0.0
51148,0.0,0.0,0.0
51149,0.0,0.0,0.0
51150,0.0,0.0,0.0
51151,0.0,0.0,0.0
51152,0.0,0.0,0.0
51153,0.0,0.0,0.0
51154,0.0,0.0,0.0
51155,0.0,0.0,0.0
51156,0.0,0.0,0.0
51157,0.0,0.0,0.0
51158,0.0,0.0,0.0
51159,0.0,0.0,0.0
51160,0.0,0.0,0.0
51161,0.0,0.0,0.0
51162,0.0,0.0,0.0
51163,0.0,0.0,0.0
51164,0.0,0.0,0.0
51165,0.0,0.0,0.0
51166,0.0,0.0,0.0
51167,0.0,0.0,0.0
51168,0.0,0.0,0.0
51169,0.0,0.0,0.0
51170,0.0,0.0,0.0
51171,0.0,0.0,0.0
51172,0.0,0.0,0.0
51173,0.0,0.0,0.0
51174,0.0,0.0,0.0
51175,0.0,0.0,0.0
51176,0.0,0.0,0.0
51177,0.0,0.0,0.0
51178,0.0,0.0,0.0
51179,0.0,0.0,0.0
51180,0.0,0.0,0.0
51181,0.0,0.0,0.0
51182,0.0,0.0,0.0
51183,0.0,0.0,0.0
51184,0.0,0.0,0.0
51185,0.0,0.0,0.0
51186,0.0,0.0,0.0
51187,0.0,0.0,0.0
51188,0.0,0.0,0.0
51189,0.0,0.0,0.0
51190,0.0,0.0,0.0
51191,0.0,0.0,0.0
51192,0.0,0.0,0.0
51193,0.0,0.0,0.0
51194,0.0,0.0,0.0
51195,0.0,0.0,0.0
51196,0.0,0.0,0.0
51197,0.0,0.0,0.0
51198,0.0,0.0,0.0
51199,0.0,0.0,0.0
51200,0.0,0.0,0.0
51201,0.0,0.0,0.0
51202,0.0,0.0,0.0
51203,0.0,0.0,0.0
51204,0.0,0.0,0.0
51205,0.0,0.0,0.0
51206,0.0,0.0,0.0
51207,0.0,0.0,0.0
51208,0.0,0.0,0.0
51209,0.0,0.0,0.0
51210,0.0,0.0,0.0
51211,0.0,0.0,0.0
51212,0.0,0.0,0.0
51213,0.0,0.0,0.0
51214,0.0,0.0,0.0
51215,0.0,0.0,0.0
51216,0.0,0.0,0.0
51217,0.0,0.0,0.0
51218,0.0,0.0,0.0
51219,0.0,0.0,0.0
51220,0.0,0.0,0.0
51221,0.0,0.0,0.0
51222,0.0,0.0,0.0
51223,0.0,0.0,0.0
51224,0.0,0.0,0.0
51225,0.0,0.0,0.0
51226,0.0,0.0,0.0
51227,0.0,0.0,0.0
51228,0.0,0.0,0.0
51229,0.0,0.0,0.0
51230,0.0,0.0,0.0
51231,0.0,0.0,0.0
51232,0.0,0.0,0.0
51233,0.0,0.0,0.0
51234,0.0,0.0,0.0
51235,0.0,0.0,0.0
51236,0.0,0.0,0.0
51237,0.0,0.0,0.0
51238,0.0,0.0,0.0
51239,0.0,0.0,0.0
51240,0.0,0.0,0.0
51241,0.0,0.0,0.0
51242,0.0,0.0,0.0
51243,0.0,0.0,0.0
51244,0.0,0.0,0.0
51245,0.0,0.0,0.0
51246,0.0,0.0,0.0
51247,0.0,0.0,0.0
51248,0.0,0.0,0.0
51249,0.0,0.0,0.0
51250,0.0,0.0,0.0
51251,0.0,0.0,0.0
51252,0.0,0.0,0.0
51253,0.0,0.0,0.0
51254,0.0,0.0,0.0
51255,0.0,0.0,0.0
51256,0.0,0.0,0.0
51257,0.0,0.0,0.0
51258,0.0,0.0,0.0
51259,0.0,0.0,0.0
51260,0.0,0.0,0.0
51261,0.0,0.0,0.0
51262,0.0,0.0,0.0
51263,0.0,0.0,0.0
51264,0.0,0.0,0.0
51265,0.0,0.0,0.0
51266,0.0,0.0,0.0
51267,0.0,0.0,0.0
51268,0.0,0.0,0.0
51269,0.0,0.0,0.0
51270,0.0,0.0,0.0
51271,0.0,0.0,0.0
51272,0.0,0.0,0.0
51273,0.0,0.0,0.0
51274,0.0,0.0,0.0
51275,0.0,0.0,0.0
51276,0.0,0.0,0.0
51277,0.0,0.0,0.0
51278,0.0,0.0,0.0
51279,0.0,0.0,0.0
51280,0.0,0.0,0.0
51281,0.0,0.0,0.0
51282,0.0,0.0,0.0
51283,0.0,0.0,0.0
51284,0.0,0.0,0.0
51285,0.0,0.0,0.0
51286,0.0,0.0,0.0
51287,0.0,0.0,0.0
51288,0.0,0.0,0.0
51289,0.0,0.0,0.0
51290,0.0,0.0,0.0
51291,0.0,0.0,0.0
51292,0.0,0.0,0.0
51293,0.0,0.0,0.0
51294,0.0,0.0,0.0
51295,0.0,0.0,0.0
51296,0.0,0.0,0.0
51297,0.0,0.0,0.0
51298,0.0,0.0,0.0
51299,0.0,0.0,0.0
51300,0.0,0.0,0.0
51301,0.0,0.0,0.0
51302,0.0,0.0,0.0
51303,0.0,0.0,0.0
51304,0.0,0.0,0.0
51305,0.0,0.0,0.0
51306,0.0,0.0,0.0
51307,0.0,0.0,0.0
51308,0.0,0.0,0.0
51309,0.0,0.0,0.0
51310,0.0,0.0,0.0
51311,0.0,0.0,0.0
51312,0.0,0.0,0.0
51313,0.0,0.0,0.0
51314,0.0,0.0,0.0
51315,0.0,0.0,0.0
51316,0.0,0.0,0.0
51317,0.0,0.0,0.0
51318,0.0,0.0,0.0
51319,0.0,0.0,0.0
51320,0.0,0.0,0.0
51321,0.0,0.0,0.0
51322,0.0,0.0,0.0
51323,0.0,0.0,0.0
51324,0.0,0.0,0.0
51325,0.0,0.0,0.0
51326,0.0,0.0,0.0
51327,0.0,0.0,0.0
51328,0.0,0.0,0.0
51329,0.0,0.0,0.0
51330,0.0,0.0,0.0
51331,0.0,0.0,0.0
51332,0.0,0.0,0.0
51333,0.0,0.0,0.0
51334,0.0,0.0,0.0
51335,0.0,0.0,0.0
51336,0.0,0.0,0.0
51337,0.0,0.0,0.0
51338,0.0,0.0,0.0
51339,0.0,0.0,0.0
51340,0.0,0.0,0.0
51341,0.0,0.0,0.0
51342,0.0,0.0,0.0
51343,0.0,0.0,0.0
51344,0.0,0.0,0.0
51345,0.0,0.0,0.0
51346,0.0,0.0,0.0
51347,0.0,0.0,0.0
51348,0.0,0.0,0.0
51349,0.0,0.0,0.0
51350,0.0,0.0,0.0
51351,0.0,0.0,0.0
51352,0.0,0.0,0.0
51353,0.0,0.0,0.0
51354,0.0,0.0,0.0
51355,0.0,0.0,0.0
51356,0.0,0.0,0.0
51357,0.0,0.0,0.0
51358,0.0,0.0,0.0
51359,0.0,0.0,0.0
51360,0.0,0.0,0.0
51361,0.0,0.0,0.0
51362,0.0,0.0,0.0
51363,0.0,0.0,0.0
51364,0.0,0.0,0.0
51365,0.0,0.0,0.0
51366,0.0,0.0,0.0
51367,0.0,0.0,0.0
51368,0.0,0.0,0.0
51369,0.0,0.0,0.0
51370,0.0,0.0,0.0
51371,0.0,0.0,0.0
51372,0.0,0.0,0.0
51373,0.0,0.0,0.0
51374,0.0,0.0,0.0
51375,0.0,0.0,0.0
51376,0.0,0.0,0.0
51377,0.0,0.0,0.0
51378,0.0,0.0,0.0
51379,0.0,0.0,0.0
51380,0.0,0.0,0.0
51381,0.0,0.0,0.0
51382,0.0,0.0,0.0
51383,0.0,0.0,0.0
51384,0.0,0.0,0.0
51385,0.0,0.0,0.0
51386,0.0,0.0,0.0
51387,0.0,0.0,0.0
51388,0.0,0.0,0.0
51389,0.0,0.0,0.0
51390,0.0,0.0,0.0
51391,0.0,0.0,0.0
51392,0.0,0.0,0.0
51393,0.0,0.0,0.0
51394,0.0,0.0,0.0
51395,0.0,0.0,0.0
51396,0.0,0.0,0.0
51397,0.0,0.0,0.0
51398,0.0,0.0,0.0
51399,0.0,0.0,0.0
51400,0.0,0.0,0.0
51401,0.0,0.0,0.0
51402,0.0,0.0,0.0
51403,0.0,0.0,0.0
51404,0.0,0.0,0.0
51405,0.0,0.0,0.0
51406,0.0,0.0,0.0
51407,0.0,0.0,0.0
51408,0.0,0.0,0.0
51409,0.0,0.0,0.0
51410,0.0,0.0,0.0
51411,0.0,0.0,0.0
51412,0.0,0.0,0.0
51413,0.0,0.0,0.0
51414,0.0,0.0,0.0
51415,0.0,0.0,0.0
51416,0.0,0.0,0.0
51417,0.0,0.0,0.0
51418,0.0,0.0,0.0
51419,0.0,0.0,0.0
51420,0.0,0.0,0.0
51421,0.0,0.0,0.0
51422,0.0,0.0,0.0
51423,0.0,0.0,0.0
51424,0.0,0.0,0.0
51425,0.0,0.0,0.0
51426,0.0,0.0,0.0
51427,0.0,0.0,0.0
51428,0.0,0.0,0.0
51429,0.0,0.0,0.0
51430,0.0,0.0,0.0
51431,0.0,0.0,0.0
51432,0.0,0.0,0.0
51433,0.0,0.0,0.0
51434,0.0,0.0,0.0
51435,0.0,0.0,0.0
51436,0.0,0.0,0.0
51437,0.0,0.0,0.0
51438,0.0,0.0,0.0
51439,0.0,0.0,0.0
51440,0.0,0.0,0.0
51441,0.0,0.0,0.0
51442,0.0,0.0,0.0
51443,0.0,0.0,0.0
51444,0.0,0.0,0.0
51445,0.0,0.0,0.0
51446,0.0,0.0,0.0
51447,0.0,0.0,0.0
51448,0.0,0.0,0.0
51449,0.0,0.0,0.0
51450,0.0,0.0,0.0
51451,0.0,0.0,0.0
51452,0.0,0.0,0.0
51453,0.0,0.0,0.0
51454,0.0,0.0,0.0
51455,0.0,0.0,0.0
51456,0.0,0.0,0.0
51457,0.0,0.0,0.0
51458,0.0,0.0,0.0
51459,0.0,0.0,0.0
51460,0.0,0.0,0.0
51461,0.0,0.0,0.0
51462,0.0,0.0,0.0
51463,0.0,0.0,0.0
51464,0.0,0.0,0.0
51465,0.0,0.0,0.0
51466,0.0,0.0,0.0
51467,0.0,0.0,0.0
51468,0.0,0.0,0.0
51469,0.0,0.0,0.0
51470,0.0,0.0,0.0
51471,0.0,0.0,0.0
51472,0.0,0.0,0.0
51473,0.0,0.0,0.0
51474,0.0,0.0,0.0
51475,0.0,0.0,0.0
51476,0.0,0.0,0.0
51477,0.0,0.0,0.0
51478,0.0,0.0,0.0
51479,0.0,0.0,0.0
51480,0.0,0.0,0.0
51481,0.0,0.0,0.0
51482,0.0,0.0,0.0
51483,0.0,0.0,0.0
51484,0.0,0.0,0.0
51485,0.0,0.0,0.0
51486,0.0,0.0,0.0
51487,0.0,0.0,0.0
51488,0.0,0.0,0.0
51489,0.0,0.0,0.0
51490,0.0,0.0,0.0
51491,0.0,0.0,0.0
51492,0.0,0.0,0.0
51493,0.0,0.0,0.0
51494,0.0,0.0,0.0
51495,0.0,0.0,0.0
51496,0.0,0.0,0.0
51497,0.0,0.0,0.0
51498,0.0,0.0,0.0
51499,0.0,0.0,0.0
51500,0.0,0.0,0.0
51501,0.0,0.0,0.0
51502,0.0,0.0,0.0
51503,0.0,0.0,0.0
51504,0.0,0.0,0.0
51505,0.0,0.0,0.0
51506,0.0,0.0,0.0
51507,0.0,0.0,0.0
51508,0.0,0.0,0.0
51509,0.0,0.0,0.0
51510,0.0,0.0,0.0
51511,0.0,0.0,0.0
51512,0.0,0.0,0.0
51513,0.0,0.0,0.0
51514,0.0,0.0,0.0
51515,0.0,0.0,0.0
51516,0.0,0.0,0.0
51517,0.0,0.0,0.0
51518,0.0,0.0,0.0
51519,0.0,0.0,0.0
51520,0.0,0.0,0.0
51521,0.0,0.0,0.0
51522,0.0,0.0,0.0
51523,0.0,0.0,0.0
51524,0.0,0.0,0.0
51525,0.0,0.0,0.0
51526,0.0,0.0,0.0
51527,0.0,0.0,0.0
51528,0.0,0.0,0.0
51529,0.0,0.0,0.0
51530,0.0,0.0,0.0
51531,0.0,0.0,0.0
51532,0.0,0.0,0.0
51533,0.0,0.0,0.0
51534,0.0,0.0,0.0
51535,0.0,0.0,0.0
51536,0.0,0.0,0.0
51537,0.0,0.0,0.0
51538,0.0,0.0,0.0
51539,0.0,0.0,0.0
51540,0.0,0.0,0.0
51541,0.0,0.0,0.0
51542,0.0,0.0,0.0
51543,0.0,0.0,0.0
51544,0.0,0.0,0.0
51545,0.0,0.0,0.0
51546,0.0,0.0,0.0
51547,0.0,0.0,0.0
51548,0.0,0.0,0.0
51549,0.0,0.0,0.0
51550,0.0,0.0,0.0
51551,0.0,0.0,0.0
51552,0.0,0.0,0.0
51553,0.0,0.0,0.0
51554,0.0,0.0,0.0
51555,0.0,0.0,0.0
51556,0.0,0.0,0.0
51557,0.0,0.0,0.0
51558,0.0,0.0,0.0
51559,0.0,0.0,0.0
51560,0.0,0.0,0.0
51561,0.0,0.0,0.0
51562,0.0,0.0,0.0
51563,0.0,0.0,0.0
51564,0.0,0.0,0.0
51565,0.0,0.0,0.0
51566,0.0,0.0,0.0
51567,0.0,0.0,0.0
51568,0.0,0.0,0.0
51569,0.0,0.0,0.0
51570,0.0,0.0,0.0
51571,0.0,0.0,0.0
51572,0.0,0.0,0.0
51573,0.0,0.0,0.0
51574,0.0,0.0,0.0
51575,0.0,0.0,0.0
51576,0.0,0.0,0.0
51577,0.0,0.0,0.0
51578,0.0,0.0,0.0
51579,0.0,0.0,0.0
51580,0.0,0.0,0.0
51581,0.0,0.0,0.0
51582,0.0,0.0,0.0
51583,0.0,0.0,0.0
51584,0.0,0.0,0.0
51585,0.0,0.0,0.0
51586,0.0,0.0,0.0
51587,0.0,0.0,0.0
51588,0.0,0.0,0.0
51589,0.0,0.0,0.0
51590,0.0,0.0,0.0
51591,0.0,0.0,0.0
51592,0.0,0.0,0.0
51593,0.0,0.0,0.0
51594,0.0,0.0,0.0
51595,0.0,0.0,0.0
51596,0.0,0.0,0.0
51597,0.0,0.0,0.0
51598,0.0,0.0,0.0
51599,0.0,0.0,0.0
51600,0.0,0.0,0.0
51601,0.0,0.0,0.0
51602,0.0,0.0,0.0
51603,0.0,0.0,0.0
51604,0.0,0.0,0.0
51605,0.0,0.0,0.0
51606,0.0,0.0,0.0
51607,0.0,0.0,0.0
51608,0.0,0.0,0.0
51609,0.0,0.0,0.0
51610,0.0,0.0,0.0
51611,0.0,0.0,0.0
51612,0.0,0.0,0.0
51613,0.0,0.0,0.0
51614,0.0,0.0,0.0
51615,0.0,0.0,0.0
51616,0.0,0.0,0.0
51617,0.0,0.0,0.0
51618,0.0,0.0,0.0
51619,0.0,0.0,0.0
51620,0.0,0.0,0.0
51621,0.0,0.0,0.0
51622,0.0,0.0,0.0
51623,0.0,0.0,0.0
51624,0.0,0.0,0.0
51625,0.0,0.0,0.0
51626,0.0,0.0,0.0
51627,0.0,0.0,0.0
51628,0.0,0.0,0.0
51629,0.0,0.0,0.0
51630,0.0,0.0,0.0
51631,0.0,0.0,0.0
51632,0.0,0.0,0.0
51633,0.0,0.0,0.0
51634,0.0,0.0,0.0
51635,0.0,0.0,0.0
51636,0.0,0.0,0.0
51637,0.0,0.0,0.0
51638,0.0,0.0,0.0
51639,0.0,0.0,0.0
51640,0.0,0.0,0.0
51641,0.0,0.0,0.0
51642,0.0,0.0,0.0
51643,0.0,0.0,0.0
51644,0.0,0.0,0.0
51645,0.0,0.0,0.0
51646,0.0,0.0,0.0
51647,0.0,0.0,0.0
51648,0.0,0.0,0.0
51649,0.0,0.0,0.0
51650,0.0,0.0,0.0
51651,0.0,0.0,0.0
51652,0.0,0.0,0.0
51653,0.0,0.0,0.0
51654,0.0,0.0,0.0
51655,0.0,0.0,0.0
51656,0.0,0.0,0.0
51657,0.0,0.0,0.0
51658,0.0,0.0,0.0
51659,0.0,0.0,0.0
51660,0.0,0.0,0.0
51661,0.0,0.0,0.0
51662,0.0,0.0,0.0
51663,0.0,0.0,0.0
51664,0.0,0.0,0.0
51665,0.0,0.0,0.0
51666,0.0,0.0,0.0
51667,0.0,0.0,0.0
51668,0.0,0.0,0.0
51669,0.0,0.0,0.0
51670,0.0,0.0,0.0
51671,0.0,0.0,0.0
51672,0.0,0.0,0.0
51673,0.0,0.0,0.0
51674,0.0,0.0,0.0
51675,0.0,0.0,0.0
51676,0.0,0.0,0.0
51677,0.0,0.0,0.0
51678,0.0,0.0,0.0
51679,0.0,0.0,0.0
51680,0.0,0.0,0.0
51681,0.0,0.0,0.0
51682,0.0,0.0,0.0
51683,0.0,0.0,0.0
51684,0.0,0.0,0.0
51685,0.0,0.0,0.0
51686,0.0,0.0,0.0
51687,0.0,0.0,0.0
51688,0.0,0.0,0.0
51689,0.0,0.0,0.0
51690,0.0,0.0,0.0
51691,0.0,0.0,0.0
51692,0.0,0.0,0.0
51693,0.0,0.0,0.0
51694,0.0,0.0,0.0
51695,0.0,0.0,0.0
51696,0.0,0.0,0.0
51697,0.0,0.0,0.0
51698,0.0,0.0,0.0
51699,0.0,0.0,0.0
51700,0.0,0.0,0.0
51701,0.0,0.0,0.0
51702,0.0,0.0,0.0
51703,0.0,0.0,0.0
51704,0.0,0.0,0.0
51705,0.0,0.0,0.0
51706,0.0,0.0,0.0
51707,0.0,0.0,0.0
51708,0.0,0.0,0.0
51709,0.0,0.0,0.0
51710,0.0,0.0,0.0
51711,0.0,0.0,0.0
51712,0.0,0.0,0.0
51713,0.0,0.0,0.0
51714,0.0,0.0,0.0
51715,0.0,0.0,0.0
51716,0.0,0.0,0.0
51717,0.0,0.0,0.0
51718,0.0,0.0,0.0
51719,0.0,0.0,0.0
51720,0.0,0.0,0.0
51721,0.0,0.0,0.0
51722,0.0,0.0,0.0
51723,0.0,0.0,0.0
51724,0.0,0.0,0.0
51725,0.0,0.0,0.0
51726,0.0,0.0,0.0
51727,0.0,0.0,0.0
51728,0.0,0.0,0.0
51729,0.0,0.0,0.0
51730,0.0,0.0,0.0
51731,0.0,0.0,0.0
51732,0.0,0.0,0.0
51733,0.0,0.0,0.0
51734,0.0,0.0,0.0
51735,0.0,0.0,0.0
51736,0.0,0.0,0.0
51737,0.0,0.0,0.0
51738,0.0,0.0,0.0
51739,0.0,0.0,0.0
51740,0.0,0.0,0.0
51741,0.0,0.0,0.0
51742,0.0,0.0,0.0
51743,0.0,0.0,0.0
51744,0.0,0.0,0.0
51745,0.0,0.0,0.0
51746,0.0,0.0,0.0
51747,0.0,0.0,0.0
51748,0.0,0.0,0.0
51749,0.0,0.0,0.0
51750,0.0,0.0,0.0
51751,0.0,0.0,0.0
51752,0.0,0.0,0.0
51753,0.0,0.0,0.0
51754,0.0,0.0,0.0
51755,0.0,0.0,0.0
51756,0.0,0.0,0.0
51757,0.0,0.0,0.0
51758,0.0,0.0,0.0
51759,0.0,0.0,0.0
51760,0.0,0.0,0.0
51761,0.0,0.0,0.0
51762,0.0,0.0,0.0
51763,0.0,0.0,0.0
51764,0.0,0.0,0.0
51765,0.0,0.0,0.0
51766,0.0,0.0,0.0
51767,0.0,0.0,0.0
51768,0.0,0.0,0.0
51769,0.0,0.0,0.0
51770,0.0,0.0,0.0
51771,0.0,0.0,0.0
51772,0.0,0.0,0.0
51773,0.0,0.0,0.0
51774,0.0,0.0,0.0
51775,0.0,0.0,0.0
51776,0.0,0.0,0.0
51777,0.0,0.0,0.0
51778,0.0,0.0,0.0
51779,0.0,0.0,0.0
51780,0.0,0.0,0.0
51781,0.0,0.0,0.0
51782,0.0,0.0,0.0
51783,0.0,0.0,0.0
51784,0.0,0.0,0.0
51785,0.0,0.0,0.0
51786,0.0,0.0,0.0
51787,0.0,0.0,0.0
51788,0.0,0.0,0.0
51789,0.0,0.0,0.0
51790,0.0,0.0,0.0
51791,0.0,0.0,0.0
51792,0.0,0.0,0.0
51793,0.0,0.0,0.0
51794,0.0,0.0,0.0
51795,0.0,0.0,0.0
51796,0.0,0.0,0.0
51797,0.0,0.0,0.0
51798,0.0,0.0,0.0
51799,0.0,0.0,0.0
51800,0.0,0.0,0.0
51801,0.0,0.0,0.0
51802,0.0,0.0,0.0
51803,0.0,0.0,0.0
51804,0.0,0.0,0.0
51805,0.0,0.0,0.0
51806,0.0,0.0,0.0
51807,0.0,0.0,0.0
51808,0.0,0.0,0.0
51809,0.0,0.0,0.0
51810,0.0,0.0,0.0
51811,0.0,0.0,0.0
51812,0.0,0.0,0.0
51813,0.0,0.0,0.0
51814,0.0,0.0,0.0
51815,0.0,0.0,0.0
51816,0.0,0.0,0.0
51817,0.0,0.0,0.0
51818,0.0,0.0,0.0
51819,0.0,0.0,0.0
51820,0.0,0.0,0.0
51821,0.0,0.0,0.0
51822,0.0,0.0,0.0
51823,0.0,0.0,0.0
51824,0.0,0.0,0.0
51825,0.0,0.0,0.0
51826,0.0,0.0,0.0
51827,0.0,0.0,0.0
51828,0.0,0.0,0.0
51829,0.0,0.0,0.0
51830,0.0,0.0,0.0
51831,0.0,0.0,0.0
51832,0.0,0.0,0.0
51833,0.0,0.0,0.0
51834,0.0,0.0,0.0
51835,0.0,0.0,0.0
51836,0.0,0.0,0.0
51837,0.0,0.0,0.0
51838,0.0,0.0,0.0
51839,0.0,0.0,0.0
51840,0.0,0.0,0.0
51841,0.0,0.0,0.0
51842,0.0,0.0,0.0
51843,0.0,0.0,0.0
51844,0.0,0.0,0.0
51845,0.0,0.0,0.0
51846,0.0,0.0,0.0
51847,0.0,0.0,0.0
51848,0.0,0.0,0.0
51849,0.0,0.0,0.0
51850,0.0,0.0,0.0
51851,0.0,0.0,0.0
51852,0.0,0.0,0.0
51853,0.0,0.0,0.0
51854,0.0,0.0,0.0
51855,0.0,0.0,0.0
51856,0.0,0.0,0.0
51857,0.0,0.0,0.0
51858,0.0,0.0,0.0
51859,0.0,0.0,0.0
51860,0.0,0.0,0.0
51861,0.0,0.0,0.0
51862,0.0,0.0,0.0
51863,0.0,0.0,0.0
51864,0.0,0.0,0.0
51865,0.0,0.0,0.0
51866,0.0,0.0,0.0
51867,0.0,0.0,0.0
51868,0.0,0.0,0.0
51869,0.0,0.0,0.0
51870,0.0,0.0,0.0
51871,0.0,0.0,0.0
51872,0.0,0.0,0.0
51873,0.0,0.0,0.0
51874,0.0,0.0,0.0
51875,0.0,0.0,0.0
51876,0.0,0.0,0.0
51877,0.0,0.0,0.0
51878,0.0,0.0,0.0
51879,0.0,0.0,0.0
51880,0.0,0.0,0.0
51881,0.0,0.0,0.0
51882,0.0,0.0,0.0
51883,0.0,0.0,0.0
51884,0.0,0.0,0.0
51885,0.0,0.0,0.0
51886,0.0,0.0,0.0
51887,0.0,0.0,0.0
51888,0.0,0.0,0.0
51889,0.0,0.0,0.0
51890,0.0,0.0,0.0
51891,0.0,0.0,0.0
51892,0.0,0.0,0.0
51893,0.0,0.0,0.0
51894,0.0,0.0,0.0
51895,0.0,0.0,0.0
51896,0.0,0.0,0.0
51897,0.0,0.0,0.0
51898,0.0,0.0,0.0
51899,0.0,0.0,0.0
51900,0.0,0.0,0.0
51901,0.0,0.0,0.0
51902,0.0,0.0,0.0
51903,0.0,0.0,0.0
51904,0.0,0.0,0.0
51905,0.0,0.0,0.0
51906,0.0,0.0,0.0
51907,0.0,0.0,0.0
51908,0.0,0.0,0.0
51909,0.0,0.0,0.0
51910,0.0,0.0,0.0
51911,0.0,0.0,0.0
51912,0.0,0.0,0.0
51913,0.0,0.0,0.0
51914,0.0,0.0,0.0
51915,0.0,0.0,0.0
51916,0.0,0.0,0.0
51917,0.0,0.0,0.0
51918,0.0,0.0,0.0
51919,0.0,0.0,0.0
51920,0.0,0.0,0.0
51921,0.0,0.0,0.0
51922,0.0,0.0,0.0
51923,0.0,0.0,0.0
51924,0.0,0.0,0.0
51925,0.0,0.0,0.0
51926,0.0,0.0,0.0
51927,0.0,0.0,0.0
51928,0.0,0.0,0.0
51929,0.0,0.0,0.0
51930,0.0,0.0,0.0
51931,0.0,0.0,0.0
51932,0.0,0.0,0.0
51933,0.0,0.0,0.0
51934,0.0,0.0,0.0
51935,0.0,0.0,0.0
51936,0.0,0.0,0.0
51937,0.0,0.0,0.0
51938,0.0,0.0,0.0
51939,0.0,0.0,0.0
51940,0.0,0.0,0.0
51941,0.0,0.0,0.0
51942,0.0,0.0,0.0
51943,0.0,0.0,0.0
51944,0.0,0.0,0.0
51945,0.0,0.0,0.0
51946,0.0,0.0,0.0
51947,0.0,0.0,0.0
51948,0.0,0.0,0.0
51949,0.0,0.0,0.0
51950,0.0,0.0,0.0
51951,0.0,0.0,0.0
51952,0.0,0.0,0.0
51953,0.0,0.0,0.0
51954,0.0,0.0,0.0
51955,0.0,0.0,0.0
51956,0.0,0.0,0.0
51957,0.0,0.0,0.0
51958,0.0,0.0,0.0
51959,0.0,0.0,0.0
51960,0.0,0.0,0.0
51961,0.0,0.0,0.0
51962,0.0,0.0,0.0
51963,0.0,0.0,0.0
51964,0.0,0.0,0.0
51965,0.0,0.0,0.0
51966,0.0,0.0,0.0
51967,0.0,0.0,0.0
51968,0.0,0.0,0.0
51969,0.0,0.0,0.0
51970,0.0,0.0,0.0
51971,0.0,0.0,0.0
51972,0.0,0.0,0.0
51973,0.0,0.0,0.0
51974,0.0,0.0,0.0
51975,0.0,0.0,0.0
51976,0.0,0.0,0.0
51977,0.0,0.0,0.0
51978,0.0,0.0,0.0
51979,0.0,0.0,0.0
51980,0.0,0.0,0.0
51981,0.0,0.0,0.0
51982,0.0,0.0,0.0
51983,0.0,0.0,0.0
51984,0.0,0.0,0.0
51985,0.0,0.0,0.0
51986,0.0,0.0,0.0
51987,0.0,0.0,0.0
51988,0.0,0.0,0.0
51989,0.0,0.0,0.0
51990,0.0,0.0,0.0
51991,0.0,0.0,0.0
51992,0.0,0.0,0.0
51993,0.0,0.0,0.0
51994,0.0,0.0,0.0
51995,0.0,0.0,0.0
51996,0.0,0.0,0.0
51997,0.0,0.0,0.0
51998,0.0,0.0,0.0
51999,0.0,0.0,0.0
52000,0.0,0.0,0.0
52001,0.0,0.0,0.0
52002,0.0,0.0,0.0
52003,0.0,0.0,0.0
52004,0.0,0.0,0.0
52005,0.0,0.0,0.0
52006,0.0,0.0,0.0
52007,0.0,0.0,0.0
52008,0.0,0.0,0.0
52009,0.0,0.0,0.0
52010,0.0,0.0,0.0
52011,0.0,0.0,0.0
52012,0.0,0.0,0.0
52013,0.0,0.0,0.0
52014,0.0,0.0,0.0
52015,0.0,0.0,0.0
52016,0.0,0.0,0.0
52017,0.0,0.0,0.0
52018,0.0,0.0,0.0
52019,0.0,0.0,0.0
52020,0.0,0.0,0.0
52021,0.0,0.0,0.0
52022,0.0,0.0,0.0
52023,0.0,0.0,0.0
52024,0.0,0.0,0.0
52025,0.0,0.0,0.0
52026,0.0,0.0,0.0
52027,0.0,0.0,0.0
52028,0.0,0.0,0.0
52029,0.0,0.0,0.0
52030,0.0,0.0,0.0
52031,0.0,0.0,0.0
52032,0.0,0.0,0.0
52033,0.0,0.0,0.0
52034,0.0,0.0,0.0
52035,0.0,0.0,0.0
52036,0.0,0.0,0.0
52037,0.0,0.0,0.0
52038,0.0,0.0,0.0
52039,0.0,0.0,0.0
52040,0.0,0.0,0.0
52041,0.0,0.0,0.0
52042,0.0,0.0,0.0
52043,0.0,0.0,0.0
52044,0.0,0.0,0.0
52045,0.0,0.0,0.0
52046,0.0,0.0,0.0
52047,0.0,0.0,0.0
52048,0.0,0.0,0.0
52049,0.0,0.0,0.0
52050,0.0,0.0,0.0
52051,0.0,0.0,0.0
52052,0.0,0.0,0.0
52053,0.0,0.0,0.0
52054,0.0,0.0,0.0
52055,0.0,0.0,0.0
52056,0.0,0.0,0.0
52057,0.0,0.0,0.0
52058,0.0,0.0,0.0
52059,0.0,0.0,0.0
52060,0.0,0.0,0.0
52061,0.0,0.0,0.0
52062,0.0,0.0,0.0
52063,0.0,0.0,0.0
52064,0.0,0.0,0.0
52065,0.0,0.0,0.0
52066,0.0,0.0,0.0
52067,0.0,0.0,0.0
52068,0.0,0.0,0.0
52069,0.0,0.0,0.0
52070,0.0,0.0,0.0
52071,0.0,0.0,0.0
52072,0.0,0.0,0.0
52073,0.0,0.0,0.0
52074,0.0,0.0,0.0
52075,0.0,0.0,0.0
52076,0.0,0.0,0.0
52077,0.0,0.0,0.0
52078,0.0,0.0,0.0
52079,0.0,0.0,0.0
52080,0.0,0.0,0.0
52081,0.0,0.0,0.0
52082,0.0,0.0,0.0
52083,0.0,0.0,0.0
52084,0.0,0.0,0.0
52085,0.0,0.0,0.0
52086,0.0,0.0,0.0
52087,0.0,0.0,0.0
52088,0.0,0.0,0.0
52089,0.0,0.0,0.0
52090,0.0,0.0,0.0
52091,0.0,0.0,0.0
52092,0.0,0.0,0.0
52093,0.0,0.0,0.0
52094,0.0,0.0,0.0
52095,0.0,0.0,0.0
52096,0.0,0.0,0.0
52097,0.0,0.0,0.0
52098,0.0,0.0,0.0
52099,0.0,0.0,0.0
52100,0.0,0.0,0.0
52101,0.0,0.0,0.0
52102,0.0,0.0,0.0
52103,0.0,0.0,0.0
52104,0.0,0.0,0.0
52105,0.0,0.0,0.0
52106,0.0,0.0,0.0
52107,0.0,0.0,0.0
52108,0.0,0.0,0.0
52109,0.0,0.0,0.0
52110,0.0,0.0,0.0
52111,0.0,0.0,0.0
52112,0.0,0.0,0.0
52113,0.0,0.0,0.0
52114,0.0,0.0,0.0
52115,0.0,0.0,0.0
52116,0.0,0.0,0.0
52117,0.0,0.0,0.0
52118,0.0,0.0,0.0
52119,0.0,0.0,0.0
52120,0.0,0.0,0.0
52121,0.0,0.0,0.0
52122,0.0,0.0,0.0
52123,0.0,0.0,0.0
52124,0.0,0.0,0.0
52125,0.0,0.0,0.0
52126,0.0,0.0,0.0
52127,0.0,0.0,0.0
52128,0.0,0.0,0.0
52129,0.0,0.0,0.0
52130,0.0,0.0,0.0
52131,0.0,0.0,0.0
52132,0.0,0.0,0.0
52133,0.0,0.0,0.0
52134,0.0,0.0,0.0
52135,0.0,0.0,0.0
52136,0.0,0.0,0.0
52137,0.0,0.0,0.0
52138,0.0,0.0,0.0
52139,0.0,0.0,0.0
52140,0.0,0.0,0.0
52141,0.0,0.0,0.0
52142,0.0,0.0,0.0
52143,0.0,0.0,0.0
52144,0.0,0.0,0.0
52145,0.0,0.0,0.0
52146,0.0,0.0,0.0
52147,0.0,0.0,0.0
52148,0.0,0.0,0.0
52149,0.0,0.0,0.0
52150,0.0,0.0,0.0
52151,0.0,0.0,0.0
52152,0.0,0.0,0.0
52153,0.0,0.0,0.0
52154,0.0,0.0,0.0
52155,0.0,0.0,0.0
52156,0.0,0.0,0.0
52157,0.0,0.0,0.0
52158,0.0,0.0,0.0
52159,0.0,0.0,0.0
52160,0.0,0.0,0.0
52161,0.0,0.0,0.0
52162,0.0,0.0,0.0
52163,0.0,0.0,0.0
52164,0.0,0.0,0.0
52165,0.0,0.0,0.0
52166,0.0,0.0,0.0
52167,0.0,0.0,0.0
52168,0.0,0.0,0.0
52169,0.0,0.0,0.0
52170,0.0,0.0,0.0
52171,0.0,0.0,0.0
52172,0.0,0.0,0.0
52173,0.0,0.0,0.0
52174,0.0,0.0,0.0
52175,0.0,0.0,0.0
52176,0.0,0.0,0.0
52177,0.0,0.0,0.0
52178,0.0,0.0,0.0
52179,0.0,0.0,0.0
52180,0.0,0.0,0.0
52181,0.0,0.0,0.0
52182,0.0,0.0,0.0
52183,0.0,0.0,0.0
52184,0.0,0.0,0.0
52185,0.0,0.0,0.0
52186,0.0,0.0,0.0
52187,0.0,0.0,0.0
52188,0.0,0.0,0.0
52189,0.0,0.0,0.0
52190,0.0,0.0,0.0
52191,0.0,0.0,0.0
52192,0.0,0.0,0.0
52193,0.0,0.0,0.0
52194,0.0,0.0,0.0
52195,0.0,0.0,0.0
52196,0.0,0.0,0.0
52197,0.0,0.0,0.0
52198,0.0,0.0,0.0
52199,0.0,0.0,0.0
52200,0.0,0.0,0.0
52201,0.0,0.0,0.0
52202,0.0,0.0,0.0
52203,0.0,0.0,0.0
52204,0.0,0.0,0.0
52205,0.0,0.0,0.0
52206,0.0,0.0,0.0
52207,0.0,0.0,0.0
52208,0.0,0.0,0.0
52209,0.0,0.0,0.0
52210,0.0,0.0,0.0
52211,0.0,0.0,0.0
52212,0.0,0.0,0.0
52213,0.0,0.0,0.0
52214,0.0,0.0,0.0
52215,0.0,0.0,0.0
52216,0.0,0.0,0.0
52217,0.0,0.0,0.0
52218,0.0,0.0,0.0
52219,0.0,0.0,0.0
52220,0.0,0.0,0.0
52221,0.0,0.0,0.0
52222,0.0,0.0,0.0
52223,0.0,0.0,0.0
52224,0.0,0.0,0.0
52225,0.0,0.0,0.0
52226,0.0,0.0,0.0
52227,0.0,0.0,0.0
52228,0.0,0.0,0.0
52229,0.0,0.0,0.0
52230,0.0,0.0,0.0
52231,0.0,0.0,0.0
52232,0.0,0.0,0.0
52233,0.0,0.0,0.0
52234,0.0,0.0,0.0
52235,0.0,0.0,0.0
52236,0.0,0.0,0.0
52237,0.0,0.0,0.0
52238,0.0,0.0,0.0
52239,0.0,0.0,0.0
52240,0.0,0.0,0.0
52241,0.0,0.0,0.0
52242,0.0,0.0,0.0
52243,0.0,0.0,0.0
52244,0.0,0.0,0.0
52245,0.0,0.0,0.0
52246,0.0,0.0,0.0
52247,0.0,0.0,0.0
52248,0.0,0.0,0.0
52249,0.0,0.0,0.0
52250,0.0,0.0,0.0
52251,0.0,0.0,0.0
52252,0.0,0.0,0.0
52253,0.0,0.0,0.0
52254,0.0,0.0,0.0
52255,0.0,0.0,0.0
52256,0.0,0.0,0.0
52257,0.0,0.0,0.0
52258,0.0,0.0,0.0
52259,0.0,0.0,0.0
52260,0.0,0.0,0.0
52261,0.0,0.0,0.0
52262,0.0,0.0,0.0
52263,0.0,0.0,0.0
52264,0.0,0.0,0.0
52265,0.0,0.0,0.0
52266,0.0,0.0,0.0
52267,0.0,0.0,0.0
52268,0.0,0.0,0.0
52269,0.0,0.0,0.0
52270,0.0,0.0,0.0
52271,0.0,0.0,0.0
52272,0.0,0.0,0.0
52273,0.0,0.0,0.0
52274,0.0,0.0,0.0
52275,0.0,0.0,0.0
52276,0.0,0.0,0.0
52277,0.0,0.0,0.0
52278,0.0,0.0,0.0
52279,0.0,0.0,0.0
52280,0.0,0.0,0.0
52281,0.0,0.0,0.0
52282,0.0,0.0,0.0
52283,0.0,0.0,0.0
52284,0.0,0.0,0.0
52285,0.0,0.0,0.0
52286,0.0,0.0,0.0
52287,0.0,0.0,0.0
52288,0.0,0.0,0.0
52289,0.0,0.0,0.0
52290,0.0,0.0,0.0
52291,0.0,0.0,0.0
52292,0.0,0.0,0.0
52293,0.0,0.0,0.0
52294,0.0,0.0,0.0
52295,0.0,0.0,0.0
52296,0.0,0.0,0.0
52297,0.0,0.0,0.0
52298,0.0,0.0,0.0
52299,0.0,0.0,0.0
52300,0.0,0.0,0.0
52301,0.0,0.0,0.0
52302,0.0,0.0,0.0
52303,0.0,0.0,0.0
52304,0.0,0.0,0.0
52305,0.0,0.0,0.0
52306,0.0,0.0,0.0
52307,0.0,0.0,0.0
52308,0.0,0.0,0.0
52309,0.0,0.0,0.0
52310,0.0,0.0,0.0
52311,0.0,0.0,0.0
52312,0.0,0.0,0.0
52313,0.0,0.0,0.0
52314,0.0,0.0,0.0
52315,0.0,0.0,0.0
52316,0.0,0.0,0.0
52317,0.0,0.0,0.0
52318,0.0,0.0,0.0
52319,0.0,0.0,0.0
52320,0.0,0.0,0.0
52321,0.0,0.0,0.0
52322,0.0,0.0,0.0
52323,0.0,0.0,0.0
52324,0.0,0.0,0.0
52325,0.0,0.0,0.0
52326,0.0,0.0,0.0
52327,0.0,0.0,0.0
52328,0.0,0.0,0.0
52329,0.0,0.0,0.0
52330,0.0,0.0,0.0
52331,0.0,0.0,0.0
52332,0.0,0.0,0.0
52333,0.0,0.0,0.0
52334,0.0,0.0,0.0
52335,0.0,0.0,0.0
52336,0.0,0.0,0.0
52337,0.0,0.0,0.0
52338,0.0,0.0,0.0
52339,0.0,0.0,0.0
52340,0.0,0.0,0.0
52341,0.0,0.0,0.0
52342,0.0,0.0,0.0
52343,0.0,0.0,0.0
52344,0.0,0.0,0.0
52345,0.0,0.0,0.0
52346,0.0,0.0,0.0
52347,0.0,0.0,0.0
52348,0.0,0.0,0.0
52349,0.0,0.0,0.0
52350,0.0,0.0,0.0
52351,0.0,0.0,0.0
52352,0.0,0.0,0.0
52353,0.0,0.0,0.0
52354,0.0,0.0,0.0
52355,0.0,0.0,0.0
52356,0.0,0.0,0.0
52357,0.0,0.0,0.0
52358,0.0,0.0,0.0
52359,0.0,0.0,0.0
52360,0.0,0.0,0.0
52361,0.0,0.0,0.0
52362,0.0,0.0,0.0
52363,0.0,0.0,0.0
52364,0.0,0.0,0.0
52365,0.0,0.0,0.0
52366,0.0,0.0,0.0
52367,0.0,0.0,0.0
52368,0.0,0.0,0.0
52369,0.0,0.0,0.0
52370,0.0,0.0,0.0
52371,0.0,0.0,0.0
52372,0.0,0.0,0.0
52373,0.0,0.0,0.0
52374,0.0,0.0,0.0
52375,0.0,0.0,0.0
52376,0.0,0.0,0.0
52377,0.0,0.0,0.0
52378,0.0,0.0,0.0
52379,0.0,0.0,0.0
52380,0.0,0.0,0.0
52381,0.0,0.0,0.0
52382,0.0,0.0,0.0
52383,0.0,0.0,0.0
52384,0.0,0.0,0.0
52385,0.0,0.0,0.0
52386,0.0,0.0,0.0
52387,0.0,0.0,0.0
52388,0.0,0.0,0.0
52389,0.0,0.0,0.0
52390,0.0,0.0,0.0
52391,0.0,0.0,0.0
52392,0.0,0.0,0.0
52393,0.0,0.0,0.0
52394,0.0,0.0,0.0
52395,0.0,0.0,0.0
52396,0.0,0.0,0.0
52397,0.0,0.0,0.0
52398,0.0,0.0,0.0
52399,0.0,0.0,0.0
52400,0.0,0.0,0.0
52401,0.0,0.0,0.0
52402,0.0,0.0,0.0
52403,0.0,0.0,0.0
52404,0.0,0.0,0.0
52405,0.0,0.0,0.0
52406,0.0,0.0,0.0
52407,0.0,0.0,0.0
52408,0.0,0.0,0.0
52409,0.0,0.0,0.0
52410,0.0,0.0,0.0
52411,0.0,0.0,0.0
52412,0.0,0.0,0.0
52413,0.0,0.0,0.0
52414,0.0,0.0,0.0
52415,0.0,0.0,0.0
52416,0.0,0.0,0.0
52417,0.0,0.0,0.0
52418,0.0,0.0,0.0
52419,0.0,0.0,0.0
52420,0.0,0.0,0.0
52421,0.0,0.0,0.0
52422,0.0,0.0,0.0
52423,0.0,0.0,0.0
52424,0.0,0.0,0.0
52425,0.0,0.0,0.0
52426,0.0,0.0,0.0
52427,0.0,0.0,0.0
52428,0.0,0.0,0.0
52429,0.0,0.0,0.0
52430,0.0,0.0,0.0
52431,0.0,0.0,0.0
52432,0.0,0.0,0.0
52433,0.0,0.0,0.0
52434,0.0,0.0,0.0
52435,0.0,0.0,0.0
52436,0.0,0.0,0.0
52437,0.0,0.0,0.0
52438,0.0,0.0,0.0
52439,0.0,0.0,0.0
52440,0.0,0.0,0.0
52441,0.0,0.0,0.0
52442,0.0,0.0,0.0
52443,0.0,0.0,0.0
52444,0.0,0.0,0.0
52445,0.0,0.0,0.0
52446,0.0,0.0,0.0
52447,0.0,0.0,0.0
52448,0.0,0.0,0.0
52449,0.0,0.0,0.0
52450,0.0,0.0,0.0
52451,0.0,0.0,0.0
52452,0.0,0.0,0.0
52453,0.0,0.0,0.0
52454,0.0,0.0,0.0
52455,0.0,0.0,0.0
52456,0.0,0.0,0.0
52457,0.0,0.0,0.0
52458,0.0,0.0,0.0
52459,0.0,0.0,0.0
52460,0.0,0.0,0.0
52461,0.0,0.0,0.0
52462,0.0,0.0,0.0
52463,0.0,0.0,0.0
52464,0.0,0.0,0.0
52465,0.0,0.0,0.0
52466,0.0,0.0,0.0
52467,0.0,0.0,0.0
52468,0.0,0.0,0.0
52469,0.0,0.0,0.0
52470,0.0,0.0,0.0
52471,0.0,0.0,0.0
52472,0.0,0.0,0.0
52473,0.0,0.0,0.0
52474,0.0,0.0,0.0
52475,0.0,0.0,0.0
52476,0.0,0.0,0.0
52477,0.0,0.0,0.0
52478,0.0,0.0,0.0
52479,0.0,0.0,0.0
52480,0.0,0.0,0.0
52481,0.0,0.0,0.0
52482,0.0,0.0,0.0
52483,0.0,0.0,0.0
52484,0.0,0.0,0.0
52485,0.0,0.0,0.0
52486,0.0,0.0,0.0
52487,0.0,0.0,0.0
52488,0.0,0.0,0.0
52489,0.0,0.0,0.0
52490,0.0,0.0,0.0
52491,0.0,0.0,0.0
52492,0.0,0.0,0.0
52493,0.0,0.0,0.0
52494,0.0,0.0,0.0
52495,0.0,0.0,0.0
52496,0.0,0.0,0.0
52497,0.0,0.0,0.0
52498,0.0,0.0,0.0
52499,0.0,0.0,0.0
52500,0.0,0.0,0.0
52501,0.0,0.0,0.0
52502,0.0,0.0,0.0
52503,0.0,0.0,0.0
52504,0.0,0.0,0.0
52505,0.0,0.0,0.0
52506,0.0,0.0,0.0
52507,0.0,0.0,0.0
52508,0.0,0.0,0.0
52509,0.0,0.0,0.0
52510,0.0,0.0,0.0
52511,0.0,0.0,0.0
52512,0.0,0.0,0.0
52513,0.0,0.0,0.0
52514,0.0,0.0,0.0
52515,0.0,0.0,0.0
52516,0.0,0.0,0.0
52517,0.0,0.0,0.0
52518,0.0,0.0,0.0
52519,0.0,0.0,0.0
52520,0.0,0.0,0.0
52521,0.0,0.0,0.0
52522,0.0,0.0,0.0
52523,0.0,0.0,0.0
52524,0.0,0.0,0.0
52525,0.0,0.0,0.0
52526,0.0,0.0,0.0
52527,0.0,0.0,0.0
52528,0.0,0.0,0.0
52529,0.0,0.0,0.0
52530,0.0,0.0,0.0
52531,0.0,0.0,0.0
52532,0.0,0.0,0.0
52533,0.0,0.0,0.0
52534,0.0,0.0,0.0
52535,0.0,0.0,0.0
52536,0.0,0.0,0.0
52537,0.0,0.0,0.0
52538,0.0,0.0,0.0
52539,0.0,0.0,0.0
52540,0.0,0.0,0.0
52541,0.0,0.0,0.0
52542,0.0,0.0,0.0
52543,0.0,0.0,0.0
52544,0.0,0.0,0.0
52545,0.0,0.0,0.0
52546,0.0,0.0,0.0
52547,0.0,0.0,0.0
52548,0.0,0.0,0.0
52549,0.0,0.0,0.0
52550,0.0,0.0,0.0
52551,0.0,0.0,0.0
52552,0.0,0.0,0.0
52553,0.0,0.0,0.0
52554,0.0,0.0,0.0
52555,0.0,0.0,0.0
52556,0.0,0.0,0.0
52557,0.0,0.0,0.0
52558,0.0,0.0,0.0
52559,0.0,0.0,0.0
52560,0.0,0.0,0.0
52561,0.0,0.0,0.0
52562,0.0,0.0,0.0
52563,0.0,0.0,0.0
52564,0.0,0.0,0.0
52565,0.0,0.0,0.0
52566,0.0,0.0,0.0
52567,0.0,0.0,0.0
52568,0.0,0.0,0.0
52569,0.0,0.0,0.0
52570,0.0,0.0,0.0
52571,0.0,0.0,0.0
52572,0.0,0.0,0.0
52573,0.0,0.0,0.0
52574,0.0,0.0,0.0
52575,0.0,0.0,0.0
52576,0.0,0.0,0.0
52577,0.0,0.0,0.0
52578,0.0,0.0,0.0
52579,0.0,0.0,0.0
52580,0.0,0.0,0.0
52581,0.0,0.0,0.0
52582,0.0,0.0,0.0
52583,0.0,0.0,0.0
52584,0.0,0.0,0.0
52585,0.0,0.0,0.0
52586,0.0,0.0,0.0
52587,0.0,0.0,0.0
52588,0.0,0.0,0.0
52589,0.0,0.0,0.0
52590,0.0,0.0,0.0
52591,0.0,0.0,0.0
52592,0.0,0.0,0.0
52593,0.0,0.0,0.0
52594,0.0,0.0,0.0
52595,0.0,0.0,0.0
52596,0.0,0.0,0.0
52597,0.0,0.0,0.0
52598,0.0,0.0,0.0
52599,0.0,0.0,0.0
52600,0.0,0.0,0.0
52601,0.0,0.0,0.0
52602,0.0,0.0,0.0
52603,0.0,0.0,0.0
52604,0.0,0.0,0.0
52605,0.0,0.0,0.0
52606,0.0,0.0,0.0
52607,0.0,0.0,0.0
52608,0.0,0.0,0.0
52609,0.0,0.0,0.0
52610,0.0,0.0,0.0
52611,0.0,0.0,0.0
52612,0.0,0.0,0.0
52613,0.0,0.0,0.0
52614,0.0,0.0,0.0
52615,0.0,0.0,0.0
52616,0.0,0.0,0.0
52617,0.0,0.0,0.0
52618,0.0,0.0,0.0
52619,0.0,0.0,0.0
52620,0.0,0.0,0.0
52621,0.0,0.0,0.0
52622,0.0,0.0,0.0
52623,0.0,0.0,0.0
52624,0.0,0.0,0.0
52625,0.0,0.0,0.0
52626,0.0,0.0,0.0
52627,0.0,0.0,0.0
52628,0.0,0.0,0.0
52629,0.0,0.0,0.0
52630,0.0,0.0,0.0
52631,0.0,0.0,0.0
52632,0.0,0.0,0.0
52633,0.0,0.0,0.0
52634,0.0,0.0,0.0
52635,0.0,0.0,0.0
52636,0.0,0.0,0.0
52637,0.0,0.0,0.0
52638,0.0,0.0,0.0
52639,0.0,0.0,0.0
52640,0.0,0.0,0.0
52641,0.0,0.0,0.0
52642,0.0,0.0,0.0
52643,0.0,0.0,0.0
52644,0.0,0.0,0.0
52645,0.0,0.0,0.0
52646,0.0,0.0,0.0
52647,0.0,0.0,0.0
52648,0.0,0.0,0.0
52649,0.0,0.0,0.0
52650,0.0,0.0,0.0
52651,0.0,0.0,0.0
52652,0.0,0.0,0.0
52653,0.0,0.0,0.0
52654,0.0,0.0,0.0
52655,0.0,0.0,0.0
52656,0.0,0.0,0.0
52657,0.0,0.0,0.0
52658,0.0,0.0,0.0
52659,0.0,0.0,0.0
52660,0.0,0.0,0.0
52661,0.0,0.0,0.0
52662,0.0,0.0,0.0
52663,0.0,0.0,0.0
52664,0.0,0.0,0.0
52665,0.0,0.0,0.0
52666,0.0,0.0,0.0
52667,0.0,0.0,0.0
52668,0.0,0.0,0.0
52669,0.0,0.0,0.0
52670,0.0,0.0,0.0
52671,0.0,0.0,0.0
52672,0.0,0.0,0.0
52673,0.0,0.0,0.0
52674,0.0,0.0,0.0
52675,0.0,0.0,0.0
52676,0.0,0.0,0.0
52677,0.0,0.0,0.0
52678,0.0,0.0,0.0
52679,0.0,0.0,0.0
52680,0.0,0.0,0.0
52681,0.0,0.0,0.0
52682,0.0,0.0,0.0
52683,0.0,0.0,0.0
52684,0.0,0.0,0.0
52685,0.0,0.0,0.0
52686,0.0,0.0,0.0
52687,0.0,0.0,0.0
52688,0.0,0.0,0.0
52689,0.0,0.0,0.0
52690,0.0,0.0,0.0
52691,0.0,0.0,0.0
52692,0.0,0.0,0.0
52693,0.0,0.0,0.0
52694,0.0,0.0,0.0
52695,0.0,0.0,0.0
52696,0.0,0.0,0.0
52697,0.0,0.0,0.0
52698,0.0,0.0,0.0
52699,0.0,0.0,0.0
52700,0.0,0.0,0.0
52701,0.0,0.0,0.0
52702,0.0,0.0,0.0
52703,0.0,0.0,0.0
52704,0.0,0.0,0.0
52705,0.0,0.0,0.0
52706,0.0,0.0,0.0
52707,0.0,0.0,0.0
52708,0.0,0.0,0.0
52709,0.0,0.0,0.0
52710,0.0,0.0,0.0
52711,0.0,0.0,0.0
52712,0.0,0.0,0.0
52713,0.0,0.0,0.0
52714,0.0,0.0,0.0
52715,0.0,0.0,0.0
52716,0.0,0.0,0.0
52717,0.0,0.0,0.0
52718,0.0,0.0,0.0
52719,0.0,0.0,0.0
52720,0.0,0.0,0.0
52721,0.0,0.0,0.0
52722,0.0,0.0,0.0
52723,0.0,0.0,0.0
52724,0.0,0.0,0.0
52725,0.0,0.0,0.0
52726,0.0,0.0,0.0
52727,0.0,0.0,0.0
52728,0.0,0.0,0.0
52729,0.0,0.0,0.0
52730,0.0,0.0,0.0
52731,0.0,0.0,0.0
52732,0.0,0.0,0.0
52733,0.0,0.0,0.0
52734,0.0,0.0,0.0
52735,0.0,0.0,0.0
52736,0.0,0.0,0.0
52737,0.0,0.0,0.0
52738,0.0,0.0,0.0
52739,0.0,0.0,0.0
52740,0.0,0.0,0.0
52741,0.0,0.0,0.0
52742,0.0,0.0,0.0
52743,0.0,0.0,0.0
52744,0.0,0.0,0.0
52745,0.0,0.0,0.0
52746,0.0,0.0,0.0
52747,0.0,0.0,0.0
52748,0.0,0.0,0.0
52749,0.0,0.0,0.0
52750,0.0,0.0,0.0
52751,0.0,0.0,0.0
52752,0.0,0.0,0.0
52753,0.0,0.0,0.0
52754,0.0,0.0,0.0
52755,0.0,0.0,0.0
52756,0.0,0.0,0.0
52757,0.0,0.0,0.0
52758,0.0,0.0,0.0
52759,0.0,0.0,0.0
52760,0.0,0.0,0.0
52761,0.0,0.0,0.0
52762,0.0,0.0,0.0
52763,0.0,0.0,0.0
52764,0.0,0.0,0.0
52765,0.0,0.0,0.0
52766,0.0,0.0,0.0
52767,0.0,0.0,0.0
52768,0.0,0.0,0.0
52769,0.0,0.0,0.0
52770,0.0,0.0,0.0
52771,0.0,0.0,0.0
52772,0.0,0.0,0.0
52773,0.0,0.0,0.0
52774,0.0,0.0,0.0
52775,0.0,0.0,0.0
52776,0.0,0.0,0.0
52777,0.0,0.0,0.0
52778,0.0,0.0,0.0
52779,0.0,0.0,0.0
52780,0.0,0.0,0.0
52781,0.0,0.0,0.0
52782,0.0,0.0,0.0
52783,0.0,0.0,0.0
52784,0.0,0.0,0.0
52785,0.0,0.0,0.0
52786,0.0,0.0,0.0
52787,0.0,0.0,0.0
52788,0.0,0.0,0.0
52789,0.0,0.0,0.0
52790,0.0,0.0,0.0
52791,0.0,0.0,0.0
52792,0.0,0.0,0.0
52793,0.0,0.0,0.0
52794,0.0,0.0,0.0
52795,0.0,0.0,0.0
52796,0.0,0.0,0.0
52797,0.0,0.0,0.0
52798,0.0,0.0,0.0
52799,0.0,0.0,0.0
52800,0.0,0.0,0.0
52801,0.0,0.0,0.0
52802,0.0,0.0,0.0
52803,0.0,0.0,0.0
52804,0.0,0.0,0.0
52805,0.0,0.0,0.0
52806,0.0,0.0,0.0
52807,0.0,0.0,0.0
52808,0.0,0.0,0.0
52809,0.0,0.0,0.0
52810,0.0,0.0,0.0
52811,0.0,0.0,0.0
52812,0.0,0.0,0.0
52813,0.0,0.0,0.0
52814,0.0,0.0,0.0
52815,0.0,0.0,0.0
52816,0.0,0.0,0.0
52817,0.0,0.0,0.0
52818,0.0,0.0,0.0
52819,0.0,0.0,0.0
52820,0.0,0.0,0.0
52821,0.0,0.0,0.0
52822,0.0,0.0,0.0
52823,0.0,0.0,0.0
52824,0.0,0.0,0.0
52825,0.0,0.0,0.0
52826,0.0,0.0,0.0
52827,0.0,0.0,0.0
52828,0.0,0.0,0.0
52829,0.0,0.0,0.0
52830,0.0,0.0,0.0
52831,0.0,0.0,0.0
52832,0.0,0.0,0.0
52833,0.0,0.0,0.0
52834,0.0,0.0,0.0
52835,0.0,0.0,0.0
52836,0.0,0.0,0.0
52837,0.0,0.0,0.0
52838,0.0,0.0,0.0
52839,0.0,0.0,0.0
52840,0.0,0.0,0.0
52841,0.0,0.0,0.0
52842,0.0,0.0,0.0
52843,0.0,0.0,0.0
52844,0.0,0.0,0.0
52845,0.0,0.0,0.0
52846,0.0,0.0,0.0
52847,0.0,0.0,0.0
52848,0.0,0.0,0.0
52849,0.0,0.0,0.0
52850,0.0,0.0,0.0
52851,0.0,0.0,0.0
52852,0.0,0.0,0.0
52853,0.0,0.0,0.0
52854,0.0,0.0,0.0
52855,0.0,0.0,0.0
52856,0.0,0.0,0.0
52857,0.0,0.0,0.0
52858,0.0,0.0,0.0
52859,0.0,0.0,0.0
52860,0.0,0.0,0.0
52861,0.0,0.0,0.0
52862,0.0,0.0,0.0
52863,0.0,0.0,0.0
52864,0.0,0.0,0.0
52865,0.0,0.0,0.0
52866,0.0,0.0,0.0
52867,0.0,0.0,0.0
52868,0.0,0.0,0.0
52869,0.0,0.0,0.0
52870,0.0,0.0,0.0
52871,0.0,0.0,0.0
52872,0.0,0.0,0.0
52873,0.0,0.0,0.0
52874,0.0,0.0,0.0
52875,0.0,0.0,0.0
52876,0.0,0.0,0.0
52877,0.0,0.0,0.0
52878,0.0,0.0,0.0
52879,0.0,0.0,0.0
52880,0.0,0.0,0.0
52881,0.0,0.0,0.0
52882,0.0,0.0,0.0
52883,0.0,0.0,0.0
52884,0.0,0.0,0.0
52885,0.0,0.0,0.0
52886,0.0,0.0,0.0
52887,0.0,0.0,0.0
52888,0.0,0.0,0.0
52889,0.0,0.0,0.0
52890,0.0,0.0,0.0
52891,0.0,0.0,0.0
52892,0.0,0.0,0.0
52893,0.0,0.0,0.0
52894,0.0,0.0,0.0
52895,0.0,0.0,0.0
52896,0.0,0.0,0.0
52897,0.0,0.0,0.0
52898,0.0,0.0,0.0
52899,0.0,0.0,0.0
52900,0.0,0.0,0.0
52901,0.0,0.0,0.0
52902,0.0,0.0,0.0
52903,0.0,0.0,0.0
52904,0.0,0.0,0.0
52905,0.0,0.0,0.0
52906,0.0,0.0,0.0
52907,0.0,0.0,0.0
52908,0.0,0.0,0.0
52909,0.0,0.0,0.0
52910,0.0,0.0,0.0
52911,0.0,0.0,0.0
52912,0.0,0.0,0.0
52913,0.0,0.0,0.0
52914,0.0,0.0,0.0
52915,0.0,0.0,0.0
52916,0.0,0.0,0.0
52917,0.0,0.0,0.0
52918,0.0,0.0,0.0
52919,0.0,0.0,0.0
52920,0.0,0.0,0.0
52921,0.0,0.0,0.0
52922,0.0,0.0,0.0
52923,0.0,0.0,0.0
52924,0.0,0.0,0.0
52925,0.0,0.0,0.0
52926,0.0,0.0,0.0
52927,0.0,0.0,0.0
52928,0.0,0.0,0.0
52929,0.0,0.0,0.0
52930,0.0,0.0,0.0
52931,0.0,0.0,0.0
52932,0.0,0.0,0.0
52933,0.0,0.0,0.0
52934,0.0,0.0,0.0
52935,0.0,0.0,0.0
52936,0.0,0.0,0.0
52937,0.0,0.0,0.0
52938,0.0,0.0,0.0
52939,0.0,0.0,0.0
52940,0.0,0.0,0.0
52941,0.0,0.0,0.0
52942,0.0,0.0,0.0
52943,0.0,0.0,0.0
52944,0.0,0.0,0.0
52945,0.0,0.0,0.0
52946,0.0,0.0,0.0
52947,0.0,0.0,0.0
52948,0.0,0.0,0.0
52949,0.0,0.0,0.0
52950,0.0,0.0,0.0
52951,0.0,0.0,0.0
52952,0.0,0.0,0.0
52953,0.0,0.0,0.0
52954,0.0,0.0,0.0
52955,0.0,0.0,0.0
52956,0.0,0.0,0.0
52957,0.0,0.0,0.0
52958,0.0,0.0,0.0
52959,0.0,0.0,0.0
52960,0.0,0.0,0.0
52961,0.0,0.0,0.0
52962,0.0,0.0,0.0
52963,0.0,0.0,0.0
52964,0.0,0.0,0.0
52965,0.0,0.0,0.0
52966,0.0,0.0,0.0
52967,0.0,0.0,0.0
52968,0.0,0.0,0.0
52969,0.0,0.0,0.0
52970,0.0,0.0,0.0
52971,0.0,0.0,0.0
52972,0.0,0.0,0.0
52973,0.0,0.0,0.0
52974,0.0,0.0,0.0
52975,0.0,0.0,0.0
52976,0.0,0.0,0.0
52977,0.0,0.0,0.0
52978,0.0,0.0,0.0
52979,0.0,0.0,0.0
52980,0.0,0.0,0.0
52981,0.0,0.0,0.0
52982,0.0,0.0,0.0
52983,0.0,0.0,0.0
52984,0.0,0.0,0.0
52985,0.0,0.0,0.0
52986,0.0,0.0,0.0
52987,0.0,0.0,0.0
52988,0.0,0.0,0.0
52989,0.0,0.0,0.0
52990,0.0,0.0,0.0
52991,0.0,0.0,0.0
52992,0.0,0.0,0.0
52993,0.0,0.0,0.0
52994,0.0,0.0,0.0
52995,0.0,0.0,0.0
52996,0.0,0.0,0.0
52997,0.0,0.0,0.0
52998,0.0,0.0,0.0
52999,0.0,0.0,0.0
53000,0.0,0.0,0.0
53001,0.0,0.0,0.0
53002,0.0,0.0,0.0
53003,0.0,0.0,0.0
53004,0.0,0.0,0.0
53005,0.0,0.0,0.0
53006,0.0,0.0,0.0
53007,0.0,0.0,0.0
53008,0.0,0.0,0.0
53009,0.0,0.0,0.0
53010,0.0,0.0,0.0
53011,0.0,0.0,0.0
53012,0.0,0.0,0.0
53013,0.0,0.0,0.0
53014,0.0,0.0,0.0
53015,0.0,0.0,0.0
53016,0.0,0.0,0.0
53017,0.0,0.0,0.0
53018,0.0,0.0,0.0
53019,0.0,0.0,0.0
53020,0.0,0.0,0.0
53021,0.0,0.0,0.0
53022,0.0,0.0,0.0
53023,0.0,0.0,0.0
53024,0.0,0.0,0.0
53025,0.0,0.0,0.0
53026,0.0,0.0,0.0
53027,0.0,0.0,0.0
53028,0.0,0.0,0.0
53029,0.0,0.0,0.0
53030,0.0,0.0,0.0
53031,0.0,0.0,0.0
53032,0.0,0.0,0.0
53033,0.0,0.0,0.0
53034,0.0,0.0,0.0
53035,0.0,0.0,0.0
53036,0.0,0.0,0.0
53037,0.0,0.0,0.0
53038,0.0,0.0,0.0
53039,0.0,0.0,0.0
53040,0.0,0.0,0.0
53041,0.0,0.0,0.0
53042,0.0,0.0,0.0
53043,0.0,0.0,0.0
53044,0.0,0.0,0.0
53045,0.0,0.0,0.0
53046,0.0,0.0,0.0
53047,0.0,0.0,0.0
53048,0.0,0.0,0.0
53049,0.0,0.0,0.0
53050,0.0,0.0,0.0
53051,0.0,0.0,0.0
53052,0.0,0.0,0.0
53053,0.0,0.0,0.0
53054,0.0,0.0,0.0
53055,0.0,0.0,0.0
53056,0.0,0.0,0.0
53057,0.0,0.0,0.0
53058,0.0,0.0,0.0
53059,0.0,0.0,0.0
53060,0.0,0.0,0.0
53061,0.0,0.0,0.0
53062,0.0,0.0,0.0
53063,0.0,0.0,0.0
53064,0.0,0.0,0.0
53065,0.0,0.0,0.0
53066,0.0,0.0,0.0
53067,0.0,0.0,0.0
53068,0.0,0.0,0.0
53069,0.0,0.0,0.0
53070,0.0,0.0,0.0
53071,0.0,0.0,0.0
53072,0.0,0.0,0.0
53073,0.0,0.0,0.0
53074,0.0,0.0,0.0
53075,0.0,0.0,0.0
53076,0.0,0.0,0.0
53077,0.0,0.0,0.0
53078,0.0,0.0,0.0
53079,0.0,0.0,0.0
53080,0.0,0.0,0.0
53081,0.0,0.0,0.0
53082,0.0,0.0,0.0
53083,0.0,0.0,0.0
53084,0.0,0.0,0.0
53085,0.0,0.0,0.0
53086,0.0,0.0,0.0
53087,0.0,0.0,0.0
53088,0.0,0.0,0.0
53089,0.0,0.0,0.0
53090,0.0,0.0,0.0
53091,0.0,0.0,0.0
53092,0.0,0.0,0.0
53093,0.0,0.0,0.0
53094,0.0,0.0,0.0
53095,0.0,0.0,0.0
53096,0.0,0.0,0.0
53097,0.0,0.0,0.0
53098,0.0,0.0,0.0
53099,0.0,0.0,0.0
53100,0.0,0.0,0.0
53101,0.0,0.0,0.0
53102,0.0,0.0,0.0
53103,0.0,0.0,0.0
53104,0.0,0.0,0.0
53105,0.0,0.0,0.0
53106,0.0,0.0,0.0
53107,0.0,0.0,0.0
53108,0.0,0.0,0.0
53109,0.0,0.0,0.0
53110,0.0,0.0,0.0
53111,0.0,0.0,0.0
53112,0.0,0.0,0.0
53113,0.0,0.0,0.0
53114,0.0,0.0,0.0
53115,0.0,0.0,0.0
53116,0.0,0.0,0.0
53117,0.0,0.0,0.0
53118,0.0,0.0,0.0
53119,0.0,0.0,0.0
53120,0.0,0.0,0.0
53121,0.0,0.0,0.0
53122,0.0,0.0,0.0
53123,0.0,0.0,0.0
53124,0.0,0.0,0.0
53125,0.0,0.0,0.0
53126,0.0,0.0,0.0
53127,0.0,0.0,0.0
53128,0.0,0.0,0.0
53129,0.0,0.0,0.0
53130,0.0,0.0,0.0
53131,0.0,0.0,0.0
53132,0.0,0.0,0.0
53133,0.0,0.0,0.0
53134,0.0,0.0,0.0
53135,0.0,0.0,0.0
53136,0.0,0.0,0.0
53137,0.0,0.0,0.0
53138,0.0,0.0,0.0
53139,0.0,0.0,0.0
53140,0.0,0.0,0.0
53141,0.0,0.0,0.0
53142,0.0,0.0,0.0
53143,0.0,0.0,0.0
53144,0.0,0.0,0.0
53145,0.0,0.0,0.0
53146,0.0,0.0,0.0
53147,0.0,0.0,0.0
53148,0.0,0.0,0.0
53149,0.0,0.0,0.0
53150,0.0,0.0,0.0
53151,0.0,0.0,0.0
53152,0.0,0.0,0.0
53153,0.0,0.0,0.0
53154,0.0,0.0,0.0
53155,0.0,0.0,0.0
53156,0.0,0.0,0.0
53157,0.0,0.0,0.0
53158,0.0,0.0,0.0
53159,0.0,0.0,0.0
53160,0.0,0.0,0.0
53161,0.0,0.0,0.0
53162,0.0,0.0,0.0
53163,0.0,0.0,0.0
53164,0.0,0.0,0.0
53165,0.0,0.0,0.0
53166,0.0,0.0,0.0
53167,0.0,0.0,0.0
53168,0.0,0.0,0.0
53169,0.0,0.0,0.0
53170,0.0,0.0,0.0
53171,0.0,0.0,0.0
53172,0.0,0.0,0.0
53173,0.0,0.0,0.0
53174,0.0,0.0,0.0
53175,0.0,0.0,0.0
53176,0.0,0.0,0.0
53177,0.0,0.0,0.0
53178,0.0,0.0,0.0
53179,0.0,0.0,0.0
53180,0.0,0.0,0.0
53181,0.0,0.0,0.0
53182,0.0,0.0,0.0
53183,0.0,0.0,0.0
53184,0.0,0.0,0.0
53185,0.0,0.0,0.0
53186,0.0,0.0,0.0
53187,0.0,0.0,0.0
53188,0.0,0.0,0.0
53189,0.0,0.0,0.0
53190,0.0,0.0,0.0
53191,0.0,0.0,0.0
53192,0.0,0.0,0.0
53193,0.0,0.0,0.0
53194,0.0,0.0,0.0
53195,0.0,0.0,0.0
53196,0.0,0.0,0.0
53197,0.0,0.0,0.0
53198,0.0,0.0,0.0
53199,0.0,0.0,0.0
53200,0.0,0.0,0.0
53201,0.0,0.0,0.0
53202,0.0,0.0,0.0
53203,0.0,0.0,0.0
53204,0.0,0.0,0.0
53205,0.0,0.0,0.0
53206,0.0,0.0,0.0
53207,0.0,0.0,0.0
53208,0.0,0.0,0.0
53209,0.0,0.0,0.0
53210,0.0,0.0,0.0
53211,0.0,0.0,0.0
53212,0.0,0.0,0.0
53213,0.0,0.0,0.0
53214,0.0,0.0,0.0
53215,0.0,0.0,0.0
53216,0.0,0.0,0.0
53217,0.0,0.0,0.0
53218,0.0,0.0,0.0
53219,0.0,0.0,0.0
53220,0.0,0.0,0.0
53221,0.0,0.0,0.0
53222,0.0,0.0,0.0
53223,0.0,0.0,0.0
53224,0.0,0.0,0.0
53225,0.0,0.0,0.0
53226,0.0,0.0,0.0
53227,0.0,0.0,0.0
53228,0.0,0.0,0.0
53229,0.0,0.0,0.0
53230,0.0,0.0,0.0
53231,0.0,0.0,0.0
53232,0.0,0.0,0.0
53233,0.0,0.0,0.0
53234,0.0,0.0,0.0
53235,0.0,0.0,0.0
53236,0.0,0.0,0.0
53237,0.0,0.0,0.0
53238,0.0,0.0,0.0
53239,0.0,0.0,0.0
53240,0.0,0.0,0.0
53241,0.0,0.0,0.0
53242,0.0,0.0,0.0
53243,0.0,0.0,0.0
53244,0.0,0.0,0.0
53245,0.0,0.0,0.0
53246,0.0,0.0,0.0
53247,0.0,0.0,0.0
53248,0.0,0.0,0.0
53249,0.0,0.0,0.0
53250,0.0,0.0,0.0
53251,0.0,0.0,0.0
53252,0.0,0.0,0.0
53253,0.0,0.0,0.0
53254,0.0,0.0,0.0
53255,0.0,0.0,0.0
53256,0.0,0.0,0.0
53257,0.0,0.0,0.0
53258,0.0,0.0,0.0
53259,0.0,0.0,0.0
53260,0.0,0.0,0.0
53261,0.0,0.0,0.0
53262,0.0,0.0,0.0
53263,0.0,0.0,0.0
53264,0.0,0.0,0.0
53265,0.0,0.0,0.0
53266,0.0,0.0,0.0
53267,0.0,0.0,0.0
53268,0.0,0.0,0.0
53269,0.0,0.0,0.0
53270,0.0,0.0,0.0
53271,0.0,0.0,0.0
53272,0.0,0.0,0.0
53273,0.0,0.0,0.0
53274,0.0,0.0,0.0
53275,0.0,0.0,0.0
53276,0.0,0.0,0.0
53277,0.0,0.0,0.0
53278,0.0,0.0,0.0
53279,0.0,0.0,0.0
53280,0.0,0.0,0.0
53281,0.0,0.0,0.0
53282,0.0,0.0,0.0
53283,0.0,0.0,0.0
53284,0.0,0.0,0.0
53285,0.0,0.0,0.0
53286,0.0,0.0,0.0
53287,0.0,0.0,0.0
53288,0.0,0.0,0.0
53289,0.0,0.0,0.0
53290,0.0,0.0,0.0
53291,0.0,0.0,0.0
53292,0.0,0.0,0.0
53293,0.0,0.0,0.0
53294,0.0,0.0,0.0
53295,0.0,0.0,0.0
53296,0.0,0.0,0.0
53297,0.0,0.0,0.0
53298,0.0,0.0,0.0
53299,0.0,0.0,0.0
53300,0.0,0.0,0.0
53301,0.0,0.0,0.0
53302,0.0,0.0,0.0
53303,0.0,0.0,0.0
53304,0.0,0.0,0.0
53305,0.0,0.0,0.0
53306,0.0,0.0,0.0
53307,0.0,0.0,0.0
53308,0.0,0.0,0.0
53309,0.0,0.0,0.0
53310,0.0,0.0,0.0
53311,0.0,0.0,0.0
53312,0.0,0.0,0.0
53313,0.0,0.0,0.0
53314,0.0,0.0,0.0
53315,0.0,0.0,0.0
53316,0.0,0.0,0.0
53317,0.0,0.0,0.0
53318,0.0,0.0,0.0
53319,0.0,0.0,0.0
53320,0.0,0.0,0.0
53321,0.0,0.0,0.0
53322,0.0,0.0,0.0
53323,0.0,0.0,0.0
53324,0.0,0.0,0.0
53325,0.0,0.0,0.0
53326,0.0,0.0,0.0
53327,0.0,0.0,0.0
53328,0.0,0.0,0.0
53329,0.0,0.0,0.0
53330,0.0,0.0,0.0
53331,0.0,0.0,0.0
53332,0.0,0.0,0.0
53333,0.0,0.0,0.0
53334,0.0,0.0,0.0
53335,0.0,0.0,0.0
53336,0.0,0.0,0.0
53337,0.0,0.0,0.0
53338,0.0,0.0,0.0
53339,0.0,0.0,0.0
53340,0.0,0.0,0.0
53341,0.0,0.0,0.0
53342,0.0,0.0,0.0
53343,0.0,0.0,0.0
53344,0.0,0.0,0.0
53345,0.0,0.0,0.0
53346,0.0,0.0,0.0
53347,0.0,0.0,0.0
53348,0.0,0.0,0.0
53349,0.0,0.0,0.0
53350,0.0,0.0,0.0
53351,0.0,0.0,0.0
53352,0.0,0.0,0.0
53353,0.0,0.0,0.0
53354,0.0,0.0,0.0
53355,0.0,0.0,0.0
53356,0.0,0.0,0.0
53357,0.0,0.0,0.0
53358,0.0,0.0,0.0
53359,0.0,0.0,0.0
53360,0.0,0.0,0.0
53361,0.0,0.0,0.0
53362,0.0,0.0,0.0
53363,0.0,0.0,0.0
53364,0.0,0.0,0.0
53365,0.0,0.0,0.0
53366,0.0,0.0,0.0
53367,0.0,0.0,0.0
53368,0.0,0.0,0.0
53369,0.0,0.0,0.0
53370,0.0,0.0,0.0
53371,0.0,0.0,0.0
53372,0.0,0.0,0.0
53373,0.0,0.0,0.0
53374,0.0,0.0,0.0
53375,0.0,0.0,0.0
53376,0.0,0.0,0.0
53377,0.0,0.0,0.0
53378,0.0,0.0,0.0
53379,0.0,0.0,0.0
53380,0.0,0.0,0.0
53381,0.0,0.0,0.0
53382,0.0,0.0,0.0
53383,0.0,0.0,0.0
53384,0.0,0.0,0.0
53385,0.0,0.0,0.0
53386,0.0,0.0,0.0
53387,0.0,0.0,0.0
53388,0.0,0.0,0.0
53389,0.0,0.0,0.0
53390,0.0,0.0,0.0
53391,0.0,0.0,0.0
53392,0.0,0.0,0.0
53393,0.0,0.0,0.0
53394,0.0,0.0,0.0
53395,0.0,0.0,0.0
53396,0.0,0.0,0.0
53397,0.0,0.0,0.0
53398,0.0,0.0,0.0
53399,0.0,0.0,0.0
53400,0.0,0.0,0.0
53401,0.0,0.0,0.0
53402,0.0,0.0,0.0
53403,0.0,0.0,0.0
53404,0.0,0.0,0.0
53405,0.0,0.0,0.0
53406,0.0,0.0,0.0
53407,0.0,0.0,0.0
53408,0.0,0.0,0.0
53409,0.0,0.0,0.0
53410,0.0,0.0,0.0
53411,0.0,0.0,0.0
53412,0.0,0.0,0.0
53413,0.0,0.0,0.0
53414,0.0,0.0,0.0
53415,0.0,0.0,0.0
53416,0.0,0.0,0.0
53417,0.0,0.0,0.0
53418,0.0,0.0,0.0
53419,0.0,0.0,0.0
53420,0.0,0.0,0.0
53421,0.0,0.0,0.0
53422,0.0,0.0,0.0
53423,0.0,0.0,0.0
53424,0.0,0.0,0.0
53425,0.0,0.0,0.0
53426,0.0,0.0,0.0
53427,0.0,0.0,0.0
53428,0.0,0.0,0.0
53429,0.0,0.0,0.0
53430,0.0,0.0,0.0
53431,0.0,0.0,0.0
53432,0.0,0.0,0.0
53433,0.0,0.0,0.0
53434,0.0,0.0,0.0
53435,0.0,0.0,0.0
53436,0.0,0.0,0.0
53437,0.0,0.0,0.0
53438,0.0,0.0,0.0
53439,0.0,0.0,0.0
53440,0.0,0.0,0.0
53441,0.0,0.0,0.0
53442,0.0,0.0,0.0
53443,0.0,0.0,0.0
53444,0.0,0.0,0.0
53445,0.0,0.0,0.0
53446,0.0,0.0,0.0
53447,0.0,0.0,0.0
53448,0.0,0.0,0.0
53449,0.0,0.0,0.0
53450,0.0,0.0,0.0
53451,0.0,0.0,0.0
53452,0.0,0.0,0.0
53453,0.0,0.0,0.0
53454,0.0,0.0,0.0
53455,0.0,0.0,0.0
53456,0.0,0.0,0.0
53457,0.0,0.0,0.0
53458,0.0,0.0,0.0
53459,0.0,0.0,0.0
53460,0.0,0.0,0.0
53461,0.0,0.0,0.0
53462,0.0,0.0,0.0
53463,0.0,0.0,0.0
53464,0.0,0.0,0.0
53465,0.0,0.0,0.0
53466,0.0,0.0,0.0
53467,0.0,0.0,0.0
53468,0.0,0.0,0.0
53469,0.0,0.0,0.0
53470,0.0,0.0,0.0
53471,0.0,0.0,0.0
53472,0.0,0.0,0.0
53473,0.0,0.0,0.0
53474,0.0,0.0,0.0
53475,0.0,0.0,0.0
53476,0.0,0.0,0.0
53477,0.0,0.0,0.0
53478,0.0,0.0,0.0
53479,0.0,0.0,0.0
53480,0.0,0.0,0.0
53481,0.0,0.0,0.0
53482,0.0,0.0,0.0
53483,0.0,0.0,0.0
53484,0.0,0.0,0.0
53485,0.0,0.0,0.0
53486,0.0,0.0,0.0
53487,0.0,0.0,0.0
53488,0.0,0.0,0.0
53489,0.0,0.0,0.0
53490,0.0,0.0,0.0
53491,0.0,0.0,0.0
53492,0.0,0.0,0.0
53493,0.0,0.0,0.0
53494,0.0,0.0,0.0
53495,0.0,0.0,0.0
53496,0.0,0.0,0.0
53497,0.0,0.0,0.0
53498,0.0,0.0,0.0
53499,0.0,0.0,0.0
53500,0.0,0.0,0.0
53501,0.0,0.0,0.0
53502,0.0,0.0,0.0
53503,0.0,0.0,0.0
53504,0.0,0.0,0.0
53505,0.0,0.0,0.0
53506,0.0,0.0,0.0
53507,0.0,0.0,0.0
53508,0.0,0.0,0.0
53509,0.0,0.0,0.0
53510,0.0,0.0,0.0
53511,0.0,0.0,0.0
53512,0.0,0.0,0.0
53513,0.0,0.0,0.0
53514,0.0,0.0,0.0
53515,0.0,0.0,0.0
53516,0.0,0.0,0.0
53517,0.0,0.0,0.0
53518,0.0,0.0,0.0
53519,0.0,0.0,0.0
53520,0.0,0.0,0.0
53521,0.0,0.0,0.0
53522,0.0,0.0,0.0
53523,0.0,0.0,0.0
53524,0.0,0.0,0.0
53525,0.0,0.0,0.0
53526,0.0,0.0,0.0
53527,0.0,0.0,0.0
53528,0.0,0.0,0.0
53529,0.0,0.0,0.0
53530,0.0,0.0,0.0
53531,0.0,0.0,0.0
53532,0.0,0.0,0.0
53533,0.0,0.0,0.0
53534,0.0,0.0,0.0
53535,0.0,0.0,0.0
53536,0.0,0.0,0.0
53537,0.0,0.0,0.0
53538,0.0,0.0,0.0
53539,0.0,0.0,0.0
53540,0.0,0.0,0.0
53541,0.0,0.0,0.0
53542,0.0,0.0,0.0
53543,0.0,0.0,0.0
53544,0.0,0.0,0.0
53545,0.0,0.0,0.0
53546,0.0,0.0,0.0
53547,0.0,0.0,0.0
53548,0.0,0.0,0.0
53549,0.0,0.0,0.0
53550,0.0,0.0,0.0
53551,0.0,0.0,0.0
53552,0.0,0.0,0.0
53553,0.0,0.0,0.0
53554,0.0,0.0,0.0
53555,0.0,0.0,0.0
53556,0.0,0.0,0.0
53557,0.0,0.0,0.0
53558,0.0,0.0,0.0
53559,0.0,0.0,0.0
53560,0.0,0.0,0.0
53561,0.0,0.0,0.0
53562,0.0,0.0,0.0
53563,0.0,0.0,0.0
53564,0.0,0.0,0.0
53565,0.0,0.0,0.0
53566,0.0,0.0,0.0
53567,0.0,0.0,0.0
53568,0.0,0.0,0.0
53569,0.0,0.0,0.0
53570,0.0,0.0,0.0
53571,0.0,0.0,0.0
53572,0.0,0.0,0.0
53573,0.0,0.0,0.0
53574,0.0,0.0,0.0
53575,0.0,0.0,0.0
53576,0.0,0.0,0.0
53577,0.0,0.0,0.0
53578,0.0,0.0,0.0
53579,0.0,0.0,0.0
53580,0.0,0.0,0.0
53581,0.0,0.0,0.0
53582,0.0,0.0,0.0
53583,0.0,0.0,0.0
53584,0.0,0.0,0.0
53585,0.0,0.0,0.0
53586,0.0,0.0,0.0
53587,0.0,0.0,0.0
53588,0.0,0.0,0.0
53589,0.0,0.0,0.0
53590,0.0,0.0,0.0
53591,0.0,0.0,0.0
53592,0.0,0.0,0.0
53593,0.0,0.0,0.0
53594,0.0,0.0,0.0
53595,0.0,0.0,0.0
53596,0.0,0.0,0.0
53597,0.0,0.0,0.0
53598,0.0,0.0,0.0
53599,0.0,0.0,0.0
53600,0.0,0.0,0.0
53601,0.0,0.0,0.0
53602,0.0,0.0,0.0
53603,0.0,0.0,0.0
53604,0.0,0.0,0.0
53605,0.0,0.0,0.0
53606,0.0,0.0,0.0
53607,0.0,0.0,0.0
53608,0.0,0.0,0.0
53609,0.0,0.0,0.0
53610,0.0,0.0,0.0
53611,0.0,0.0,0.0
53612,0.0,0.0,0.0
53613,0.0,0.0,0.0
53614,0.0,0.0,0.0
53615,0.0,0.0,0.0
53616,0.0,0.0,0.0
53617,0.0,0.0,0.0
53618,0.0,0.0,0.0
53619,0.0,0.0,0.0
53620,0.0,0.0,0.0
53621,0.0,0.0,0.0
53622,0.0,0.0,0.0
53623,0.0,0.0,0.0
53624,0.0,0.0,0.0
53625,0.0,0.0,0.0
53626,0.0,0.0,0.0
53627,0.0,0.0,0.0
53628,0.0,0.0,0.0
53629,0.0,0.0,0.0
53630,0.0,0.0,0.0
53631,0.0,0.0,0.0
53632,0.0,0.0,0.0
53633,0.0,0.0,0.0
53634,0.0,0.0,0.0
53635,0.0,0.0,0.0
53636,0.0,0.0,0.0
53637,0.0,0.0,0.0
53638,0.0,0.0,0.0
53639,0.0,0.0,0.0
53640,0.0,0.0,0.0
53641,0.0,0.0,0.0
53642,0.0,0.0,0.0
53643,0.0,0.0,0.0
53644,0.0,0.0,0.0
53645,0.0,0.0,0.0
53646,0.0,0.0,0.0
53647,0.0,0.0,0.0
53648,0.0,0.0,0.0
53649,0.0,0.0,0.0
53650,0.0,0.0,0.0
53651,0.0,0.0,0.0
53652,0.0,0.0,0.0
53653,0.0,0.0,0.0
53654,0.0,0.0,0.0
53655,0.0,0.0,0.0
53656,0.0,0.0,0.0
53657,0.0,0.0,0.0
53658,0.0,0.0,0.0
53659,0.0,0.0,0.0
53660,0.0,0.0,0.0
53661,0.0,0.0,0.0
53662,0.0,0.0,0.0
53663,0.0,0.0,0.0
53664,0.0,0.0,0.0
53665,0.0,0.0,0.0
53666,0.0,0.0,0.0
53667,0.0,0.0,0.0
53668,0.0,0.0,0.0
53669,0.0,0.0,0.0
53670,0.0,0.0,0.0
53671,0.0,0.0,0.0
53672,0.0,0.0,0.0
53673,0.0,0.0,0.0
53674,0.0,0.0,0.0
53675,0.0,0.0,0.0
53676,0.0,0.0,0.0
53677,0.0,0.0,0.0
53678,0.0,0.0,0.0
53679,0.0,0.0,0.0
53680,0.0,0.0,0.0
53681,0.0,0.0,0.0
53682,0.0,0.0,0.0
53683,0.0,0.0,0.0
53684,0.0,0.0,0.0
53685,0.0,0.0,0.0
53686,0.0,0.0,0.0
53687,0.0,0.0,0.0
53688,0.0,0.0,0.0
53689,0.0,0.0,0.0
53690,0.0,0.0,0.0
53691,0.0,0.0,0.0
53692,0.0,0.0,0.0
53693,0.0,0.0,0.0
53694,0.0,0.0,0.0
53695,0.0,0.0,0.0
53696,0.0,0.0,0.0
53697,0.0,0.0,0.0
53698,0.0,0.0,0.0
53699,0.0,0.0,0.0
53700,0.0,0.0,0.0
53701,0.0,0.0,0.0
53702,0.0,0.0,0.0
53703,0.0,0.0,0.0
53704,0.0,0.0,0.0
53705,0.0,0.0,0.0
53706,0.0,0.0,0.0
53707,0.0,0.0,0.0
53708,0.0,0.0,0.0
53709,0.0,0.0,0.0
53710,0.0,0.0,0.0
53711,0.0,0.0,0.0
53712,0.0,0.0,0.0
53713,0.0,0.0,0.0
53714,0.0,0.0,0.0
53715,0.0,0.0,0.0
53716,0.0,0.0,0.0
53717,0.0,0.0,0.0
53718,0.0,0.0,0.0
53719,0.0,0.0,0.0
53720,0.0,0.0,0.0
53721,0.0,0.0,0.0
53722,0.0,0.0,0.0
53723,0.0,0.0,0.0
53724,0.0,0.0,0.0
53725,0.0,0.0,0.0
53726,0.0,0.0,0.0
53727,0.0,0.0,0.0
53728,0.0,0.0,0.0
53729,0.0,0.0,0.0
53730,0.0,0.0,0.0
53731,0.0,0.0,0.0
53732,0.0,0.0,0.0
53733,0.0,0.0,0.0
53734,0.0,0.0,0.0
53735,0.0,0.0,0.0
53736,0.0,0.0,0.0
53737,0.0,0.0,0.0
53738,0.0,0.0,0.0
53739,0.0,0.0,0.0
53740,0.0,0.0,0.0
53741,0.0,0.0,0.0
53742,0.0,0.0,0.0
53743,0.0,0.0,0.0
53744,0.0,0.0,0.0
53745,0.0,0.0,0.0
53746,0.0,0.0,0.0
53747,0.0,0.0,0.0
53748,0.0,0.0,0.0
53749,0.0,0.0,0.0
53750,0.0,0.0,0.0
53751,0.0,0.0,0.0
53752,0.0,0.0,0.0
53753,0.0,0.0,0.0
53754,0.0,0.0,0.0
53755,0.0,0.0,0.0
53756,0.0,0.0,0.0
53757,0.0,0.0,0.0
53758,0.0,0.0,0.0
53759,0.0,0.0,0.0
53760,0.0,0.0,0.0
53761,0.0,0.0,0.0
53762,0.0,0.0,0.0
53763,0.0,0.0,0.0
53764,0.0,0.0,0.0
53765,0.0,0.0,0.0
53766,0.0,0.0,0.0
53767,0.0,0.0,0.0
53768,0.0,0.0,0.0
53769,0.0,0.0,0.0
53770,0.0,0.0,0.0
53771,0.0,0.0,0.0
53772,0.0,0.0,0.0
53773,0.0,0.0,0.0
53774,0.0,0.0,0.0
53775,0.0,0.0,0.0
53776,0.0,0.0,0.0
53777,0.0,0.0,0.0
53778,0.0,0.0,0.0
53779,0.0,0.0,0.0
53780,0.0,0.0,0.0
53781,0.0,0.0,0.0
53782,0.0,0.0,0.0
53783,0.0,0.0,0.0
53784,0.0,0.0,0.0
53785,0.0,0.0,0.0
53786,0.0,0.0,0.0
53787,0.0,0.0,0.0
53788,0.0,0.0,0.0
53789,0.0,0.0,0.0
53790,0.0,0.0,0.0
53791,0.0,0.0,0.0
53792,0.0,0.0,0.0
53793,0.0,0.0,0.0
53794,0.0,0.0,0.0
53795,0.0,0.0,0.0
53796,0.0,0.0,0.0
53797,0.0,0.0,0.0
53798,0.0,0.0,0.0
53799,0.0,0.0,0.0
53800,0.0,0.0,0.0
53801,0.0,0.0,0.0
53802,0.0,0.0,0.0
53803,0.0,0.0,0.0
53804,0.0,0.0,0.0
53805,0.0,0.0,0.0
53806,0.0,0.0,0.0
53807,0.0,0.0,0.0
53808,0.0,0.0,0.0
53809,0.0,0.0,0.0
53810,0.0,0.0,0.0
53811,0.0,0.0,0.0
53812,0.0,0.0,0.0
53813,0.0,0.0,0.0
53814,0.0,0.0,0.0
53815,0.0,0.0,0.0
53816,0.0,0.0,0.0
53817,0.0,0.0,0.0
53818,0.0,0.0,0.0
53819,0.0,0.0,0.0
53820,0.0,0.0,0.0
53821,0.0,0.0,0.0
53822,0.0,0.0,0.0
53823,0.0,0.0,0.0
53824,0.0,0.0,0.0
53825,0.0,0.0,0.0
53826,0.0,0.0,0.0
53827,0.0,0.0,0.0
53828,0.0,0.0,0.0
53829,0.0,0.0,0.0
53830,0.0,0.0,0.0
53831,0.0,0.0,0.0
53832,0.0,0.0,0.0
53833,0.0,0.0,0.0
53834,0.0,0.0,0.0
53835,0.0,0.0,0.0
53836,0.0,0.0,0.0
53837,0.0,0.0,0.0
53838,0.0,0.0,0.0
53839,0.0,0.0,0.0
53840,0.0,0.0,0.0
53841,0.0,0.0,0.0
53842,0.0,0.0,0.0
53843,0.0,0.0,0.0
53844,0.0,0.0,0.0
53845,0.0,0.0,0.0
53846,0.0,0.0,0.0
53847,0.0,0.0,0.0
53848,0.0,0.0,0.0
53849,0.0,0.0,0.0
53850,0.0,0.0,0.0
53851,0.0,0.0,0.0
53852,0.0,0.0,0.0
53853,0.0,0.0,0.0
53854,0.0,0.0,0.0
53855,0.0,0.0,0.0
53856,0.0,0.0,0.0
53857,0.0,0.0,0.0
53858,0.0,0.0,0.0
53859,0.0,0.0,0.0
53860,0.0,0.0,0.0
53861,0.0,0.0,0.0
53862,0.0,0.0,0.0
53863,0.0,0.0,0.0
53864,0.0,0.0,0.0
53865,0.0,0.0,0.0
53866,0.0,0.0,0.0
53867,0.0,0.0,0.0
53868,0.0,0.0,0.0
53869,0.0,0.0,0.0
53870,0.0,0.0,0.0
53871,0.0,0.0,0.0
53872,0.0,0.0,0.0
53873,0.0,0.0,0.0
53874,0.0,0.0,0.0
53875,0.0,0.0,0.0
53876,0.0,0.0,0.0
53877,0.0,0.0,0.0
53878,0.0,0.0,0.0
53879,0.0,0.0,0.0
53880,0.0,0.0,0.0
53881,0.0,0.0,0.0
53882,0.0,0.0,0.0
53883,0.0,0.0,0.0
53884,0.0,0.0,0.0
53885,0.0,0.0,0.0
53886,0.0,0.0,0.0
53887,0.0,0.0,0.0
53888,0.0,0.0,0.0
53889,0.0,0.0,0.0
53890,0.0,0.0,0.0
53891,0.0,0.0,0.0
53892,0.0,0.0,0.0
53893,0.0,0.0,0.0
53894,0.0,0.0,0.0
53895,0.0,0.0,0.0
53896,0.0,0.0,0.0
53897,0.0,0.0,0.0
53898,0.0,0.0,0.0
53899,0.0,0.0,0.0
53900,0.0,0.0,0.0
53901,0.0,0.0,0.0
53902,0.0,0.0,0.0
53903,0.0,0.0,0.0
53904,0.0,0.0,0.0
53905,0.0,0.0,0.0
53906,0.0,0.0,0.0
53907,0.0,0.0,0.0
53908,0.0,0.0,0.0
53909,0.0,0.0,0.0
53910,0.0,0.0,0.0
53911,0.0,0.0,0.0
53912,0.0,0.0,0.0
53913,0.0,0.0,0.0
53914,0.0,0.0,0.0
53915,0.0,0.0,0.0
53916,0.0,0.0,0.0
53917,0.0,0.0,0.0
53918,0.0,0.0,0.0
53919,0.0,0.0,0.0
53920,0.0,0.0,0.0
53921,0.0,0.0,0.0
53922,0.0,0.0,0.0
53923,0.0,0.0,0.0
53924,0.0,0.0,0.0
53925,0.0,0.0,0.0
53926,0.0,0.0,0.0
53927,0.0,0.0,0.0
53928,0.0,0.0,0.0
53929,0.0,0.0,0.0
53930,0.0,0.0,0.0
53931,0.0,0.0,0.0
53932,0.0,0.0,0.0
53933,0.0,0.0,0.0
53934,0.0,0.0,0.0
53935,0.0,0.0,0.0
53936,0.0,0.0,0.0
53937,0.0,0.0,0.0
53938,0.0,0.0,0.0
53939,0.0,0.0,0.0
53940,0.0,0.0,0.0
53941,0.0,0.0,0.0
53942,0.0,0.0,0.0
53943,0.0,0.0,0.0
53944,0.0,0.0,0.0
53945,0.0,0.0,0.0
53946,0.0,0.0,0.0
53947,0.0,0.0,0.0
53948,0.0,0.0,0.0
53949,0.0,0.0,0.0
53950,0.0,0.0,0.0
53951,0.0,0.0,0.0
53952,0.0,0.0,0.0
53953,0.0,0.0,0.0
53954,0.0,0.0,0.0
53955,0.0,0.0,0.0
53956,0.0,0.0,0.0
53957,0.0,0.0,0.0
53958,0.0,0.0,0.0
53959,0.0,0.0,0.0
53960,0.0,0.0,0.0
53961,0.0,0.0,0.0
53962,0.0,0.0,0.0
53963,0.0,0.0,0.0
53964,0.0,0.0,0.0
53965,0.0,0.0,0.0
53966,0.0,0.0,0.0
53967,0.0,0.0,0.0
53968,0.0,0.0,0.0
53969,0.0,0.0,0.0
53970,0.0,0.0,0.0
53971,0.0,0.0,0.0
53972,0.0,0.0,0.0
53973,0.0,0.0,0.0
53974,0.0,0.0,0.0
53975,0.0,0.0,0.0
53976,0.0,0.0,0.0
53977,0.0,0.0,0.0
53978,0.0,0.0,0.0
53979,0.0,0.0,0.0
53980,0.0,0.0,0.0
53981,0.0,0.0,0.0
53982,0.0,0.0,0.0
53983,0.0,0.0,0.0
53984,0.0,0.0,0.0
53985,0.0,0.0,0.0
53986,0.0,0.0,0.0
53987,0.0,0.0,0.0
53988,0.0,0.0,0.0
53989,0.0,0.0,0.0
53990,0.0,0.0,0.0
53991,0.0,0.0,0.0
53992,0.0,0.0,0.0
53993,0.0,0.0,0.0
53994,0.0,0.0,0.0
53995,0.0,0.0,0.0
53996,0.0,0.0,0.0
53997,0.0,0.0,0.0
53998,0.0,0.0,0.0
53999,0.0,0.0,0.0
54000,0.0,0.0,0.0
54001,0.0,0.0,0.0
54002,0.0,0.0,0.0
54003,0.0,0.0,0.0
54004,0.0,0.0,0.0
54005,0.0,0.0,0.0
54006,0.0,0.0,0.0
54007,0.0,0.0,0.0
54008,0.0,0.0,0.0
54009,0.0,0.0,0.0
54010,0.0,0.0,0.0
54011,0.0,0.0,0.0
54012,0.0,0.0,0.0
54013,0.0,0.0,0.0
54014,0.0,0.0,0.0
54015,0.0,0.0,0.0
54016,0.0,0.0,0.0
54017,0.0,0.0,0.0
54018,0.0,0.0,0.0
54019,0.0,0.0,0.0
54020,0.0,0.0,0.0
54021,0.0,0.0,0.0
54022,0.0,0.0,0.0
54023,0.0,0.0,0.0
54024,0.0,0.0,0.0
54025,0.0,0.0,0.0
54026,0.0,0.0,0.0
54027,0.0,0.0,0.0
54028,0.0,0.0,0.0
54029,0.0,0.0,0.0
54030,0.0,0.0,0.0
54031,0.0,0.0,0.0
54032,0.0,0.0,0.0
54033,0.0,0.0,0.0
54034,0.0,0.0,0.0
54035,0.0,0.0,0.0
54036,0.0,0.0,0.0
54037,0.0,0.0,0.0
54038,0.0,0.0,0.0
54039,0.0,0.0,0.0
54040,0.0,0.0,0.0
54041,0.0,0.0,0.0
54042,0.0,0.0,0.0
54043,0.0,0.0,0.0
54044,0.0,0.0,0.0
54045,0.0,0.0,0.0
54046,0.0,0.0,0.0
54047,0.0,0.0,0.0
54048,0.0,0.0,0.0
54049,0.0,0.0,0.0
54050,0.0,0.0,0.0
54051,0.0,0.0,0.0
54052,0.0,0.0,0.0
54053,0.0,0.0,0.0
54054,0.0,0.0,0.0
54055,0.0,0.0,0.0
54056,0.0,0.0,0.0
54057,0.0,0.0,0.0
54058,0.0,0.0,0.0
54059,0.0,0.0,0.0
54060,0.0,0.0,0.0
54061,0.0,0.0,0.0
54062,0.0,0.0,0.0
54063,0.0,0.0,0.0
54064,0.0,0.0,0.0
54065,0.0,0.0,0.0
54066,0.0,0.0,0.0
54067,0.0,0.0,0.0
54068,0.0,0.0,0.0
54069,0.0,0.0,0.0
54070,0.0,0.0,0.0
54071,0.0,0.0,0.0
54072,0.0,0.0,0.0
54073,0.0,0.0,0.0
54074,0.0,0.0,0.0
54075,0.0,0.0,0.0
54076,0.0,0.0,0.0
54077,0.0,0.0,0.0
54078,0.0,0.0,0.0
54079,0.0,0.0,0.0
54080,0.0,0.0,0.0
54081,0.0,0.0,0.0
54082,0.0,0.0,0.0
54083,0.0,0.0,0.0
54084,0.0,0.0,0.0
54085,0.0,0.0,0.0
54086,0.0,0.0,0.0
54087,0.0,0.0,0.0
54088,0.0,0.0,0.0
54089,0.0,0.0,0.0
54090,0.0,0.0,0.0
54091,0.0,0.0,0.0
54092,0.0,0.0,0.0
54093,0.0,0.0,0.0
54094,0.0,0.0,0.0
54095,0.0,0.0,0.0
54096,0.0,0.0,0.0
54097,0.0,0.0,0.0
54098,0.0,0.0,0.0
54099,0.0,0.0,0.0
54100,0.0,0.0,0.0
54101,0.0,0.0,0.0
54102,0.0,0.0,0.0
54103,0.0,0.0,0.0
54104,0.0,0.0,0.0
54105,0.0,0.0,0.0
54106,0.0,0.0,0.0
54107,0.0,0.0,0.0
54108,0.0,0.0,0.0
54109,0.0,0.0,0.0
54110,0.0,0.0,0.0
54111,0.0,0.0,0.0
54112,0.0,0.0,0.0
54113,0.0,0.0,0.0
54114,0.0,0.0,0.0
54115,0.0,0.0,0.0
54116,0.0,0.0,0.0
54117,0.0,0.0,0.0
54118,0.0,0.0,0.0
54119,0.0,0.0,0.0
54120,0.0,0.0,0.0
54121,0.0,0.0,0.0
54122,0.0,0.0,0.0
54123,0.0,0.0,0.0
54124,0.0,0.0,0.0
54125,0.0,0.0,0.0
54126,0.0,0.0,0.0
54127,0.0,0.0,0.0
54128,0.0,0.0,0.0
54129,0.0,0.0,0.0
54130,0.0,0.0,0.0
54131,0.0,0.0,0.0
54132,0.0,0.0,0.0
54133,0.0,0.0,0.0
54134,0.0,0.0,0.0
54135,0.0,0.0,0.0
54136,0.0,0.0,0.0
54137,0.0,0.0,0.0
54138,0.0,0.0,0.0
54139,0.0,0.0,0.0
54140,0.0,0.0,0.0
54141,0.0,0.0,0.0
54142,0.0,0.0,0.0
54143,0.0,0.0,0.0
54144,0.0,0.0,0.0
54145,0.0,0.0,0.0
54146,0.0,0.0,0.0
54147,0.0,0.0,0.0
54148,0.0,0.0,0.0
54149,0.0,0.0,0.0
54150,0.0,0.0,0.0
54151,0.0,0.0,0.0
54152,0.0,0.0,0.0
54153,0.0,0.0,0.0
54154,0.0,0.0,0.0
54155,0.0,0.0,0.0
54156,0.0,0.0,0.0
54157,0.0,0.0,0.0
54158,0.0,0.0,0.0
54159,0.0,0.0,0.0
54160,0.0,0.0,0.0
54161,0.0,0.0,0.0
54162,0.0,0.0,0.0
54163,0.0,0.0,0.0
54164,0.0,0.0,0.0
54165,0.0,0.0,0.0
54166,0.0,0.0,0.0
54167,0.0,0.0,0.0
54168,0.0,0.0,0.0
54169,0.0,0.0,0.0
54170,0.0,0.0,0.0
54171,0.0,0.0,0.0
54172,0.0,0.0,0.0
54173,0.0,0.0,0.0
54174,0.0,0.0,0.0
54175,0.0,0.0,0.0
54176,0.0,0.0,0.0
54177,0.0,0.0,0.0
54178,0.0,0.0,0.0
54179,0.0,0.0,0.0
54180,0.0,0.0,0.0
54181,0.0,0.0,0.0
54182,0.0,0.0,0.0
54183,0.0,0.0,0.0
54184,0.0,0.0,0.0
54185,0.0,0.0,0.0
54186,0.0,0.0,0.0
54187,0.0,0.0,0.0
54188,0.0,0.0,0.0
54189,0.0,0.0,0.0
54190,0.0,0.0,0.0
54191,0.0,0.0,0.0
54192,0.0,0.0,0.0
54193,0.0,0.0,0.0
54194,0.0,0.0,0.0
54195,0.0,0.0,0.0
54196,0.0,0.0,0.0
54197,0.0,0.0,0.0
54198,0.0,0.0,0.0
54199,0.0,0.0,0.0
54200,0.0,0.0,0.0
54201,0.0,0.0,0.0
54202,0.0,0.0,0.0
54203,0.0,0.0,0.0
54204,0.0,0.0,0.0
54205,0.0,0.0,0.0
54206,0.0,0.0,0.0
54207,0.0,0.0,0.0
54208,0.0,0.0,0.0
54209,0.0,0.0,0.0
54210,0.0,0.0,0.0
54211,0.0,0.0,0.0
54212,0.0,0.0,0.0
54213,0.0,0.0,0.0
54214,0.0,0.0,0.0
54215,0.0,0.0,0.0
54216,0.0,0.0,0.0
54217,0.0,0.0,0.0
54218,0.0,0.0,0.0
54219,0.0,0.0,0.0
54220,0.0,0.0,0.0
54221,0.0,0.0,0.0
54222,0.0,0.0,0.0
54223,0.0,0.0,0.0
54224,0.0,0.0,0.0
54225,0.0,0.0,0.0
54226,0.0,0.0,0.0
54227,0.0,0.0,0.0
54228,0.0,0.0,0.0
54229,0.0,0.0,0.0
54230,0.0,0.0,0.0
54231,0.0,0.0,0.0
54232,0.0,0.0,0.0
54233,0.0,0.0,0.0
54234,0.0,0.0,0.0
54235,0.0,0.0,0.0
54236,0.0,0.0,0.0
54237,0.0,0.0,0.0
54238,0.0,0.0,0.0
54239,0.0,0.0,0.0
54240,0.0,0.0,0.0
54241,0.0,0.0,0.0
54242,0.0,0.0,0.0
54243,0.0,0.0,0.0
54244,0.0,0.0,0.0
54245,0.0,0.0,0.0
54246,0.0,0.0,0.0
54247,0.0,0.0,0.0
54248,0.0,0.0,0.0
54249,0.0,0.0,0.0
54250,0.0,0.0,0.0
54251,0.0,0.0,0.0
54252,0.0,0.0,0.0
54253,0.0,0.0,0.0
54254,0.0,0.0,0.0
54255,0.0,0.0,0.0
54256,0.0,0.0,0.0
54257,0.0,0.0,0.0
54258,0.0,0.0,0.0
54259,0.0,0.0,0.0
54260,0.0,0.0,0.0
54261,0.0,0.0,0.0
54262,0.0,0.0,0.0
54263,0.0,0.0,0.0
54264,0.0,0.0,0.0
54265,0.0,0.0,0.0
54266,0.0,0.0,0.0
54267,0.0,0.0,0.0
54268,0.0,0.0,0.0
54269,0.0,0.0,0.0
54270,0.0,0.0,0.0
54271,0.0,0.0,0.0
54272,0.0,0.0,0.0
54273,0.0,0.0,0.0
54274,0.0,0.0,0.0
54275,0.0,0.0,0.0
54276,0.0,0.0,0.0
54277,0.0,0.0,0.0
54278,0.0,0.0,0.0
54279,0.0,0.0,0.0
54280,0.0,0.0,0.0
54281,0.0,0.0,0.0
54282,0.0,0.0,0.0
54283,0.0,0.0,0.0
54284,0.0,0.0,0.0
54285,0.0,0.0,0.0
54286,0.0,0.0,0.0
54287,0.0,0.0,0.0
54288,0.0,0.0,0.0
54289,0.0,0.0,0.0
54290,0.0,0.0,0.0
54291,0.0,0.0,0.0
54292,0.0,0.0,0.0
54293,0.0,0.0,0.0
54294,0.0,0.0,0.0
54295,0.0,0.0,0.0
54296,0.0,0.0,0.0
54297,0.0,0.0,0.0
54298,0.0,0.0,0.0
54299,0.0,0.0,0.0
54300,0.0,0.0,0.0
54301,0.0,0.0,0.0
54302,0.0,0.0,0.0
54303,0.0,0.0,0.0
54304,0.0,0.0,0.0
54305,0.0,0.0,0.0
54306,0.0,0.0,0.0
54307,0.0,0.0,0.0
54308,0.0,0.0,0.0
54309,0.0,0.0,0.0
54310,0.0,0.0,0.0
54311,0.0,0.0,0.0
54312,0.0,0.0,0.0
54313,0.0,0.0,0.0
54314,0.0,0.0,0.0
54315,0.0,0.0,0.0
54316,0.0,0.0,0.0
54317,0.0,0.0,0.0
54318,0.0,0.0,0.0
54319,0.0,0.0,0.0
54320,0.0,0.0,0.0
54321,0.0,0.0,0.0
54322,0.0,0.0,0.0
54323,0.0,0.0,0.0
54324,0.0,0.0,0.0
54325,0.0,0.0,0.0
54326,0.0,0.0,0.0
54327,0.0,0.0,0.0
54328,0.0,0.0,0.0
54329,0.0,0.0,0.0
54330,0.0,0.0,0.0
54331,0.0,0.0,0.0
54332,0.0,0.0,0.0
54333,0.0,0.0,0.0
54334,0.0,0.0,0.0
54335,0.0,0.0,0.0
54336,0.0,0.0,0.0
54337,0.0,0.0,0.0
54338,0.0,0.0,0.0
54339,0.0,0.0,0.0
54340,0.0,0.0,0.0
54341,0.0,0.0,0.0
54342,0.0,0.0,0.0
54343,0.0,0.0,0.0
54344,0.0,0.0,0.0
54345,0.0,0.0,0.0
54346,0.0,0.0,0.0
54347,0.0,0.0,0.0
54348,0.0,0.0,0.0
54349,0.0,0.0,0.0
54350,0.0,0.0,0.0
54351,0.0,0.0,0.0
54352,0.0,0.0,0.0
54353,0.0,0.0,0.0
54354,0.0,0.0,0.0
54355,0.0,0.0,0.0
54356,0.0,0.0,0.0
54357,0.0,0.0,0.0
54358,0.0,0.0,0.0
54359,0.0,0.0,0.0
54360,0.0,0.0,0.0
54361,0.0,0.0,0.0
54362,0.0,0.0,0.0
54363,0.0,0.0,0.0
54364,0.0,0.0,0.0
54365,0.0,0.0,0.0
54366,0.0,0.0,0.0
54367,0.0,0.0,0.0
54368,0.0,0.0,0.0
54369,0.0,0.0,0.0
54370,0.0,0.0,0.0
54371,0.0,0.0,0.0
54372,0.0,0.0,0.0
54373,0.0,0.0,0.0
54374,0.0,0.0,0.0
54375,0.0,0.0,0.0
54376,0.0,0.0,0.0
54377,0.0,0.0,0.0
54378,0.0,0.0,0.0
54379,0.0,0.0,0.0
54380,0.0,0.0,0.0
54381,0.0,0.0,0.0
54382,0.0,0.0,0.0
54383,0.0,0.0,0.0
54384,0.0,0.0,0.0
54385,0.0,0.0,0.0
54386,0.0,0.0,0.0
54387,0.0,0.0,0.0
54388,0.0,0.0,0.0
54389,0.0,0.0,0.0
54390,0.0,0.0,0.0
54391,0.0,0.0,0.0
54392,0.0,0.0,0.0
54393,0.0,0.0,0.0
54394,0.0,0.0,0.0
54395,0.0,0.0,0.0
54396,0.0,0.0,0.0
54397,0.0,0.0,0.0
54398,0.0,0.0,0.0
54399,0.0,0.0,0.0
54400,0.0,0.0,0.0
54401,0.0,0.0,0.0
54402,0.0,0.0,0.0
54403,0.0,0.0,0.0
54404,0.0,0.0,0.0
54405,0.0,0.0,0.0
54406,0.0,0.0,0.0
54407,0.0,0.0,0.0
54408,0.0,0.0,0.0
54409,0.0,0.0,0.0
54410,0.0,0.0,0.0
54411,0.0,0.0,0.0
54412,0.0,0.0,0.0
54413,0.0,0.0,0.0
54414,0.0,0.0,0.0
54415,0.0,0.0,0.0
54416,0.0,0.0,0.0
54417,0.0,0.0,0.0
54418,0.0,0.0,0.0
54419,0.0,0.0,0.0
54420,0.0,0.0,0.0
54421,0.0,0.0,0.0
54422,0.0,0.0,0.0
54423,0.0,0.0,0.0
54424,0.0,0.0,0.0
54425,0.0,0.0,0.0
54426,0.0,0.0,0.0
54427,0.0,0.0,0.0
54428,0.0,0.0,0.0
54429,0.0,0.0,0.0
54430,0.0,0.0,0.0
54431,0.0,0.0,0.0
54432,0.0,0.0,0.0
54433,0.0,0.0,0.0
54434,0.0,0.0,0.0
54435,0.0,0.0,0.0
54436,0.0,0.0,0.0
54437,0.0,0.0,0.0
54438,0.0,0.0,0.0
54439,0.0,0.0,0.0
54440,0.0,0.0,0.0
54441,0.0,0.0,0.0
54442,0.0,0.0,0.0
54443,0.0,0.0,0.0
54444,0.0,0.0,0.0
54445,0.0,0.0,0.0
54446,0.0,0.0,0.0
54447,0.0,0.0,0.0
54448,0.0,0.0,0.0
54449,0.0,0.0,0.0
54450,0.0,0.0,0.0
54451,0.0,0.0,0.0
54452,0.0,0.0,0.0
54453,0.0,0.0,0.0
54454,0.0,0.0,0.0
54455,0.0,0.0,0.0
54456,0.0,0.0,0.0
54457,0.0,0.0,0.0
54458,0.0,0.0,0.0
54459,0.0,0.0,0.0
54460,0.0,0.0,0.0
54461,0.0,0.0,0.0
54462,0.0,0.0,0.0
54463,0.0,0.0,0.0
54464,0.0,0.0,0.0
54465,0.0,0.0,0.0
54466,0.0,0.0,0.0
54467,0.0,0.0,0.0
54468,0.0,0.0,0.0
54469,0.0,0.0,0.0
54470,0.0,0.0,0.0
54471,0.0,0.0,0.0
54472,0.0,0.0,0.0
54473,0.0,0.0,0.0
54474,0.0,0.0,0.0
54475,0.0,0.0,0.0
54476,0.0,0.0,0.0
54477,0.0,0.0,0.0
54478,0.0,0.0,0.0
54479,0.0,0.0,0.0
54480,0.0,0.0,0.0
54481,0.0,0.0,0.0
54482,0.0,0.0,0.0
54483,0.0,0.0,0.0
54484,0.0,0.0,0.0
54485,0.0,0.0,0.0
54486,0.0,0.0,0.0
54487,0.0,0.0,0.0
54488,0.0,0.0,0.0
54489,0.0,0.0,0.0
54490,0.0,0.0,0.0
54491,0.0,0.0,0.0
54492,0.0,0.0,0.0
54493,0.0,0.0,0.0
54494,0.0,0.0,0.0
54495,0.0,0.0,0.0
54496,0.0,0.0,0.0
54497,0.0,0.0,0.0
54498,0.0,0.0,0.0
54499,0.0,0.0,0.0
54500,0.0,0.0,0.0
54501,0.0,0.0,0.0
54502,0.0,0.0,0.0
54503,0.0,0.0,0.0
54504,0.0,0.0,0.0
54505,0.0,0.0,0.0
54506,0.0,0.0,0.0
54507,0.0,0.0,0.0
54508,0.0,0.0,0.0
54509,0.0,0.0,0.0
54510,0.0,0.0,0.0
54511,0.0,0.0,0.0
54512,0.0,0.0,0.0
54513,0.0,0.0,0.0
54514,0.0,0.0,0.0
54515,0.0,0.0,0.0
54516,0.0,0.0,0.0
54517,0.0,0.0,0.0
54518,0.0,0.0,0.0
54519,0.0,0.0,0.0
54520,0.0,0.0,0.0
54521,0.0,0.0,0.0
54522,0.0,0.0,0.0
54523,0.0,0.0,0.0
54524,0.0,0.0,0.0
54525,0.0,0.0,0.0
54526,0.0,0.0,0.0
54527,0.0,0.0,0.0
54528,0.0,0.0,0.0
54529,0.0,0.0,0.0
54530,0.0,0.0,0.0
54531,0.0,0.0,0.0
54532,0.0,0.0,0.0
54533,0.0,0.0,0.0
54534,0.0,0.0,0.0
54535,0.0,0.0,0.0
54536,0.0,0.0,0.0
54537,0.0,0.0,0.0
54538,0.0,0.0,0.0
54539,0.0,0.0,0.0
54540,0.0,0.0,0.0
54541,0.0,0.0,0.0
54542,0.0,0.0,0.0
54543,0.0,0.0,0.0
54544,0.0,0.0,0.0
54545,0.0,0.0,0.0
54546,0.0,0.0,0.0
54547,0.0,0.0,0.0
54548,0.0,0.0,0.0
54549,0.0,0.0,0.0
54550,0.0,0.0,0.0
54551,0.0,0.0,0.0
54552,0.0,0.0,0.0
54553,0.0,0.0,0.0
54554,0.0,0.0,0.0
54555,0.0,0.0,0.0
54556,0.0,0.0,0.0
54557,0.0,0.0,0.0
54558,0.0,0.0,0.0
54559,0.0,0.0,0.0
54560,0.0,0.0,0.0
54561,0.0,0.0,0.0
54562,0.0,0.0,0.0
54563,0.0,0.0,0.0
54564,0.0,0.0,0.0
54565,0.0,0.0,0.0
54566,0.0,0.0,0.0
54567,0.0,0.0,0.0
54568,0.0,0.0,0.0
54569,0.0,0.0,0.0
54570,0.0,0.0,0.0
54571,0.0,0.0,0.0
54572,0.0,0.0,0.0
54573,0.0,0.0,0.0
54574,0.0,0.0,0.0
54575,0.0,0.0,0.0
54576,0.0,0.0,0.0
54577,0.0,0.0,0.0
54578,0.0,0.0,0.0
54579,0.0,0.0,0.0
54580,0.0,0.0,0.0
54581,0.0,0.0,0.0
54582,0.0,0.0,0.0
54583,0.0,0.0,0.0
54584,0.0,0.0,0.0
54585,0.0,0.0,0.0
54586,0.0,0.0,0.0
54587,0.0,0.0,0.0
54588,0.0,0.0,0.0
54589,0.0,0.0,0.0
54590,0.0,0.0,0.0
54591,0.0,0.0,0.0
54592,0.0,0.0,0.0
54593,0.0,0.0,0.0
54594,0.0,0.0,0.0
54595,0.0,0.0,0.0
54596,0.0,0.0,0.0
54597,0.0,0.0,0.0
54598,0.0,0.0,0.0
54599,0.0,0.0,0.0
54600,0.0,0.0,0.0
54601,0.0,0.0,0.0
54602,0.0,0.0,0.0
54603,0.0,0.0,0.0
54604,0.0,0.0,0.0
54605,0.0,0.0,0.0
54606,0.0,0.0,0.0
54607,0.0,0.0,0.0
54608,0.0,0.0,0.0
54609,0.0,0.0,0.0
54610,0.0,0.0,0.0
54611,0.0,0.0,0.0
54612,0.0,0.0,0.0
54613,0.0,0.0,0.0
54614,0.0,0.0,0.0
54615,0.0,0.0,0.0
54616,0.0,0.0,0.0
54617,0.0,0.0,0.0
54618,0.0,0.0,0.0
54619,0.0,0.0,0.0
54620,0.0,0.0,0.0
54621,0.0,0.0,0.0
54622,0.0,0.0,0.0
54623,0.0,0.0,0.0
54624,0.0,0.0,0.0
54625,0.0,0.0,0.0
54626,0.0,0.0,0.0
54627,0.0,0.0,0.0
54628,0.0,0.0,0.0
54629,0.0,0.0,0.0
54630,0.0,0.0,0.0
54631,0.0,0.0,0.0
54632,0.0,0.0,0.0
54633,0.0,0.0,0.0
54634,0.0,0.0,0.0
54635,0.0,0.0,0.0
54636,0.0,0.0,0.0
54637,0.0,0.0,0.0
54638,0.0,0.0,0.0
54639,0.0,0.0,0.0
54640,0.0,0.0,0.0
54641,0.0,0.0,0.0
54642,0.0,0.0,0.0
54643,0.0,0.0,0.0
54644,0.0,0.0,0.0
54645,0.0,0.0,0.0
54646,0.0,0.0,0.0
54647,0.0,0.0,0.0
54648,0.0,0.0,0.0
54649,0.0,0.0,0.0
54650,0.0,0.0,0.0
54651,0.0,0.0,0.0
54652,0.0,0.0,0.0
54653,0.0,0.0,0.0
54654,0.0,0.0,0.0
54655,0.0,0.0,0.0
54656,0.0,0.0,0.0
54657,0.0,0.0,0.0
54658,0.0,0.0,0.0
54659,0.0,0.0,0.0
54660,0.0,0.0,0.0
54661,0.0,0.0,0.0
54662,0.0,0.0,0.0
54663,0.0,0.0,0.0
54664,0.0,0.0,0.0
54665,0.0,0.0,0.0
54666,0.0,0.0,0.0
54667,0.0,0.0,0.0
54668,0.0,0.0,0.0
54669,0.0,0.0,0.0
54670,0.0,0.0,0.0
54671,0.0,0.0,0.0
54672,0.0,0.0,0.0
54673,0.0,0.0,0.0
54674,0.0,0.0,0.0
54675,0.0,0.0,0.0
54676,0.0,0.0,0.0
54677,0.0,0.0,0.0
54678,0.0,0.0,0.0
54679,0.0,0.0,0.0
54680,0.0,0.0,0.0
54681,0.0,0.0,0.0
54682,0.0,0.0,0.0
54683,0.0,0.0,0.0
54684,0.0,0.0,0.0
54685,0.0,0.0,0.0
54686,0.0,0.0,0.0
54687,0.0,0.0,0.0
54688,0.0,0.0,0.0
54689,0.0,0.0,0.0
54690,0.0,0.0,0.0
54691,0.0,0.0,0.0
54692,0.0,0.0,0.0
54693,0.0,0.0,0.0
54694,0.0,0.0,0.0
54695,0.0,0.0,0.0
54696,0.0,0.0,0.0
54697,0.0,0.0,0.0
54698,0.0,0.0,0.0
54699,0.0,0.0,0.0
54700,0.0,0.0,0.0
54701,0.0,0.0,0.0
54702,0.0,0.0,0.0
54703,0.0,0.0,0.0
54704,0.0,0.0,0.0
54705,0.0,0.0,0.0
54706,0.0,0.0,0.0
54707,0.0,0.0,0.0
54708,0.0,0.0,0.0
54709,0.0,0.0,0.0
54710,0.0,0.0,0.0
54711,0.0,0.0,0.0
54712,0.0,0.0,0.0
54713,0.0,0.0,0.0
54714,0.0,0.0,0.0
54715,0.0,0.0,0.0
54716,0.0,0.0,0.0
54717,0.0,0.0,0.0
54718,0.0,0.0,0.0
54719,0.0,0.0,0.0
54720,0.0,0.0,0.0
54721,0.0,0.0,0.0
54722,0.0,0.0,0.0
54723,0.0,0.0,0.0
54724,0.0,0.0,0.0
54725,0.0,0.0,0.0
54726,0.0,0.0,0.0
54727,0.0,0.0,0.0
54728,0.0,0.0,0.0
54729,0.0,0.0,0.0
54730,0.0,0.0,0.0
54731,0.0,0.0,0.0
54732,0.0,0.0,0.0
54733,0.0,0.0,0.0
54734,0.0,0.0,0.0
54735,0.0,0.0,0.0
54736,0.0,0.0,0.0
54737,0.0,0.0,0.0
54738,0.0,0.0,0.0
54739,0.0,0.0,0.0
54740,0.0,0.0,0.0
54741,0.0,0.0,0.0
54742,0.0,0.0,0.0
54743,0.0,0.0,0.0
54744,0.0,0.0,0.0
54745,0.0,0.0,0.0
54746,0.0,0.0,0.0
54747,0.0,0.0,0.0
54748,0.0,0.0,0.0
54749,0.0,0.0,0.0
54750,0.0,0.0,0.0
54751,0.0,0.0,0.0
54752,0.0,0.0,0.0
54753,0.0,0.0,0.0
54754,0.0,0.0,0.0
54755,0.0,0.0,0.0
54756,0.0,0.0,0.0
54757,0.0,0.0,0.0
54758,0.0,0.0,0.0
54759,0.0,0.0,0.0
54760,0.0,0.0,0.0
54761,0.0,0.0,0.0
54762,0.0,0.0,0.0
54763,0.0,0.0,0.0
54764,0.0,0.0,0.0
54765,0.0,0.0,0.0
54766,0.0,0.0,0.0
54767,0.0,0.0,0.0
54768,0.0,0.0,0.0
54769,0.0,0.0,0.0
54770,0.0,0.0,0.0
54771,0.0,0.0,0.0
54772,0.0,0.0,0.0
54773,0.0,0.0,0.0
54774,0.0,0.0,0.0
54775,0.0,0.0,0.0
54776,0.0,0.0,0.0
54777,0.0,0.0,0.0
54778,0.0,0.0,0.0
54779,0.0,0.0,0.0
54780,0.0,0.0,0.0
54781,0.0,0.0,0.0
54782,0.0,0.0,0.0
54783,0.0,0.0,0.0
54784,0.0,0.0,0.0
54785,0.0,0.0,0.0
54786,0.0,0.0,0.0
54787,0.0,0.0,0.0
54788,0.0,0.0,0.0
54789,0.0,0.0,0.0
54790,0.0,0.0,0.0
54791,0.0,0.0,0.0
54792,0.0,0.0,0.0
54793,0.0,0.0,0.0
54794,0.0,0.0,0.0
54795,0.0,0.0,0.0
54796,0.0,0.0,0.0
54797,0.0,0.0,0.0
54798,0.0,0.0,0.0
54799,0.0,0.0,0.0
54800,0.0,0.0,0.0
54801,0.0,0.0,0.0
54802,0.0,0.0,0.0
54803,0.0,0.0,0.0
54804,0.0,0.0,0.0
54805,0.0,0.0,0.0
54806,0.0,0.0,0.0
54807,0.0,0.0,0.0
54808,0.0,0.0,0.0
54809,0.0,0.0,0.0
54810,0.0,0.0,0.0
54811,0.0,0.0,0.0
54812,0.0,0.0,0.0
54813,0.0,0.0,0.0
54814,0.0,0.0,0.0
54815,0.0,0.0,0.0
54816,0.0,0.0,0.0
54817,0.0,0.0,0.0
54818,0.0,0.0,0.0
54819,0.0,0.0,0.0
54820,0.0,0.0,0.0
54821,0.0,0.0,0.0
54822,0.0,0.0,0.0
54823,0.0,0.0,0.0
54824,0.0,0.0,0.0
54825,0.0,0.0,0.0
54826,0.0,0.0,0.0
54827,0.0,0.0,0.0
54828,0.0,0.0,0.0
54829,0.0,0.0,0.0
54830,0.0,0.0,0.0
54831,0.0,0.0,0.0
54832,0.0,0.0,0.0
54833,0.0,0.0,0.0
54834,0.0,0.0,0.0
54835,0.0,0.0,0.0
54836,0.0,0.0,0.0
54837,0.0,0.0,0.0
54838,0.0,0.0,0.0
54839,0.0,0.0,0.0
54840,0.0,0.0,0.0
54841,0.0,0.0,0.0
54842,0.0,0.0,0.0
54843,0.0,0.0,0.0
54844,0.0,0.0,0.0
54845,0.0,0.0,0.0
54846,0.0,0.0,0.0
54847,0.0,0.0,0.0
54848,0.0,0.0,0.0
54849,0.0,0.0,0.0
54850,0.0,0.0,0.0
54851,0.0,0.0,0.0
54852,0.0,0.0,0.0
54853,0.0,0.0,0.0
54854,0.0,0.0,0.0
54855,0.0,0.0,0.0
54856,0.0,0.0,0.0
54857,0.0,0.0,0.0
54858,0.0,0.0,0.0
54859,0.0,0.0,0.0
54860,0.0,0.0,0.0
54861,0.0,0.0,0.0
54862,0.0,0.0,0.0
54863,0.0,0.0,0.0
54864,0.0,0.0,0.0
54865,0.0,0.0,0.0
54866,0.0,0.0,0.0
54867,0.0,0.0,0.0
54868,0.0,0.0,0.0
54869,0.0,0.0,0.0
54870,0.0,0.0,0.0
54871,0.0,0.0,0.0
54872,0.0,0.0,0.0
54873,0.0,0.0,0.0
54874,0.0,0.0,0.0
54875,0.0,0.0,0.0
54876,0.0,0.0,0.0
54877,0.0,0.0,0.0
54878,0.0,0.0,0.0
54879,0.0,0.0,0.0
54880,0.0,0.0,0.0
54881,0.0,0.0,0.0
54882,0.0,0.0,0.0
54883,0.0,0.0,0.0
54884,0.0,0.0,0.0
54885,0.0,0.0,0.0
54886,0.0,0.0,0.0
54887,0.0,0.0,0.0
54888,0.0,0.0,0.0
54889,0.0,0.0,0.0
54890,0.0,0.0,0.0
54891,0.0,0.0,0.0
54892,0.0,0.0,0.0
54893,0.0,0.0,0.0
54894,0.0,0.0,0.0
54895,0.0,0.0,0.0
54896,0.0,0.0,0.0
54897,0.0,0.0,0.0
54898,0.0,0.0,0.0
54899,0.0,0.0,0.0
54900,0.0,0.0,0.0
54901,0.0,0.0,0.0
54902,0.0,0.0,0.0
54903,0.0,0.0,0.0
54904,0.0,0.0,0.0
54905,0.0,0.0,0.0
54906,0.0,0.0,0.0
54907,0.0,0.0,0.0
54908,0.0,0.0,0.0
54909,0.0,0.0,0.0
54910,0.0,0.0,0.0
54911,0.0,0.0,0.0
54912,0.0,0.0,0.0
54913,0.0,0.0,0.0
54914,0.0,0.0,0.0
54915,0.0,0.0,0.0
54916,0.0,0.0,0.0
54917,0.0,0.0,0.0
54918,0.0,0.0,0.0
54919,0.0,0.0,0.0
54920,0.0,0.0,0.0
54921,0.0,0.0,0.0
54922,0.0,0.0,0.0
54923,0.0,0.0,0.0
54924,0.0,0.0,0.0
54925,0.0,0.0,0.0
54926,0.0,0.0,0.0
54927,0.0,0.0,0.0
54928,0.0,0.0,0.0
54929,0.0,0.0,0.0
54930,0.0,0.0,0.0
54931,0.0,0.0,0.0
54932,0.0,0.0,0.0
54933,0.0,0.0,0.0
54934,0.0,0.0,0.0
54935,0.0,0.0,0.0
54936,0.0,0.0,0.0
54937,0.0,0.0,0.0
54938,0.0,0.0,0.0
54939,0.0,0.0,0.0
54940,0.0,0.0,0.0
54941,0.0,0.0,0.0
54942,0.0,0.0,0.0
54943,0.0,0.0,0.0
54944,0.0,0.0,0.0
54945,0.0,0.0,0.0
54946,0.0,0.0,0.0
54947,0.0,0.0,0.0
54948,0.0,0.0,0.0
54949,0.0,0.0,0.0
54950,0.0,0.0,0.0
54951,0.0,0.0,0.0
54952,0.0,0.0,0.0
54953,0.0,0.0,0.0
54954,0.0,0.0,0.0
54955,0.0,0.0,0.0
54956,0.0,0.0,0.0
54957,0.0,0.0,0.0
54958,0.0,0.0,0.0
54959,0.0,0.0,0.0
54960,0.0,0.0,0.0
54961,0.0,0.0,0.0
54962,0.0,0.0,0.0
54963,0.0,0.0,0.0
54964,0.0,0.0,0.0
54965,0.0,0.0,0.0
54966,0.0,0.0,0.0
54967,0.0,0.0,0.0
54968,0.0,0.0,0.0
54969,0.0,0.0,0.0
54970,0.0,0.0,0.0
54971,0.0,0.0,0.0
54972,0.0,0.0,0.0
54973,0.0,0.0,0.0
54974,0.0,0.0,0.0
54975,0.0,0.0,0.0
54976,0.0,0.0,0.0
54977,0.0,0.0,0.0
54978,0.0,0.0,0.0
54979,0.0,0.0,0.0
54980,0.0,0.0,0.0
54981,0.0,0.0,0.0
54982,0.0,0.0,0.0
54983,0.0,0.0,0.0
54984,0.0,0.0,0.0
54985,0.0,0.0,0.0
54986,0.0,0.0,0.0
54987,0.0,0.0,0.0
54988,0.0,0.0,0.0
54989,0.0,0.0,0.0
54990,0.0,0.0,0.0
54991,0.0,0.0,0.0
54992,0.0,0.0,0.0
54993,0.0,0.0,0.0
54994,0.0,0.0,0.0
54995,0.0,0.0,0.0
54996,0.0,0.0,0.0
54997,0.0,0.0,0.0
54998,0.0,0.0,0.0
54999,0.0,0.0,0.0
55000,0.0,0.0,0.0
55001,0.0,0.0,0.0
55002,0.0,0.0,0.0
55003,0.0,0.0,0.0
55004,0.0,0.0,0.0
55005,0.0,0.0,0.0
55006,0.0,0.0,0.0
55007,0.0,0.0,0.0
55008,0.0,0.0,0.0
55009,0.0,0.0,0.0
55010,0.0,0.0,0.0
55011,0.0,0.0,0.0
55012,0.0,0.0,0.0
55013,0.0,0.0,0.0
55014,0.0,0.0,0.0
55015,0.0,0.0,0.0
55016,0.0,0.0,0.0
55017,0.0,0.0,0.0
55018,0.0,0.0,0.0
55019,0.0,0.0,0.0
55020,0.0,0.0,0.0
55021,0.0,0.0,0.0
55022,0.0,0.0,0.0
55023,0.0,0.0,0.0
55024,0.0,0.0,0.0
55025,0.0,0.0,0.0
55026,0.0,0.0,0.0
55027,0.0,0.0,0.0
55028,0.0,0.0,0.0
55029,0.0,0.0,0.0
55030,0.0,0.0,0.0
55031,0.0,0.0,0.0
55032,0.0,0.0,0.0
55033,0.0,0.0,0.0
55034,0.0,0.0,0.0
55035,0.0,0.0,0.0
55036,0.0,0.0,0.0
55037,0.0,0.0,0.0
55038,0.0,0.0,0.0
55039,0.0,0.0,0.0
55040,0.0,0.0,0.0
55041,0.0,0.0,0.0
55042,0.0,0.0,0.0
55043,0.0,0.0,0.0
55044,0.0,0.0,0.0
55045,0.0,0.0,0.0
55046,0.0,0.0,0.0
55047,0.0,0.0,0.0
55048,0.0,0.0,0.0
55049,0.0,0.0,0.0
55050,0.0,0.0,0.0
55051,0.0,0.0,0.0
55052,0.0,0.0,0.0
55053,0.0,0.0,0.0
55054,0.0,0.0,0.0
55055,0.0,0.0,0.0
55056,0.0,0.0,0.0
55057,0.0,0.0,0.0
55058,0.0,0.0,0.0
55059,0.0,0.0,0.0
55060,0.0,0.0,0.0
55061,0.0,0.0,0.0
55062,0.0,0.0,0.0
55063,0.0,0.0,0.0
55064,0.0,0.0,0.0
55065,0.0,0.0,0.0
55066,0.0,0.0,0.0
55067,0.0,0.0,0.0
55068,0.0,0.0,0.0
55069,0.0,0.0,0.0
55070,0.0,0.0,0.0
55071,0.0,0.0,0.0
55072,0.0,0.0,0.0
55073,0.0,0.0,0.0
55074,0.0,0.0,0.0
55075,0.0,0.0,0.0
55076,0.0,0.0,0.0
55077,0.0,0.0,0.0
55078,0.0,0.0,0.0
55079,0.0,0.0,0.0
55080,0.0,0.0,0.0
55081,0.0,0.0,0.0
55082,0.0,0.0,0.0
55083,0.0,0.0,0.0
55084,0.0,0.0,0.0
55085,0.0,0.0,0.0
55086,0.0,0.0,0.0
55087,0.0,0.0,0.0
55088,0.0,0.0,0.0
55089,0.0,0.0,0.0
55090,0.0,0.0,0.0
55091,0.0,0.0,0.0
55092,0.0,0.0,0.0
55093,0.0,0.0,0.0
55094,0.0,0.0,0.0
55095,0.0,0.0,0.0
55096,0.0,0.0,0.0
55097,0.0,0.0,0.0
55098,0.0,0.0,0.0
55099,0.0,0.0,0.0
55100,0.0,0.0,0.0
55101,0.0,0.0,0.0
55102,0.0,0.0,0.0
55103,0.0,0.0,0.0
55104,0.0,0.0,0.0
55105,0.0,0.0,0.0
55106,0.0,0.0,0.0
55107,0.0,0.0,0.0
55108,0.0,0.0,0.0
55109,0.0,0.0,0.0
55110,0.0,0.0,0.0
55111,0.0,0.0,0.0
55112,0.0,0.0,0.0
55113,0.0,0.0,0.0
55114,0.0,0.0,0.0
55115,0.0,0.0,0.0
55116,0.0,0.0,0.0
55117,0.0,0.0,0.0
55118,0.0,0.0,0.0
55119,0.0,0.0,0.0
55120,0.0,0.0,0.0
55121,0.0,0.0,0.0
55122,0.0,0.0,0.0
55123,0.0,0.0,0.0
55124,0.0,0.0,0.0
55125,0.0,0.0,0.0
55126,0.0,0.0,0.0
55127,0.0,0.0,0.0
55128,0.0,0.0,0.0
55129,0.0,0.0,0.0
55130,0.0,0.0,0.0
55131,0.0,0.0,0.0
55132,0.0,0.0,0.0
55133,0.0,0.0,0.0
55134,0.0,0.0,0.0
55135,0.0,0.0,0.0
55136,0.0,0.0,0.0
55137,0.0,0.0,0.0
55138,0.0,0.0,0.0
55139,0.0,0.0,0.0
55140,0.0,0.0,0.0
55141,0.0,0.0,0.0
55142,0.0,0.0,0.0
55143,0.0,0.0,0.0
55144,0.0,0.0,0.0
55145,0.0,0.0,0.0
55146,0.0,0.0,0.0
55147,0.0,0.0,0.0
55148,0.0,0.0,0.0
55149,0.0,0.0,0.0
55150,0.0,0.0,0.0
55151,0.0,0.0,0.0
55152,0.0,0.0,0.0
55153,0.0,0.0,0.0
55154,0.0,0.0,0.0
55155,0.0,0.0,0.0
55156,0.0,0.0,0.0
55157,0.0,0.0,0.0
55158,0.0,0.0,0.0
55159,0.0,0.0,0.0
55160,0.0,0.0,0.0
55161,0.0,0.0,0.0
55162,0.0,0.0,0.0
55163,0.0,0.0,0.0
55164,0.0,0.0,0.0
55165,0.0,0.0,0.0
55166,0.0,0.0,0.0
55167,0.0,0.0,0.0
55168,0.0,0.0,0.0
55169,0.0,0.0,0.0
55170,0.0,0.0,0.0
55171,0.0,0.0,0.0
55172,0.0,0.0,0.0
55173,0.0,0.0,0.0
55174,0.0,0.0,0.0
55175,0.0,0.0,0.0
55176,0.0,0.0,0.0
55177,0.0,0.0,0.0
55178,0.0,0.0,0.0
55179,0.0,0.0,0.0
55180,0.0,0.0,0.0
55181,0.0,0.0,0.0
55182,0.0,0.0,0.0
55183,0.0,0.0,0.0
55184,0.0,0.0,0.0
55185,0.0,0.0,0.0
55186,0.0,0.0,0.0
55187,0.0,0.0,0.0
55188,0.0,0.0,0.0
55189,0.0,0.0,0.0
55190,0.0,0.0,0.0
55191,0.0,0.0,0.0
55192,0.0,0.0,0.0
55193,0.0,0.0,0.0
55194,0.0,0.0,0.0
55195,0.0,0.0,0.0
55196,0.0,0.0,0.0
55197,0.0,0.0,0.0
55198,0.0,0.0,0.0
55199,0.0,0.0,0.0
55200,0.0,0.0,0.0
55201,0.0,0.0,0.0
55202,0.0,0.0,0.0
55203,0.0,0.0,0.0
55204,0.0,0.0,0.0
55205,0.0,0.0,0.0
55206,0.0,0.0,0.0
55207,0.0,0.0,0.0
55208,0.0,0.0,0.0
55209,0.0,0.0,0.0
55210,0.0,0.0,0.0
55211,0.0,0.0,0.0
55212,0.0,0.0,0.0
55213,0.0,0.0,0.0
55214,0.0,0.0,0.0
55215,0.0,0.0,0.0
55216,0.0,0.0,0.0
55217,0.0,0.0,0.0
55218,0.0,0.0,0.0
55219,0.0,0.0,0.0
55220,0.0,0.0,0.0
55221,0.0,0.0,0.0
55222,0.0,0.0,0.0
55223,0.0,0.0,0.0
55224,0.0,0.0,0.0
55225,0.0,0.0,0.0
55226,0.0,0.0,0.0
55227,0.0,0.0,0.0
55228,0.0,0.0,0.0
55229,0.0,0.0,0.0
55230,0.0,0.0,0.0
55231,0.0,0.0,0.0
55232,0.0,0.0,0.0
55233,0.0,0.0,0.0
55234,0.0,0.0,0.0
55235,0.0,0.0,0.0
55236,0.0,0.0,0.0
55237,0.0,0.0,0.0
55238,0.0,0.0,0.0
55239,0.0,0.0,0.0
55240,0.0,0.0,0.0
55241,0.0,0.0,0.0
55242,0.0,0.0,0.0
55243,0.0,0.0,0.0
55244,0.0,0.0,0.0
55245,0.0,0.0,0.0
55246,0.0,0.0,0.0
55247,0.0,0.0,0.0
55248,0.0,0.0,0.0
55249,0.0,0.0,0.0
55250,0.0,0.0,0.0
55251,0.0,0.0,0.0
55252,0.0,0.0,0.0
55253,0.0,0.0,0.0
55254,0.0,0.0,0.0
55255,0.0,0.0,0.0
55256,0.0,0.0,0.0
55257,0.0,0.0,0.0
55258,0.0,0.0,0.0
55259,0.0,0.0,0.0
55260,0.0,0.0,0.0
55261,0.0,0.0,0.0
55262,0.0,0.0,0.0
55263,0.0,0.0,0.0
55264,0.0,0.0,0.0
55265,0.0,0.0,0.0
55266,0.0,0.0,0.0
55267,0.0,0.0,0.0
55268,0.0,0.0,0.0
55269,0.0,0.0,0.0
55270,0.0,0.0,0.0
55271,0.0,0.0,0.0
55272,0.0,0.0,0.0
55273,0.0,0.0,0.0
55274,0.0,0.0,0.0
55275,0.0,0.0,0.0
55276,0.0,0.0,0.0
55277,0.0,0.0,0.0
55278,0.0,0.0,0.0
55279,0.0,0.0,0.0
55280,0.0,0.0,0.0
55281,0.0,0.0,0.0
55282,0.0,0.0,0.0
55283,0.0,0.0,0.0
55284,0.0,0.0,0.0
55285,0.0,0.0,0.0
55286,0.0,0.0,0.0
55287,0.0,0.0,0.0
55288,0.0,0.0,0.0
55289,0.0,0.0,0.0
55290,0.0,0.0,0.0
55291,0.0,0.0,0.0
55292,0.0,0.0,0.0
55293,0.0,0.0,0.0
55294,0.0,0.0,0.0
55295,0.0,0.0,0.0
55296,0.0,0.0,0.0
55297,0.0,0.0,0.0
55298,0.0,0.0,0.0
55299,0.0,0.0,0.0
55300,0.0,0.0,0.0
55301,0.0,0.0,0.0
55302,0.0,0.0,0.0
55303,0.0,0.0,0.0
55304,0.0,0.0,0.0
55305,0.0,0.0,0.0
55306,0.0,0.0,0.0
55307,0.0,0.0,0.0
55308,0.0,0.0,0.0
55309,0.0,0.0,0.0
55310,0.0,0.0,0.0
55311,0.0,0.0,0.0
55312,0.0,0.0,0.0
55313,0.0,0.0,0.0
55314,0.0,0.0,0.0
55315,0.0,0.0,0.0
55316,0.0,0.0,0.0
55317,0.0,0.0,0.0
55318,0.0,0.0,0.0
55319,0.0,0.0,0.0
55320,0.0,0.0,0.0
55321,0.0,0.0,0.0
55322,0.0,0.0,0.0
55323,0.0,0.0,0.0
55324,0.0,0.0,0.0
55325,0.0,0.0,0.0
55326,0.0,0.0,0.0
55327,0.0,0.0,0.0
55328,0.0,0.0,0.0
55329,0.0,0.0,0.0
55330,0.0,0.0,0.0
55331,0.0,0.0,0.0
55332,0.0,0.0,0.0
55333,0.0,0.0,0.0
55334,0.0,0.0,0.0
55335,0.0,0.0,0.0
55336,0.0,0.0,0.0
55337,0.0,0.0,0.0
55338,0.0,0.0,0.0
55339,0.0,0.0,0.0
55340,0.0,0.0,0.0
55341,0.0,0.0,0.0
55342,0.0,0.0,0.0
55343,0.0,0.0,0.0
55344,0.0,0.0,0.0
55345,0.0,0.0,0.0
55346,0.0,0.0,0.0
55347,0.0,0.0,0.0
55348,0.0,0.0,0.0
55349,0.0,0.0,0.0
55350,0.0,0.0,0.0
55351,0.0,0.0,0.0
55352,0.0,0.0,0.0
55353,0.0,0.0,0.0
55354,0.0,0.0,0.0
55355,0.0,0.0,0.0
55356,0.0,0.0,0.0
55357,0.0,0.0,0.0
55358,0.0,0.0,0.0
55359,0.0,0.0,0.0
55360,0.0,0.0,0.0
55361,0.0,0.0,0.0
55362,0.0,0.0,0.0
55363,0.0,0.0,0.0
55364,0.0,0.0,0.0
55365,0.0,0.0,0.0
55366,0.0,0.0,0.0
55367,0.0,0.0,0.0
55368,0.0,0.0,0.0
55369,0.0,0.0,0.0
55370,0.0,0.0,0.0
55371,0.0,0.0,0.0
55372,0.0,0.0,0.0
55373,0.0,0.0,0.0
55374,0.0,0.0,0.0
55375,0.0,0.0,0.0
55376,0.0,0.0,0.0
55377,0.0,0.0,0.0
55378,0.0,0.0,0.0
55379,0.0,0.0,0.0
55380,0.0,0.0,0.0
55381,0.0,0.0,0.0
55382,0.0,0.0,0.0
55383,0.0,0.0,0.0
55384,0.0,0.0,0.0
55385,0.0,0.0,0.0
55386,0.0,0.0,0.0
55387,0.0,0.0,0.0
55388,0.0,0.0,0.0
55389,0.0,0.0,0.0
55390,0.0,0.0,0.0
55391,0.0,0.0,0.0
55392,0.0,0.0,0.0
55393,0.0,0.0,0.0
55394,0.0,0.0,0.0
55395,0.0,0.0,0.0
55396,0.0,0.0,0.0
55397,0.0,0.0,0.0
55398,0.0,0.0,0.0
55399,0.0,0.0,0.0
55400,0.0,0.0,0.0
55401,0.0,0.0,0.0
55402,0.0,0.0,0.0
55403,0.0,0.0,0.0
55404,0.0,0.0,0.0
55405,0.0,0.0,0.0
55406,0.0,0.0,0.0
55407,0.0,0.0,0.0
55408,0.0,0.0,0.0
55409,0.0,0.0,0.0
55410,0.0,0.0,0.0
55411,0.0,0.0,0.0
55412,0.0,0.0,0.0
55413,0.0,0.0,0.0
55414,0.0,0.0,0.0
55415,0.0,0.0,0.0
55416,0.0,0.0,0.0
55417,0.0,0.0,0.0
55418,0.0,0.0,0.0
55419,0.0,0.0,0.0
55420,0.0,0.0,0.0
55421,0.0,0.0,0.0
55422,0.0,0.0,0.0
55423,0.0,0.0,0.0
55424,0.0,0.0,0.0
55425,0.0,0.0,0.0
55426,0.0,0.0,0.0
55427,0.0,0.0,0.0
55428,0.0,0.0,0.0
55429,0.0,0.0,0.0
55430,0.0,0.0,0.0
55431,0.0,0.0,0.0
55432,0.0,0.0,0.0
55433,0.0,0.0,0.0
55434,0.0,0.0,0.0
55435,0.0,0.0,0.0
55436,0.0,0.0,0.0
55437,0.0,0.0,0.0
55438,0.0,0.0,0.0
55439,0.0,0.0,0.0
55440,0.0,0.0,0.0
55441,0.0,0.0,0.0
55442,0.0,0.0,0.0
55443,0.0,0.0,0.0
55444,0.0,0.0,0.0
55445,0.0,0.0,0.0
55446,0.0,0.0,0.0
55447,0.0,0.0,0.0
55448,0.0,0.0,0.0
55449,0.0,0.0,0.0
55450,0.0,0.0,0.0
55451,0.0,0.0,0.0
55452,0.0,0.0,0.0
55453,0.0,0.0,0.0
55454,0.0,0.0,0.0
55455,0.0,0.0,0.0
55456,0.0,0.0,0.0
55457,0.0,0.0,0.0
55458,0.0,0.0,0.0
55459,0.0,0.0,0.0
55460,0.0,0.0,0.0
55461,0.0,0.0,0.0
55462,0.0,0.0,0.0
55463,0.0,0.0,0.0
55464,0.0,0.0,0.0
55465,0.0,0.0,0.0
55466,0.0,0.0,0.0
55467,0.0,0.0,0.0
55468,0.0,0.0,0.0
55469,0.0,0.0,0.0
55470,0.0,0.0,0.0
55471,0.0,0.0,0.0
55472,0.0,0.0,0.0
55473,0.0,0.0,0.0
55474,0.0,0.0,0.0
55475,0.0,0.0,0.0
55476,0.0,0.0,0.0
55477,0.0,0.0,0.0
55478,0.0,0.0,0.0
55479,0.0,0.0,0.0
55480,0.0,0.0,0.0
55481,0.0,0.0,0.0
55482,0.0,0.0,0.0
55483,0.0,0.0,0.0
55484,0.0,0.0,0.0
55485,0.0,0.0,0.0
55486,0.0,0.0,0.0
55487,0.0,0.0,0.0
55488,0.0,0.0,0.0
55489,0.0,0.0,0.0
55490,0.0,0.0,0.0
55491,0.0,0.0,0.0
55492,0.0,0.0,0.0
55493,0.0,0.0,0.0
55494,0.0,0.0,0.0
55495,0.0,0.0,0.0
55496,0.0,0.0,0.0
55497,0.0,0.0,0.0
55498,0.0,0.0,0.0
55499,0.0,0.0,0.0
55500,0.0,0.0,0.0
55501,0.0,0.0,0.0
55502,0.0,0.0,0.0
55503,0.0,0.0,0.0
55504,0.0,0.0,0.0
55505,0.0,0.0,0.0
55506,0.0,0.0,0.0
55507,0.0,0.0,0.0
55508,0.0,0.0,0.0
55509,0.0,0.0,0.0
55510,0.0,0.0,0.0
55511,0.0,0.0,0.0
55512,0.0,0.0,0.0
55513,0.0,0.0,0.0
55514,0.0,0.0,0.0
55515,0.0,0.0,0.0
55516,0.0,0.0,0.0
55517,0.0,0.0,0.0
55518,0.0,0.0,0.0
55519,0.0,0.0,0.0
55520,0.0,0.0,0.0
55521,0.0,0.0,0.0
55522,0.0,0.0,0.0
55523,0.0,0.0,0.0
55524,0.0,0.0,0.0
55525,0.0,0.0,0.0
55526,0.0,0.0,0.0
55527,0.0,0.0,0.0
55528,0.0,0.0,0.0
55529,0.0,0.0,0.0
55530,0.0,0.0,0.0
55531,0.0,0.0,0.0
55532,0.0,0.0,0.0
55533,0.0,0.0,0.0
55534,0.0,0.0,0.0
55535,0.0,0.0,0.0
55536,0.0,0.0,0.0
55537,0.0,0.0,0.0
55538,0.0,0.0,0.0
55539,0.0,0.0,0.0
55540,0.0,0.0,0.0
55541,0.0,0.0,0.0
55542,0.0,0.0,0.0
55543,0.0,0.0,0.0
55544,0.0,0.0,0.0
55545,0.0,0.0,0.0
55546,0.0,0.0,0.0
55547,0.0,0.0,0.0
55548,0.0,0.0,0.0
55549,0.0,0.0,0.0
55550,0.0,0.0,0.0
55551,0.0,0.0,0.0
55552,0.0,0.0,0.0
55553,0.0,0.0,0.0
55554,0.0,0.0,0.0
55555,0.0,0.0,0.0
55556,0.0,0.0,0.0
55557,0.0,0.0,0.0
55558,0.0,0.0,0.0
55559,0.0,0.0,0.0
55560,0.0,0.0,0.0
55561,0.0,0.0,0.0
55562,0.0,0.0,0.0
55563,0.0,0.0,0.0
55564,0.0,0.0,0.0
55565,0.0,0.0,0.0
55566,0.0,0.0,0.0
55567,0.0,0.0,0.0
55568,0.0,0.0,0.0
55569,0.0,0.0,0.0
55570,0.0,0.0,0.0
55571,0.0,0.0,0.0
55572,0.0,0.0,0.0
55573,0.0,0.0,0.0
55574,0.0,0.0,0.0
55575,0.0,0.0,0.0
55576,0.0,0.0,0.0
55577,0.0,0.0,0.0
55578,0.0,0.0,0.0
55579,0.0,0.0,0.0
55580,0.0,0.0,0.0
55581,0.0,0.0,0.0
55582,0.0,0.0,0.0
55583,0.0,0.0,0.0
55584,0.0,0.0,0.0
55585,0.0,0.0,0.0
55586,0.0,0.0,0.0
55587,0.0,0.0,0.0
55588,0.0,0.0,0.0
55589,0.0,0.0,0.0
55590,0.0,0.0,0.0
55591,0.0,0.0,0.0
55592,0.0,0.0,0.0
55593,0.0,0.0,0.0
55594,0.0,0.0,0.0
55595,0.0,0.0,0.0
55596,0.0,0.0,0.0
55597,0.0,0.0,0.0
55598,0.0,0.0,0.0
55599,0.0,0.0,0.0
55600,0.0,0.0,0.0
55601,0.0,0.0,0.0
55602,0.0,0.0,0.0
55603,0.0,0.0,0.0
55604,0.0,0.0,0.0
55605,0.0,0.0,0.0
55606,0.0,0.0,0.0
55607,0.0,0.0,0.0
55608,0.0,0.0,0.0
55609,0.0,0.0,0.0
55610,0.0,0.0,0.0
55611,0.0,0.0,0.0
55612,0.0,0.0,0.0
55613,0.0,0.0,0.0
55614,0.0,0.0,0.0
55615,0.0,0.0,0.0
55616,0.0,0.0,0.0
55617,0.0,0.0,0.0
55618,0.0,0.0,0.0
55619,0.0,0.0,0.0
55620,0.0,0.0,0.0
55621,0.0,0.0,0.0
55622,0.0,0.0,0.0
55623,0.0,0.0,0.0
55624,0.0,0.0,0.0
55625,0.0,0.0,0.0
55626,0.0,0.0,0.0
55627,0.0,0.0,0.0
55628,0.0,0.0,0.0
55629,0.0,0.0,0.0
55630,0.0,0.0,0.0
55631,0.0,0.0,0.0
55632,0.0,0.0,0.0
55633,0.0,0.0,0.0
55634,0.0,0.0,0.0
55635,0.0,0.0,0.0
55636,0.0,0.0,0.0
55637,0.0,0.0,0.0
55638,0.0,0.0,0.0
55639,0.0,0.0,0.0
55640,0.0,0.0,0.0
55641,0.0,0.0,0.0
55642,0.0,0.0,0.0
55643,0.0,0.0,0.0
55644,0.0,0.0,0.0
55645,0.0,0.0,0.0
55646,0.0,0.0,0.0
55647,0.0,0.0,0.0
55648,0.0,0.0,0.0
55649,0.0,0.0,0.0
55650,0.0,0.0,0.0
55651,0.0,0.0,0.0
55652,0.0,0.0,0.0
55653,0.0,0.0,0.0
55654,0.0,0.0,0.0
55655,0.0,0.0,0.0
55656,0.0,0.0,0.0
55657,0.0,0.0,0.0
55658,0.0,0.0,0.0
55659,0.0,0.0,0.0
55660,0.0,0.0,0.0
55661,0.0,0.0,0.0
55662,0.0,0.0,0.0
55663,0.0,0.0,0.0
55664,0.0,0.0,0.0
55665,0.0,0.0,0.0
55666,0.0,0.0,0.0
55667,0.0,0.0,0.0
55668,0.0,0.0,0.0
55669,0.0,0.0,0.0
55670,0.0,0.0,0.0
55671,0.0,0.0,0.0
55672,0.0,0.0,0.0
55673,0.0,0.0,0.0
55674,0.0,0.0,0.0
55675,0.0,0.0,0.0
55676,0.0,0.0,0.0
55677,0.0,0.0,0.0
55678,0.0,0.0,0.0
55679,0.0,0.0,0.0
55680,0.0,0.0,0.0
55681,0.0,0.0,0.0
55682,0.0,0.0,0.0
55683,0.0,0.0,0.0
55684,0.0,0.0,0.0
55685,0.0,0.0,0.0
55686,0.0,0.0,0.0
55687,0.0,0.0,0.0
55688,0.0,0.0,0.0
55689,0.0,0.0,0.0
55690,0.0,0.0,0.0
55691,0.0,0.0,0.0
55692,0.0,0.0,0.0
55693,0.0,0.0,0.0
55694,0.0,0.0,0.0
55695,0.0,0.0,0.0
55696,0.0,0.0,0.0
55697,0.0,0.0,0.0
55698,0.0,0.0,0.0
55699,0.0,0.0,0.0
55700,0.0,0.0,0.0
55701,0.0,0.0,0.0
55702,0.0,0.0,0.0
55703,0.0,0.0,0.0
55704,0.0,0.0,0.0
55705,0.0,0.0,0.0
55706,0.0,0.0,0.0
55707,0.0,0.0,0.0
55708,0.0,0.0,0.0
55709,0.0,0.0,0.0
55710,0.0,0.0,0.0
55711,0.0,0.0,0.0
55712,0.0,0.0,0.0
55713,0.0,0.0,0.0
55714,0.0,0.0,0.0
55715,0.0,0.0,0.0
55716,0.0,0.0,0.0
55717,0.0,0.0,0.0
55718,0.0,0.0,0.0
55719,0.0,0.0,0.0
55720,0.0,0.0,0.0
55721,0.0,0.0,0.0
55722,0.0,0.0,0.0
55723,0.0,0.0,0.0
55724,0.0,0.0,0.0
55725,0.0,0.0,0.0
55726,0.0,0.0,0.0
55727,0.0,0.0,0.0
55728,0.0,0.0,0.0
55729,0.0,0.0,0.0
55730,0.0,0.0,0.0
55731,0.0,0.0,0.0
55732,0.0,0.0,0.0
55733,0.0,0.0,0.0
55734,0.0,0.0,0.0
55735,0.0,0.0,0.0
55736,0.0,0.0,0.0
55737,0.0,0.0,0.0
55738,0.0,0.0,0.0
55739,0.0,0.0,0.0
55740,0.0,0.0,0.0
55741,0.0,0.0,0.0
55742,0.0,0.0,0.0
55743,0.0,0.0,0.0
55744,0.0,0.0,0.0
55745,0.0,0.0,0.0
55746,0.0,0.0,0.0
55747,0.0,0.0,0.0
55748,0.0,0.0,0.0
55749,0.0,0.0,0.0
55750,0.0,0.0,0.0
55751,0.0,0.0,0.0
55752,0.0,0.0,0.0
55753,0.0,0.0,0.0
55754,0.0,0.0,0.0
55755,0.0,0.0,0.0
55756,0.0,0.0,0.0
55757,0.0,0.0,0.0
55758,0.0,0.0,0.0
55759,0.0,0.0,0.0
55760,0.0,0.0,0.0
55761,0.0,0.0,0.0
55762,0.0,0.0,0.0
55763,0.0,0.0,0.0
55764,0.0,0.0,0.0
55765,0.0,0.0,0.0
55766,0.0,0.0,0.0
55767,0.0,0.0,0.0
55768,0.0,0.0,0.0
55769,0.0,0.0,0.0
55770,0.0,0.0,0.0
55771,0.0,0.0,0.0
55772,0.0,0.0,0.0
55773,0.0,0.0,0.0
55774,0.0,0.0,0.0
55775,0.0,0.0,0.0
55776,0.0,0.0,0.0
55777,0.0,0.0,0.0
55778,0.0,0.0,0.0
55779,0.0,0.0,0.0
55780,0.0,0.0,0.0
55781,0.0,0.0,0.0
55782,0.0,0.0,0.0
55783,0.0,0.0,0.0
55784,0.0,0.0,0.0
55785,0.0,0.0,0.0
55786,0.0,0.0,0.0
55787,0.0,0.0,0.0
55788,0.0,0.0,0.0
55789,0.0,0.0,0.0
55790,0.0,0.0,0.0
55791,0.0,0.0,0.0
55792,0.0,0.0,0.0
55793,0.0,0.0,0.0
55794,0.0,0.0,0.0
55795,0.0,0.0,0.0
55796,0.0,0.0,0.0
55797,0.0,0.0,0.0
55798,0.0,0.0,0.0
55799,0.0,0.0,0.0
55800,0.0,0.0,0.0
55801,0.0,0.0,0.0
55802,0.0,0.0,0.0
55803,0.0,0.0,0.0
55804,0.0,0.0,0.0
55805,0.0,0.0,0.0
55806,0.0,0.0,0.0
55807,0.0,0.0,0.0
55808,0.0,0.0,0.0
55809,0.0,0.0,0.0
55810,0.0,0.0,0.0
55811,0.0,0.0,0.0
55812,0.0,0.0,0.0
55813,0.0,0.0,0.0
55814,0.0,0.0,0.0
55815,0.0,0.0,0.0
55816,0.0,0.0,0.0
55817,0.0,0.0,0.0
55818,0.0,0.0,0.0
55819,0.0,0.0,0.0
55820,0.0,0.0,0.0
55821,0.0,0.0,0.0
55822,0.0,0.0,0.0
55823,0.0,0.0,0.0
55824,0.0,0.0,0.0
55825,0.0,0.0,0.0
55826,0.0,0.0,0.0
55827,0.0,0.0,0.0
55828,0.0,0.0,0.0
55829,0.0,0.0,0.0
55830,0.0,0.0,0.0
55831,0.0,0.0,0.0
55832,0.0,0.0,0.0
55833,0.0,0.0,0.0
55834,0.0,0.0,0.0
55835,0.0,0.0,0.0
55836,0.0,0.0,0.0
55837,0.0,0.0,0.0
55838,0.0,0.0,0.0
55839,0.0,0.0,0.0
55840,0.0,0.0,0.0
55841,0.0,0.0,0.0
55842,0.0,0.0,0.0
55843,0.0,0.0,0.0
55844,0.0,0.0,0.0
55845,0.0,0.0,0.0
55846,0.0,0.0,0.0
55847,0.0,0.0,0.0
55848,0.0,0.0,0.0
55849,0.0,0.0,0.0
55850,0.0,0.0,0.0
55851,0.0,0.0,0.0
55852,0.0,0.0,0.0
55853,0.0,0.0,0.0
55854,0.0,0.0,0.0
55855,0.0,0.0,0.0
55856,0.0,0.0,0.0
55857,0.0,0.0,0.0
55858,0.0,0.0,0.0
55859,0.0,0.0,0.0
55860,0.0,0.0,0.0
55861,0.0,0.0,0.0
55862,0.0,0.0,0.0
55863,0.0,0.0,0.0
55864,0.0,0.0,0.0
55865,0.0,0.0,0.0
55866,0.0,0.0,0.0
55867,0.0,0.0,0.0
55868,0.0,0.0,0.0
55869,0.0,0.0,0.0
55870,0.0,0.0,0.0
55871,0.0,0.0,0.0
55872,0.0,0.0,0.0
55873,0.0,0.0,0.0
55874,0.0,0.0,0.0
55875,0.0,0.0,0.0
55876,0.0,0.0,0.0
55877,0.0,0.0,0.0
55878,0.0,0.0,0.0
55879,0.0,0.0,0.0
55880,0.0,0.0,0.0
55881,0.0,0.0,0.0
55882,0.0,0.0,0.0
55883,0.0,0.0,0.0
55884,0.0,0.0,0.0
55885,0.0,0.0,0.0
55886,0.0,0.0,0.0
55887,0.0,0.0,0.0
55888,0.0,0.0,0.0
55889,0.0,0.0,0.0
55890,0.0,0.0,0.0
55891,0.0,0.0,0.0
55892,0.0,0.0,0.0
55893,0.0,0.0,0.0
55894,0.0,0.0,0.0
55895,0.0,0.0,0.0
55896,0.0,0.0,0.0
55897,0.0,0.0,0.0
55898,0.0,0.0,0.0
55899,0.0,0.0,0.0
55900,0.0,0.0,0.0
55901,0.0,0.0,0.0
55902,0.0,0.0,0.0
55903,0.0,0.0,0.0
55904,0.0,0.0,0.0
55905,0.0,0.0,0.0
55906,0.0,0.0,0.0
55907,0.0,0.0,0.0
55908,0.0,0.0,0.0
55909,0.0,0.0,0.0
55910,0.0,0.0,0.0
55911,0.0,0.0,0.0
55912,0.0,0.0,0.0
55913,0.0,0.0,0.0
55914,0.0,0.0,0.0
55915,0.0,0.0,0.0
55916,0.0,0.0,0.0
55917,0.0,0.0,0.0
55918,0.0,0.0,0.0
55919,0.0,0.0,0.0
55920,0.0,0.0,0.0
55921,0.0,0.0,0.0
55922,0.0,0.0,0.0
55923,0.0,0.0,0.0
55924,0.0,0.0,0.0
55925,0.0,0.0,0.0
55926,0.0,0.0,0.0
55927,0.0,0.0,0.0
55928,0.0,0.0,0.0
55929,0.0,0.0,0.0
55930,0.0,0.0,0.0
55931,0.0,0.0,0.0
55932,0.0,0.0,0.0
55933,0.0,0.0,0.0
55934,0.0,0.0,0.0
55935,0.0,0.0,0.0
55936,0.0,0.0,0.0
55937,0.0,0.0,0.0
55938,0.0,0.0,0.0
55939,0.0,0.0,0.0
55940,0.0,0.0,0.0
55941,0.0,0.0,0.0
55942,0.0,0.0,0.0
55943,0.0,0.0,0.0
55944,0.0,0.0,0.0
55945,0.0,0.0,0.0
55946,0.0,0.0,0.0
55947,0.0,0.0,0.0
55948,0.0,0.0,0.0
55949,0.0,0.0,0.0
55950,0.0,0.0,0.0
55951,0.0,0.0,0.0
55952,0.0,0.0,0.0
55953,0.0,0.0,0.0
55954,0.0,0.0,0.0
55955,0.0,0.0,0.0
55956,0.0,0.0,0.0
55957,0.0,0.0,0.0
55958,0.0,0.0,0.0
55959,0.0,0.0,0.0
55960,0.0,0.0,0.0
55961,0.0,0.0,0.0
55962,0.0,0.0,0.0
55963,0.0,0.0,0.0
55964,0.0,0.0,0.0
55965,0.0,0.0,0.0
55966,0.0,0.0,0.0
55967,0.0,0.0,0.0
55968,0.0,0.0,0.0
55969,0.0,0.0,0.0
55970,0.0,0.0,0.0
55971,0.0,0.0,0.0
55972,0.0,0.0,0.0
55973,0.0,0.0,0.0
55974,0.0,0.0,0.0
55975,0.0,0.0,0.0
55976,0.0,0.0,0.0
55977,0.0,0.0,0.0
55978,0.0,0.0,0.0
55979,0.0,0.0,0.0
55980,0.0,0.0,0.0
55981,0.0,0.0,0.0
55982,0.0,0.0,0.0
55983,0.0,0.0,0.0
55984,0.0,0.0,0.0
55985,0.0,0.0,0.0
55986,0.0,0.0,0.0
55987,0.0,0.0,0.0
55988,0.0,0.0,0.0
55989,0.0,0.0,0.0
55990,0.0,0.0,0.0
55991,0.0,0.0,0.0
55992,0.0,0.0,0.0
55993,0.0,0.0,0.0
55994,0.0,0.0,0.0
55995,0.0,0.0,0.0
55996,0.0,0.0,0.0
55997,0.0,0.0,0.0
55998,0.0,0.0,0.0
55999,0.0,0.0,0.0
56000,0.0,0.0,0.0
56001,0.0,0.0,0.0
56002,0.0,0.0,0.0
56003,0.0,0.0,0.0
56004,0.0,0.0,0.0
56005,0.0,0.0,0.0
56006,0.0,0.0,0.0
56007,0.0,0.0,0.0
56008,0.0,0.0,0.0
56009,0.0,0.0,0.0
56010,0.0,0.0,0.0
56011,0.0,0.0,0.0
56012,0.0,0.0,0.0
56013,0.0,0.0,0.0
56014,0.0,0.0,0.0
56015,0.0,0.0,0.0
56016,0.0,0.0,0.0
56017,0.0,0.0,0.0
56018,0.0,0.0,0.0
56019,0.0,0.0,0.0
56020,0.0,0.0,0.0
56021,0.0,0.0,0.0
56022,0.0,0.0,0.0
56023,0.0,0.0,0.0
56024,0.0,0.0,0.0
56025,0.0,0.0,0.0
56026,0.0,0.0,0.0
56027,0.0,0.0,0.0
56028,0.0,0.0,0.0
56029,0.0,0.0,0.0
56030,0.0,0.0,0.0
56031,0.0,0.0,0.0
56032,0.0,0.0,0.0
56033,0.0,0.0,0.0
56034,0.0,0.0,0.0
56035,0.0,0.0,0.0
56036,0.0,0.0,0.0
56037,0.0,0.0,0.0
56038,0.0,0.0,0.0
56039,0.0,0.0,0.0
56040,0.0,0.0,0.0
56041,0.0,0.0,0.0
56042,0.0,0.0,0.0
56043,0.0,0.0,0.0
56044,0.0,0.0,0.0
56045,0.0,0.0,0.0
56046,0.0,0.0,0.0
56047,0.0,0.0,0.0
56048,0.0,0.0,0.0
56049,0.0,0.0,0.0
56050,0.0,0.0,0.0
56051,0.0,0.0,0.0
56052,0.0,0.0,0.0
56053,0.0,0.0,0.0
56054,0.0,0.0,0.0
56055,0.0,0.0,0.0
56056,0.0,0.0,0.0
56057,0.0,0.0,0.0
56058,0.0,0.0,0.0
56059,0.0,0.0,0.0
56060,0.0,0.0,0.0
56061,0.0,0.0,0.0
56062,0.0,0.0,0.0
56063,0.0,0.0,0.0
56064,0.0,0.0,0.0
56065,0.0,0.0,0.0
56066,0.0,0.0,0.0
56067,0.0,0.0,0.0
56068,0.0,0.0,0.0
56069,0.0,0.0,0.0
56070,0.0,0.0,0.0
56071,0.0,0.0,0.0
56072,0.0,0.0,0.0
56073,0.0,0.0,0.0
56074,0.0,0.0,0.0
56075,0.0,0.0,0.0
56076,0.0,0.0,0.0
56077,0.0,0.0,0.0
56078,0.0,0.0,0.0
56079,0.0,0.0,0.0
56080,0.0,0.0,0.0
56081,0.0,0.0,0.0
56082,0.0,0.0,0.0
56083,0.0,0.0,0.0
56084,0.0,0.0,0.0
56085,0.0,0.0,0.0
56086,0.0,0.0,0.0
56087,0.0,0.0,0.0
56088,0.0,0.0,0.0
56089,0.0,0.0,0.0
56090,0.0,0.0,0.0
56091,0.0,0.0,0.0
56092,0.0,0.0,0.0
56093,0.0,0.0,0.0
56094,0.0,0.0,0.0
56095,0.0,0.0,0.0
56096,0.0,0.0,0.0
56097,0.0,0.0,0.0
56098,0.0,0.0,0.0
56099,0.0,0.0,0.0
56100,0.0,0.0,0.0
56101,0.0,0.0,0.0
56102,0.0,0.0,0.0
56103,0.0,0.0,0.0
56104,0.0,0.0,0.0
56105,0.0,0.0,0.0
56106,0.0,0.0,0.0
56107,0.0,0.0,0.0
56108,0.0,0.0,0.0
56109,0.0,0.0,0.0
56110,0.0,0.0,0.0
56111,0.0,0.0,0.0
56112,0.0,0.0,0.0
56113,0.0,0.0,0.0
56114,0.0,0.0,0.0
56115,0.0,0.0,0.0
56116,0.0,0.0,0.0
56117,0.0,0.0,0.0
56118,0.0,0.0,0.0
56119,0.0,0.0,0.0
56120,0.0,0.0,0.0
56121,0.0,0.0,0.0
56122,0.0,0.0,0.0
56123,0.0,0.0,0.0
56124,0.0,0.0,0.0
56125,0.0,0.0,0.0
56126,0.0,0.0,0.0
56127,0.0,0.0,0.0
56128,0.0,0.0,0.0
56129,0.0,0.0,0.0
56130,0.0,0.0,0.0
56131,0.0,0.0,0.0
56132,0.0,0.0,0.0
56133,0.0,0.0,0.0
56134,0.0,0.0,0.0
56135,0.0,0.0,0.0
56136,0.0,0.0,0.0
56137,0.0,0.0,0.0
56138,0.0,0.0,0.0
56139,0.0,0.0,0.0
56140,0.0,0.0,0.0
56141,0.0,0.0,0.0
56142,0.0,0.0,0.0
56143,0.0,0.0,0.0
56144,0.0,0.0,0.0
56145,0.0,0.0,0.0
56146,0.0,0.0,0.0
56147,0.0,0.0,0.0
56148,0.0,0.0,0.0
56149,0.0,0.0,0.0
56150,0.0,0.0,0.0
56151,0.0,0.0,0.0
56152,0.0,0.0,0.0
56153,0.0,0.0,0.0
56154,0.0,0.0,0.0
56155,0.0,0.0,0.0
56156,0.0,0.0,0.0
56157,0.0,0.0,0.0
56158,0.0,0.0,0.0
56159,0.0,0.0,0.0
56160,0.0,0.0,0.0
56161,0.0,0.0,0.0
56162,0.0,0.0,0.0
56163,0.0,0.0,0.0
56164,0.0,0.0,0.0
56165,0.0,0.0,0.0
56166,0.0,0.0,0.0
56167,0.0,0.0,0.0
56168,0.0,0.0,0.0
56169,0.0,0.0,0.0
56170,0.0,0.0,0.0
56171,0.0,0.0,0.0
56172,0.0,0.0,0.0
56173,0.0,0.0,0.0
56174,0.0,0.0,0.0
56175,0.0,0.0,0.0
56176,0.0,0.0,0.0
56177,0.0,0.0,0.0
56178,0.0,0.0,0.0
56179,0.0,0.0,0.0
56180,0.0,0.0,0.0
56181,0.0,0.0,0.0
56182,0.0,0.0,0.0
56183,0.0,0.0,0.0
56184,0.0,0.0,0.0
56185,0.0,0.0,0.0
56186,0.0,0.0,0.0
56187,0.0,0.0,0.0
56188,0.0,0.0,0.0
56189,0.0,0.0,0.0
56190,0.0,0.0,0.0
56191,0.0,0.0,0.0
56192,0.0,0.0,0.0
56193,0.0,0.0,0.0
56194,0.0,0.0,0.0
56195,0.0,0.0,0.0
56196,0.0,0.0,0.0
56197,0.0,0.0,0.0
56198,0.0,0.0,0.0
56199,0.0,0.0,0.0
56200,0.0,0.0,0.0
56201,0.0,0.0,0.0
56202,0.0,0.0,0.0
56203,0.0,0.0,0.0
56204,0.0,0.0,0.0
56205,0.0,0.0,0.0
56206,0.0,0.0,0.0
56207,0.0,0.0,0.0
56208,0.0,0.0,0.0
56209,0.0,0.0,0.0
56210,0.0,0.0,0.0
56211,0.0,0.0,0.0
56212,0.0,0.0,0.0
56213,0.0,0.0,0.0
56214,0.0,0.0,0.0
56215,0.0,0.0,0.0
56216,0.0,0.0,0.0
56217,0.0,0.0,0.0
56218,0.0,0.0,0.0
56219,0.0,0.0,0.0
56220,0.0,0.0,0.0
56221,0.0,0.0,0.0
56222,0.0,0.0,0.0
56223,0.0,0.0,0.0
56224,0.0,0.0,0.0
56225,0.0,0.0,0.0
56226,0.0,0.0,0.0
56227,0.0,0.0,0.0
56228,0.0,0.0,0.0
56229,0.0,0.0,0.0
56230,0.0,0.0,0.0
56231,0.0,0.0,0.0
56232,0.0,0.0,0.0
56233,0.0,0.0,0.0
56234,0.0,0.0,0.0
56235,0.0,0.0,0.0
56236,0.0,0.0,0.0
56237,0.0,0.0,0.0
56238,0.0,0.0,0.0
56239,0.0,0.0,0.0
56240,0.0,0.0,0.0
56241,0.0,0.0,0.0
56242,0.0,0.0,0.0
56243,0.0,0.0,0.0
56244,0.0,0.0,0.0
56245,0.0,0.0,0.0
56246,0.0,0.0,0.0
56247,0.0,0.0,0.0
56248,0.0,0.0,0.0
56249,0.0,0.0,0.0
56250,0.0,0.0,0.0
56251,0.0,0.0,0.0
56252,0.0,0.0,0.0
56253,0.0,0.0,0.0
56254,0.0,0.0,0.0
56255,0.0,0.0,0.0
56256,0.0,0.0,0.0
56257,0.0,0.0,0.0
56258,0.0,0.0,0.0
56259,0.0,0.0,0.0
56260,0.0,0.0,0.0
56261,0.0,0.0,0.0
56262,0.0,0.0,0.0
56263,0.0,0.0,0.0
56264,0.0,0.0,0.0
56265,0.0,0.0,0.0
56266,0.0,0.0,0.0
56267,0.0,0.0,0.0
56268,0.0,0.0,0.0
56269,0.0,0.0,0.0
56270,0.0,0.0,0.0
56271,0.0,0.0,0.0
56272,0.0,0.0,0.0
56273,0.0,0.0,0.0
56274,0.0,0.0,0.0
56275,0.0,0.0,0.0
56276,0.0,0.0,0.0
56277,0.0,0.0,0.0
56278,0.0,0.0,0.0
56279,0.0,0.0,0.0
56280,0.0,0.0,0.0
56281,0.0,0.0,0.0
56282,0.0,0.0,0.0
56283,0.0,0.0,0.0
56284,0.0,0.0,0.0
56285,0.0,0.0,0.0
56286,0.0,0.0,0.0
56287,0.0,0.0,0.0
56288,0.0,0.0,0.0
56289,0.0,0.0,0.0
56290,0.0,0.0,0.0
56291,0.0,0.0,0.0
56292,0.0,0.0,0.0
56293,0.0,0.0,0.0
56294,0.0,0.0,0.0
56295,0.0,0.0,0.0
56296,0.0,0.0,0.0
56297,0.0,0.0,0.0
56298,0.0,0.0,0.0
56299,0.0,0.0,0.0
56300,0.0,0.0,0.0
56301,0.0,0.0,0.0
56302,0.0,0.0,0.0
56303,0.0,0.0,0.0
56304,0.0,0.0,0.0
56305,0.0,0.0,0.0
56306,0.0,0.0,0.0
56307,0.0,0.0,0.0
56308,0.0,0.0,0.0
56309,0.0,0.0,0.0
56310,0.0,0.0,0.0
56311,0.0,0.0,0.0
56312,0.0,0.0,0.0
56313,0.0,0.0,0.0
56314,0.0,0.0,0.0
56315,0.0,0.0,0.0
56316,0.0,0.0,0.0
56317,0.0,0.0,0.0
56318,0.0,0.0,0.0
56319,0.0,0.0,0.0
56320,0.0,0.0,0.0
56321,0.0,0.0,0.0
56322,0.0,0.0,0.0
56323,0.0,0.0,0.0
56324,0.0,0.0,0.0
56325,0.0,0.0,0.0
56326,0.0,0.0,0.0
56327,0.0,0.0,0.0
56328,0.0,0.0,0.0
56329,0.0,0.0,0.0
56330,0.0,0.0,0.0
56331,0.0,0.0,0.0
56332,0.0,0.0,0.0
56333,0.0,0.0,0.0
56334,0.0,0.0,0.0
56335,0.0,0.0,0.0
56336,0.0,0.0,0.0
56337,0.0,0.0,0.0
56338,0.0,0.0,0.0
56339,0.0,0.0,0.0
56340,0.0,0.0,0.0
56341,0.0,0.0,0.0
56342,0.0,0.0,0.0
56343,0.0,0.0,0.0
56344,0.0,0.0,0.0
56345,0.0,0.0,0.0
56346,0.0,0.0,0.0
56347,0.0,0.0,0.0
56348,0.0,0.0,0.0
56349,0.0,0.0,0.0
56350,0.0,0.0,0.0
56351,0.0,0.0,0.0
56352,0.0,0.0,0.0
56353,0.0,0.0,0.0
56354,0.0,0.0,0.0
56355,0.0,0.0,0.0
56356,0.0,0.0,0.0
56357,0.0,0.0,0.0
56358,0.0,0.0,0.0
56359,0.0,0.0,0.0
56360,0.0,0.0,0.0
56361,0.0,0.0,0.0
56362,0.0,0.0,0.0
56363,0.0,0.0,0.0
56364,0.0,0.0,0.0
56365,0.0,0.0,0.0
56366,0.0,0.0,0.0
56367,0.0,0.0,0.0
56368,0.0,0.0,0.0
56369,0.0,0.0,0.0
56370,0.0,0.0,0.0
56371,0.0,0.0,0.0
56372,0.0,0.0,0.0
56373,0.0,0.0,0.0
56374,0.0,0.0,0.0
56375,0.0,0.0,0.0
56376,0.0,0.0,0.0
56377,0.0,0.0,0.0
56378,0.0,0.0,0.0
56379,0.0,0.0,0.0
56380,0.0,0.0,0.0
56381,0.0,0.0,0.0
56382,0.0,0.0,0.0
56383,0.0,0.0,0.0
56384,0.0,0.0,0.0
56385,0.0,0.0,0.0
56386,0.0,0.0,0.0
56387,0.0,0.0,0.0
56388,0.0,0.0,0.0
56389,0.0,0.0,0.0
56390,0.0,0.0,0.0
56391,0.0,0.0,0.0
56392,0.0,0.0,0.0
56393,0.0,0.0,0.0
56394,0.0,0.0,0.0
56395,0.0,0.0,0.0
56396,0.0,0.0,0.0
56397,0.0,0.0,0.0
56398,0.0,0.0,0.0
56399,0.0,0.0,0.0
56400,0.0,0.0,0.0
56401,0.0,0.0,0.0
56402,0.0,0.0,0.0
56403,0.0,0.0,0.0
56404,0.0,0.0,0.0
56405,0.0,0.0,0.0
56406,0.0,0.0,0.0
56407,0.0,0.0,0.0
56408,0.0,0.0,0.0
56409,0.0,0.0,0.0
56410,0.0,0.0,0.0
56411,0.0,0.0,0.0
56412,0.0,0.0,0.0
56413,0.0,0.0,0.0
56414,0.0,0.0,0.0
56415,0.0,0.0,0.0
56416,0.0,0.0,0.0
56417,0.0,0.0,0.0
56418,0.0,0.0,0.0
56419,0.0,0.0,0.0
56420,0.0,0.0,0.0
56421,0.0,0.0,0.0
56422,0.0,0.0,0.0
56423,0.0,0.0,0.0
56424,0.0,0.0,0.0
56425,0.0,0.0,0.0
56426,0.0,0.0,0.0
56427,0.0,0.0,0.0
56428,0.0,0.0,0.0
56429,0.0,0.0,0.0
56430,0.0,0.0,0.0
56431,0.0,0.0,0.0
56432,0.0,0.0,0.0
56433,0.0,0.0,0.0
56434,0.0,0.0,0.0
56435,0.0,0.0,0.0
56436,0.0,0.0,0.0
56437,0.0,0.0,0.0
56438,0.0,0.0,0.0
56439,0.0,0.0,0.0
56440,0.0,0.0,0.0
56441,0.0,0.0,0.0
56442,0.0,0.0,0.0
56443,0.0,0.0,0.0
56444,0.0,0.0,0.0
56445,0.0,0.0,0.0
56446,0.0,0.0,0.0
56447,0.0,0.0,0.0
56448,0.0,0.0,0.0
56449,0.0,0.0,0.0
56450,0.0,0.0,0.0
56451,0.0,0.0,0.0
56452,0.0,0.0,0.0
56453,0.0,0.0,0.0
56454,0.0,0.0,0.0
56455,0.0,0.0,0.0
56456,0.0,0.0,0.0
56457,0.0,0.0,0.0
56458,0.0,0.0,0.0
56459,0.0,0.0,0.0
56460,0.0,0.0,0.0
56461,0.0,0.0,0.0
56462,0.0,0.0,0.0
56463,0.0,0.0,0.0
56464,0.0,0.0,0.0
56465,0.0,0.0,0.0
56466,0.0,0.0,0.0
56467,0.0,0.0,0.0
56468,0.0,0.0,0.0
56469,0.0,0.0,0.0
56470,0.0,0.0,0.0
56471,0.0,0.0,0.0
56472,0.0,0.0,0.0
56473,0.0,0.0,0.0
56474,0.0,0.0,0.0
56475,0.0,0.0,0.0
56476,0.0,0.0,0.0
56477,0.0,0.0,0.0
56478,0.0,0.0,0.0
56479,0.0,0.0,0.0
56480,0.0,0.0,0.0
56481,0.0,0.0,0.0
56482,0.0,0.0,0.0
56483,0.0,0.0,0.0
56484,0.0,0.0,0.0
56485,0.0,0.0,0.0
56486,0.0,0.0,0.0
56487,0.0,0.0,0.0
56488,0.0,0.0,0.0
56489,0.0,0.0,0.0
56490,0.0,0.0,0.0
56491,0.0,0.0,0.0
56492,0.0,0.0,0.0
56493,0.0,0.0,0.0
56494,0.0,0.0,0.0
56495,0.0,0.0,0.0
56496,0.0,0.0,0.0
56497,0.0,0.0,0.0
56498,0.0,0.0,0.0
56499,0.0,0.0,0.0
56500,0.0,0.0,0.0
56501,0.0,0.0,0.0
56502,0.0,0.0,0.0
56503,0.0,0.0,0.0
56504,0.0,0.0,0.0
56505,0.0,0.0,0.0
56506,0.0,0.0,0.0
56507,0.0,0.0,0.0
56508,0.0,0.0,0.0
56509,0.0,0.0,0.0
56510,0.0,0.0,0.0
56511,0.0,0.0,0.0
56512,0.0,0.0,0.0
56513,0.0,0.0,0.0
56514,0.0,0.0,0.0
56515,0.0,0.0,0.0
56516,0.0,0.0,0.0
56517,0.0,0.0,0.0
56518,0.0,0.0,0.0
56519,0.0,0.0,0.0
56520,0.0,0.0,0.0
56521,0.0,0.0,0.0
56522,0.0,0.0,0.0
56523,0.0,0.0,0.0
56524,0.0,0.0,0.0
56525,0.0,0.0,0.0
56526,0.0,0.0,0.0
56527,0.0,0.0,0.0
56528,0.0,0.0,0.0
56529,0.0,0.0,0.0
56530,0.0,0.0,0.0
56531,0.0,0.0,0.0
56532,0.0,0.0,0.0
56533,0.0,0.0,0.0
56534,0.0,0.0,0.0
56535,0.0,0.0,0.0
56536,0.0,0.0,0.0
56537,0.0,0.0,0.0
56538,0.0,0.0,0.0
56539,0.0,0.0,0.0
56540,0.0,0.0,0.0
56541,0.0,0.0,0.0
56542,0.0,0.0,0.0
56543,0.0,0.0,0.0
56544,0.0,0.0,0.0
56545,0.0,0.0,0.0
56546,0.0,0.0,0.0
56547,0.0,0.0,0.0
56548,0.0,0.0,0.0
56549,0.0,0.0,0.0
56550,0.0,0.0,0.0
56551,0.0,0.0,0.0
56552,0.0,0.0,0.0
56553,0.0,0.0,0.0
56554,0.0,0.0,0.0
56555,0.0,0.0,0.0
56556,0.0,0.0,0.0
56557,0.0,0.0,0.0
56558,0.0,0.0,0.0
56559,0.0,0.0,0.0
56560,0.0,0.0,0.0
56561,0.0,0.0,0.0
56562,0.0,0.0,0.0
56563,0.0,0.0,0.0
56564,0.0,0.0,0.0
56565,0.0,0.0,0.0
56566,0.0,0.0,0.0
56567,0.0,0.0,0.0
56568,0.0,0.0,0.0
56569,0.0,0.0,0.0
56570,0.0,0.0,0.0
56571,0.0,0.0,0.0
56572,0.0,0.0,0.0
56573,0.0,0.0,0.0
56574,0.0,0.0,0.0
56575,0.0,0.0,0.0
56576,0.0,0.0,0.0
56577,0.0,0.0,0.0
56578,0.0,0.0,0.0
56579,0.0,0.0,0.0
56580,0.0,0.0,0.0
56581,0.0,0.0,0.0
56582,0.0,0.0,0.0
56583,0.0,0.0,0.0
56584,0.0,0.0,0.0
56585,0.0,0.0,0.0
56586,0.0,0.0,0.0
56587,0.0,0.0,0.0
56588,0.0,0.0,0.0
56589,0.0,0.0,0.0
56590,0.0,0.0,0.0
56591,0.0,0.0,0.0
56592,0.0,0.0,0.0
56593,0.0,0.0,0.0
56594,0.0,0.0,0.0
56595,0.0,0.0,0.0
56596,0.0,0.0,0.0
56597,0.0,0.0,0.0
56598,0.0,0.0,0.0
56599,0.0,0.0,0.0
56600,0.0,0.0,0.0
56601,0.0,0.0,0.0
56602,0.0,0.0,0.0
56603,0.0,0.0,0.0
56604,0.0,0.0,0.0
56605,0.0,0.0,0.0
56606,0.0,0.0,0.0
56607,0.0,0.0,0.0
56608,0.0,0.0,0.0
56609,0.0,0.0,0.0
56610,0.0,0.0,0.0
56611,0.0,0.0,0.0
56612,0.0,0.0,0.0
56613,0.0,0.0,0.0
56614,0.0,0.0,0.0
56615,0.0,0.0,0.0
56616,0.0,0.0,0.0
56617,0.0,0.0,0.0
56618,0.0,0.0,0.0
56619,0.0,0.0,0.0
56620,0.0,0.0,0.0
56621,0.0,0.0,0.0
56622,0.0,0.0,0.0
56623,0.0,0.0,0.0
56624,0.0,0.0,0.0
56625,0.0,0.0,0.0
56626,0.0,0.0,0.0
56627,0.0,0.0,0.0
56628,0.0,0.0,0.0
56629,0.0,0.0,0.0
56630,0.0,0.0,0.0
56631,0.0,0.0,0.0
56632,0.0,0.0,0.0
56633,0.0,0.0,0.0
56634,0.0,0.0,0.0
56635,0.0,0.0,0.0
56636,0.0,0.0,0.0
56637,0.0,0.0,0.0
56638,0.0,0.0,0.0
56639,0.0,0.0,0.0
56640,0.0,0.0,0.0
56641,0.0,0.0,0.0
56642,0.0,0.0,0.0
56643,0.0,0.0,0.0
56644,0.0,0.0,0.0
56645,0.0,0.0,0.0
56646,0.0,0.0,0.0
56647,0.0,0.0,0.0
56648,0.0,0.0,0.0
56649,0.0,0.0,0.0
56650,0.0,0.0,0.0
56651,0.0,0.0,0.0
56652,0.0,0.0,0.0
56653,0.0,0.0,0.0
56654,0.0,0.0,0.0
56655,0.0,0.0,0.0
56656,0.0,0.0,0.0
56657,0.0,0.0,0.0
56658,0.0,0.0,0.0
56659,0.0,0.0,0.0
56660,0.0,0.0,0.0
56661,0.0,0.0,0.0
56662,0.0,0.0,0.0
56663,0.0,0.0,0.0
56664,0.0,0.0,0.0
56665,0.0,0.0,0.0
56666,0.0,0.0,0.0
56667,0.0,0.0,0.0
56668,0.0,0.0,0.0
56669,0.0,0.0,0.0
56670,0.0,0.0,0.0
56671,0.0,0.0,0.0
56672,0.0,0.0,0.0
56673,0.0,0.0,0.0
56674,0.0,0.0,0.0
56675,0.0,0.0,0.0
56676,0.0,0.0,0.0
56677,0.0,0.0,0.0
56678,0.0,0.0,0.0
56679,0.0,0.0,0.0
56680,0.0,0.0,0.0
56681,0.0,0.0,0.0
56682,0.0,0.0,0.0
56683,0.0,0.0,0.0
56684,0.0,0.0,0.0
56685,0.0,0.0,0.0
56686,0.0,0.0,0.0
56687,0.0,0.0,0.0
56688,0.0,0.0,0.0
56689,0.0,0.0,0.0
56690,0.0,0.0,0.0
56691,0.0,0.0,0.0
56692,0.0,0.0,0.0
56693,0.0,0.0,0.0
56694,0.0,0.0,0.0
56695,0.0,0.0,0.0
56696,0.0,0.0,0.0
56697,0.0,0.0,0.0
56698,0.0,0.0,0.0
56699,0.0,0.0,0.0
56700,0.0,0.0,0.0
56701,0.0,0.0,0.0
56702,0.0,0.0,0.0
56703,0.0,0.0,0.0
56704,0.0,0.0,0.0
56705,0.0,0.0,0.0
56706,0.0,0.0,0.0
56707,0.0,0.0,0.0
56708,0.0,0.0,0.0
56709,0.0,0.0,0.0
56710,0.0,0.0,0.0
56711,0.0,0.0,0.0
56712,0.0,0.0,0.0
56713,0.0,0.0,0.0
56714,0.0,0.0,0.0
56715,0.0,0.0,0.0
56716,0.0,0.0,0.0
56717,0.0,0.0,0.0
56718,0.0,0.0,0.0
56719,0.0,0.0,0.0
56720,0.0,0.0,0.0
56721,0.0,0.0,0.0
56722,0.0,0.0,0.0
56723,0.0,0.0,0.0
56724,0.0,0.0,0.0
56725,0.0,0.0,0.0
56726,0.0,0.0,0.0
56727,0.0,0.0,0.0
56728,0.0,0.0,0.0
56729,0.0,0.0,0.0
56730,0.0,0.0,0.0
56731,0.0,0.0,0.0
56732,0.0,0.0,0.0
56733,0.0,0.0,0.0
56734,0.0,0.0,0.0
56735,0.0,0.0,0.0
56736,0.0,0.0,0.0
56737,0.0,0.0,0.0
56738,0.0,0.0,0.0
56739,0.0,0.0,0.0
56740,0.0,0.0,0.0
56741,0.0,0.0,0.0
56742,0.0,0.0,0.0
56743,0.0,0.0,0.0
56744,0.0,0.0,0.0
56745,0.0,0.0,0.0
56746,0.0,0.0,0.0
56747,0.0,0.0,0.0
56748,0.0,0.0,0.0
56749,0.0,0.0,0.0
56750,0.0,0.0,0.0
56751,0.0,0.0,0.0
56752,0.0,0.0,0.0
56753,0.0,0.0,0.0
56754,0.0,0.0,0.0
56755,0.0,0.0,0.0
56756,0.0,0.0,0.0
56757,0.0,0.0,0.0
56758,0.0,0.0,0.0
56759,0.0,0.0,0.0
56760,0.0,0.0,0.0
56761,0.0,0.0,0.0
56762,0.0,0.0,0.0
56763,0.0,0.0,0.0
56764,0.0,0.0,0.0
56765,0.0,0.0,0.0
56766,0.0,0.0,0.0
56767,0.0,0.0,0.0
56768,0.0,0.0,0.0
56769,0.0,0.0,0.0
56770,0.0,0.0,0.0
56771,0.0,0.0,0.0
56772,0.0,0.0,0.0
56773,0.0,0.0,0.0
56774,0.0,0.0,0.0
56775,0.0,0.0,0.0
56776,0.0,0.0,0.0
56777,0.0,0.0,0.0
56778,0.0,0.0,0.0
56779,0.0,0.0,0.0
56780,0.0,0.0,0.0
56781,0.0,0.0,0.0
56782,0.0,0.0,0.0
56783,0.0,0.0,0.0
56784,0.0,0.0,0.0
56785,0.0,0.0,0.0
56786,0.0,0.0,0.0
56787,0.0,0.0,0.0
56788,0.0,0.0,0.0
56789,0.0,0.0,0.0
56790,0.0,0.0,0.0
56791,0.0,0.0,0.0
56792,0.0,0.0,0.0
56793,0.0,0.0,0.0
56794,0.0,0.0,0.0
56795,0.0,0.0,0.0
56796,0.0,0.0,0.0
56797,0.0,0.0,0.0
56798,0.0,0.0,0.0
56799,0.0,0.0,0.0
56800,0.0,0.0,0.0
56801,0.0,0.0,0.0
56802,0.0,0.0,0.0
56803,0.0,0.0,0.0
56804,0.0,0.0,0.0
56805,0.0,0.0,0.0
56806,0.0,0.0,0.0
56807,0.0,0.0,0.0
56808,0.0,0.0,0.0
56809,0.0,0.0,0.0
56810,0.0,0.0,0.0
56811,0.0,0.0,0.0
56812,0.0,0.0,0.0
56813,0.0,0.0,0.0
56814,0.0,0.0,0.0
56815,0.0,0.0,0.0
56816,0.0,0.0,0.0
56817,0.0,0.0,0.0
56818,0.0,0.0,0.0
56819,0.0,0.0,0.0
56820,0.0,0.0,0.0
56821,0.0,0.0,0.0
56822,0.0,0.0,0.0
56823,0.0,0.0,0.0
56824,0.0,0.0,0.0
56825,0.0,0.0,0.0
56826,0.0,0.0,0.0
56827,0.0,0.0,0.0
56828,0.0,0.0,0.0
56829,0.0,0.0,0.0
56830,0.0,0.0,0.0
56831,0.0,0.0,0.0
56832,0.0,0.0,0.0
56833,0.0,0.0,0.0
56834,0.0,0.0,0.0
56835,0.0,0.0,0.0
56836,0.0,0.0,0.0
56837,0.0,0.0,0.0
56838,0.0,0.0,0.0
56839,0.0,0.0,0.0
56840,0.0,0.0,0.0
56841,0.0,0.0,0.0
56842,0.0,0.0,0.0
56843,0.0,0.0,0.0
56844,0.0,0.0,0.0
56845,0.0,0.0,0.0
56846,0.0,0.0,0.0
56847,0.0,0.0,0.0
56848,0.0,0.0,0.0
56849,0.0,0.0,0.0
56850,0.0,0.0,0.0
56851,0.0,0.0,0.0
56852,0.0,0.0,0.0
56853,0.0,0.0,0.0
56854,0.0,0.0,0.0
56855,0.0,0.0,0.0
56856,0.0,0.0,0.0
56857,0.0,0.0,0.0
56858,0.0,0.0,0.0
56859,0.0,0.0,0.0
56860,0.0,0.0,0.0
56861,0.0,0.0,0.0
56862,0.0,0.0,0.0
56863,0.0,0.0,0.0
56864,0.0,0.0,0.0
56865,0.0,0.0,0.0
56866,0.0,0.0,0.0
56867,0.0,0.0,0.0
56868,0.0,0.0,0.0
56869,0.0,0.0,0.0
56870,0.0,0.0,0.0
56871,0.0,0.0,0.0
56872,0.0,0.0,0.0
56873,0.0,0.0,0.0
56874,0.0,0.0,0.0
56875,0.0,0.0,0.0
56876,0.0,0.0,0.0
56877,0.0,0.0,0.0
56878,0.0,0.0,0.0
56879,0.0,0.0,0.0
56880,0.0,0.0,0.0
56881,0.0,0.0,0.0
56882,0.0,0.0,0.0
56883,0.0,0.0,0.0
56884,0.0,0.0,0.0
56885,0.0,0.0,0.0
56886,0.0,0.0,0.0
56887,0.0,0.0,0.0
56888,0.0,0.0,0.0
56889,0.0,0.0,0.0
56890,0.0,0.0,0.0
56891,0.0,0.0,0.0
56892,0.0,0.0,0.0
56893,0.0,0.0,0.0
56894,0.0,0.0,0.0
56895,0.0,0.0,0.0
56896,0.0,0.0,0.0
56897,0.0,0.0,0.0
56898,0.0,0.0,0.0
56899,0.0,0.0,0.0
56900,0.0,0.0,0.0
56901,0.0,0.0,0.0
56902,0.0,0.0,0.0
56903,0.0,0.0,0.0
56904,0.0,0.0,0.0
56905,0.0,0.0,0.0
56906,0.0,0.0,0.0
56907,0.0,0.0,0.0
56908,0.0,0.0,0.0
56909,0.0,0.0,0.0
56910,0.0,0.0,0.0
56911,0.0,0.0,0.0
56912,0.0,0.0,0.0
56913,0.0,0.0,0.0
56914,0.0,0.0,0.0
56915,0.0,0.0,0.0
56916,0.0,0.0,0.0
56917,0.0,0.0,0.0
56918,0.0,0.0,0.0
56919,0.0,0.0,0.0
56920,0.0,0.0,0.0
56921,0.0,0.0,0.0
56922,0.0,0.0,0.0
56923,0.0,0.0,0.0
56924,0.0,0.0,0.0
56925,0.0,0.0,0.0
56926,0.0,0.0,0.0
56927,0.0,0.0,0.0
56928,0.0,0.0,0.0
56929,0.0,0.0,0.0
56930,0.0,0.0,0.0
56931,0.0,0.0,0.0
56932,0.0,0.0,0.0
56933,0.0,0.0,0.0
56934,0.0,0.0,0.0
56935,0.0,0.0,0.0
56936,0.0,0.0,0.0
56937,0.0,0.0,0.0
56938,0.0,0.0,0.0
56939,0.0,0.0,0.0
56940,0.0,0.0,0.0
56941,0.0,0.0,0.0
56942,0.0,0.0,0.0
56943,0.0,0.0,0.0
56944,0.0,0.0,0.0
56945,0.0,0.0,0.0
56946,0.0,0.0,0.0
56947,0.0,0.0,0.0
56948,0.0,0.0,0.0
56949,0.0,0.0,0.0
56950,0.0,0.0,0.0
56951,0.0,0.0,0.0
56952,0.0,0.0,0.0
56953,0.0,0.0,0.0
56954,0.0,0.0,0.0
56955,0.0,0.0,0.0
56956,0.0,0.0,0.0
56957,0.0,0.0,0.0
56958,0.0,0.0,0.0
56959,0.0,0.0,0.0
56960,0.0,0.0,0.0
56961,0.0,0.0,0.0
56962,0.0,0.0,0.0
56963,0.0,0.0,0.0
56964,0.0,0.0,0.0
56965,0.0,0.0,0.0
56966,0.0,0.0,0.0
56967,0.0,0.0,0.0
56968,0.0,0.0,0.0
56969,0.0,0.0,0.0
56970,0.0,0.0,0.0
56971,0.0,0.0,0.0
56972,0.0,0.0,0.0
56973,0.0,0.0,0.0
56974,0.0,0.0,0.0
56975,0.0,0.0,0.0
56976,0.0,0.0,0.0
56977,0.0,0.0,0.0
56978,0.0,0.0,0.0
56979,0.0,0.0,0.0
56980,0.0,0.0,0.0
56981,0.0,0.0,0.0
56982,0.0,0.0,0.0
56983,0.0,0.0,0.0
56984,0.0,0.0,0.0
56985,0.0,0.0,0.0
56986,0.0,0.0,0.0
56987,0.0,0.0,0.0
56988,0.0,0.0,0.0
56989,0.0,0.0,0.0
56990,0.0,0.0,0.0
56991,0.0,0.0,0.0
56992,0.0,0.0,0.0
56993,0.0,0.0,0.0
56994,0.0,0.0,0.0
56995,0.0,0.0,0.0
56996,0.0,0.0,0.0
56997,0.0,0.0,0.0
56998,0.0,0.0,0.0
56999,0.0,0.0,0.0
57000,0.0,0.0,0.0
57001,0.0,0.0,0.0
57002,0.0,0.0,0.0
57003,0.0,0.0,0.0
57004,0.0,0.0,0.0
57005,0.0,0.0,0.0
57006,0.0,0.0,0.0
57007,0.0,0.0,0.0
57008,0.0,0.0,0.0
57009,0.0,0.0,0.0
57010,0.0,0.0,0.0
57011,0.0,0.0,0.0
57012,0.0,0.0,0.0
57013,0.0,0.0,0.0
57014,0.0,0.0,0.0
57015,0.0,0.0,0.0
57016,0.0,0.0,0.0
57017,0.0,0.0,0.0
57018,0.0,0.0,0.0
57019,0.0,0.0,0.0
57020,0.0,0.0,0.0
57021,0.0,0.0,0.0
57022,0.0,0.0,0.0
57023,0.0,0.0,0.0
57024,0.0,0.0,0.0
57025,0.0,0.0,0.0
57026,0.0,0.0,0.0
57027,0.0,0.0,0.0
57028,0.0,0.0,0.0
57029,0.0,0.0,0.0
57030,0.0,0.0,0.0
57031,0.0,0.0,0.0
57032,0.0,0.0,0.0
57033,0.0,0.0,0.0
57034,0.0,0.0,0.0
57035,0.0,0.0,0.0
57036,0.0,0.0,0.0
57037,0.0,0.0,0.0
57038,0.0,0.0,0.0
57039,0.0,0.0,0.0
57040,0.0,0.0,0.0
57041,0.0,0.0,0.0
57042,0.0,0.0,0.0
57043,0.0,0.0,0.0
57044,0.0,0.0,0.0
57045,0.0,0.0,0.0
57046,0.0,0.0,0.0
57047,0.0,0.0,0.0
57048,0.0,0.0,0.0
57049,0.0,0.0,0.0
57050,0.0,0.0,0.0
57051,0.0,0.0,0.0
57052,0.0,0.0,0.0
57053,0.0,0.0,0.0
57054,0.0,0.0,0.0
57055,0.0,0.0,0.0
57056,0.0,0.0,0.0
57057,0.0,0.0,0.0
57058,0.0,0.0,0.0
57059,0.0,0.0,0.0
57060,0.0,0.0,0.0
57061,0.0,0.0,0.0
57062,0.0,0.0,0.0
57063,0.0,0.0,0.0
57064,0.0,0.0,0.0
57065,0.0,0.0,0.0
57066,0.0,0.0,0.0
57067,0.0,0.0,0.0
57068,0.0,0.0,0.0
57069,0.0,0.0,0.0
57070,0.0,0.0,0.0
57071,0.0,0.0,0.0
57072,0.0,0.0,0.0
57073,0.0,0.0,0.0
57074,0.0,0.0,0.0
57075,0.0,0.0,0.0
57076,0.0,0.0,0.0
57077,0.0,0.0,0.0
57078,0.0,0.0,0.0
57079,0.0,0.0,0.0
57080,0.0,0.0,0.0
57081,0.0,0.0,0.0
57082,0.0,0.0,0.0
57083,0.0,0.0,0.0
57084,0.0,0.0,0.0
57085,0.0,0.0,0.0
57086,0.0,0.0,0.0
57087,0.0,0.0,0.0
57088,0.0,0.0,0.0
57089,0.0,0.0,0.0
57090,0.0,0.0,0.0
57091,0.0,0.0,0.0
57092,0.0,0.0,0.0
57093,0.0,0.0,0.0
57094,0.0,0.0,0.0
57095,0.0,0.0,0.0
57096,0.0,0.0,0.0
57097,0.0,0.0,0.0
57098,0.0,0.0,0.0
57099,0.0,0.0,0.0
57100,0.0,0.0,0.0
57101,0.0,0.0,0.0
57102,0.0,0.0,0.0
57103,0.0,0.0,0.0
57104,0.0,0.0,0.0
57105,0.0,0.0,0.0
57106,0.0,0.0,0.0
57107,0.0,0.0,0.0
57108,0.0,0.0,0.0
57109,0.0,0.0,0.0
57110,0.0,0.0,0.0
57111,0.0,0.0,0.0
57112,0.0,0.0,0.0
57113,0.0,0.0,0.0
57114,0.0,0.0,0.0
57115,0.0,0.0,0.0
57116,0.0,0.0,0.0
57117,0.0,0.0,0.0
57118,0.0,0.0,0.0
57119,0.0,0.0,0.0
57120,0.0,0.0,0.0
57121,0.0,0.0,0.0
57122,0.0,0.0,0.0
57123,0.0,0.0,0.0
57124,0.0,0.0,0.0
57125,0.0,0.0,0.0
57126,0.0,0.0,0.0
57127,0.0,0.0,0.0
57128,0.0,0.0,0.0
57129,0.0,0.0,0.0
57130,0.0,0.0,0.0
57131,0.0,0.0,0.0
57132,0.0,0.0,0.0
57133,0.0,0.0,0.0
57134,0.0,0.0,0.0
57135,0.0,0.0,0.0
57136,0.0,0.0,0.0
57137,0.0,0.0,0.0
57138,0.0,0.0,0.0
57139,0.0,0.0,0.0
57140,0.0,0.0,0.0
57141,0.0,0.0,0.0
57142,0.0,0.0,0.0
57143,0.0,0.0,0.0
57144,0.0,0.0,0.0
57145,0.0,0.0,0.0
57146,0.0,0.0,0.0
57147,0.0,0.0,0.0
57148,0.0,0.0,0.0
57149,0.0,0.0,0.0
57150,0.0,0.0,0.0
57151,0.0,0.0,0.0
57152,0.0,0.0,0.0
57153,0.0,0.0,0.0
57154,0.0,0.0,0.0
57155,0.0,0.0,0.0
57156,0.0,0.0,0.0
57157,0.0,0.0,0.0
57158,0.0,0.0,0.0
57159,0.0,0.0,0.0
57160,0.0,0.0,0.0
57161,0.0,0.0,0.0
57162,0.0,0.0,0.0
57163,0.0,0.0,0.0
57164,0.0,0.0,0.0
57165,0.0,0.0,0.0
57166,0.0,0.0,0.0
57167,0.0,0.0,0.0
57168,0.0,0.0,0.0
57169,0.0,0.0,0.0
57170,0.0,0.0,0.0
57171,0.0,0.0,0.0
57172,0.0,0.0,0.0
57173,0.0,0.0,0.0
57174,0.0,0.0,0.0
57175,0.0,0.0,0.0
57176,0.0,0.0,0.0
57177,0.0,0.0,0.0
57178,0.0,0.0,0.0
57179,0.0,0.0,0.0
57180,0.0,0.0,0.0
57181,0.0,0.0,0.0
57182,0.0,0.0,0.0
57183,0.0,0.0,0.0
57184,0.0,0.0,0.0
57185,0.0,0.0,0.0
57186,0.0,0.0,0.0
57187,0.0,0.0,0.0
57188,0.0,0.0,0.0
57189,0.0,0.0,0.0
57190,0.0,0.0,0.0
57191,0.0,0.0,0.0
57192,0.0,0.0,0.0
57193,0.0,0.0,0.0
57194,0.0,0.0,0.0
57195,0.0,0.0,0.0
57196,0.0,0.0,0.0
57197,0.0,0.0,0.0
57198,0.0,0.0,0.0
57199,0.0,0.0,0.0
57200,0.0,0.0,0.0
57201,0.0,0.0,0.0
57202,0.0,0.0,0.0
57203,0.0,0.0,0.0
57204,0.0,0.0,0.0
57205,0.0,0.0,0.0
57206,0.0,0.0,0.0
57207,0.0,0.0,0.0
57208,0.0,0.0,0.0
57209,0.0,0.0,0.0
57210,0.0,0.0,0.0
57211,0.0,0.0,0.0
57212,0.0,0.0,0.0
57213,0.0,0.0,0.0
57214,0.0,0.0,0.0
57215,0.0,0.0,0.0
57216,0.0,0.0,0.0
57217,0.0,0.0,0.0
57218,0.0,0.0,0.0
57219,0.0,0.0,0.0
57220,0.0,0.0,0.0
57221,0.0,0.0,0.0
57222,0.0,0.0,0.0
57223,0.0,0.0,0.0
57224,0.0,0.0,0.0
57225,0.0,0.0,0.0
57226,0.0,0.0,0.0
57227,0.0,0.0,0.0
57228,0.0,0.0,0.0
57229,0.0,0.0,0.0
57230,0.0,0.0,0.0
57231,0.0,0.0,0.0
57232,0.0,0.0,0.0
57233,0.0,0.0,0.0
57234,0.0,0.0,0.0
57235,0.0,0.0,0.0
57236,0.0,0.0,0.0
57237,0.0,0.0,0.0
57238,0.0,0.0,0.0
57239,0.0,0.0,0.0
57240,0.0,0.0,0.0
57241,0.0,0.0,0.0
57242,0.0,0.0,0.0
57243,0.0,0.0,0.0
57244,0.0,0.0,0.0
57245,0.0,0.0,0.0
57246,0.0,0.0,0.0
57247,0.0,0.0,0.0
57248,0.0,0.0,0.0
57249,0.0,0.0,0.0
57250,0.0,0.0,0.0
57251,0.0,0.0,0.0
57252,0.0,0.0,0.0
57253,0.0,0.0,0.0
57254,0.0,0.0,0.0
57255,0.0,0.0,0.0
57256,0.0,0.0,0.0
57257,0.0,0.0,0.0
57258,0.0,0.0,0.0
57259,0.0,0.0,0.0
57260,0.0,0.0,0.0
57261,0.0,0.0,0.0
57262,0.0,0.0,0.0
57263,0.0,0.0,0.0
57264,0.0,0.0,0.0
57265,0.0,0.0,0.0
57266,0.0,0.0,0.0
57267,0.0,0.0,0.0
57268,0.0,0.0,0.0
57269,0.0,0.0,0.0
57270,0.0,0.0,0.0
57271,0.0,0.0,0.0
57272,0.0,0.0,0.0
57273,0.0,0.0,0.0
57274,0.0,0.0,0.0
57275,0.0,0.0,0.0
57276,0.0,0.0,0.0
57277,0.0,0.0,0.0
57278,0.0,0.0,0.0
57279,0.0,0.0,0.0
57280,0.0,0.0,0.0
57281,0.0,0.0,0.0
57282,0.0,0.0,0.0
57283,0.0,0.0,0.0
57284,0.0,0.0,0.0
57285,0.0,0.0,0.0
57286,0.0,0.0,0.0
57287,0.0,0.0,0.0
57288,0.0,0.0,0.0
57289,0.0,0.0,0.0
57290,0.0,0.0,0.0
57291,0.0,0.0,0.0
57292,0.0,0.0,0.0
57293,0.0,0.0,0.0
57294,0.0,0.0,0.0
57295,0.0,0.0,0.0
57296,0.0,0.0,0.0
57297,0.0,0.0,0.0
57298,0.0,0.0,0.0
57299,0.0,0.0,0.0
57300,0.0,0.0,0.0
57301,0.0,0.0,0.0
57302,0.0,0.0,0.0
57303,0.0,0.0,0.0
57304,0.0,0.0,0.0
57305,0.0,0.0,0.0
57306,0.0,0.0,0.0
57307,0.0,0.0,0.0
57308,0.0,0.0,0.0
57309,0.0,0.0,0.0
57310,0.0,0.0,0.0
57311,0.0,0.0,0.0
57312,0.0,0.0,0.0
57313,0.0,0.0,0.0
57314,0.0,0.0,0.0
57315,0.0,0.0,0.0
57316,0.0,0.0,0.0
57317,0.0,0.0,0.0
57318,0.0,0.0,0.0
57319,0.0,0.0,0.0
57320,0.0,0.0,0.0
57321,0.0,0.0,0.0
57322,0.0,0.0,0.0
57323,0.0,0.0,0.0
57324,0.0,0.0,0.0
57325,0.0,0.0,0.0
57326,0.0,0.0,0.0
57327,0.0,0.0,0.0
57328,0.0,0.0,0.0
57329,0.0,0.0,0.0
57330,0.0,0.0,0.0
57331,0.0,0.0,0.0
57332,0.0,0.0,0.0
57333,0.0,0.0,0.0
57334,0.0,0.0,0.0
57335,0.0,0.0,0.0
57336,0.0,0.0,0.0
57337,0.0,0.0,0.0
57338,0.0,0.0,0.0
57339,0.0,0.0,0.0
57340,0.0,0.0,0.0
57341,0.0,0.0,0.0
57342,0.0,0.0,0.0
57343,0.0,0.0,0.0
57344,0.0,0.0,0.0
57345,0.0,0.0,0.0
57346,0.0,0.0,0.0
57347,0.0,0.0,0.0
57348,0.0,0.0,0.0
57349,0.0,0.0,0.0
57350,0.0,0.0,0.0
57351,0.0,0.0,0.0
57352,0.0,0.0,0.0
57353,0.0,0.0,0.0
57354,0.0,0.0,0.0
57355,0.0,0.0,0.0
57356,0.0,0.0,0.0
57357,0.0,0.0,0.0
57358,0.0,0.0,0.0
57359,0.0,0.0,0.0
57360,0.0,0.0,0.0
57361,0.0,0.0,0.0
57362,0.0,0.0,0.0
57363,0.0,0.0,0.0
57364,0.0,0.0,0.0
57365,0.0,0.0,0.0
57366,0.0,0.0,0.0
57367,0.0,0.0,0.0
57368,0.0,0.0,0.0
57369,0.0,0.0,0.0
57370,0.0,0.0,0.0
57371,0.0,0.0,0.0
57372,0.0,0.0,0.0
57373,0.0,0.0,0.0
57374,0.0,0.0,0.0
57375,0.0,0.0,0.0
57376,0.0,0.0,0.0
57377,0.0,0.0,0.0
57378,0.0,0.0,0.0
57379,0.0,0.0,0.0
57380,0.0,0.0,0.0
57381,0.0,0.0,0.0
57382,0.0,0.0,0.0
57383,0.0,0.0,0.0
57384,0.0,0.0,0.0
57385,0.0,0.0,0.0
57386,0.0,0.0,0.0
57387,0.0,0.0,0.0
57388,0.0,0.0,0.0
57389,0.0,0.0,0.0
57390,0.0,0.0,0.0
57391,0.0,0.0,0.0
57392,0.0,0.0,0.0
57393,0.0,0.0,0.0
57394,0.0,0.0,0.0
57395,0.0,0.0,0.0
57396,0.0,0.0,0.0
57397,0.0,0.0,0.0
57398,0.0,0.0,0.0
57399,0.0,0.0,0.0
57400,0.0,0.0,0.0
57401,0.0,0.0,0.0
57402,0.0,0.0,0.0
57403,0.0,0.0,0.0
57404,0.0,0.0,0.0
57405,0.0,0.0,0.0
57406,0.0,0.0,0.0
57407,0.0,0.0,0.0
57408,0.0,0.0,0.0
57409,0.0,0.0,0.0
57410,0.0,0.0,0.0
57411,0.0,0.0,0.0
57412,0.0,0.0,0.0
57413,0.0,0.0,0.0
57414,0.0,0.0,0.0
57415,0.0,0.0,0.0
57416,0.0,0.0,0.0
57417,0.0,0.0,0.0
57418,0.0,0.0,0.0
57419,0.0,0.0,0.0
57420,0.0,0.0,0.0
57421,0.0,0.0,0.0
57422,0.0,0.0,0.0
57423,0.0,0.0,0.0
57424,0.0,0.0,0.0
57425,0.0,0.0,0.0
57426,0.0,0.0,0.0
57427,0.0,0.0,0.0
57428,0.0,0.0,0.0
57429,0.0,0.0,0.0
57430,0.0,0.0,0.0
57431,0.0,0.0,0.0
57432,0.0,0.0,0.0
57433,0.0,0.0,0.0
57434,0.0,0.0,0.0
57435,0.0,0.0,0.0
57436,0.0,0.0,0.0
57437,0.0,0.0,0.0
57438,0.0,0.0,0.0
57439,0.0,0.0,0.0
57440,0.0,0.0,0.0
57441,0.0,0.0,0.0
57442,0.0,0.0,0.0
57443,0.0,0.0,0.0
57444,0.0,0.0,0.0
57445,0.0,0.0,0.0
57446,0.0,0.0,0.0
57447,0.0,0.0,0.0
57448,0.0,0.0,0.0
57449,0.0,0.0,0.0
57450,0.0,0.0,0.0
57451,0.0,0.0,0.0
57452,0.0,0.0,0.0
57453,0.0,0.0,0.0
57454,0.0,0.0,0.0
57455,0.0,0.0,0.0
57456,0.0,0.0,0.0
57457,0.0,0.0,0.0
57458,0.0,0.0,0.0
57459,0.0,0.0,0.0
57460,0.0,0.0,0.0
57461,0.0,0.0,0.0
57462,0.0,0.0,0.0
57463,0.0,0.0,0.0
57464,0.0,0.0,0.0
57465,0.0,0.0,0.0
57466,0.0,0.0,0.0
57467,0.0,0.0,0.0
57468,0.0,0.0,0.0
57469,0.0,0.0,0.0
57470,0.0,0.0,0.0
57471,0.0,0.0,0.0
57472,0.0,0.0,0.0
57473,0.0,0.0,0.0
57474,0.0,0.0,0.0
57475,0.0,0.0,0.0
57476,0.0,0.0,0.0
57477,0.0,0.0,0.0
57478,0.0,0.0,0.0
57479,0.0,0.0,0.0
57480,0.0,0.0,0.0
57481,0.0,0.0,0.0
57482,0.0,0.0,0.0
57483,0.0,0.0,0.0
57484,0.0,0.0,0.0
57485,0.0,0.0,0.0
57486,0.0,0.0,0.0
57487,0.0,0.0,0.0
57488,0.0,0.0,0.0
57489,0.0,0.0,0.0
57490,0.0,0.0,0.0
57491,0.0,0.0,0.0
57492,0.0,0.0,0.0
57493,0.0,0.0,0.0
57494,0.0,0.0,0.0
57495,0.0,0.0,0.0
57496,0.0,0.0,0.0
57497,0.0,0.0,0.0
57498,0.0,0.0,0.0
57499,0.0,0.0,0.0
57500,0.0,0.0,0.0
57501,0.0,0.0,0.0
57502,0.0,0.0,0.0
57503,0.0,0.0,0.0
57504,0.0,0.0,0.0
57505,0.0,0.0,0.0
57506,0.0,0.0,0.0
57507,0.0,0.0,0.0
57508,0.0,0.0,0.0
57509,0.0,0.0,0.0
57510,0.0,0.0,0.0
57511,0.0,0.0,0.0
57512,0.0,0.0,0.0
57513,0.0,0.0,0.0
57514,0.0,0.0,0.0
57515,0.0,0.0,0.0
57516,0.0,0.0,0.0
57517,0.0,0.0,0.0
57518,0.0,0.0,0.0
57519,0.0,0.0,0.0
57520,0.0,0.0,0.0
57521,0.0,0.0,0.0
57522,0.0,0.0,0.0
57523,0.0,0.0,0.0
57524,0.0,0.0,0.0
57525,0.0,0.0,0.0
57526,0.0,0.0,0.0
57527,0.0,0.0,0.0
57528,0.0,0.0,0.0
57529,0.0,0.0,0.0
57530,0.0,0.0,0.0
57531,0.0,0.0,0.0
57532,0.0,0.0,0.0
57533,0.0,0.0,0.0
57534,0.0,0.0,0.0
57535,0.0,0.0,0.0
57536,0.0,0.0,0.0
57537,0.0,0.0,0.0
57538,0.0,0.0,0.0
57539,0.0,0.0,0.0
57540,0.0,0.0,0.0
57541,0.0,0.0,0.0
57542,0.0,0.0,0.0
57543,0.0,0.0,0.0
57544,0.0,0.0,0.0
57545,0.0,0.0,0.0
57546,0.0,0.0,0.0
57547,0.0,0.0,0.0
57548,0.0,0.0,0.0
57549,0.0,0.0,0.0
57550,0.0,0.0,0.0
57551,0.0,0.0,0.0
57552,0.0,0.0,0.0
57553,0.0,0.0,0.0
57554,0.0,0.0,0.0
57555,0.0,0.0,0.0
57556,0.0,0.0,0.0
57557,0.0,0.0,0.0
57558,0.0,0.0,0.0
57559,0.0,0.0,0.0
57560,0.0,0.0,0.0
57561,0.0,0.0,0.0
57562,0.0,0.0,0.0
57563,0.0,0.0,0.0
57564,0.0,0.0,0.0
57565,0.0,0.0,0.0
57566,0.0,0.0,0.0
57567,0.0,0.0,0.0
57568,0.0,0.0,0.0
57569,0.0,0.0,0.0
57570,0.0,0.0,0.0
57571,0.0,0.0,0.0
57572,0.0,0.0,0.0
57573,0.0,0.0,0.0
57574,0.0,0.0,0.0
57575,0.0,0.0,0.0
57576,0.0,0.0,0.0
57577,0.0,0.0,0.0
57578,0.0,0.0,0.0
57579,0.0,0.0,0.0
57580,0.0,0.0,0.0
57581,0.0,0.0,0.0
57582,0.0,0.0,0.0
57583,0.0,0.0,0.0
57584,0.0,0.0,0.0
57585,0.0,0.0,0.0
57586,0.0,0.0,0.0
57587,0.0,0.0,0.0
57588,0.0,0.0,0.0
57589,0.0,0.0,0.0
57590,0.0,0.0,0.0
57591,0.0,0.0,0.0
57592,0.0,0.0,0.0
57593,0.0,0.0,0.0
57594,0.0,0.0,0.0
57595,0.0,0.0,0.0
57596,0.0,0.0,0.0
57597,0.0,0.0,0.0
57598,0.0,0.0,0.0
57599,0.0,0.0,0.0
57600,0.0,0.0,0.0
57601,0.0,0.0,0.0
57602,0.0,0.0,0.0
57603,0.0,0.0,0.0
57604,0.0,0.0,0.0
57605,0.0,0.0,0.0
57606,0.0,0.0,0.0
57607,0.0,0.0,0.0
57608,0.0,0.0,0.0
57609,0.0,0.0,0.0
57610,0.0,0.0,0.0
57611,0.0,0.0,0.0
57612,0.0,0.0,0.0
57613,0.0,0.0,0.0
57614,0.0,0.0,0.0
57615,0.0,0.0,0.0
57616,0.0,0.0,0.0
57617,0.0,0.0,0.0
57618,0.0,0.0,0.0
57619,0.0,0.0,0.0
57620,0.0,0.0,0.0
57621,0.0,0.0,0.0
57622,0.0,0.0,0.0
57623,0.0,0.0,0.0
57624,0.0,0.0,0.0
57625,0.0,0.0,0.0
57626,0.0,0.0,0.0
57627,0.0,0.0,0.0
57628,0.0,0.0,0.0
57629,0.0,0.0,0.0
57630,0.0,0.0,0.0
57631,0.0,0.0,0.0
57632,0.0,0.0,0.0
57633,0.0,0.0,0.0
57634,0.0,0.0,0.0
57635,0.0,0.0,0.0
57636,0.0,0.0,0.0
57637,0.0,0.0,0.0
57638,0.0,0.0,0.0
57639,0.0,0.0,0.0
57640,0.0,0.0,0.0
57641,0.0,0.0,0.0
57642,0.0,0.0,0.0
57643,0.0,0.0,0.0
57644,0.0,0.0,0.0
57645,0.0,0.0,0.0
57646,0.0,0.0,0.0
57647,0.0,0.0,0.0
57648,0.0,0.0,0.0
57649,0.0,0.0,0.0
57650,0.0,0.0,0.0
57651,0.0,0.0,0.0
57652,0.0,0.0,0.0
57653,0.0,0.0,0.0
57654,0.0,0.0,0.0
57655,0.0,0.0,0.0
57656,0.0,0.0,0.0
57657,0.0,0.0,0.0
57658,0.0,0.0,0.0
57659,0.0,0.0,0.0
57660,0.0,0.0,0.0
57661,0.0,0.0,0.0
57662,0.0,0.0,0.0
57663,0.0,0.0,0.0
57664,0.0,0.0,0.0
57665,0.0,0.0,0.0
57666,0.0,0.0,0.0
57667,0.0,0.0,0.0
57668,0.0,0.0,0.0
57669,0.0,0.0,0.0
57670,0.0,0.0,0.0
57671,0.0,0.0,0.0
57672,0.0,0.0,0.0
57673,0.0,0.0,0.0
57674,0.0,0.0,0.0
57675,0.0,0.0,0.0
57676,0.0,0.0,0.0
57677,0.0,0.0,0.0
57678,0.0,0.0,0.0
57679,0.0,0.0,0.0
57680,0.0,0.0,0.0
57681,0.0,0.0,0.0
57682,0.0,0.0,0.0
57683,0.0,0.0,0.0
57684,0.0,0.0,0.0
57685,0.0,0.0,0.0
57686,0.0,0.0,0.0
57687,0.0,0.0,0.0
57688,0.0,0.0,0.0
57689,0.0,0.0,0.0
57690,0.0,0.0,0.0
57691,0.0,0.0,0.0
57692,0.0,0.0,0.0
57693,0.0,0.0,0.0
57694,0.0,0.0,0.0
57695,0.0,0.0,0.0
57696,0.0,0.0,0.0
57697,0.0,0.0,0.0
57698,0.0,0.0,0.0
57699,0.0,0.0,0.0
57700,0.0,0.0,0.0
57701,0.0,0.0,0.0
57702,0.0,0.0,0.0
57703,0.0,0.0,0.0
57704,0.0,0.0,0.0
57705,0.0,0.0,0.0
57706,0.0,0.0,0.0
57707,0.0,0.0,0.0
57708,0.0,0.0,0.0
57709,0.0,0.0,0.0
57710,0.0,0.0,0.0
57711,0.0,0.0,0.0
57712,0.0,0.0,0.0
57713,0.0,0.0,0.0
57714,0.0,0.0,0.0
57715,0.0,0.0,0.0
57716,0.0,0.0,0.0
57717,0.0,0.0,0.0
57718,0.0,0.0,0.0
57719,0.0,0.0,0.0
57720,0.0,0.0,0.0
57721,0.0,0.0,0.0
57722,0.0,0.0,0.0
57723,0.0,0.0,0.0
57724,0.0,0.0,0.0
57725,0.0,0.0,0.0
57726,0.0,0.0,0.0
57727,0.0,0.0,0.0
57728,0.0,0.0,0.0
57729,0.0,0.0,0.0
57730,0.0,0.0,0.0
57731,0.0,0.0,0.0
57732,0.0,0.0,0.0
57733,0.0,0.0,0.0
57734,0.0,0.0,0.0
57735,0.0,0.0,0.0
57736,0.0,0.0,0.0
57737,0.0,0.0,0.0
57738,0.0,0.0,0.0
57739,0.0,0.0,0.0
57740,0.0,0.0,0.0
57741,0.0,0.0,0.0
57742,0.0,0.0,0.0
57743,0.0,0.0,0.0
57744,0.0,0.0,0.0
57745,0.0,0.0,0.0
57746,0.0,0.0,0.0
57747,0.0,0.0,0.0
57748,0.0,0.0,0.0
57749,0.0,0.0,0.0
57750,0.0,0.0,0.0
57751,0.0,0.0,0.0
57752,0.0,0.0,0.0
57753,0.0,0.0,0.0
57754,0.0,0.0,0.0
57755,0.0,0.0,0.0
57756,0.0,0.0,0.0
57757,0.0,0.0,0.0
57758,0.0,0.0,0.0
57759,0.0,0.0,0.0
57760,0.0,0.0,0.0
57761,0.0,0.0,0.0
57762,0.0,0.0,0.0
57763,0.0,0.0,0.0
57764,0.0,0.0,0.0
57765,0.0,0.0,0.0
57766,0.0,0.0,0.0
57767,0.0,0.0,0.0
57768,0.0,0.0,0.0
57769,0.0,0.0,0.0
57770,0.0,0.0,0.0
57771,0.0,0.0,0.0
57772,0.0,0.0,0.0
57773,0.0,0.0,0.0
57774,0.0,0.0,0.0
57775,0.0,0.0,0.0
57776,0.0,0.0,0.0
57777,0.0,0.0,0.0
57778,0.0,0.0,0.0
57779,0.0,0.0,0.0
57780,0.0,0.0,0.0
57781,0.0,0.0,0.0
57782,0.0,0.0,0.0
57783,0.0,0.0,0.0
57784,0.0,0.0,0.0
57785,0.0,0.0,0.0
57786,0.0,0.0,0.0
57787,0.0,0.0,0.0
57788,0.0,0.0,0.0
57789,0.0,0.0,0.0
57790,0.0,0.0,0.0
57791,0.0,0.0,0.0
57792,0.0,0.0,0.0
57793,0.0,0.0,0.0
57794,0.0,0.0,0.0
57795,0.0,0.0,0.0
57796,0.0,0.0,0.0
57797,0.0,0.0,0.0
57798,0.0,0.0,0.0
57799,0.0,0.0,0.0
57800,0.0,0.0,0.0
57801,0.0,0.0,0.0
57802,0.0,0.0,0.0
57803,0.0,0.0,0.0
57804,0.0,0.0,0.0
57805,0.0,0.0,0.0
57806,0.0,0.0,0.0
57807,0.0,0.0,0.0
57808,0.0,0.0,0.0
57809,0.0,0.0,0.0
57810,0.0,0.0,0.0
57811,0.0,0.0,0.0
57812,0.0,0.0,0.0
57813,0.0,0.0,0.0
57814,0.0,0.0,0.0
57815,0.0,0.0,0.0
57816,0.0,0.0,0.0
57817,0.0,0.0,0.0
57818,0.0,0.0,0.0
57819,0.0,0.0,0.0
57820,0.0,0.0,0.0
57821,0.0,0.0,0.0
57822,0.0,0.0,0.0
57823,0.0,0.0,0.0
57824,0.0,0.0,0.0
57825,0.0,0.0,0.0
57826,0.0,0.0,0.0
57827,0.0,0.0,0.0
57828,0.0,0.0,0.0
57829,0.0,0.0,0.0
57830,0.0,0.0,0.0
57831,0.0,0.0,0.0
57832,0.0,0.0,0.0
57833,0.0,0.0,0.0
57834,0.0,0.0,0.0
57835,0.0,0.0,0.0
57836,0.0,0.0,0.0
57837,0.0,0.0,0.0
57838,0.0,0.0,0.0
57839,0.0,0.0,0.0
57840,0.0,0.0,0.0
57841,0.0,0.0,0.0
57842,0.0,0.0,0.0
57843,0.0,0.0,0.0
57844,0.0,0.0,0.0
57845,0.0,0.0,0.0
57846,0.0,0.0,0.0
57847,0.0,0.0,0.0
57848,0.0,0.0,0.0
57849,0.0,0.0,0.0
57850,0.0,0.0,0.0
57851,0.0,0.0,0.0
57852,0.0,0.0,0.0
57853,0.0,0.0,0.0
57854,0.0,0.0,0.0
57855,0.0,0.0,0.0
57856,0.0,0.0,0.0
57857,0.0,0.0,0.0
57858,0.0,0.0,0.0
57859,0.0,0.0,0.0
57860,0.0,0.0,0.0
57861,0.0,0.0,0.0
57862,0.0,0.0,0.0
57863,0.0,0.0,0.0
57864,0.0,0.0,0.0
57865,0.0,0.0,0.0
57866,0.0,0.0,0.0
57867,0.0,0.0,0.0
57868,0.0,0.0,0.0
57869,0.0,0.0,0.0
57870,0.0,0.0,0.0
57871,0.0,0.0,0.0
57872,0.0,0.0,0.0
57873,0.0,0.0,0.0
57874,0.0,0.0,0.0
57875,0.0,0.0,0.0
57876,0.0,0.0,0.0
57877,0.0,0.0,0.0
57878,0.0,0.0,0.0
57879,0.0,0.0,0.0
57880,0.0,0.0,0.0
57881,0.0,0.0,0.0
57882,0.0,0.0,0.0
57883,0.0,0.0,0.0
57884,0.0,0.0,0.0
57885,0.0,0.0,0.0
57886,0.0,0.0,0.0
57887,0.0,0.0,0.0
57888,0.0,0.0,0.0
57889,0.0,0.0,0.0
57890,0.0,0.0,0.0
57891,0.0,0.0,0.0
57892,0.0,0.0,0.0
57893,0.0,0.0,0.0
57894,0.0,0.0,0.0
57895,0.0,0.0,0.0
57896,0.0,0.0,0.0
57897,0.0,0.0,0.0
57898,0.0,0.0,0.0
57899,0.0,0.0,0.0
57900,0.0,0.0,0.0
57901,0.0,0.0,0.0
57902,0.0,0.0,0.0
57903,0.0,0.0,0.0
57904,0.0,0.0,0.0
57905,0.0,0.0,0.0
57906,0.0,0.0,0.0
57907,0.0,0.0,0.0
57908,0.0,0.0,0.0
57909,0.0,0.0,0.0
57910,0.0,0.0,0.0
57911,0.0,0.0,0.0
57912,0.0,0.0,0.0
57913,0.0,0.0,0.0
57914,0.0,0.0,0.0
57915,0.0,0.0,0.0
57916,0.0,0.0,0.0
57917,0.0,0.0,0.0
57918,0.0,0.0,0.0
57919,0.0,0.0,0.0
57920,0.0,0.0,0.0
57921,0.0,0.0,0.0
57922,0.0,0.0,0.0
57923,0.0,0.0,0.0
57924,0.0,0.0,0.0
57925,0.0,0.0,0.0
57926,0.0,0.0,0.0
57927,0.0,0.0,0.0
57928,0.0,0.0,0.0
57929,0.0,0.0,0.0
57930,0.0,0.0,0.0
57931,0.0,0.0,0.0
57932,0.0,0.0,0.0
57933,0.0,0.0,0.0
57934,0.0,0.0,0.0
57935,0.0,0.0,0.0
57936,0.0,0.0,0.0
57937,0.0,0.0,0.0
57938,0.0,0.0,0.0
57939,0.0,0.0,0.0
57940,0.0,0.0,0.0
57941,0.0,0.0,0.0
57942,0.0,0.0,0.0
57943,0.0,0.0,0.0
57944,0.0,0.0,0.0
57945,0.0,0.0,0.0
57946,0.0,0.0,0.0
57947,0.0,0.0,0.0
57948,0.0,0.0,0.0
57949,0.0,0.0,0.0
57950,0.0,0.0,0.0
57951,0.0,0.0,0.0
57952,0.0,0.0,0.0
57953,0.0,0.0,0.0
57954,0.0,0.0,0.0
57955,0.0,0.0,0.0
57956,0.0,0.0,0.0
57957,0.0,0.0,0.0
57958,0.0,0.0,0.0
57959,0.0,0.0,0.0
57960,0.0,0.0,0.0
57961,0.0,0.0,0.0
57962,0.0,0.0,0.0
57963,0.0,0.0,0.0
57964,0.0,0.0,0.0
57965,0.0,0.0,0.0
57966,0.0,0.0,0.0
57967,0.0,0.0,0.0
57968,0.0,0.0,0.0
57969,0.0,0.0,0.0
57970,0.0,0.0,0.0
57971,0.0,0.0,0.0
57972,0.0,0.0,0.0
57973,0.0,0.0,0.0
57974,0.0,0.0,0.0
57975,0.0,0.0,0.0
57976,0.0,0.0,0.0
57977,0.0,0.0,0.0
57978,0.0,0.0,0.0
57979,0.0,0.0,0.0
57980,0.0,0.0,0.0
57981,0.0,0.0,0.0
57982,0.0,0.0,0.0
57983,0.0,0.0,0.0
57984,0.0,0.0,0.0
57985,0.0,0.0,0.0
57986,0.0,0.0,0.0
57987,0.0,0.0,0.0
57988,0.0,0.0,0.0
57989,0.0,0.0,0.0
57990,0.0,0.0,0.0
57991,0.0,0.0,0.0
57992,0.0,0.0,0.0
57993,0.0,0.0,0.0
57994,0.0,0.0,0.0
57995,0.0,0.0,0.0
57996,0.0,0.0,0.0
57997,0.0,0.0,0.0
57998,0.0,0.0,0.0
57999,0.0,0.0,0.0
58000,0.0,0.0,0.0
58001,0.0,0.0,0.0
58002,0.0,0.0,0.0
58003,0.0,0.0,0.0
58004,0.0,0.0,0.0
58005,0.0,0.0,0.0
58006,0.0,0.0,0.0
58007,0.0,0.0,0.0
58008,0.0,0.0,0.0
58009,0.0,0.0,0.0
58010,0.0,0.0,0.0
58011,0.0,0.0,0.0
58012,0.0,0.0,0.0
58013,0.0,0.0,0.0
58014,0.0,0.0,0.0
58015,0.0,0.0,0.0
58016,0.0,0.0,0.0
58017,0.0,0.0,0.0
58018,0.0,0.0,0.0
58019,0.0,0.0,0.0
58020,0.0,0.0,0.0
58021,0.0,0.0,0.0
58022,0.0,0.0,0.0
58023,0.0,0.0,0.0
58024,0.0,0.0,0.0
58025,0.0,0.0,0.0
58026,0.0,0.0,0.0
58027,0.0,0.0,0.0
58028,0.0,0.0,0.0
58029,0.0,0.0,0.0
58030,0.0,0.0,0.0
58031,0.0,0.0,0.0
58032,0.0,0.0,0.0
58033,0.0,0.0,0.0
58034,0.0,0.0,0.0
58035,0.0,0.0,0.0
58036,0.0,0.0,0.0
58037,0.0,0.0,0.0
58038,0.0,0.0,0.0
58039,0.0,0.0,0.0
58040,0.0,0.0,0.0
58041,0.0,0.0,0.0
58042,0.0,0.0,0.0
58043,0.0,0.0,0.0
58044,0.0,0.0,0.0
58045,0.0,0.0,0.0
58046,0.0,0.0,0.0
58047,0.0,0.0,0.0
58048,0.0,0.0,0.0
58049,0.0,0.0,0.0
58050,0.0,0.0,0.0
58051,0.0,0.0,0.0
58052,0.0,0.0,0.0
58053,0.0,0.0,0.0
58054,0.0,0.0,0.0
58055,0.0,0.0,0.0
58056,0.0,0.0,0.0
58057,0.0,0.0,0.0
58058,0.0,0.0,0.0
58059,0.0,0.0,0.0
58060,0.0,0.0,0.0
58061,0.0,0.0,0.0
58062,0.0,0.0,0.0
58063,0.0,0.0,0.0
58064,0.0,0.0,0.0
58065,0.0,0.0,0.0
58066,0.0,0.0,0.0
58067,0.0,0.0,0.0
58068,0.0,0.0,0.0
58069,0.0,0.0,0.0
58070,0.0,0.0,0.0
58071,0.0,0.0,0.0
58072,0.0,0.0,0.0
58073,0.0,0.0,0.0
58074,0.0,0.0,0.0
58075,0.0,0.0,0.0
58076,0.0,0.0,0.0
58077,0.0,0.0,0.0
58078,0.0,0.0,0.0
58079,0.0,0.0,0.0
58080,0.0,0.0,0.0
58081,0.0,0.0,0.0
58082,0.0,0.0,0.0
58083,0.0,0.0,0.0
58084,0.0,0.0,0.0
58085,0.0,0.0,0.0
58086,0.0,0.0,0.0
58087,0.0,0.0,0.0
58088,0.0,0.0,0.0
58089,0.0,0.0,0.0
58090,0.0,0.0,0.0
58091,0.0,0.0,0.0
58092,0.0,0.0,0.0
58093,0.0,0.0,0.0
58094,0.0,0.0,0.0
58095,0.0,0.0,0.0
58096,0.0,0.0,0.0
58097,0.0,0.0,0.0
58098,0.0,0.0,0.0
58099,0.0,0.0,0.0
58100,0.0,0.0,0.0
58101,0.0,0.0,0.0
58102,0.0,0.0,0.0
58103,0.0,0.0,0.0
58104,0.0,0.0,0.0
58105,0.0,0.0,0.0
58106,0.0,0.0,0.0
58107,0.0,0.0,0.0
58108,0.0,0.0,0.0
58109,0.0,0.0,0.0
58110,0.0,0.0,0.0
58111,0.0,0.0,0.0
58112,0.0,0.0,0.0
58113,0.0,0.0,0.0
58114,0.0,0.0,0.0
58115,0.0,0.0,0.0
58116,0.0,0.0,0.0
58117,0.0,0.0,0.0
58118,0.0,0.0,0.0
58119,0.0,0.0,0.0
58120,0.0,0.0,0.0
58121,0.0,0.0,0.0
58122,0.0,0.0,0.0
58123,0.0,0.0,0.0
58124,0.0,0.0,0.0
58125,0.0,0.0,0.0
58126,0.0,0.0,0.0
58127,0.0,0.0,0.0
58128,0.0,0.0,0.0
58129,0.0,0.0,0.0
58130,0.0,0.0,0.0
58131,0.0,0.0,0.0
58132,0.0,0.0,0.0
58133,0.0,0.0,0.0
58134,0.0,0.0,0.0
58135,0.0,0.0,0.0
58136,0.0,0.0,0.0
58137,0.0,0.0,0.0
58138,0.0,0.0,0.0
58139,0.0,0.0,0.0
58140,0.0,0.0,0.0
58141,0.0,0.0,0.0
58142,0.0,0.0,0.0
58143,0.0,0.0,0.0
58144,0.0,0.0,0.0
58145,0.0,0.0,0.0
58146,0.0,0.0,0.0
58147,0.0,0.0,0.0
58148,0.0,0.0,0.0
58149,0.0,0.0,0.0
58150,0.0,0.0,0.0
58151,0.0,0.0,0.0
58152,0.0,0.0,0.0
58153,0.0,0.0,0.0
58154,0.0,0.0,0.0
58155,0.0,0.0,0.0
58156,0.0,0.0,0.0
58157,0.0,0.0,0.0
58158,0.0,0.0,0.0
58159,0.0,0.0,0.0
58160,0.0,0.0,0.0
58161,0.0,0.0,0.0
58162,0.0,0.0,0.0
58163,0.0,0.0,0.0
58164,0.0,0.0,0.0
58165,0.0,0.0,0.0
58166,0.0,0.0,0.0
58167,0.0,0.0,0.0
58168,0.0,0.0,0.0
58169,0.0,0.0,0.0
58170,0.0,0.0,0.0
58171,0.0,0.0,0.0
58172,0.0,0.0,0.0
58173,0.0,0.0,0.0
58174,0.0,0.0,0.0
58175,0.0,0.0,0.0
58176,0.0,0.0,0.0
58177,0.0,0.0,0.0
58178,0.0,0.0,0.0
58179,0.0,0.0,0.0
58180,0.0,0.0,0.0
58181,0.0,0.0,0.0
58182,0.0,0.0,0.0
58183,0.0,0.0,0.0
58184,0.0,0.0,0.0
58185,0.0,0.0,0.0
58186,0.0,0.0,0.0
58187,0.0,0.0,0.0
58188,0.0,0.0,0.0
58189,0.0,0.0,0.0
58190,0.0,0.0,0.0
58191,0.0,0.0,0.0
58192,0.0,0.0,0.0
58193,0.0,0.0,0.0
58194,0.0,0.0,0.0
58195,0.0,0.0,0.0
58196,0.0,0.0,0.0
58197,0.0,0.0,0.0
58198,0.0,0.0,0.0
58199,0.0,0.0,0.0
58200,0.0,0.0,0.0
58201,0.0,0.0,0.0
58202,0.0,0.0,0.0
58203,0.0,0.0,0.0
58204,0.0,0.0,0.0
58205,0.0,0.0,0.0
58206,0.0,0.0,0.0
58207,0.0,0.0,0.0
58208,0.0,0.0,0.0
58209,0.0,0.0,0.0
58210,0.0,0.0,0.0
58211,0.0,0.0,0.0
58212,0.0,0.0,0.0
58213,0.0,0.0,0.0
58214,0.0,0.0,0.0
58215,0.0,0.0,0.0
58216,0.0,0.0,0.0
58217,0.0,0.0,0.0
58218,0.0,0.0,0.0
58219,0.0,0.0,0.0
58220,0.0,0.0,0.0
58221,0.0,0.0,0.0
58222,0.0,0.0,0.0
58223,0.0,0.0,0.0
58224,0.0,0.0,0.0
58225,0.0,0.0,0.0
58226,0.0,0.0,0.0
58227,0.0,0.0,0.0
58228,0.0,0.0,0.0
58229,0.0,0.0,0.0
58230,0.0,0.0,0.0
58231,0.0,0.0,0.0
58232,0.0,0.0,0.0
58233,0.0,0.0,0.0
58234,0.0,0.0,0.0
58235,0.0,0.0,0.0
58236,0.0,0.0,0.0
58237,0.0,0.0,0.0
58238,0.0,0.0,0.0
58239,0.0,0.0,0.0
58240,0.0,0.0,0.0
58241,0.0,0.0,0.0
58242,0.0,0.0,0.0
58243,0.0,0.0,0.0
58244,0.0,0.0,0.0
58245,0.0,0.0,0.0
58246,0.0,0.0,0.0
58247,0.0,0.0,0.0
58248,0.0,0.0,0.0
58249,0.0,0.0,0.0
58250,0.0,0.0,0.0
58251,0.0,0.0,0.0
58252,0.0,0.0,0.0
58253,0.0,0.0,0.0
58254,0.0,0.0,0.0
58255,0.0,0.0,0.0
58256,0.0,0.0,0.0
58257,0.0,0.0,0.0
58258,0.0,0.0,0.0
58259,0.0,0.0,0.0
58260,0.0,0.0,0.0
58261,0.0,0.0,0.0
58262,0.0,0.0,0.0
58263,0.0,0.0,0.0
58264,0.0,0.0,0.0
58265,0.0,0.0,0.0
58266,0.0,0.0,0.0
58267,0.0,0.0,0.0
58268,0.0,0.0,0.0
58269,0.0,0.0,0.0
58270,0.0,0.0,0.0
58271,0.0,0.0,0.0
58272,0.0,0.0,0.0
58273,0.0,0.0,0.0
58274,0.0,0.0,0.0
58275,0.0,0.0,0.0
58276,0.0,0.0,0.0
58277,0.0,0.0,0.0
58278,0.0,0.0,0.0
58279,0.0,0.0,0.0
58280,0.0,0.0,0.0
58281,0.0,0.0,0.0
58282,0.0,0.0,0.0
58283,0.0,0.0,0.0
58284,0.0,0.0,0.0
58285,0.0,0.0,0.0
58286,0.0,0.0,0.0
58287,0.0,0.0,0.0
58288,0.0,0.0,0.0
58289,0.0,0.0,0.0
58290,0.0,0.0,0.0
58291,0.0,0.0,0.0
58292,0.0,0.0,0.0
58293,0.0,0.0,0.0
58294,0.0,0.0,0.0
58295,0.0,0.0,0.0
58296,0.0,0.0,0.0
58297,0.0,0.0,0.0
58298,0.0,0.0,0.0
58299,0.0,0.0,0.0
58300,0.0,0.0,0.0
58301,0.0,0.0,0.0
58302,0.0,0.0,0.0
58303,0.0,0.0,0.0
58304,0.0,0.0,0.0
58305,0.0,0.0,0.0
58306,0.0,0.0,0.0
58307,0.0,0.0,0.0
58308,0.0,0.0,0.0
58309,0.0,0.0,0.0
58310,0.0,0.0,0.0
58311,0.0,0.0,0.0
58312,0.0,0.0,0.0
58313,0.0,0.0,0.0
58314,0.0,0.0,0.0
58315,0.0,0.0,0.0
58316,0.0,0.0,0.0
58317,0.0,0.0,0.0
58318,0.0,0.0,0.0
58319,0.0,0.0,0.0
58320,0.0,0.0,0.0
58321,0.0,0.0,0.0
58322,0.0,0.0,0.0
58323,0.0,0.0,0.0
58324,0.0,0.0,0.0
58325,0.0,0.0,0.0
58326,0.0,0.0,0.0
58327,0.0,0.0,0.0
58328,0.0,0.0,0.0
58329,0.0,0.0,0.0
58330,0.0,0.0,0.0
58331,0.0,0.0,0.0
58332,0.0,0.0,0.0
58333,0.0,0.0,0.0
58334,0.0,0.0,0.0
58335,0.0,0.0,0.0
58336,0.0,0.0,0.0
58337,0.0,0.0,0.0
58338,0.0,0.0,0.0
58339,0.0,0.0,0.0
58340,0.0,0.0,0.0
58341,0.0,0.0,0.0
58342,0.0,0.0,0.0
58343,0.0,0.0,0.0
58344,0.0,0.0,0.0
58345,0.0,0.0,0.0
58346,0.0,0.0,0.0
58347,0.0,0.0,0.0
58348,0.0,0.0,0.0
58349,0.0,0.0,0.0
58350,0.0,0.0,0.0
58351,0.0,0.0,0.0
58352,0.0,0.0,0.0
58353,0.0,0.0,0.0
58354,0.0,0.0,0.0
58355,0.0,0.0,0.0
58356,0.0,0.0,0.0
58357,0.0,0.0,0.0
58358,0.0,0.0,0.0
58359,0.0,0.0,0.0
58360,0.0,0.0,0.0
58361,0.0,0.0,0.0
58362,0.0,0.0,0.0
58363,0.0,0.0,0.0
58364,0.0,0.0,0.0
58365,0.0,0.0,0.0
58366,0.0,0.0,0.0
58367,0.0,0.0,0.0
58368,0.0,0.0,0.0
58369,0.0,0.0,0.0
58370,0.0,0.0,0.0
58371,0.0,0.0,0.0
58372,0.0,0.0,0.0
58373,0.0,0.0,0.0
58374,0.0,0.0,0.0
58375,0.0,0.0,0.0
58376,0.0,0.0,0.0
58377,0.0,0.0,0.0
58378,0.0,0.0,0.0
58379,0.0,0.0,0.0
58380,0.0,0.0,0.0
58381,0.0,0.0,0.0
58382,0.0,0.0,0.0
58383,0.0,0.0,0.0
58384,0.0,0.0,0.0
58385,0.0,0.0,0.0
58386,0.0,0.0,0.0
58387,0.0,0.0,0.0
58388,0.0,0.0,0.0
58389,0.0,0.0,0.0
58390,0.0,0.0,0.0
58391,0.0,0.0,0.0
58392,0.0,0.0,0.0
58393,0.0,0.0,0.0
58394,0.0,0.0,0.0
58395,0.0,0.0,0.0
58396,0.0,0.0,0.0
58397,0.0,0.0,0.0
58398,0.0,0.0,0.0
58399,0.0,0.0,0.0
58400,0.0,0.0,0.0
58401,0.0,0.0,0.0
58402,0.0,0.0,0.0
58403,0.0,0.0,0.0
58404,0.0,0.0,0.0
58405,0.0,0.0,0.0
58406,0.0,0.0,0.0
58407,0.0,0.0,0.0
58408,0.0,0.0,0.0
58409,0.0,0.0,0.0
58410,0.0,0.0,0.0
58411,0.0,0.0,0.0
58412,0.0,0.0,0.0
58413,0.0,0.0,0.0
58414,0.0,0.0,0.0
58415,0.0,0.0,0.0
58416,0.0,0.0,0.0
58417,0.0,0.0,0.0
58418,0.0,0.0,0.0
58419,0.0,0.0,0.0
58420,0.0,0.0,0.0
58421,0.0,0.0,0.0
58422,0.0,0.0,0.0
58423,0.0,0.0,0.0
58424,0.0,0.0,0.0
58425,0.0,0.0,0.0
58426,0.0,0.0,0.0
58427,0.0,0.0,0.0
58428,0.0,0.0,0.0
58429,0.0,0.0,0.0
58430,0.0,0.0,0.0
58431,0.0,0.0,0.0
58432,0.0,0.0,0.0
58433,0.0,0.0,0.0
58434,0.0,0.0,0.0
58435,0.0,0.0,0.0
58436,0.0,0.0,0.0
58437,0.0,0.0,0.0
58438,0.0,0.0,0.0
58439,0.0,0.0,0.0
58440,0.0,0.0,0.0
58441,0.0,0.0,0.0
58442,0.0,0.0,0.0
58443,0.0,0.0,0.0
58444,0.0,0.0,0.0
58445,0.0,0.0,0.0
58446,0.0,0.0,0.0
58447,0.0,0.0,0.0
58448,0.0,0.0,0.0
58449,0.0,0.0,0.0
58450,0.0,0.0,0.0
58451,0.0,0.0,0.0
58452,0.0,0.0,0.0
58453,0.0,0.0,0.0
58454,0.0,0.0,0.0
58455,0.0,0.0,0.0
58456,0.0,0.0,0.0
58457,0.0,0.0,0.0
58458,0.0,0.0,0.0
58459,0.0,0.0,0.0
58460,0.0,0.0,0.0
58461,0.0,0.0,0.0
58462,0.0,0.0,0.0
58463,0.0,0.0,0.0
58464,0.0,0.0,0.0
58465,0.0,0.0,0.0
58466,0.0,0.0,0.0
58467,0.0,0.0,0.0
58468,0.0,0.0,0.0
58469,0.0,0.0,0.0
58470,0.0,0.0,0.0
58471,0.0,0.0,0.0
58472,0.0,0.0,0.0
58473,0.0,0.0,0.0
58474,0.0,0.0,0.0
58475,0.0,0.0,0.0
58476,0.0,0.0,0.0
58477,0.0,0.0,0.0
58478,0.0,0.0,0.0
58479,0.0,0.0,0.0
58480,0.0,0.0,0.0
58481,0.0,0.0,0.0
58482,0.0,0.0,0.0
58483,0.0,0.0,0.0
58484,0.0,0.0,0.0
58485,0.0,0.0,0.0
58486,0.0,0.0,0.0
58487,0.0,0.0,0.0
58488,0.0,0.0,0.0
58489,0.0,0.0,0.0
58490,0.0,0.0,0.0
58491,0.0,0.0,0.0
58492,0.0,0.0,0.0
58493,0.0,0.0,0.0
58494,0.0,0.0,0.0
58495,0.0,0.0,0.0
58496,0.0,0.0,0.0
58497,0.0,0.0,0.0
58498,0.0,0.0,0.0
58499,0.0,0.0,0.0
58500,0.0,0.0,0.0
58501,0.0,0.0,0.0
58502,0.0,0.0,0.0
58503,0.0,0.0,0.0
58504,0.0,0.0,0.0
58505,0.0,0.0,0.0
58506,0.0,0.0,0.0
58507,0.0,0.0,0.0
58508,0.0,0.0,0.0
58509,0.0,0.0,0.0
58510,0.0,0.0,0.0
58511,0.0,0.0,0.0
58512,0.0,0.0,0.0
58513,0.0,0.0,0.0
58514,0.0,0.0,0.0
58515,0.0,0.0,0.0
58516,0.0,0.0,0.0
58517,0.0,0.0,0.0
58518,0.0,0.0,0.0
58519,0.0,0.0,0.0
58520,0.0,0.0,0.0
58521,0.0,0.0,0.0
58522,0.0,0.0,0.0
58523,0.0,0.0,0.0
58524,0.0,0.0,0.0
58525,0.0,0.0,0.0
58526,0.0,0.0,0.0
58527,0.0,0.0,0.0
58528,0.0,0.0,0.0
58529,0.0,0.0,0.0
58530,0.0,0.0,0.0
58531,0.0,0.0,0.0
58532,0.0,0.0,0.0
58533,0.0,0.0,0.0
58534,0.0,0.0,0.0
58535,0.0,0.0,0.0
58536,0.0,0.0,0.0
58537,0.0,0.0,0.0
58538,0.0,0.0,0.0
58539,0.0,0.0,0.0
58540,0.0,0.0,0.0
58541,0.0,0.0,0.0
58542,0.0,0.0,0.0
58543,0.0,0.0,0.0
58544,0.0,0.0,0.0
58545,0.0,0.0,0.0
58546,0.0,0.0,0.0
58547,0.0,0.0,0.0
58548,0.0,0.0,0.0
58549,0.0,0.0,0.0
58550,0.0,0.0,0.0
58551,0.0,0.0,0.0
58552,0.0,0.0,0.0
58553,0.0,0.0,0.0
58554,0.0,0.0,0.0
58555,0.0,0.0,0.0
58556,0.0,0.0,0.0
58557,0.0,0.0,0.0
58558,0.0,0.0,0.0
58559,0.0,0.0,0.0
58560,0.0,0.0,0.0
58561,0.0,0.0,0.0
58562,0.0,0.0,0.0
58563,0.0,0.0,0.0
58564,0.0,0.0,0.0
58565,0.0,0.0,0.0
58566,0.0,0.0,0.0
58567,0.0,0.0,0.0
58568,0.0,0.0,0.0
58569,0.0,0.0,0.0
58570,0.0,0.0,0.0
58571,0.0,0.0,0.0
58572,0.0,0.0,0.0
58573,0.0,0.0,0.0
58574,0.0,0.0,0.0
58575,0.0,0.0,0.0
58576,0.0,0.0,0.0
58577,0.0,0.0,0.0
58578,0.0,0.0,0.0
58579,0.0,0.0,0.0
58580,0.0,0.0,0.0
58581,0.0,0.0,0.0
58582,0.0,0.0,0.0
58583,0.0,0.0,0.0
58584,0.0,0.0,0.0
58585,0.0,0.0,0.0
58586,0.0,0.0,0.0
58587,0.0,0.0,0.0
58588,0.0,0.0,0.0
58589,0.0,0.0,0.0
58590,0.0,0.0,0.0
58591,0.0,0.0,0.0
58592,0.0,0.0,0.0
58593,0.0,0.0,0.0
58594,0.0,0.0,0.0
58595,0.0,0.0,0.0
58596,0.0,0.0,0.0
58597,0.0,0.0,0.0
58598,0.0,0.0,0.0
58599,0.0,0.0,0.0
58600,0.0,0.0,0.0
58601,0.0,0.0,0.0
58602,0.0,0.0,0.0
58603,0.0,0.0,0.0
58604,0.0,0.0,0.0
58605,0.0,0.0,0.0
58606,0.0,0.0,0.0
58607,0.0,0.0,0.0
58608,0.0,0.0,0.0
58609,0.0,0.0,0.0
58610,0.0,0.0,0.0
58611,0.0,0.0,0.0
58612,0.0,0.0,0.0
58613,0.0,0.0,0.0
58614,0.0,0.0,0.0
58615,0.0,0.0,0.0
58616,0.0,0.0,0.0
58617,0.0,0.0,0.0
58618,0.0,0.0,0.0
58619,0.0,0.0,0.0
58620,0.0,0.0,0.0
58621,0.0,0.0,0.0
58622,0.0,0.0,0.0
58623,0.0,0.0,0.0
58624,0.0,0.0,0.0
58625,0.0,0.0,0.0
58626,0.0,0.0,0.0
58627,0.0,0.0,0.0
58628,0.0,0.0,0.0
58629,0.0,0.0,0.0
58630,0.0,0.0,0.0
58631,0.0,0.0,0.0
58632,0.0,0.0,0.0
58633,0.0,0.0,0.0
58634,0.0,0.0,0.0
58635,0.0,0.0,0.0
58636,0.0,0.0,0.0
58637,0.0,0.0,0.0
58638,0.0,0.0,0.0
58639,0.0,0.0,0.0
58640,0.0,0.0,0.0
58641,0.0,0.0,0.0
58642,0.0,0.0,0.0
58643,0.0,0.0,0.0
58644,0.0,0.0,0.0
58645,0.0,0.0,0.0
58646,0.0,0.0,0.0
58647,0.0,0.0,0.0
58648,0.0,0.0,0.0
58649,0.0,0.0,0.0
58650,0.0,0.0,0.0
58651,0.0,0.0,0.0
58652,0.0,0.0,0.0
58653,0.0,0.0,0.0
58654,0.0,0.0,0.0
58655,0.0,0.0,0.0
58656,0.0,0.0,0.0
58657,0.0,0.0,0.0
58658,0.0,0.0,0.0
58659,0.0,0.0,0.0
58660,0.0,0.0,0.0
58661,0.0,0.0,0.0
58662,0.0,0.0,0.0
58663,0.0,0.0,0.0
58664,0.0,0.0,0.0
58665,0.0,0.0,0.0
58666,0.0,0.0,0.0
58667,0.0,0.0,0.0
58668,0.0,0.0,0.0
58669,0.0,0.0,0.0
58670,0.0,0.0,0.0
58671,0.0,0.0,0.0
58672,0.0,0.0,0.0
58673,0.0,0.0,0.0
58674,0.0,0.0,0.0
58675,0.0,0.0,0.0
58676,0.0,0.0,0.0
58677,0.0,0.0,0.0
58678,0.0,0.0,0.0
58679,0.0,0.0,0.0
58680,0.0,0.0,0.0
58681,0.0,0.0,0.0
58682,0.0,0.0,0.0
58683,0.0,0.0,0.0
58684,0.0,0.0,0.0
58685,0.0,0.0,0.0
58686,0.0,0.0,0.0
58687,0.0,0.0,0.0
58688,0.0,0.0,0.0
58689,0.0,0.0,0.0
58690,0.0,0.0,0.0
58691,0.0,0.0,0.0
58692,0.0,0.0,0.0
58693,0.0,0.0,0.0
58694,0.0,0.0,0.0
58695,0.0,0.0,0.0
58696,0.0,0.0,0.0
58697,0.0,0.0,0.0
58698,0.0,0.0,0.0
58699,0.0,0.0,0.0
58700,0.0,0.0,0.0
58701,0.0,0.0,0.0
58702,0.0,0.0,0.0
58703,0.0,0.0,0.0
58704,0.0,0.0,0.0
58705,0.0,0.0,0.0
58706,0.0,0.0,0.0
58707,0.0,0.0,0.0
58708,0.0,0.0,0.0
58709,0.0,0.0,0.0
58710,0.0,0.0,0.0
58711,0.0,0.0,0.0
58712,0.0,0.0,0.0
58713,0.0,0.0,0.0
58714,0.0,0.0,0.0
58715,0.0,0.0,0.0
58716,0.0,0.0,0.0
58717,0.0,0.0,0.0
58718,0.0,0.0,0.0
58719,0.0,0.0,0.0
58720,0.0,0.0,0.0
58721,0.0,0.0,0.0
58722,0.0,0.0,0.0
58723,0.0,0.0,0.0
58724,0.0,0.0,0.0
58725,0.0,0.0,0.0
58726,0.0,0.0,0.0
58727,0.0,0.0,0.0
58728,0.0,0.0,0.0
58729,0.0,0.0,0.0
58730,0.0,0.0,0.0
58731,0.0,0.0,0.0
58732,0.0,0.0,0.0
58733,0.0,0.0,0.0
58734,0.0,0.0,0.0
58735,0.0,0.0,0.0
58736,0.0,0.0,0.0
58737,0.0,0.0,0.0
58738,0.0,0.0,0.0
58739,0.0,0.0,0.0
58740,0.0,0.0,0.0
58741,0.0,0.0,0.0
58742,0.0,0.0,0.0
58743,0.0,0.0,0.0
58744,0.0,0.0,0.0
58745,0.0,0.0,0.0
58746,0.0,0.0,0.0
58747,0.0,0.0,0.0
58748,0.0,0.0,0.0
58749,0.0,0.0,0.0
58750,0.0,0.0,0.0
58751,0.0,0.0,0.0
58752,0.0,0.0,0.0
58753,0.0,0.0,0.0
58754,0.0,0.0,0.0
58755,0.0,0.0,0.0
58756,0.0,0.0,0.0
58757,0.0,0.0,0.0
58758,0.0,0.0,0.0
58759,0.0,0.0,0.0
58760,0.0,0.0,0.0
58761,0.0,0.0,0.0
58762,0.0,0.0,0.0
58763,0.0,0.0,0.0
58764,0.0,0.0,0.0
58765,0.0,0.0,0.0
58766,0.0,0.0,0.0
58767,0.0,0.0,0.0
58768,0.0,0.0,0.0
58769,0.0,0.0,0.0
58770,0.0,0.0,0.0
58771,0.0,0.0,0.0
58772,0.0,0.0,0.0
58773,0.0,0.0,0.0
58774,0.0,0.0,0.0
58775,0.0,0.0,0.0
58776,0.0,0.0,0.0
58777,0.0,0.0,0.0
58778,0.0,0.0,0.0
58779,0.0,0.0,0.0
58780,0.0,0.0,0.0
58781,0.0,0.0,0.0
58782,0.0,0.0,0.0
58783,0.0,0.0,0.0
58784,0.0,0.0,0.0
58785,0.0,0.0,0.0
58786,0.0,0.0,0.0
58787,0.0,0.0,0.0
58788,0.0,0.0,0.0
58789,0.0,0.0,0.0
58790,0.0,0.0,0.0
58791,0.0,0.0,0.0
58792,0.0,0.0,0.0
58793,0.0,0.0,0.0
58794,0.0,0.0,0.0
58795,0.0,0.0,0.0
58796,0.0,0.0,0.0
58797,0.0,0.0,0.0
58798,0.0,0.0,0.0
58799,0.0,0.0,0.0
58800,0.0,0.0,0.0
58801,0.0,0.0,0.0
58802,0.0,0.0,0.0
58803,0.0,0.0,0.0
58804,0.0,0.0,0.0
58805,0.0,0.0,0.0
58806,0.0,0.0,0.0
58807,0.0,0.0,0.0
58808,0.0,0.0,0.0
58809,0.0,0.0,0.0
58810,0.0,0.0,0.0
58811,0.0,0.0,0.0
58812,0.0,0.0,0.0
58813,0.0,0.0,0.0
58814,0.0,0.0,0.0
58815,0.0,0.0,0.0
58816,0.0,0.0,0.0
58817,0.0,0.0,0.0
58818,0.0,0.0,0.0
58819,0.0,0.0,0.0
58820,0.0,0.0,0.0
58821,0.0,0.0,0.0
58822,0.0,0.0,0.0
58823,0.0,0.0,0.0
58824,0.0,0.0,0.0
58825,0.0,0.0,0.0
58826,0.0,0.0,0.0
58827,0.0,0.0,0.0
58828,0.0,0.0,0.0
58829,0.0,0.0,0.0
58830,0.0,0.0,0.0
58831,0.0,0.0,0.0
58832,0.0,0.0,0.0
58833,0.0,0.0,0.0
58834,0.0,0.0,0.0
58835,0.0,0.0,0.0
58836,0.0,0.0,0.0
58837,0.0,0.0,0.0
58838,0.0,0.0,0.0
58839,0.0,0.0,0.0
58840,0.0,0.0,0.0
58841,0.0,0.0,0.0
58842,0.0,0.0,0.0
58843,0.0,0.0,0.0
58844,0.0,0.0,0.0
58845,0.0,0.0,0.0
58846,0.0,0.0,0.0
58847,0.0,0.0,0.0
58848,0.0,0.0,0.0
58849,0.0,0.0,0.0
58850,0.0,0.0,0.0
58851,0.0,0.0,0.0
58852,0.0,0.0,0.0
58853,0.0,0.0,0.0
58854,0.0,0.0,0.0
58855,0.0,0.0,0.0
58856,0.0,0.0,0.0
58857,0.0,0.0,0.0
58858,0.0,0.0,0.0
58859,0.0,0.0,0.0
58860,0.0,0.0,0.0
58861,0.0,0.0,0.0
58862,0.0,0.0,0.0
58863,0.0,0.0,0.0
58864,0.0,0.0,0.0
58865,0.0,0.0,0.0
58866,0.0,0.0,0.0
58867,0.0,0.0,0.0
58868,0.0,0.0,0.0
58869,0.0,0.0,0.0
58870,0.0,0.0,0.0
58871,0.0,0.0,0.0
58872,0.0,0.0,0.0
58873,0.0,0.0,0.0
58874,0.0,0.0,0.0
58875,0.0,0.0,0.0
58876,0.0,0.0,0.0
58877,0.0,0.0,0.0
58878,0.0,0.0,0.0
58879,0.0,0.0,0.0
58880,0.0,0.0,0.0
58881,0.0,0.0,0.0
58882,0.0,0.0,0.0
58883,0.0,0.0,0.0
58884,0.0,0.0,0.0
58885,0.0,0.0,0.0
58886,0.0,0.0,0.0
58887,0.0,0.0,0.0
58888,0.0,0.0,0.0
58889,0.0,0.0,0.0
58890,0.0,0.0,0.0
58891,0.0,0.0,0.0
58892,0.0,0.0,0.0
58893,0.0,0.0,0.0
58894,0.0,0.0,0.0
58895,0.0,0.0,0.0
58896,0.0,0.0,0.0
58897,0.0,0.0,0.0
58898,0.0,0.0,0.0
58899,0.0,0.0,0.0
58900,0.0,0.0,0.0
58901,0.0,0.0,0.0
58902,0.0,0.0,0.0
58903,0.0,0.0,0.0
58904,0.0,0.0,0.0
58905,0.0,0.0,0.0
58906,0.0,0.0,0.0
58907,0.0,0.0,0.0
58908,0.0,0.0,0.0
58909,0.0,0.0,0.0
58910,0.0,0.0,0.0
58911,0.0,0.0,0.0
58912,0.0,0.0,0.0
58913,0.0,0.0,0.0
58914,0.0,0.0,0.0
58915,0.0,0.0,0.0
58916,0.0,0.0,0.0
58917,0.0,0.0,0.0
58918,0.0,0.0,0.0
58919,0.0,0.0,0.0
58920,0.0,0.0,0.0
58921,0.0,0.0,0.0
58922,0.0,0.0,0.0
58923,0.0,0.0,0.0
58924,0.0,0.0,0.0
58925,0.0,0.0,0.0
58926,0.0,0.0,0.0
58927,0.0,0.0,0.0
58928,0.0,0.0,0.0
58929,0.0,0.0,0.0
58930,0.0,0.0,0.0
58931,0.0,0.0,0.0
58932,0.0,0.0,0.0
58933,0.0,0.0,0.0
58934,0.0,0.0,0.0
58935,0.0,0.0,0.0
58936,0.0,0.0,0.0
58937,0.0,0.0,0.0
58938,0.0,0.0,0.0
58939,0.0,0.0,0.0
58940,0.0,0.0,0.0
58941,0.0,0.0,0.0
58942,0.0,0.0,0.0
58943,0.0,0.0,0.0
58944,0.0,0.0,0.0
58945,0.0,0.0,0.0
58946,0.0,0.0,0.0
58947,0.0,0.0,0.0
58948,0.0,0.0,0.0
58949,0.0,0.0,0.0
58950,0.0,0.0,0.0
58951,0.0,0.0,0.0
58952,0.0,0.0,0.0
58953,0.0,0.0,0.0
58954,0.0,0.0,0.0
58955,0.0,0.0,0.0
58956,0.0,0.0,0.0
58957,0.0,0.0,0.0
58958,0.0,0.0,0.0
58959,0.0,0.0,0.0
58960,0.0,0.0,0.0
58961,0.0,0.0,0.0
58962,0.0,0.0,0.0
58963,0.0,0.0,0.0
58964,0.0,0.0,0.0
58965,0.0,0.0,0.0
58966,0.0,0.0,0.0
58967,0.0,0.0,0.0
58968,0.0,0.0,0.0
58969,0.0,0.0,0.0
58970,0.0,0.0,0.0
58971,0.0,0.0,0.0
58972,0.0,0.0,0.0
58973,0.0,0.0,0.0
58974,0.0,0.0,0.0
58975,0.0,0.0,0.0
58976,0.0,0.0,0.0
58977,0.0,0.0,0.0
58978,0.0,0.0,0.0
58979,0.0,0.0,0.0
58980,0.0,0.0,0.0
58981,0.0,0.0,0.0
58982,0.0,0.0,0.0
58983,0.0,0.0,0.0
58984,0.0,0.0,0.0
58985,0.0,0.0,0.0
58986,0.0,0.0,0.0
58987,0.0,0.0,0.0
58988,0.0,0.0,0.0
58989,0.0,0.0,0.0
58990,0.0,0.0,0.0
58991,0.0,0.0,0.0
58992,0.0,0.0,0.0
58993,0.0,0.0,0.0
58994,0.0,0.0,0.0
58995,0.0,0.0,0.0
58996,0.0,0.0,0.0
58997,0.0,0.0,0.0
58998,0.0,0.0,0.0
58999,0.0,0.0,0.0
59000,0.0,0.0,0.0
59001,0.0,0.0,0.0
59002,0.0,0.0,0.0
59003,0.0,0.0,0.0
59004,0.0,0.0,0.0
59005,0.0,0.0,0.0
59006,0.0,0.0,0.0
59007,0.0,0.0,0.0
59008,0.0,0.0,0.0
59009,0.0,0.0,0.0
59010,0.0,0.0,0.0
59011,0.0,0.0,0.0
59012,0.0,0.0,0.0
59013,0.0,0.0,0.0
59014,0.0,0.0,0.0
59015,0.0,0.0,0.0
59016,0.0,0.0,0.0
59017,0.0,0.0,0.0
59018,0.0,0.0,0.0
59019,0.0,0.0,0.0
59020,0.0,0.0,0.0
59021,0.0,0.0,0.0
59022,0.0,0.0,0.0
59023,0.0,0.0,0.0
59024,0.0,0.0,0.0
59025,0.0,0.0,0.0
59026,0.0,0.0,0.0
59027,0.0,0.0,0.0
59028,0.0,0.0,0.0
59029,0.0,0.0,0.0
59030,0.0,0.0,0.0
59031,0.0,0.0,0.0
59032,0.0,0.0,0.0
59033,0.0,0.0,0.0
59034,0.0,0.0,0.0
59035,0.0,0.0,0.0
59036,0.0,0.0,0.0
59037,0.0,0.0,0.0
59038,0.0,0.0,0.0
59039,0.0,0.0,0.0
59040,0.0,0.0,0.0
59041,0.0,0.0,0.0
59042,0.0,0.0,0.0
59043,0.0,0.0,0.0
59044,0.0,0.0,0.0
59045,0.0,0.0,0.0
59046,0.0,0.0,0.0
59047,0.0,0.0,0.0
59048,0.0,0.0,0.0
59049,0.0,0.0,0.0
59050,0.0,0.0,0.0
59051,0.0,0.0,0.0
59052,0.0,0.0,0.0
59053,0.0,0.0,0.0
59054,0.0,0.0,0.0
59055,0.0,0.0,0.0
59056,0.0,0.0,0.0
59057,0.0,0.0,0.0
59058,0.0,0.0,0.0
59059,0.0,0.0,0.0
59060,0.0,0.0,0.0
59061,0.0,0.0,0.0
59062,0.0,0.0,0.0
59063,0.0,0.0,0.0
59064,0.0,0.0,0.0
59065,0.0,0.0,0.0
59066,0.0,0.0,0.0
59067,0.0,0.0,0.0
59068,0.0,0.0,0.0
59069,0.0,0.0,0.0
59070,0.0,0.0,0.0
59071,0.0,0.0,0.0
59072,0.0,0.0,0.0
59073,0.0,0.0,0.0
59074,0.0,0.0,0.0
59075,0.0,0.0,0.0
59076,0.0,0.0,0.0
59077,0.0,0.0,0.0
59078,0.0,0.0,0.0
59079,0.0,0.0,0.0
59080,0.0,0.0,0.0
59081,0.0,0.0,0.0
59082,0.0,0.0,0.0
59083,0.0,0.0,0.0
59084,0.0,0.0,0.0
59085,0.0,0.0,0.0
59086,0.0,0.0,0.0
59087,0.0,0.0,0.0
59088,0.0,0.0,0.0
59089,0.0,0.0,0.0
59090,0.0,0.0,0.0
59091,0.0,0.0,0.0
59092,0.0,0.0,0.0
59093,0.0,0.0,0.0
59094,0.0,0.0,0.0
59095,0.0,0.0,0.0
59096,0.0,0.0,0.0
59097,0.0,0.0,0.0
59098,0.0,0.0,0.0
59099,0.0,0.0,0.0
59100,0.0,0.0,0.0
59101,0.0,0.0,0.0
59102,0.0,0.0,0.0
59103,0.0,0.0,0.0
59104,0.0,0.0,0.0
59105,0.0,0.0,0.0
59106,0.0,0.0,0.0
59107,0.0,0.0,0.0
59108,0.0,0.0,0.0
59109,0.0,0.0,0.0
59110,0.0,0.0,0.0
59111,0.0,0.0,0.0
59112,0.0,0.0,0.0
59113,0.0,0.0,0.0
59114,0.0,0.0,0.0
59115,0.0,0.0,0.0
59116,0.0,0.0,0.0
59117,0.0,0.0,0.0
59118,0.0,0.0,0.0
59119,0.0,0.0,0.0
59120,0.0,0.0,0.0
59121,0.0,0.0,0.0
59122,0.0,0.0,0.0
59123,0.0,0.0,0.0
59124,0.0,0.0,0.0
59125,0.0,0.0,0.0
59126,0.0,0.0,0.0
59127,0.0,0.0,0.0
59128,0.0,0.0,0.0
59129,0.0,0.0,0.0
59130,0.0,0.0,0.0
59131,0.0,0.0,0.0
59132,0.0,0.0,0.0
59133,0.0,0.0,0.0
59134,0.0,0.0,0.0
59135,0.0,0.0,0.0
59136,0.0,0.0,0.0
59137,0.0,0.0,0.0
59138,0.0,0.0,0.0
59139,0.0,0.0,0.0
59140,0.0,0.0,0.0
59141,0.0,0.0,0.0
59142,0.0,0.0,0.0
59143,0.0,0.0,0.0
59144,0.0,0.0,0.0
59145,0.0,0.0,0.0
59146,0.0,0.0,0.0
59147,0.0,0.0,0.0
59148,0.0,0.0,0.0
59149,0.0,0.0,0.0
59150,0.0,0.0,0.0
59151,0.0,0.0,0.0
59152,0.0,0.0,0.0
59153,0.0,0.0,0.0
59154,0.0,0.0,0.0
59155,0.0,0.0,0.0
59156,0.0,0.0,0.0
59157,0.0,0.0,0.0
59158,0.0,0.0,0.0
59159,0.0,0.0,0.0
59160,0.0,0.0,0.0
59161,0.0,0.0,0.0
59162,0.0,0.0,0.0
59163,0.0,0.0,0.0
59164,0.0,0.0,0.0
59165,0.0,0.0,0.0
59166,0.0,0.0,0.0
59167,0.0,0.0,0.0
59168,0.0,0.0,0.0
59169,0.0,0.0,0.0
59170,0.0,0.0,0.0
59171,0.0,0.0,0.0
59172,0.0,0.0,0.0
59173,0.0,0.0,0.0
59174,0.0,0.0,0.0
59175,0.0,0.0,0.0
59176,0.0,0.0,0.0
59177,0.0,0.0,0.0
59178,0.0,0.0,0.0
59179,0.0,0.0,0.0
59180,0.0,0.0,0.0
59181,0.0,0.0,0.0
59182,0.0,0.0,0.0
59183,0.0,0.0,0.0
59184,0.0,0.0,0.0
59185,0.0,0.0,0.0
59186,0.0,0.0,0.0
59187,0.0,0.0,0.0
59188,0.0,0.0,0.0
59189,0.0,0.0,0.0
59190,0.0,0.0,0.0
59191,0.0,0.0,0.0
59192,0.0,0.0,0.0
59193,0.0,0.0,0.0
59194,0.0,0.0,0.0
59195,0.0,0.0,0.0
59196,0.0,0.0,0.0
59197,0.0,0.0,0.0
59198,0.0,0.0,0.0
59199,0.0,0.0,0.0
59200,0.0,0.0,0.0
59201,0.0,0.0,0.0
59202,0.0,0.0,0.0
59203,0.0,0.0,0.0
59204,0.0,0.0,0.0
59205,0.0,0.0,0.0
59206,0.0,0.0,0.0
59207,0.0,0.0,0.0
59208,0.0,0.0,0.0
59209,0.0,0.0,0.0
59210,0.0,0.0,0.0
59211,0.0,0.0,0.0
59212,0.0,0.0,0.0
59213,0.0,0.0,0.0
59214,0.0,0.0,0.0
59215,0.0,0.0,0.0
59216,0.0,0.0,0.0
59217,0.0,0.0,0.0
59218,0.0,0.0,0.0
59219,0.0,0.0,0.0
59220,0.0,0.0,0.0
59221,0.0,0.0,0.0
59222,0.0,0.0,0.0
59223,0.0,0.0,0.0
59224,0.0,0.0,0.0
59225,0.0,0.0,0.0
59226,0.0,0.0,0.0
59227,0.0,0.0,0.0
59228,0.0,0.0,0.0
59229,0.0,0.0,0.0
59230,0.0,0.0,0.0
59231,0.0,0.0,0.0
59232,0.0,0.0,0.0
59233,0.0,0.0,0.0
59234,0.0,0.0,0.0
59235,0.0,0.0,0.0
59236,0.0,0.0,0.0
59237,0.0,0.0,0.0
59238,0.0,0.0,0.0
59239,0.0,0.0,0.0
59240,0.0,0.0,0.0
59241,0.0,0.0,0.0
59242,0.0,0.0,0.0
59243,0.0,0.0,0.0
59244,0.0,0.0,0.0
59245,0.0,0.0,0.0
59246,0.0,0.0,0.0
59247,0.0,0.0,0.0
59248,0.0,0.0,0.0
59249,0.0,0.0,0.0
59250,0.0,0.0,0.0
59251,0.0,0.0,0.0
59252,0.0,0.0,0.0
59253,0.0,0.0,0.0
59254,0.0,0.0,0.0
59255,0.0,0.0,0.0
59256,0.0,0.0,0.0
59257,0.0,0.0,0.0
59258,0.0,0.0,0.0
59259,0.0,0.0,0.0
59260,0.0,0.0,0.0
59261,0.0,0.0,0.0
59262,0.0,0.0,0.0
59263,0.0,0.0,0.0
59264,0.0,0.0,0.0
59265,0.0,0.0,0.0
59266,0.0,0.0,0.0
59267,0.0,0.0,0.0
59268,0.0,0.0,0.0
59269,0.0,0.0,0.0
59270,0.0,0.0,0.0
59271,0.0,0.0,0.0
59272,0.0,0.0,0.0
59273,0.0,0.0,0.0
59274,0.0,0.0,0.0
59275,0.0,0.0,0.0
59276,0.0,0.0,0.0
59277,0.0,0.0,0.0
59278,0.0,0.0,0.0
59279,0.0,0.0,0.0
59280,0.0,0.0,0.0
59281,0.0,0.0,0.0
59282,0.0,0.0,0.0
59283,0.0,0.0,0.0
59284,0.0,0.0,0.0
59285,0.0,0.0,0.0
59286,0.0,0.0,0.0
59287,0.0,0.0,0.0
59288,0.0,0.0,0.0
59289,0.0,0.0,0.0
59290,0.0,0.0,0.0
59291,0.0,0.0,0.0
59292,0.0,0.0,0.0
59293,0.0,0.0,0.0
59294,0.0,0.0,0.0
59295,0.0,0.0,0.0
59296,0.0,0.0,0.0
59297,0.0,0.0,0.0
59298,0.0,0.0,0.0
59299,0.0,0.0,0.0
59300,0.0,0.0,0.0
59301,0.0,0.0,0.0
59302,0.0,0.0,0.0
59303,0.0,0.0,0.0
59304,0.0,0.0,0.0
59305,0.0,0.0,0.0
59306,0.0,0.0,0.0
59307,0.0,0.0,0.0
59308,0.0,0.0,0.0
59309,0.0,0.0,0.0
59310,0.0,0.0,0.0
59311,0.0,0.0,0.0
59312,0.0,0.0,0.0
59313,0.0,0.0,0.0
59314,0.0,0.0,0.0
59315,0.0,0.0,0.0
59316,0.0,0.0,0.0
59317,0.0,0.0,0.0
59318,0.0,0.0,0.0
59319,0.0,0.0,0.0
59320,0.0,0.0,0.0
59321,0.0,0.0,0.0
59322,0.0,0.0,0.0
59323,0.0,0.0,0.0
59324,0.0,0.0,0.0
59325,0.0,0.0,0.0
59326,0.0,0.0,0.0
59327,0.0,0.0,0.0
59328,0.0,0.0,0.0
59329,0.0,0.0,0.0
59330,0.0,0.0,0.0
59331,0.0,0.0,0.0
59332,0.0,0.0,0.0
59333,0.0,0.0,0.0
59334,0.0,0.0,0.0
59335,0.0,0.0,0.0
59336,0.0,0.0,0.0
59337,0.0,0.0,0.0
59338,0.0,0.0,0.0
59339,0.0,0.0,0.0
59340,0.0,0.0,0.0
59341,0.0,0.0,0.0
59342,0.0,0.0,0.0
59343,0.0,0.0,0.0
59344,0.0,0.0,0.0
59345,0.0,0.0,0.0
59346,0.0,0.0,0.0
59347,0.0,0.0,0.0
59348,0.0,0.0,0.0
59349,0.0,0.0,0.0
59350,0.0,0.0,0.0
59351,0.0,0.0,0.0
59352,0.0,0.0,0.0
59353,0.0,0.0,0.0
59354,0.0,0.0,0.0
59355,0.0,0.0,0.0
59356,0.0,0.0,0.0
59357,0.0,0.0,0.0
59358,0.0,0.0,0.0
59359,0.0,0.0,0.0
59360,0.0,0.0,0.0
59361,0.0,0.0,0.0
59362,0.0,0.0,0.0
59363,0.0,0.0,0.0
59364,0.0,0.0,0.0
59365,0.0,0.0,0.0
59366,0.0,0.0,0.0
59367,0.0,0.0,0.0
59368,0.0,0.0,0.0
59369,0.0,0.0,0.0
59370,0.0,0.0,0.0
59371,0.0,0.0,0.0
59372,0.0,0.0,0.0
59373,0.0,0.0,0.0
59374,0.0,0.0,0.0
59375,0.0,0.0,0.0
59376,0.0,0.0,0.0
59377,0.0,0.0,0.0
59378,0.0,0.0,0.0
59379,0.0,0.0,0.0
59380,0.0,0.0,0.0
59381,0.0,0.0,0.0
59382,0.0,0.0,0.0
59383,0.0,0.0,0.0
59384,0.0,0.0,0.0
59385,0.0,0.0,0.0
59386,0.0,0.0,0.0
59387,0.0,0.0,0.0
59388,0.0,0.0,0.0
59389,0.0,0.0,0.0
59390,0.0,0.0,0.0
59391,0.0,0.0,0.0
59392,0.0,0.0,0.0
59393,0.0,0.0,0.0
59394,0.0,0.0,0.0
59395,0.0,0.0,0.0
59396,0.0,0.0,0.0
59397,0.0,0.0,0.0
59398,0.0,0.0,0.0
59399,0.0,0.0,0.0
59400,0.0,0.0,0.0
59401,0.0,0.0,0.0
59402,0.0,0.0,0.0
59403,0.0,0.0,0.0
59404,0.0,0.0,0.0
59405,0.0,0.0,0.0
59406,0.0,0.0,0.0
59407,0.0,0.0,0.0
59408,0.0,0.0,0.0
59409,0.0,0.0,0.0
59410,0.0,0.0,0.0
59411,0.0,0.0,0.0
59412,0.0,0.0,0.0
59413,0.0,0.0,0.0
59414,0.0,0.0,0.0
59415,0.0,0.0,0.0
59416,0.0,0.0,0.0
59417,0.0,0.0,0.0
59418,0.0,0.0,0.0
59419,0.0,0.0,0.0
59420,0.0,0.0,0.0
59421,0.0,0.0,0.0
59422,0.0,0.0,0.0
59423,0.0,0.0,0.0
59424,0.0,0.0,0.0
59425,0.0,0.0,0.0
59426,0.0,0.0,0.0
59427,0.0,0.0,0.0
59428,0.0,0.0,0.0
59429,0.0,0.0,0.0
59430,0.0,0.0,0.0
59431,0.0,0.0,0.0
59432,0.0,0.0,0.0
59433,0.0,0.0,0.0
59434,0.0,0.0,0.0
59435,0.0,0.0,0.0
59436,0.0,0.0,0.0
59437,0.0,0.0,0.0
59438,0.0,0.0,0.0
59439,0.0,0.0,0.0
59440,0.0,0.0,0.0
59441,0.0,0.0,0.0
59442,0.0,0.0,0.0
59443,0.0,0.0,0.0
59444,0.0,0.0,0.0
59445,0.0,0.0,0.0
59446,0.0,0.0,0.0
59447,0.0,0.0,0.0
59448,0.0,0.0,0.0
59449,0.0,0.0,0.0
59450,0.0,0.0,0.0
59451,0.0,0.0,0.0
59452,0.0,0.0,0.0
59453,0.0,0.0,0.0
59454,0.0,0.0,0.0
59455,0.0,0.0,0.0
59456,0.0,0.0,0.0
59457,0.0,0.0,0.0
59458,0.0,0.0,0.0
59459,0.0,0.0,0.0
59460,0.0,0.0,0.0
59461,0.0,0.0,0.0
59462,0.0,0.0,0.0
59463,0.0,0.0,0.0
59464,0.0,0.0,0.0
59465,0.0,0.0,0.0
59466,0.0,0.0,0.0
59467,0.0,0.0,0.0
59468,0.0,0.0,0.0
59469,0.0,0.0,0.0
59470,0.0,0.0,0.0
59471,0.0,0.0,0.0
59472,0.0,0.0,0.0
59473,0.0,0.0,0.0
59474,0.0,0.0,0.0
59475,0.0,0.0,0.0
59476,0.0,0.0,0.0
59477,0.0,0.0,0.0
59478,0.0,0.0,0.0
59479,0.0,0.0,0.0
59480,0.0,0.0,0.0
59481,0.0,0.0,0.0
59482,0.0,0.0,0.0
59483,0.0,0.0,0.0
59484,0.0,0.0,0.0
59485,0.0,0.0,0.0
59486,0.0,0.0,0.0
59487,0.0,0.0,0.0
59488,0.0,0.0,0.0
59489,0.0,0.0,0.0
59490,0.0,0.0,0.0
59491,0.0,0.0,0.0
59492,0.0,0.0,0.0
59493,0.0,0.0,0.0
59494,0.0,0.0,0.0
59495,0.0,0.0,0.0
59496,0.0,0.0,0.0
59497,0.0,0.0,0.0
59498,0.0,0.0,0.0
59499,0.0,0.0,0.0
59500,0.0,0.0,0.0
59501,0.0,0.0,0.0
59502,0.0,0.0,0.0
59503,0.0,0.0,0.0
59504,0.0,0.0,0.0
59505,0.0,0.0,0.0
59506,0.0,0.0,0.0
59507,0.0,0.0,0.0
59508,0.0,0.0,0.0
59509,0.0,0.0,0.0
59510,0.0,0.0,0.0
59511,0.0,0.0,0.0
59512,0.0,0.0,0.0
59513,0.0,0.0,0.0
59514,0.0,0.0,0.0
59515,0.0,0.0,0.0
59516,0.0,0.0,0.0
59517,0.0,0.0,0.0
59518,0.0,0.0,0.0
59519,0.0,0.0,0.0
59520,0.0,0.0,0.0
59521,0.0,0.0,0.0
59522,0.0,0.0,0.0
59523,0.0,0.0,0.0
59524,0.0,0.0,0.0
59525,0.0,0.0,0.0
59526,0.0,0.0,0.0
59527,0.0,0.0,0.0
59528,0.0,0.0,0.0
59529,0.0,0.0,0.0
59530,0.0,0.0,0.0
59531,0.0,0.0,0.0
59532,0.0,0.0,0.0
59533,0.0,0.0,0.0
59534,0.0,0.0,0.0
59535,0.0,0.0,0.0
59536,0.0,0.0,0.0
59537,0.0,0.0,0.0
59538,0.0,0.0,0.0
59539,0.0,0.0,0.0
59540,0.0,0.0,0.0
59541,0.0,0.0,0.0
59542,0.0,0.0,0.0
59543,0.0,0.0,0.0
59544,0.0,0.0,0.0
59545,0.0,0.0,0.0
59546,0.0,0.0,0.0
59547,0.0,0.0,0.0
59548,0.0,0.0,0.0
59549,0.0,0.0,0.0
59550,0.0,0.0,0.0
59551,0.0,0.0,0.0
59552,0.0,0.0,0.0
59553,0.0,0.0,0.0
59554,0.0,0.0,0.0
59555,0.0,0.0,0.0
59556,0.0,0.0,0.0
59557,0.0,0.0,0.0
59558,0.0,0.0,0.0
59559,0.0,0.0,0.0
59560,0.0,0.0,0.0
59561,0.0,0.0,0.0
59562,0.0,0.0,0.0
59563,0.0,0.0,0.0
59564,0.0,0.0,0.0
59565,0.0,0.0,0.0
59566,0.0,0.0,0.0
59567,0.0,0.0,0.0
59568,0.0,0.0,0.0
59569,0.0,0.0,0.0
59570,0.0,0.0,0.0
59571,0.0,0.0,0.0
59572,0.0,0.0,0.0
59573,0.0,0.0,0.0
59574,0.0,0.0,0.0
59575,0.0,0.0,0.0
59576,0.0,0.0,0.0
59577,0.0,0.0,0.0
59578,0.0,0.0,0.0
59579,0.0,0.0,0.0
59580,0.0,0.0,0.0
59581,0.0,0.0,0.0
59582,0.0,0.0,0.0
59583,0.0,0.0,0.0
59584,0.0,0.0,0.0
59585,0.0,0.0,0.0
59586,0.0,0.0,0.0
59587,0.0,0.0,0.0
59588,0.0,0.0,0.0
59589,0.0,0.0,0.0
59590,0.0,0.0,0.0
59591,0.0,0.0,0.0
59592,0.0,0.0,0.0
59593,0.0,0.0,0.0
59594,0.0,0.0,0.0
59595,0.0,0.0,0.0
59596,0.0,0.0,0.0
59597,0.0,0.0,0.0
59598,0.0,0.0,0.0
59599,0.0,0.0,0.0
59600,0.0,0.0,0.0
59601,0.0,0.0,0.0
59602,0.0,0.0,0.0
59603,0.0,0.0,0.0
59604,0.0,0.0,0.0
59605,0.0,0.0,0.0
59606,0.0,0.0,0.0
59607,0.0,0.0,0.0
59608,0.0,0.0,0.0
59609,0.0,0.0,0.0
59610,0.0,0.0,0.0
59611,0.0,0.0,0.0
59612,0.0,0.0,0.0
59613,0.0,0.0,0.0
59614,0.0,0.0,0.0
59615,0.0,0.0,0.0
59616,0.0,0.0,0.0
59617,0.0,0.0,0.0
59618,0.0,0.0,0.0
59619,0.0,0.0,0.0
59620,0.0,0.0,0.0
59621,0.0,0.0,0.0
59622,0.0,0.0,0.0
59623,0.0,0.0,0.0
59624,0.0,0.0,0.0
59625,0.0,0.0,0.0
59626,0.0,0.0,0.0
59627,0.0,0.0,0.0
59628,0.0,0.0,0.0
59629,0.0,0.0,0.0
59630,0.0,0.0,0.0
59631,0.0,0.0,0.0
59632,0.0,0.0,0.0
59633,0.0,0.0,0.0
59634,0.0,0.0,0.0
59635,0.0,0.0,0.0
59636,0.0,0.0,0.0
59637,0.0,0.0,0.0
59638,0.0,0.0,0.0
59639,0.0,0.0,0.0
59640,0.0,0.0,0.0
59641,0.0,0.0,0.0
59642,0.0,0.0,0.0
59643,0.0,0.0,0.0
59644,0.0,0.0,0.0
59645,0.0,0.0,0.0
59646,0.0,0.0,0.0
59647,0.0,0.0,0.0
59648,0.0,0.0,0.0
59649,0.0,0.0,0.0
59650,0.0,0.0,0.0
59651,0.0,0.0,0.0
59652,0.0,0.0,0.0
59653,0.0,0.0,0.0
59654,0.0,0.0,0.0
59655,0.0,0.0,0.0
59656,0.0,0.0,0.0
59657,0.0,0.0,0.0
59658,0.0,0.0,0.0
59659,0.0,0.0,0.0
59660,0.0,0.0,0.0
59661,0.0,0.0,0.0
59662,0.0,0.0,0.0
59663,0.0,0.0,0.0
59664,0.0,0.0,0.0
59665,0.0,0.0,0.0
59666,0.0,0.0,0.0
59667,0.0,0.0,0.0
59668,0.0,0.0,0.0
59669,0.0,0.0,0.0
59670,0.0,0.0,0.0
59671,0.0,0.0,0.0
59672,0.0,0.0,0.0
59673,0.0,0.0,0.0
59674,0.0,0.0,0.0
59675,0.0,0.0,0.0
59676,0.0,0.0,0.0
59677,0.0,0.0,0.0
59678,0.0,0.0,0.0
59679,0.0,0.0,0.0
59680,0.0,0.0,0.0
59681,0.0,0.0,0.0
59682,0.0,0.0,0.0
59683,0.0,0.0,0.0
59684,0.0,0.0,0.0
59685,0.0,0.0,0.0
59686,0.0,0.0,0.0
59687,0.0,0.0,0.0
59688,0.0,0.0,0.0
59689,0.0,0.0,0.0
59690,0.0,0.0,0.0
59691,0.0,0.0,0.0
59692,0.0,0.0,0.0
59693,0.0,0.0,0.0
59694,0.0,0.0,0.0
59695,0.0,0.0,0.0
59696,0.0,0.0,0.0
59697,0.0,0.0,0.0
59698,0.0,0.0,0.0
59699,0.0,0.0,0.0
59700,0.0,0.0,0.0
59701,0.0,0.0,0.0
59702,0.0,0.0,0.0
59703,0.0,0.0,0.0
59704,0.0,0.0,0.0
59705,0.0,0.0,0.0
59706,0.0,0.0,0.0
59707,0.0,0.0,0.0
59708,0.0,0.0,0.0
59709,0.0,0.0,0.0
59710,0.0,0.0,0.0
59711,0.0,0.0,0.0
59712,0.0,0.0,0.0
59713,0.0,0.0,0.0
59714,0.0,0.0,0.0
59715,0.0,0.0,0.0
59716,0.0,0.0,0.0
59717,0.0,0.0,0.0
59718,0.0,0.0,0.0
59719,0.0,0.0,0.0
59720,0.0,0.0,0.0
59721,0.0,0.0,0.0
59722,0.0,0.0,0.0
59723,0.0,0.0,0.0
59724,0.0,0.0,0.0
59725,0.0,0.0,0.0
59726,0.0,0.0,0.0
59727,0.0,0.0,0.0
59728,0.0,0.0,0.0
59729,0.0,0.0,0.0
59730,0.0,0.0,0.0
59731,0.0,0.0,0.0
59732,0.0,0.0,0.0
59733,0.0,0.0,0.0
59734,0.0,0.0,0.0
59735,0.0,0.0,0.0
59736,0.0,0.0,0.0
59737,0.0,0.0,0.0
59738,0.0,0.0,0.0
59739,0.0,0.0,0.0
59740,0.0,0.0,0.0
59741,0.0,0.0,0.0
59742,0.0,0.0,0.0
59743,0.0,0.0,0.0
59744,0.0,0.0,0.0
59745,0.0,0.0,0.0
59746,0.0,0.0,0.0
59747,0.0,0.0,0.0
59748,0.0,0.0,0.0
59749,0.0,0.0,0.0
59750,0.0,0.0,0.0
59751,0.0,0.0,0.0
59752,0.0,0.0,0.0
59753,0.0,0.0,0.0
59754,0.0,0.0,0.0
59755,0.0,0.0,0.0
59756,0.0,0.0,0.0
59757,0.0,0.0,0.0
59758,0.0,0.0,0.0
59759,0.0,0.0,0.0
59760,0.0,0.0,0.0
59761,0.0,0.0,0.0
59762,0.0,0.0,0.0
59763,0.0,0.0,0.0
59764,0.0,0.0,0.0
59765,0.0,0.0,0.0
59766,0.0,0.0,0.0
59767,0.0,0.0,0.0
59768,0.0,0.0,0.0
59769,0.0,0.0,0.0
59770,0.0,0.0,0.0
59771,0.0,0.0,0.0
59772,0.0,0.0,0.0
59773,0.0,0.0,0.0
59774,0.0,0.0,0.0
59775,0.0,0.0,0.0
59776,0.0,0.0,0.0
59777,0.0,0.0,0.0
59778,0.0,0.0,0.0
59779,0.0,0.0,0.0
59780,0.0,0.0,0.0
59781,0.0,0.0,0.0
59782,0.0,0.0,0.0
59783,0.0,0.0,0.0
59784,0.0,0.0,0.0
59785,0.0,0.0,0.0
59786,0.0,0.0,0.0
59787,0.0,0.0,0.0
59788,0.0,0.0,0.0
59789,0.0,0.0,0.0
59790,0.0,0.0,0.0
59791,0.0,0.0,0.0
59792,0.0,0.0,0.0
59793,0.0,0.0,0.0
59794,0.0,0.0,0.0
59795,0.0,0.0,0.0
59796,0.0,0.0,0.0
59797,0.0,0.0,0.0
59798,0.0,0.0,0.0
59799,0.0,0.0,0.0
59800,0.0,0.0,0.0
59801,0.0,0.0,0.0
59802,0.0,0.0,0.0
59803,0.0,0.0,0.0
59804,0.0,0.0,0.0
59805,0.0,0.0,0.0
59806,0.0,0.0,0.0
59807,0.0,0.0,0.0
59808,0.0,0.0,0.0
59809,0.0,0.0,0.0
59810,0.0,0.0,0.0
59811,0.0,0.0,0.0
59812,0.0,0.0,0.0
59813,0.0,0.0,0.0
59814,0.0,0.0,0.0
59815,0.0,0.0,0.0
59816,0.0,0.0,0.0
59817,0.0,0.0,0.0
59818,0.0,0.0,0.0
59819,0.0,0.0,0.0
59820,0.0,0.0,0.0
59821,0.0,0.0,0.0
59822,0.0,0.0,0.0
59823,0.0,0.0,0.0
59824,0.0,0.0,0.0
59825,0.0,0.0,0.0
59826,0.0,0.0,0.0
59827,0.0,0.0,0.0
59828,0.0,0.0,0.0
59829,0.0,0.0,0.0
59830,0.0,0.0,0.0
59831,0.0,0.0,0.0
59832,0.0,0.0,0.0
59833,0.0,0.0,0.0
59834,0.0,0.0,0.0
59835,0.0,0.0,0.0
59836,0.0,0.0,0.0
59837,0.0,0.0,0.0
59838,0.0,0.0,0.0
59839,0.0,0.0,0.0
59840,0.0,0.0,0.0
59841,0.0,0.0,0.0
59842,0.0,0.0,0.0
59843,0.0,0.0,0.0
59844,0.0,0.0,0.0
59845,0.0,0.0,0.0
59846,0.0,0.0,0.0
59847,0.0,0.0,0.0
59848,0.0,0.0,0.0
59849,0.0,0.0,0.0
59850,0.0,0.0,0.0
59851,0.0,0.0,0.0
59852,0.0,0.0,0.0
59853,0.0,0.0,0.0
59854,0.0,0.0,0.0
59855,0.0,0.0,0.0
59856,0.0,0.0,0.0
59857,0.0,0.0,0.0
59858,0.0,0.0,0.0
59859,0.0,0.0,0.0
59860,0.0,0.0,0.0
59861,0.0,0.0,0.0
59862,0.0,0.0,0.0
59863,0.0,0.0,0.0
59864,0.0,0.0,0.0
59865,0.0,0.0,0.0
59866,0.0,0.0,0.0
59867,0.0,0.0,0.0
59868,0.0,0.0,0.0
59869,0.0,0.0,0.0
59870,0.0,0.0,0.0
59871,0.0,0.0,0.0
59872,0.0,0.0,0.0
59873,0.0,0.0,0.0
59874,0.0,0.0,0.0
59875,0.0,0.0,0.0
59876,0.0,0.0,0.0
59877,0.0,0.0,0.0
59878,0.0,0.0,0.0
59879,0.0,0.0,0.0
59880,0.0,0.0,0.0
59881,0.0,0.0,0.0
59882,0.0,0.0,0.0
59883,0.0,0.0,0.0
59884,0.0,0.0,0.0
59885,0.0,0.0,0.0
59886,0.0,0.0,0.0
59887,0.0,0.0,0.0
59888,0.0,0.0,0.0
59889,0.0,0.0,0.0
59890,0.0,0.0,0.0
59891,0.0,0.0,0.0
59892,0.0,0.0,0.0
59893,0.0,0.0,0.0
59894,0.0,0.0,0.0
59895,0.0,0.0,0.0
59896,0.0,0.0,0.0
59897,0.0,0.0,0.0
59898,0.0,0.0,0.0
59899,0.0,0.0,0.0
59900,0.0,0.0,0.0
59901,0.0,0.0,0.0
59902,0.0,0.0,0.0
59903,0.0,0.0,0.0
59904,0.0,0.0,0.0
59905,0.0,0.0,0.0
59906,0.0,0.0,0.0
59907,0.0,0.0,0.0
59908,0.0,0.0,0.0
59909,0.0,0.0,0.0
59910,0.0,0.0,0.0
59911,0.0,0.0,0.0
59912,0.0,0.0,0.0
59913,0.0,0.0,0.0
59914,0.0,0.0,0.0
59915,0.0,0.0,0.0
59916,0.0,0.0,0.0
59917,0.0,0.0,0.0
59918,0.0,0.0,0.0
59919,0.0,0.0,0.0
59920,0.0,0.0,0.0
59921,0.0,0.0,0.0
59922,0.0,0.0,0.0
59923,0.0,0.0,0.0
59924,0.0,0.0,0.0
59925,0.0,0.0,0.0
59926,0.0,0.0,0.0
59927,0.0,0.0,0.0
59928,0.0,0.0,0.0
59929,0.0,0.0,0.0
59930,0.0,0.0,0.0
59931,0.0,0.0,0.0
59932,0.0,0.0,0.0
59933,0.0,0.0,0.0
59934,0.0,0.0,0.0
59935,0.0,0.0,0.0
59936,0.0,0.0,0.0
59937,0.0,0.0,0.0
59938,0.0,0.0,0.0
59939,0.0,0.0,0.0
59940,0.0,0.0,0.0
59941,0.0,0.0,0.0
59942,0.0,0.0,0.0
59943,0.0,0.0,0.0
59944,0.0,0.0,0.0
59945,0.0,0.0,0.0
59946,0.0,0.0,0.0
59947,0.0,0.0,0.0
59948,0.0,0.0,0.0
59949,0.0,0.0,0.0
59950,0.0,0.0,0.0
59951,0.0,0.0,0.0
59952,0.0,0.0,0.0
59953,0.0,0.0,0.0
59954,0.0,0.0,0.0
59955,0.0,0.0,0.0
59956,0.0,0.0,0.0
59957,0.0,0.0,0.0
59958,0.0,0.0,0.0
59959,0.0,0.0,0.0
59960,0.0,0.0,0.0
59961,0.0,0.0,0.0
59962,0.0,0.0,0.0
59963,0.0,0.0,0.0
59964,0.0,0.0,0.0
59965,0.0,0.0,0.0
59966,0.0,0.0,0.0
59967,0.0,0.0,0.0
59968,0.0,0.0,0.0
59969,0.0,0.0,0.0
59970,0.0,0.0,0.0
59971,0.0,0.0,0.0
59972,0.0,0.0,0.0
59973,0.0,0.0,0.0
59974,0.0,0.0,0.0
59975,0.0,0.0,0.0
59976,0.0,0.0,0.0
59977,0.0,0.0,0.0
59978,0.0,0.0,0.0
59979,0.0,0.0,0.0
59980,0.0,0.0,0.0
59981,0.0,0.0,0.0
59982,0.0,0.0,0.0
59983,0.0,0.0,0.0
59984,0.0,0.0,0.0
59985,0.0,0.0,0.0
59986,0.0,0.0,0.0
59987,0.0,0.0,0.0
59988,0.0,0.0,0.0
59989,0.0,0.0,0.0
59990,0.0,0.0,0.0
59991,0.0,0.0,0.0
59992,0.0,0.0,0.0
59993,0.0,0.0,0.0
59994,0.0,0.0,0.0
59995,0.0,0.0,0.0
59996,0.0,0.0,0.0
59997,0.0,0.0,0.0
59998,0.0,0.0,0.0
59999,0.0,0.0,0.0
60000,0.0,0.0,0.0
60001,0.0,0.0,0.0
60002,0.0,0.0,0.0
60003,0.0,0.0,0.0
60004,0.0,0.0,0.0
60005,0.0,0.0,0.0
60006,0.0,0.0,0.0
60007,0.0,0.0,0.0
60008,0.0,0.0,0.0
60009,0.0,0.0,0.0
60010,0.0,0.0,0.0
60011,0.0,0.0,0.0
60012,0.0,0.0,0.0
60013,0.0,0.0,0.0
60014,0.0,0.0,0.0
60015,0.0,0.0,0.0
60016,0.0,0.0,0.0
60017,0.0,0.0,0.0
60018,0.0,0.0,0.0
60019,0.0,0.0,0.0
60020,0.0,0.0,0.0
60021,0.0,0.0,0.0
60022,0.0,0.0,0.0
60023,0.0,0.0,0.0
60024,0.0,0.0,0.0
60025,0.0,0.0,0.0
60026,0.0,0.0,0.0
60027,0.0,0.0,0.0
60028,0.0,0.0,0.0
60029,0.0,0.0,0.0
60030,0.0,0.0,0.0
60031,0.0,0.0,0.0
60032,0.0,0.0,0.0
60033,0.0,0.0,0.0
60034,0.0,0.0,0.0
60035,0.0,0.0,0.0
60036,0.0,0.0,0.0
60037,0.0,0.0,0.0
60038,0.0,0.0,0.0
60039,0.0,0.0,0.0
60040,0.0,0.0,0.0
60041,0.0,0.0,0.0
60042,0.0,0.0,0.0
60043,0.0,0.0,0.0
60044,0.0,0.0,0.0
60045,0.0,0.0,0.0
60046,0.0,0.0,0.0
60047,0.0,0.0,0.0
60048,0.0,0.0,0.0
60049,0.0,0.0,0.0
60050,0.0,0.0,0.0
60051,0.0,0.0,0.0
60052,0.0,0.0,0.0
60053,0.0,0.0,0.0
60054,0.0,0.0,0.0
60055,0.0,0.0,0.0
60056,0.0,0.0,0.0
60057,0.0,0.0,0.0
60058,0.0,0.0,0.0
60059,0.0,0.0,0.0
60060,0.0,0.0,0.0
60061,0.0,0.0,0.0
60062,0.0,0.0,0.0
60063,0.0,0.0,0.0
60064,0.0,0.0,0.0
60065,0.0,0.0,0.0
60066,0.0,0.0,0.0
60067,0.0,0.0,0.0
60068,0.0,0.0,0.0
60069,0.0,0.0,0.0
60070,0.0,0.0,0.0
60071,0.0,0.0,0.0
60072,0.0,0.0,0.0
60073,0.0,0.0,0.0
60074,0.0,0.0,0.0
60075,0.0,0.0,0.0
60076,0.0,0.0,0.0
60077,0.0,0.0,0.0
60078,0.0,0.0,0.0
60079,0.0,0.0,0.0
60080,0.0,0.0,0.0
60081,0.0,0.0,0.0
60082,0.0,0.0,0.0
60083,0.0,0.0,0.0
60084,0.0,0.0,0.0
60085,0.0,0.0,0.0
60086,0.0,0.0,0.0
60087,0.0,0.0,0.0
60088,0.0,0.0,0.0
60089,0.0,0.0,0.0
60090,0.0,0.0,0.0
60091,0.0,0.0,0.0
60092,0.0,0.0,0.0
60093,0.0,0.0,0.0
60094,0.0,0.0,0.0
60095,0.0,0.0,0.0
60096,0.0,0.0,0.0
60097,0.0,0.0,0.0
60098,0.0,0.0,0.0
60099,0.0,0.0,0.0
60100,0.0,0.0,0.0
60101,0.0,0.0,0.0
60102,0.0,0.0,0.0
60103,0.0,0.0,0.0
60104,0.0,0.0,0.0
60105,0.0,0.0,0.0
60106,0.0,0.0,0.0
60107,0.0,0.0,0.0
60108,0.0,0.0,0.0
60109,0.0,0.0,0.0
60110,0.0,0.0,0.0
60111,0.0,0.0,0.0
60112,0.0,0.0,0.0
60113,0.0,0.0,0.0
60114,0.0,0.0,0.0
60115,0.0,0.0,0.0
60116,0.0,0.0,0.0
60117,0.0,0.0,0.0
60118,0.0,0.0,0.0
60119,0.0,0.0,0.0
60120,0.0,0.0,0.0
60121,0.0,0.0,0.0
60122,0.0,0.0,0.0
60123,0.0,0.0,0.0
60124,0.0,0.0,0.0
60125,0.0,0.0,0.0
60126,0.0,0.0,0.0
60127,0.0,0.0,0.0
60128,0.0,0.0,0.0
60129,0.0,0.0,0.0
60130,0.0,0.0,0.0
60131,0.0,0.0,0.0
60132,0.0,0.0,0.0
60133,0.0,0.0,0.0
60134,0.0,0.0,0.0
60135,0.0,0.0,0.0
60136,0.0,0.0,0.0
60137,0.0,0.0,0.0
60138,0.0,0.0,0.0
60139,0.0,0.0,0.0
60140,0.0,0.0,0.0
60141,0.0,0.0,0.0
60142,0.0,0.0,0.0
60143,0.0,0.0,0.0
60144,0.0,0.0,0.0
60145,0.0,0.0,0.0
60146,0.0,0.0,0.0
60147,0.0,0.0,0.0
60148,0.0,0.0,0.0
60149,0.0,0.0,0.0
60150,0.0,0.0,0.0
60151,0.0,0.0,0.0
60152,0.0,0.0,0.0
60153,0.0,0.0,0.0
60154,0.0,0.0,0.0
60155,0.0,0.0,0.0
60156,0.0,0.0,0.0
60157,0.0,0.0,0.0
60158,0.0,0.0,0.0
60159,0.0,0.0,0.0
60160,0.0,0.0,0.0
60161,0.0,0.0,0.0
60162,0.0,0.0,0.0
60163,0.0,0.0,0.0
60164,0.0,0.0,0.0
60165,0.0,0.0,0.0
60166,0.0,0.0,0.0
60167,0.0,0.0,0.0
60168,0.0,0.0,0.0
60169,0.0,0.0,0.0
60170,0.0,0.0,0.0
60171,0.0,0.0,0.0
60172,0.0,0.0,0.0
60173,0.0,0.0,0.0
60174,0.0,0.0,0.0
60175,0.0,0.0,0.0
60176,0.0,0.0,0.0
60177,0.0,0.0,0.0
60178,0.0,0.0,0.0
60179,0.0,0.0,0.0
60180,0.0,0.0,0.0
60181,0.0,0.0,0.0
60182,0.0,0.0,0.0
60183,0.0,0.0,0.0
60184,0.0,0.0,0.0
60185,0.0,0.0,0.0
60186,0.0,0.0,0.0
60187,0.0,0.0,0.0
60188,0.0,0.0,0.0
60189,0.0,0.0,0.0
60190,0.0,0.0,0.0
60191,0.0,0.0,0.0
60192,0.0,0.0,0.0
60193,0.0,0.0,0.0
60194,0.0,0.0,0.0
60195,0.0,0.0,0.0
60196,0.0,0.0,0.0
60197,0.0,0.0,0.0
60198,0.0,0.0,0.0
60199,0.0,0.0,0.0
60200,0.0,0.0,0.0
60201,0.0,0.0,0.0
60202,0.0,0.0,0.0
60203,0.0,0.0,0.0
60204,0.0,0.0,0.0
60205,0.0,0.0,0.0
60206,0.0,0.0,0.0
60207,0.0,0.0,0.0
60208,0.0,0.0,0.0
60209,0.0,0.0,0.0
60210,0.0,0.0,0.0
60211,0.0,0.0,0.0
60212,0.0,0.0,0.0
60213,0.0,0.0,0.0
60214,0.0,0.0,0.0
60215,0.0,0.0,0.0
60216,0.0,0.0,0.0
60217,0.0,0.0,0.0
60218,0.0,0.0,0.0
60219,0.0,0.0,0.0
60220,0.0,0.0,0.0
60221,0.0,0.0,0.0
60222,0.0,0.0,0.0
60223,0.0,0.0,0.0
60224,0.0,0.0,0.0
60225,0.0,0.0,0.0
60226,0.0,0.0,0.0
60227,0.0,0.0,0.0
60228,0.0,0.0,0.0
60229,0.0,0.0,0.0
60230,0.0,0.0,0.0
60231,0.0,0.0,0.0
60232,0.0,0.0,0.0
60233,0.0,0.0,0.0
60234,0.0,0.0,0.0
60235,0.0,0.0,0.0
60236,0.0,0.0,0.0
60237,0.0,0.0,0.0
60238,0.0,0.0,0.0
60239,0.0,0.0,0.0
60240,0.0,0.0,0.0
60241,0.0,0.0,0.0
60242,0.0,0.0,0.0
60243,0.0,0.0,0.0
60244,0.0,0.0,0.0
60245,0.0,0.0,0.0
60246,0.0,0.0,0.0
60247,0.0,0.0,0.0
60248,0.0,0.0,0.0
60249,0.0,0.0,0.0
60250,0.0,0.0,0.0
60251,0.0,0.0,0.0
60252,0.0,0.0,0.0
60253,0.0,0.0,0.0
60254,0.0,0.0,0.0
60255,0.0,0.0,0.0
60256,0.0,0.0,0.0
60257,0.0,0.0,0.0
60258,0.0,0.0,0.0
60259,0.0,0.0,0.0
60260,0.0,0.0,0.0
60261,0.0,0.0,0.0
60262,0.0,0.0,0.0
60263,0.0,0.0,0.0
60264,0.0,0.0,0.0
60265,0.0,0.0,0.0
60266,0.0,0.0,0.0
60267,0.0,0.0,0.0
60268,0.0,0.0,0.0
60269,0.0,0.0,0.0
60270,0.0,0.0,0.0
60271,0.0,0.0,0.0
60272,0.0,0.0,0.0
60273,0.0,0.0,0.0
60274,0.0,0.0,0.0
60275,0.0,0.0,0.0
60276,0.0,0.0,0.0
60277,0.0,0.0,0.0
60278,0.0,0.0,0.0
60279,0.0,0.0,0.0
60280,0.0,0.0,0.0
60281,0.0,0.0,0.0
60282,0.0,0.0,0.0
60283,0.0,0.0,0.0
60284,0.0,0.0,0.0
60285,0.0,0.0,0.0
60286,0.0,0.0,0.0
60287,0.0,0.0,0.0
60288,0.0,0.0,0.0
60289,0.0,0.0,0.0
60290,0.0,0.0,0.0
60291,0.0,0.0,0.0
60292,0.0,0.0,0.0
60293,0.0,0.0,0.0
60294,0.0,0.0,0.0
60295,0.0,0.0,0.0
60296,0.0,0.0,0.0
60297,0.0,0.0,0.0
60298,0.0,0.0,0.0
60299,0.0,0.0,0.0
60300,0.0,0.0,0.0
60301,0.0,0.0,0.0
60302,0.0,0.0,0.0
60303,0.0,0.0,0.0
60304,0.0,0.0,0.0
60305,0.0,0.0,0.0
60306,0.0,0.0,0.0
60307,0.0,0.0,0.0
60308,0.0,0.0,0.0
60309,0.0,0.0,0.0
60310,0.0,0.0,0.0
60311,0.0,0.0,0.0
60312,0.0,0.0,0.0
60313,0.0,0.0,0.0
60314,0.0,0.0,0.0
60315,0.0,0.0,0.0
60316,0.0,0.0,0.0
60317,0.0,0.0,0.0
60318,0.0,0.0,0.0
60319,0.0,0.0,0.0
60320,0.0,0.0,0.0
60321,0.0,0.0,0.0
60322,0.0,0.0,0.0
60323,0.0,0.0,0.0
60324,0.0,0.0,0.0
60325,0.0,0.0,0.0
60326,0.0,0.0,0.0
60327,0.0,0.0,0.0
60328,0.0,0.0,0.0
60329,0.0,0.0,0.0
60330,0.0,0.0,0.0
60331,0.0,0.0,0.0
60332,0.0,0.0,0.0
60333,0.0,0.0,0.0
60334,0.0,0.0,0.0
60335,0.0,0.0,0.0
60336,0.0,0.0,0.0
60337,0.0,0.0,0.0
60338,0.0,0.0,0.0
60339,0.0,0.0,0.0
60340,0.0,0.0,0.0
60341,0.0,0.0,0.0
60342,0.0,0.0,0.0
60343,0.0,0.0,0.0
60344,0.0,0.0,0.0
60345,0.0,0.0,0.0
60346,0.0,0.0,0.0
60347,0.0,0.0,0.0
60348,0.0,0.0,0.0
60349,0.0,0.0,0.0
60350,0.0,0.0,0.0
60351,0.0,0.0,0.0
60352,0.0,0.0,0.0
60353,0.0,0.0,0.0
60354,0.0,0.0,0.0
60355,0.0,0.0,0.0
60356,0.0,0.0,0.0
60357,0.0,0.0,0.0
60358,0.0,0.0,0.0
60359,0.0,0.0,0.0
60360,0.0,0.0,0.0
60361,0.0,0.0,0.0
60362,0.0,0.0,0.0
60363,0.0,0.0,0.0
60364,0.0,0.0,0.0
60365,0.0,0.0,0.0
60366,0.0,0.0,0.0
60367,0.0,0.0,0.0
60368,0.0,0.0,0.0
60369,0.0,0.0,0.0
60370,0.0,0.0,0.0
60371,0.0,0.0,0.0
60372,0.0,0.0,0.0
60373,0.0,0.0,0.0
60374,0.0,0.0,0.0
60375,0.0,0.0,0.0
60376,0.0,0.0,0.0
60377,0.0,0.0,0.0
60378,0.0,0.0,0.0
60379,0.0,0.0,0.0
60380,0.0,0.0,0.0
60381,0.0,0.0,0.0
60382,0.0,0.0,0.0
60383,0.0,0.0,0.0
60384,0.0,0.0,0.0
60385,0.0,0.0,0.0
60386,0.0,0.0,0.0
60387,0.0,0.0,0.0
60388,0.0,0.0,0.0
60389,0.0,0.0,0.0
60390,0.0,0.0,0.0
60391,0.0,0.0,0.0
60392,0.0,0.0,0.0
60393,0.0,0.0,0.0
60394,0.0,0.0,0.0
60395,0.0,0.0,0.0
60396,0.0,0.0,0.0
60397,0.0,0.0,0.0
60398,0.0,0.0,0.0
60399,0.0,0.0,0.0
60400,0.0,0.0,0.0
60401,0.0,0.0,0.0
60402,0.0,0.0,0.0
60403,0.0,0.0,0.0
60404,0.0,0.0,0.0
60405,0.0,0.0,0.0
60406,0.0,0.0,0.0
60407,0.0,0.0,0.0
60408,0.0,0.0,0.0
60409,0.0,0.0,0.0
60410,0.0,0.0,0.0
60411,0.0,0.0,0.0
60412,0.0,0.0,0.0
60413,0.0,0.0,0.0
60414,0.0,0.0,0.0
60415,0.0,0.0,0.0
60416,0.0,0.0,0.0
60417,0.0,0.0,0.0
60418,0.0,0.0,0.0
60419,0.0,0.0,0.0
60420,0.0,0.0,0.0
60421,0.0,0.0,0.0
60422,0.0,0.0,0.0
60423,0.0,0.0,0.0
60424,0.0,0.0,0.0
60425,0.0,0.0,0.0
60426,0.0,0.0,0.0
60427,0.0,0.0,0.0
60428,0.0,0.0,0.0
60429,0.0,0.0,0.0
60430,0.0,0.0,0.0
60431,0.0,0.0,0.0
60432,0.0,0.0,0.0
60433,0.0,0.0,0.0
60434,0.0,0.0,0.0
60435,0.0,0.0,0.0
60436,0.0,0.0,0.0
60437,0.0,0.0,0.0
60438,0.0,0.0,0.0
60439,0.0,0.0,0.0
60440,0.0,0.0,0.0
60441,0.0,0.0,0.0
60442,0.0,0.0,0.0
60443,0.0,0.0,0.0
60444,0.0,0.0,0.0
60445,0.0,0.0,0.0
60446,0.0,0.0,0.0
60447,0.0,0.0,0.0
60448,0.0,0.0,0.0
60449,0.0,0.0,0.0
60450,0.0,0.0,0.0
60451,0.0,0.0,0.0
60452,0.0,0.0,0.0
60453,0.0,0.0,0.0
60454,0.0,0.0,0.0
60455,0.0,0.0,0.0
60456,0.0,0.0,0.0
60457,0.0,0.0,0.0
60458,0.0,0.0,0.0
60459,0.0,0.0,0.0
60460,0.0,0.0,0.0
60461,0.0,0.0,0.0
60462,0.0,0.0,0.0
60463,0.0,0.0,0.0
60464,0.0,0.0,0.0
60465,0.0,0.0,0.0
60466,0.0,0.0,0.0
60467,0.0,0.0,0.0
60468,0.0,0.0,0.0
60469,0.0,0.0,0.0
60470,0.0,0.0,0.0
60471,0.0,0.0,0.0
60472,0.0,0.0,0.0
60473,0.0,0.0,0.0
60474,0.0,0.0,0.0
60475,0.0,0.0,0.0
60476,0.0,0.0,0.0
60477,0.0,0.0,0.0
60478,0.0,0.0,0.0
60479,0.0,0.0,0.0
60480,0.0,0.0,0.0
60481,0.0,0.0,0.0
60482,0.0,0.0,0.0
60483,0.0,0.0,0.0
60484,0.0,0.0,0.0
60485,0.0,0.0,0.0
60486,0.0,0.0,0.0
60487,0.0,0.0,0.0
60488,0.0,0.0,0.0
60489,0.0,0.0,0.0
60490,0.0,0.0,0.0
60491,0.0,0.0,0.0
60492,0.0,0.0,0.0
60493,0.0,0.0,0.0
60494,0.0,0.0,0.0
60495,0.0,0.0,0.0
60496,0.0,0.0,0.0
60497,0.0,0.0,0.0
60498,0.0,0.0,0.0
60499,0.0,0.0,0.0
60500,0.0,0.0,0.0
60501,0.0,0.0,0.0
60502,0.0,0.0,0.0
60503,0.0,0.0,0.0
60504,0.0,0.0,0.0
60505,0.0,0.0,0.0
60506,0.0,0.0,0.0
60507,0.0,0.0,0.0
60508,0.0,0.0,0.0
60509,0.0,0.0,0.0
60510,0.0,0.0,0.0
60511,0.0,0.0,0.0
60512,0.0,0.0,0.0
60513,0.0,0.0,0.0
60514,0.0,0.0,0.0
60515,0.0,0.0,0.0
60516,0.0,0.0,0.0
60517,0.0,0.0,0.0
60518,0.0,0.0,0.0
60519,0.0,0.0,0.0
60520,0.0,0.0,0.0
60521,0.0,0.0,0.0
60522,0.0,0.0,0.0
60523,0.0,0.0,0.0
60524,0.0,0.0,0.0
60525,0.0,0.0,0.0
60526,0.0,0.0,0.0
60527,0.0,0.0,0.0
60528,0.0,0.0,0.0
60529,0.0,0.0,0.0
60530,0.0,0.0,0.0
60531,0.0,0.0,0.0
60532,0.0,0.0,0.0
60533,0.0,0.0,0.0
60534,0.0,0.0,0.0
60535,0.0,0.0,0.0
60536,0.0,0.0,0.0
60537,0.0,0.0,0.0
60538,0.0,0.0,0.0
60539,0.0,0.0,0.0
60540,0.0,0.0,0.0
60541,0.0,0.0,0.0
60542,0.0,0.0,0.0
60543,0.0,0.0,0.0
60544,0.0,0.0,0.0
60545,0.0,0.0,0.0
60546,0.0,0.0,0.0
60547,0.0,0.0,0.0
60548,0.0,0.0,0.0
60549,0.0,0.0,0.0
60550,0.0,0.0,0.0
60551,0.0,0.0,0.0
60552,0.0,0.0,0.0
60553,0.0,0.0,0.0
60554,0.0,0.0,0.0
60555,0.0,0.0,0.0
60556,0.0,0.0,0.0
60557,0.0,0.0,0.0
60558,0.0,0.0,0.0
60559,0.0,0.0,0.0
60560,0.0,0.0,0.0
60561,0.0,0.0,0.0
60562,0.0,0.0,0.0
60563,0.0,0.0,0.0
60564,0.0,0.0,0.0
60565,0.0,0.0,0.0
60566,0.0,0.0,0.0
60567,0.0,0.0,0.0
60568,0.0,0.0,0.0
60569,0.0,0.0,0.0
60570,0.0,0.0,0.0
60571,0.0,0.0,0.0
60572,0.0,0.0,0.0
60573,0.0,0.0,0.0
60574,0.0,0.0,0.0
60575,0.0,0.0,0.0
60576,0.0,0.0,0.0
60577,0.0,0.0,0.0
60578,0.0,0.0,0.0
60579,0.0,0.0,0.0
60580,0.0,0.0,0.0
60581,0.0,0.0,0.0
60582,0.0,0.0,0.0
60583,0.0,0.0,0.0
60584,0.0,0.0,0.0
60585,0.0,0.0,0.0
60586,0.0,0.0,0.0
60587,0.0,0.0,0.0
60588,0.0,0.0,0.0
60589,0.0,0.0,0.0
60590,0.0,0.0,0.0
60591,0.0,0.0,0.0
60592,0.0,0.0,0.0
60593,0.0,0.0,0.0
60594,0.0,0.0,0.0
60595,0.0,0.0,0.0
60596,0.0,0.0,0.0
60597,0.0,0.0,0.0
60598,0.0,0.0,0.0
60599,0.0,0.0,0.0
60600,0.0,0.0,0.0
60601,0.0,0.0,0.0
60602,0.0,0.0,0.0
60603,0.0,0.0,0.0
60604,0.0,0.0,0.0
60605,0.0,0.0,0.0
60606,0.0,0.0,0.0
60607,0.0,0.0,0.0
60608,0.0,0.0,0.0
60609,0.0,0.0,0.0
60610,0.0,0.0,0.0
60611,0.0,0.0,0.0
60612,0.0,0.0,0.0
60613,0.0,0.0,0.0
60614,0.0,0.0,0.0
60615,0.0,0.0,0.0
60616,0.0,0.0,0.0
60617,0.0,0.0,0.0
60618,0.0,0.0,0.0
60619,0.0,0.0,0.0
60620,0.0,0.0,0.0
60621,0.0,0.0,0.0
60622,0.0,0.0,0.0
60623,0.0,0.0,0.0
60624,0.0,0.0,0.0
60625,0.0,0.0,0.0
60626,0.0,0.0,0.0
60627,0.0,0.0,0.0
60628,0.0,0.0,0.0
60629,0.0,0.0,0.0
60630,0.0,0.0,0.0
60631,0.0,0.0,0.0
60632,0.0,0.0,0.0
60633,0.0,0.0,0.0
60634,0.0,0.0,0.0
60635,0.0,0.0,0.0
60636,0.0,0.0,0.0
60637,0.0,0.0,0.0
60638,0.0,0.0,0.0
60639,0.0,0.0,0.0
60640,0.0,0.0,0.0
60641,0.0,0.0,0.0
60642,0.0,0.0,0.0
60643,0.0,0.0,0.0
60644,0.0,0.0,0.0
60645,0.0,0.0,0.0
60646,0.0,0.0,0.0
60647,0.0,0.0,0.0
60648,0.0,0.0,0.0
60649,0.0,0.0,0.0
60650,0.0,0.0,0.0
60651,0.0,0.0,0.0
60652,0.0,0.0,0.0
60653,0.0,0.0,0.0
60654,0.0,0.0,0.0
60655,0.0,0.0,0.0
60656,0.0,0.0,0.0
60657,0.0,0.0,0.0
60658,0.0,0.0,0.0
60659,0.0,0.0,0.0
60660,0.0,0.0,0.0
60661,0.0,0.0,0.0
60662,0.0,0.0,0.0
60663,0.0,0.0,0.0
60664,0.0,0.0,0.0
60665,0.0,0.0,0.0
60666,0.0,0.0,0.0
60667,0.0,0.0,0.0
60668,0.0,0.0,0.0
60669,0.0,0.0,0.0
60670,0.0,0.0,0.0
60671,0.0,0.0,0.0
60672,0.0,0.0,0.0
60673,0.0,0.0,0.0
60674,0.0,0.0,0.0
60675,0.0,0.0,0.0
60676,0.0,0.0,0.0
60677,0.0,0.0,0.0
60678,0.0,0.0,0.0
60679,0.0,0.0,0.0
60680,0.0,0.0,0.0
60681,0.0,0.0,0.0
60682,0.0,0.0,0.0
60683,0.0,0.0,0.0
60684,0.0,0.0,0.0
60685,0.0,0.0,0.0
60686,0.0,0.0,0.0
60687,0.0,0.0,0.0
60688,0.0,0.0,0.0
60689,0.0,0.0,0.0
60690,0.0,0.0,0.0
60691,0.0,0.0,0.0
60692,0.0,0.0,0.0
60693,0.0,0.0,0.0
60694,0.0,0.0,0.0
60695,0.0,0.0,0.0
60696,0.0,0.0,0.0
60697,0.0,0.0,0.0
60698,0.0,0.0,0.0
60699,0.0,0.0,0.0
60700,0.0,0.0,0.0
60701,0.0,0.0,0.0
60702,0.0,0.0,0.0
60703,0.0,0.0,0.0
60704,0.0,0.0,0.0
60705,0.0,0.0,0.0
60706,0.0,0.0,0.0
60707,0.0,0.0,0.0
60708,0.0,0.0,0.0
60709,0.0,0.0,0.0
60710,0.0,0.0,0.0
60711,0.0,0.0,0.0
60712,0.0,0.0,0.0
60713,0.0,0.0,0.0
60714,0.0,0.0,0.0
60715,0.0,0.0,0.0
60716,0.0,0.0,0.0
60717,0.0,0.0,0.0
60718,0.0,0.0,0.0
60719,0.0,0.0,0.0
60720,0.0,0.0,0.0
60721,0.0,0.0,0.0
60722,0.0,0.0,0.0
60723,0.0,0.0,0.0
60724,0.0,0.0,0.0
60725,0.0,0.0,0.0
60726,0.0,0.0,0.0
60727,0.0,0.0,0.0
60728,0.0,0.0,0.0
60729,0.0,0.0,0.0
60730,0.0,0.0,0.0
60731,0.0,0.0,0.0
60732,0.0,0.0,0.0
60733,0.0,0.0,0.0
60734,0.0,0.0,0.0
60735,0.0,0.0,0.0
60736,0.0,0.0,0.0
60737,0.0,0.0,0.0
60738,0.0,0.0,0.0
60739,0.0,0.0,0.0
60740,0.0,0.0,0.0
60741,0.0,0.0,0.0
60742,0.0,0.0,0.0
60743,0.0,0.0,0.0
60744,0.0,0.0,0.0
60745,0.0,0.0,0.0
60746,0.0,0.0,0.0
60747,0.0,0.0,0.0
60748,0.0,0.0,0.0
60749,0.0,0.0,0.0
60750,0.0,0.0,0.0
60751,0.0,0.0,0.0
60752,0.0,0.0,0.0
60753,0.0,0.0,0.0
60754,0.0,0.0,0.0
60755,0.0,0.0,0.0
60756,0.0,0.0,0.0
60757,0.0,0.0,0.0
60758,0.0,0.0,0.0
60759,0.0,0.0,0.0
60760,0.0,0.0,0.0
60761,0.0,0.0,0.0
60762,0.0,0.0,0.0
60763,0.0,0.0,0.0
60764,0.0,0.0,0.0
60765,0.0,0.0,0.0
60766,0.0,0.0,0.0
60767,0.0,0.0,0.0
60768,0.0,0.0,0.0
60769,0.0,0.0,0.0
60770,0.0,0.0,0.0
60771,0.0,0.0,0.0
60772,0.0,0.0,0.0
60773,0.0,0.0,0.0
60774,0.0,0.0,0.0
60775,0.0,0.0,0.0
60776,0.0,0.0,0.0
60777,0.0,0.0,0.0
60778,0.0,0.0,0.0
60779,0.0,0.0,0.0
60780,0.0,0.0,0.0
60781,0.0,0.0,0.0
60782,0.0,0.0,0.0
60783,0.0,0.0,0.0
60784,0.0,0.0,0.0
60785,0.0,0.0,0.0
60786,0.0,0.0,0.0
60787,0.0,0.0,0.0
60788,0.0,0.0,0.0
60789,0.0,0.0,0.0
60790,0.0,0.0,0.0
60791,0.0,0.0,0.0
60792,0.0,0.0,0.0
60793,0.0,0.0,0.0
60794,0.0,0.0,0.0
60795,0.0,0.0,0.0
60796,0.0,0.0,0.0
60797,0.0,0.0,0.0
60798,0.0,0.0,0.0
60799,0.0,0.0,0.0
60800,0.0,0.0,0.0
60801,0.0,0.0,0.0
60802,0.0,0.0,0.0
60803,0.0,0.0,0.0
60804,0.0,0.0,0.0
60805,0.0,0.0,0.0
60806,0.0,0.0,0.0
60807,0.0,0.0,0.0
60808,0.0,0.0,0.0
60809,0.0,0.0,0.0
60810,0.0,0.0,0.0
60811,0.0,0.0,0.0
60812,0.0,0.0,0.0
60813,0.0,0.0,0.0
60814,0.0,0.0,0.0
60815,0.0,0.0,0.0
60816,0.0,0.0,0.0
60817,0.0,0.0,0.0
60818,0.0,0.0,0.0
60819,0.0,0.0,0.0
60820,0.0,0.0,0.0
60821,0.0,0.0,0.0
60822,0.0,0.0,0.0
60823,0.0,0.0,0.0
60824,0.0,0.0,0.0
60825,0.0,0.0,0.0
60826,0.0,0.0,0.0
60827,0.0,0.0,0.0
60828,0.0,0.0,0.0
60829,0.0,0.0,0.0
60830,0.0,0.0,0.0
60831,0.0,0.0,0.0
60832,0.0,0.0,0.0
60833,0.0,0.0,0.0
60834,0.0,0.0,0.0
60835,0.0,0.0,0.0
60836,0.0,0.0,0.0
60837,0.0,0.0,0.0
60838,0.0,0.0,0.0
60839,0.0,0.0,0.0
60840,0.0,0.0,0.0
60841,0.0,0.0,0.0
60842,0.0,0.0,0.0
60843,0.0,0.0,0.0
60844,0.0,0.0,0.0
60845,0.0,0.0,0.0
60846,0.0,0.0,0.0
60847,0.0,0.0,0.0
60848,0.0,0.0,0.0
60849,0.0,0.0,0.0
60850,0.0,0.0,0.0
60851,0.0,0.0,0.0
60852,0.0,0.0,0.0
60853,0.0,0.0,0.0
60854,0.0,0.0,0.0
60855,0.0,0.0,0.0
60856,0.0,0.0,0.0
60857,0.0,0.0,0.0
60858,0.0,0.0,0.0
60859,0.0,0.0,0.0
60860,0.0,0.0,0.0
60861,0.0,0.0,0.0
60862,0.0,0.0,0.0
60863,0.0,0.0,0.0
60864,0.0,0.0,0.0
60865,0.0,0.0,0.0
60866,0.0,0.0,0.0
60867,0.0,0.0,0.0
60868,0.0,0.0,0.0
60869,0.0,0.0,0.0
60870,0.0,0.0,0.0
60871,0.0,0.0,0.0
60872,0.0,0.0,0.0
60873,0.0,0.0,0.0
60874,0.0,0.0,0.0
60875,0.0,0.0,0.0
60876,0.0,0.0,0.0
60877,0.0,0.0,0.0
60878,0.0,0.0,0.0
60879,0.0,0.0,0.0
60880,0.0,0.0,0.0
60881,0.0,0.0,0.0
60882,0.0,0.0,0.0
60883,0.0,0.0,0.0
60884,0.0,0.0,0.0
60885,0.0,0.0,0.0
60886,0.0,0.0,0.0
60887,0.0,0.0,0.0
60888,0.0,0.0,0.0
60889,0.0,0.0,0.0
60890,0.0,0.0,0.0
60891,0.0,0.0,0.0
60892,0.0,0.0,0.0
60893,0.0,0.0,0.0
60894,0.0,0.0,0.0
60895,0.0,0.0,0.0
60896,0.0,0.0,0.0
60897,0.0,0.0,0.0
60898,0.0,0.0,0.0
60899,0.0,0.0,0.0
60900,0.0,0.0,0.0
60901,0.0,0.0,0.0
60902,0.0,0.0,0.0
60903,0.0,0.0,0.0
60904,0.0,0.0,0.0
60905,0.0,0.0,0.0
60906,0.0,0.0,0.0
60907,0.0,0.0,0.0
60908,0.0,0.0,0.0
60909,0.0,0.0,0.0
60910,0.0,0.0,0.0
60911,0.0,0.0,0.0
60912,0.0,0.0,0.0
60913,0.0,0.0,0.0
60914,0.0,0.0,0.0
60915,0.0,0.0,0.0
60916,0.0,0.0,0.0
60917,0.0,0.0,0.0
60918,0.0,0.0,0.0
60919,0.0,0.0,0.0
60920,0.0,0.0,0.0
60921,0.0,0.0,0.0
60922,0.0,0.0,0.0
60923,0.0,0.0,0.0
60924,0.0,0.0,0.0
60925,0.0,0.0,0.0
60926,0.0,0.0,0.0
60927,0.0,0.0,0.0
60928,0.0,0.0,0.0
60929,0.0,0.0,0.0
60930,0.0,0.0,0.0
60931,0.0,0.0,0.0
60932,0.0,0.0,0.0
60933,0.0,0.0,0.0
60934,0.0,0.0,0.0
60935,0.0,0.0,0.0
60936,0.0,0.0,0.0
60937,0.0,0.0,0.0
60938,0.0,0.0,0.0
60939,0.0,0.0,0.0
60940,0.0,0.0,0.0
60941,0.0,0.0,0.0
60942,0.0,0.0,0.0
60943,0.0,0.0,0.0
60944,0.0,0.0,0.0
60945,0.0,0.0,0.0
60946,0.0,0.0,0.0
60947,0.0,0.0,0.0
60948,0.0,0.0,0.0
60949,0.0,0.0,0.0
60950,0.0,0.0,0.0
60951,0.0,0.0,0.0
60952,0.0,0.0,0.0
60953,0.0,0.0,0.0
60954,0.0,0.0,0.0
60955,0.0,0.0,0.0
60956,0.0,0.0,0.0
60957,0.0,0.0,0.0
60958,0.0,0.0,0.0
60959,0.0,0.0,0.0
60960,0.0,0.0,0.0
60961,0.0,0.0,0.0
60962,0.0,0.0,0.0
60963,0.0,0.0,0.0
60964,0.0,0.0,0.0
60965,0.0,0.0,0.0
60966,0.0,0.0,0.0
60967,0.0,0.0,0.0
60968,0.0,0.0,0.0
60969,0.0,0.0,0.0
60970,0.0,0.0,0.0
60971,0.0,0.0,0.0
60972,0.0,0.0,0.0
60973,0.0,0.0,0.0
60974,0.0,0.0,0.0
60975,0.0,0.0,0.0
60976,0.0,0.0,0.0
60977,0.0,0.0,0.0
60978,0.0,0.0,0.0
60979,0.0,0.0,0.0
60980,0.0,0.0,0.0
60981,0.0,0.0,0.0
60982,0.0,0.0,0.0
60983,0.0,0.0,0.0
60984,0.0,0.0,0.0
60985,0.0,0.0,0.0
60986,0.0,0.0,0.0
60987,0.0,0.0,0.0
60988,0.0,0.0,0.0
60989,0.0,0.0,0.0
60990,0.0,0.0,0.0
60991,0.0,0.0,0.0
60992,0.0,0.0,0.0
60993,0.0,0.0,0.0
60994,0.0,0.0,0.0
60995,0.0,0.0,0.0
60996,0.0,0.0,0.0
60997,0.0,0.0,0.0
60998,0.0,0.0,0.0
60999,0.0,0.0,0.0
61000,0.0,0.0,0.0
61001,0.0,0.0,0.0
61002,0.0,0.0,0.0
61003,0.0,0.0,0.0
61004,0.0,0.0,0.0
61005,0.0,0.0,0.0
61006,0.0,0.0,0.0
61007,0.0,0.0,0.0
61008,0.0,0.0,0.0
61009,0.0,0.0,0.0
61010,0.0,0.0,0.0
61011,0.0,0.0,0.0
61012,0.0,0.0,0.0
61013,0.0,0.0,0.0
61014,0.0,0.0,0.0
61015,0.0,0.0,0.0
61016,0.0,0.0,0.0
61017,0.0,0.0,0.0
61018,0.0,0.0,0.0
61019,0.0,0.0,0.0
61020,0.0,0.0,0.0
61021,0.0,0.0,0.0
61022,0.0,0.0,0.0
61023,0.0,0.0,0.0
61024,0.0,0.0,0.0
61025,0.0,0.0,0.0
61026,0.0,0.0,0.0
61027,0.0,0.0,0.0
61028,0.0,0.0,0.0
61029,0.0,0.0,0.0
61030,0.0,0.0,0.0
61031,0.0,0.0,0.0
61032,0.0,0.0,0.0
61033,0.0,0.0,0.0
61034,0.0,0.0,0.0
61035,0.0,0.0,0.0
61036,0.0,0.0,0.0
61037,0.0,0.0,0.0
61038,0.0,0.0,0.0
61039,0.0,0.0,0.0
61040,0.0,0.0,0.0
61041,0.0,0.0,0.0
61042,0.0,0.0,0.0
61043,0.0,0.0,0.0
61044,0.0,0.0,0.0
61045,0.0,0.0,0.0
61046,0.0,0.0,0.0
61047,0.0,0.0,0.0
61048,0.0,0.0,0.0
61049,0.0,0.0,0.0
61050,0.0,0.0,0.0
61051,0.0,0.0,0.0
61052,0.0,0.0,0.0
61053,0.0,0.0,0.0
61054,0.0,0.0,0.0
61055,0.0,0.0,0.0
61056,0.0,0.0,0.0
61057,0.0,0.0,0.0
61058,0.0,0.0,0.0
61059,0.0,0.0,0.0
61060,0.0,0.0,0.0
61061,0.0,0.0,0.0
61062,0.0,0.0,0.0
61063,0.0,0.0,0.0
61064,0.0,0.0,0.0
61065,0.0,0.0,0.0
61066,0.0,0.0,0.0
61067,0.0,0.0,0.0
61068,0.0,0.0,0.0
61069,0.0,0.0,0.0
61070,0.0,0.0,0.0
61071,0.0,0.0,0.0
61072,0.0,0.0,0.0
61073,0.0,0.0,0.0
61074,0.0,0.0,0.0
61075,0.0,0.0,0.0
61076,0.0,0.0,0.0
61077,0.0,0.0,0.0
61078,0.0,0.0,0.0
61079,0.0,0.0,0.0
61080,0.0,0.0,0.0
61081,0.0,0.0,0.0
61082,0.0,0.0,0.0
61083,0.0,0.0,0.0
61084,0.0,0.0,0.0
61085,0.0,0.0,0.0
61086,0.0,0.0,0.0
61087,0.0,0.0,0.0
61088,0.0,0.0,0.0
61089,0.0,0.0,0.0
61090,0.0,0.0,0.0
61091,0.0,0.0,0.0
61092,0.0,0.0,0.0
61093,0.0,0.0,0.0
61094,0.0,0.0,0.0
61095,0.0,0.0,0.0
61096,0.0,0.0,0.0
61097,0.0,0.0,0.0
61098,0.0,0.0,0.0
61099,0.0,0.0,0.0
61100,0.0,0.0,0.0
61101,0.0,0.0,0.0
61102,0.0,0.0,0.0
61103,0.0,0.0,0.0
61104,0.0,0.0,0.0
61105,0.0,0.0,0.0
61106,0.0,0.0,0.0
61107,0.0,0.0,0.0
61108,0.0,0.0,0.0
61109,0.0,0.0,0.0
61110,0.0,0.0,0.0
61111,0.0,0.0,0.0
61112,0.0,0.0,0.0
61113,0.0,0.0,0.0
61114,0.0,0.0,0.0
61115,0.0,0.0,0.0
61116,0.0,0.0,0.0
61117,0.0,0.0,0.0
61118,0.0,0.0,0.0
61119,0.0,0.0,0.0
61120,0.0,0.0,0.0
61121,0.0,0.0,0.0
61122,0.0,0.0,0.0
61123,0.0,0.0,0.0
61124,0.0,0.0,0.0
61125,0.0,0.0,0.0
61126,0.0,0.0,0.0
61127,0.0,0.0,0.0
61128,0.0,0.0,0.0
61129,0.0,0.0,0.0
61130,0.0,0.0,0.0
61131,0.0,0.0,0.0
61132,0.0,0.0,0.0
61133,0.0,0.0,0.0
61134,0.0,0.0,0.0
61135,0.0,0.0,0.0
61136,0.0,0.0,0.0
61137,0.0,0.0,0.0
61138,0.0,0.0,0.0
61139,0.0,0.0,0.0
61140,0.0,0.0,0.0
61141,0.0,0.0,0.0
61142,0.0,0.0,0.0
61143,0.0,0.0,0.0
61144,0.0,0.0,0.0
61145,0.0,0.0,0.0
61146,0.0,0.0,0.0
61147,0.0,0.0,0.0
61148,0.0,0.0,0.0
61149,0.0,0.0,0.0
61150,0.0,0.0,0.0
61151,0.0,0.0,0.0
61152,0.0,0.0,0.0
61153,0.0,0.0,0.0
61154,0.0,0.0,0.0
61155,0.0,0.0,0.0
61156,0.0,0.0,0.0
61157,0.0,0.0,0.0
61158,0.0,0.0,0.0
61159,0.0,0.0,0.0
61160,0.0,0.0,0.0
61161,0.0,0.0,0.0
61162,0.0,0.0,0.0
61163,0.0,0.0,0.0
61164,0.0,0.0,0.0
61165,0.0,0.0,0.0
61166,0.0,0.0,0.0
61167,0.0,0.0,0.0
61168,0.0,0.0,0.0
61169,0.0,0.0,0.0
61170,0.0,0.0,0.0
61171,0.0,0.0,0.0
61172,0.0,0.0,0.0
61173,0.0,0.0,0.0
61174,0.0,0.0,0.0
61175,0.0,0.0,0.0
61176,0.0,0.0,0.0
61177,0.0,0.0,0.0
61178,0.0,0.0,0.0
61179,0.0,0.0,0.0
61180,0.0,0.0,0.0
61181,0.0,0.0,0.0
61182,0.0,0.0,0.0
61183,0.0,0.0,0.0
61184,0.0,0.0,0.0
61185,0.0,0.0,0.0
61186,0.0,0.0,0.0
61187,0.0,0.0,0.0
61188,0.0,0.0,0.0
61189,0.0,0.0,0.0
61190,0.0,0.0,0.0
61191,0.0,0.0,0.0
61192,0.0,0.0,0.0
61193,0.0,0.0,0.0
61194,0.0,0.0,0.0
61195,0.0,0.0,0.0
61196,0.0,0.0,0.0
61197,0.0,0.0,0.0
61198,0.0,0.0,0.0
61199,0.0,0.0,0.0
61200,0.0,0.0,0.0
61201,0.0,0.0,0.0
61202,0.0,0.0,0.0
61203,0.0,0.0,0.0
61204,0.0,0.0,0.0
61205,0.0,0.0,0.0
61206,0.0,0.0,0.0
61207,0.0,0.0,0.0
61208,0.0,0.0,0.0
61209,0.0,0.0,0.0
61210,0.0,0.0,0.0
61211,0.0,0.0,0.0
61212,0.0,0.0,0.0
61213,0.0,0.0,0.0
61214,0.0,0.0,0.0
61215,0.0,0.0,0.0
61216,0.0,0.0,0.0
61217,0.0,0.0,0.0
61218,0.0,0.0,0.0
61219,0.0,0.0,0.0
61220,0.0,0.0,0.0
61221,0.0,0.0,0.0
61222,0.0,0.0,0.0
61223,0.0,0.0,0.0
61224,0.0,0.0,0.0
61225,0.0,0.0,0.0
61226,0.0,0.0,0.0
61227,0.0,0.0,0.0
61228,0.0,0.0,0.0
61229,0.0,0.0,0.0
61230,0.0,0.0,0.0
61231,0.0,0.0,0.0
61232,0.0,0.0,0.0
61233,0.0,0.0,0.0
61234,0.0,0.0,0.0
61235,0.0,0.0,0.0
61236,0.0,0.0,0.0
61237,0.0,0.0,0.0
61238,0.0,0.0,0.0
61239,0.0,0.0,0.0
61240,0.0,0.0,0.0
61241,0.0,0.0,0.0
61242,0.0,0.0,0.0
61243,0.0,0.0,0.0
61244,0.0,0.0,0.0
61245,0.0,0.0,0.0
61246,0.0,0.0,0.0
61247,0.0,0.0,0.0
61248,0.0,0.0,0.0
61249,0.0,0.0,0.0
61250,0.0,0.0,0.0
61251,0.0,0.0,0.0
61252,0.0,0.0,0.0
61253,0.0,0.0,0.0
61254,0.0,0.0,0.0
61255,0.0,0.0,0.0
61256,0.0,0.0,0.0
61257,0.0,0.0,0.0
61258,0.0,0.0,0.0
61259,0.0,0.0,0.0
61260,0.0,0.0,0.0
61261,0.0,0.0,0.0
61262,0.0,0.0,0.0
61263,0.0,0.0,0.0
61264,0.0,0.0,0.0
61265,0.0,0.0,0.0
61266,0.0,0.0,0.0
61267,0.0,0.0,0.0
61268,0.0,0.0,0.0
61269,0.0,0.0,0.0
61270,0.0,0.0,0.0
61271,0.0,0.0,0.0
61272,0.0,0.0,0.0
61273,0.0,0.0,0.0
61274,0.0,0.0,0.0
61275,0.0,0.0,0.0
61276,0.0,0.0,0.0
61277,0.0,0.0,0.0
61278,0.0,0.0,0.0
61279,0.0,0.0,0.0
61280,0.0,0.0,0.0
61281,0.0,0.0,0.0
61282,0.0,0.0,0.0
61283,0.0,0.0,0.0
61284,0.0,0.0,0.0
61285,0.0,0.0,0.0
61286,0.0,0.0,0.0
61287,0.0,0.0,0.0
61288,0.0,0.0,0.0
61289,0.0,0.0,0.0
61290,0.0,0.0,0.0
61291,0.0,0.0,0.0
61292,0.0,0.0,0.0
61293,0.0,0.0,0.0
61294,0.0,0.0,0.0
61295,0.0,0.0,0.0
61296,0.0,0.0,0.0
61297,0.0,0.0,0.0
61298,0.0,0.0,0.0
61299,0.0,0.0,0.0
61300,0.0,0.0,0.0
61301,0.0,0.0,0.0
61302,0.0,0.0,0.0
61303,0.0,0.0,0.0
61304,0.0,0.0,0.0
61305,0.0,0.0,0.0
61306,0.0,0.0,0.0
61307,0.0,0.0,0.0
61308,0.0,0.0,0.0
61309,0.0,0.0,0.0
61310,0.0,0.0,0.0
61311,0.0,0.0,0.0
61312,0.0,0.0,0.0
61313,0.0,0.0,0.0
61314,0.0,0.0,0.0
61315,0.0,0.0,0.0
61316,0.0,0.0,0.0
61317,0.0,0.0,0.0
61318,0.0,0.0,0.0
61319,0.0,0.0,0.0
61320,0.0,0.0,0.0
61321,0.0,0.0,0.0
61322,0.0,0.0,0.0
61323,0.0,0.0,0.0
61324,0.0,0.0,0.0
61325,0.0,0.0,0.0
61326,0.0,0.0,0.0
61327,0.0,0.0,0.0
61328,0.0,0.0,0.0
61329,0.0,0.0,0.0
61330,0.0,0.0,0.0
61331,0.0,0.0,0.0
61332,0.0,0.0,0.0
61333,0.0,0.0,0.0
61334,0.0,0.0,0.0
61335,0.0,0.0,0.0
61336,0.0,0.0,0.0
61337,0.0,0.0,0.0
61338,0.0,0.0,0.0
61339,0.0,0.0,0.0
61340,0.0,0.0,0.0
61341,0.0,0.0,0.0
61342,0.0,0.0,0.0
61343,0.0,0.0,0.0
61344,0.0,0.0,0.0
61345,0.0,0.0,0.0
61346,0.0,0.0,0.0
61347,0.0,0.0,0.0
61348,0.0,0.0,0.0
61349,0.0,0.0,0.0
61350,0.0,0.0,0.0
61351,0.0,0.0,0.0
61352,0.0,0.0,0.0
61353,0.0,0.0,0.0
61354,0.0,0.0,0.0
61355,0.0,0.0,0.0
61356,0.0,0.0,0.0
61357,0.0,0.0,0.0
61358,0.0,0.0,0.0
61359,0.0,0.0,0.0
61360,0.0,0.0,0.0
61361,0.0,0.0,0.0
61362,0.0,0.0,0.0
61363,0.0,0.0,0.0
61364,0.0,0.0,0.0
61365,0.0,0.0,0.0
61366,0.0,0.0,0.0
61367,0.0,0.0,0.0
61368,0.0,0.0,0.0
61369,0.0,0.0,0.0
61370,0.0,0.0,0.0
61371,0.0,0.0,0.0
61372,0.0,0.0,0.0
61373,0.0,0.0,0.0
61374,0.0,0.0,0.0
61375,0.0,0.0,0.0
61376,0.0,0.0,0.0
61377,0.0,0.0,0.0
61378,0.0,0.0,0.0
61379,0.0,0.0,0.0
61380,0.0,0.0,0.0
61381,0.0,0.0,0.0
61382,0.0,0.0,0.0
61383,0.0,0.0,0.0
61384,0.0,0.0,0.0
61385,0.0,0.0,0.0
61386,0.0,0.0,0.0
61387,0.0,0.0,0.0
61388,0.0,0.0,0.0
61389,0.0,0.0,0.0
61390,0.0,0.0,0.0
61391,0.0,0.0,0.0
61392,0.0,0.0,0.0
61393,0.0,0.0,0.0
61394,0.0,0.0,0.0
61395,0.0,0.0,0.0
61396,0.0,0.0,0.0
61397,0.0,0.0,0.0
61398,0.0,0.0,0.0
61399,0.0,0.0,0.0
61400,0.0,0.0,0.0
61401,0.0,0.0,0.0
61402,0.0,0.0,0.0
61403,0.0,0.0,0.0
61404,0.0,0.0,0.0
61405,0.0,0.0,0.0
61406,0.0,0.0,0.0
61407,0.0,0.0,0.0
61408,0.0,0.0,0.0
61409,0.0,0.0,0.0
61410,0.0,0.0,0.0
61411,0.0,0.0,0.0
61412,0.0,0.0,0.0
61413,0.0,0.0,0.0
61414,0.0,0.0,0.0
61415,0.0,0.0,0.0
61416,0.0,0.0,0.0
61417,0.0,0.0,0.0
61418,0.0,0.0,0.0
61419,0.0,0.0,0.0
61420,0.0,0.0,0.0
61421,0.0,0.0,0.0
61422,0.0,0.0,0.0
61423,0.0,0.0,0.0
61424,0.0,0.0,0.0
61425,0.0,0.0,0.0
61426,0.0,0.0,0.0
61427,0.0,0.0,0.0
61428,0.0,0.0,0.0
61429,0.0,0.0,0.0
61430,0.0,0.0,0.0
61431,0.0,0.0,0.0
61432,0.0,0.0,0.0
61433,0.0,0.0,0.0
61434,0.0,0.0,0.0
61435,0.0,0.0,0.0
61436,0.0,0.0,0.0
61437,0.0,0.0,0.0
61438,0.0,0.0,0.0
61439,0.0,0.0,0.0
61440,0.0,0.0,0.0
61441,0.0,0.0,0.0
61442,0.0,0.0,0.0
61443,0.0,0.0,0.0
61444,0.0,0.0,0.0
61445,0.0,0.0,0.0
61446,0.0,0.0,0.0
61447,0.0,0.0,0.0
61448,0.0,0.0,0.0
61449,0.0,0.0,0.0
61450,0.0,0.0,0.0
61451,0.0,0.0,0.0
61452,0.0,0.0,0.0
61453,0.0,0.0,0.0
61454,0.0,0.0,0.0
61455,0.0,0.0,0.0
61456,0.0,0.0,0.0
61457,0.0,0.0,0.0
61458,0.0,0.0,0.0
61459,0.0,0.0,0.0
61460,0.0,0.0,0.0
61461,0.0,0.0,0.0
61462,0.0,0.0,0.0
61463,0.0,0.0,0.0
61464,0.0,0.0,0.0
61465,0.0,0.0,0.0
61466,0.0,0.0,0.0
61467,0.0,0.0,0.0
61468,0.0,0.0,0.0
61469,0.0,0.0,0.0
61470,0.0,0.0,0.0
61471,0.0,0.0,0.0
61472,0.0,0.0,0.0
61473,0.0,0.0,0.0
61474,0.0,0.0,0.0
61475,0.0,0.0,0.0
61476,0.0,0.0,0.0
61477,0.0,0.0,0.0
61478,0.0,0.0,0.0
61479,0.0,0.0,0.0
61480,0.0,0.0,0.0
61481,0.0,0.0,0.0
61482,0.0,0.0,0.0
61483,0.0,0.0,0.0
61484,0.0,0.0,0.0
61485,0.0,0.0,0.0
61486,0.0,0.0,0.0
61487,0.0,0.0,0.0
61488,0.0,0.0,0.0
61489,0.0,0.0,0.0
61490,0.0,0.0,0.0
61491,0.0,0.0,0.0
61492,0.0,0.0,0.0
61493,0.0,0.0,0.0
61494,0.0,0.0,0.0
61495,0.0,0.0,0.0
61496,0.0,0.0,0.0
61497,0.0,0.0,0.0
61498,0.0,0.0,0.0
61499,0.0,0.0,0.0
61500,0.0,0.0,0.0
61501,0.0,0.0,0.0
61502,0.0,0.0,0.0
61503,0.0,0.0,0.0
61504,0.0,0.0,0.0
61505,0.0,0.0,0.0
61506,0.0,0.0,0.0
61507,0.0,0.0,0.0
61508,0.0,0.0,0.0
61509,0.0,0.0,0.0
61510,0.0,0.0,0.0
61511,0.0,0.0,0.0
61512,0.0,0.0,0.0
61513,0.0,0.0,0.0
61514,0.0,0.0,0.0
61515,0.0,0.0,0.0
61516,0.0,0.0,0.0
61517,0.0,0.0,0.0
61518,0.0,0.0,0.0
61519,0.0,0.0,0.0
61520,0.0,0.0,0.0
61521,0.0,0.0,0.0
61522,0.0,0.0,0.0
61523,0.0,0.0,0.0
61524,0.0,0.0,0.0
61525,0.0,0.0,0.0
61526,0.0,0.0,0.0
61527,0.0,0.0,0.0
61528,0.0,0.0,0.0
61529,0.0,0.0,0.0
61530,0.0,0.0,0.0
61531,0.0,0.0,0.0
61532,0.0,0.0,0.0
61533,0.0,0.0,0.0
61534,0.0,0.0,0.0
61535,0.0,0.0,0.0
61536,0.0,0.0,0.0
61537,0.0,0.0,0.0
61538,0.0,0.0,0.0
61539,0.0,0.0,0.0
61540,0.0,0.0,0.0
61541,0.0,0.0,0.0
61542,0.0,0.0,0.0
61543,0.0,0.0,0.0
61544,0.0,0.0,0.0
61545,0.0,0.0,0.0
61546,0.0,0.0,0.0
61547,0.0,0.0,0.0
61548,0.0,0.0,0.0
61549,0.0,0.0,0.0
61550,0.0,0.0,0.0
61551,0.0,0.0,0.0
61552,0.0,0.0,0.0
61553,0.0,0.0,0.0
61554,0.0,0.0,0.0
61555,0.0,0.0,0.0
61556,0.0,0.0,0.0
61557,0.0,0.0,0.0
61558,0.0,0.0,0.0
61559,0.0,0.0,0.0
61560,0.0,0.0,0.0
61561,0.0,0.0,0.0
61562,0.0,0.0,0.0
61563,0.0,0.0,0.0
61564,0.0,0.0,0.0
61565,0.0,0.0,0.0
61566,0.0,0.0,0.0
61567,0.0,0.0,0.0
61568,0.0,0.0,0.0
61569,0.0,0.0,0.0
61570,0.0,0.0,0.0
61571,0.0,0.0,0.0
61572,0.0,0.0,0.0
61573,0.0,0.0,0.0
61574,0.0,0.0,0.0
61575,0.0,0.0,0.0
61576,0.0,0.0,0.0
61577,0.0,0.0,0.0
61578,0.0,0.0,0.0
61579,0.0,0.0,0.0
61580,0.0,0.0,0.0
61581,0.0,0.0,0.0
61582,0.0,0.0,0.0
61583,0.0,0.0,0.0
61584,0.0,0.0,0.0
61585,0.0,0.0,0.0
61586,0.0,0.0,0.0
61587,0.0,0.0,0.0
61588,0.0,0.0,0.0
61589,0.0,0.0,0.0
61590,0.0,0.0,0.0
61591,0.0,0.0,0.0
61592,0.0,0.0,0.0
61593,0.0,0.0,0.0
61594,0.0,0.0,0.0
61595,0.0,0.0,0.0
61596,0.0,0.0,0.0
61597,0.0,0.0,0.0
61598,0.0,0.0,0.0
61599,0.0,0.0,0.0
61600,0.0,0.0,0.0
61601,0.0,0.0,0.0
61602,0.0,0.0,0.0
61603,0.0,0.0,0.0
61604,0.0,0.0,0.0
61605,0.0,0.0,0.0
61606,0.0,0.0,0.0
61607,0.0,0.0,0.0
61608,0.0,0.0,0.0
61609,0.0,0.0,0.0
61610,0.0,0.0,0.0
61611,0.0,0.0,0.0
61612,0.0,0.0,0.0
61613,0.0,0.0,0.0
61614,0.0,0.0,0.0
61615,0.0,0.0,0.0
61616,0.0,0.0,0.0
61617,0.0,0.0,0.0
61618,0.0,0.0,0.0
61619,0.0,0.0,0.0
61620,0.0,0.0,0.0
61621,0.0,0.0,0.0
61622,0.0,0.0,0.0
61623,0.0,0.0,0.0
61624,0.0,0.0,0.0
61625,0.0,0.0,0.0
61626,0.0,0.0,0.0
61627,0.0,0.0,0.0
61628,0.0,0.0,0.0
61629,0.0,0.0,0.0
61630,0.0,0.0,0.0
61631,0.0,0.0,0.0
61632,0.0,0.0,0.0
61633,0.0,0.0,0.0
61634,0.0,0.0,0.0
61635,0.0,0.0,0.0
61636,0.0,0.0,0.0
61637,0.0,0.0,0.0
61638,0.0,0.0,0.0
61639,0.0,0.0,0.0
61640,0.0,0.0,0.0
61641,0.0,0.0,0.0
61642,0.0,0.0,0.0
61643,0.0,0.0,0.0
61644,0.0,0.0,0.0
61645,0.0,0.0,0.0
61646,0.0,0.0,0.0
61647,0.0,0.0,0.0
61648,0.0,0.0,0.0
61649,0.0,0.0,0.0
61650,0.0,0.0,0.0
61651,0.0,0.0,0.0
61652,0.0,0.0,0.0
61653,0.0,0.0,0.0
61654,0.0,0.0,0.0
61655,0.0,0.0,0.0
61656,0.0,0.0,0.0
61657,0.0,0.0,0.0
61658,0.0,0.0,0.0
61659,0.0,0.0,0.0
61660,0.0,0.0,0.0
61661,0.0,0.0,0.0
61662,0.0,0.0,0.0
61663,0.0,0.0,0.0
61664,0.0,0.0,0.0
61665,0.0,0.0,0.0
61666,0.0,0.0,0.0
61667,0.0,0.0,0.0
61668,0.0,0.0,0.0
61669,0.0,0.0,0.0
61670,0.0,0.0,0.0
61671,0.0,0.0,0.0
61672,0.0,0.0,0.0
61673,0.0,0.0,0.0
61674,0.0,0.0,0.0
61675,0.0,0.0,0.0
61676,0.0,0.0,0.0
61677,0.0,0.0,0.0
61678,0.0,0.0,0.0
61679,0.0,0.0,0.0
61680,0.0,0.0,0.0
61681,0.0,0.0,0.0
61682,0.0,0.0,0.0
61683,0.0,0.0,0.0
61684,0.0,0.0,0.0
61685,0.0,0.0,0.0
61686,0.0,0.0,0.0
61687,0.0,0.0,0.0
61688,0.0,0.0,0.0
61689,0.0,0.0,0.0
61690,0.0,0.0,0.0
61691,0.0,0.0,0.0
61692,0.0,0.0,0.0
61693,0.0,0.0,0.0
61694,0.0,0.0,0.0
61695,0.0,0.0,0.0
61696,0.0,0.0,0.0
61697,0.0,0.0,0.0
61698,0.0,0.0,0.0
61699,0.0,0.0,0.0
61700,0.0,0.0,0.0
61701,0.0,0.0,0.0
61702,0.0,0.0,0.0
61703,0.0,0.0,0.0
61704,0.0,0.0,0.0
61705,0.0,0.0,0.0
61706,0.0,0.0,0.0
61707,0.0,0.0,0.0
61708,0.0,0.0,0.0
61709,0.0,0.0,0.0
61710,0.0,0.0,0.0
61711,0.0,0.0,0.0
61712,0.0,0.0,0.0
61713,0.0,0.0,0.0
61714,0.0,0.0,0.0
61715,0.0,0.0,0.0
61716,0.0,0.0,0.0
61717,0.0,0.0,0.0
61718,0.0,0.0,0.0
61719,0.0,0.0,0.0
61720,0.0,0.0,0.0
61721,0.0,0.0,0.0
61722,0.0,0.0,0.0
61723,0.0,0.0,0.0
61724,0.0,0.0,0.0
61725,0.0,0.0,0.0
61726,0.0,0.0,0.0
61727,0.0,0.0,0.0
61728,0.0,0.0,0.0
61729,0.0,0.0,0.0
61730,0.0,0.0,0.0
61731,0.0,0.0,0.0
61732,0.0,0.0,0.0
61733,0.0,0.0,0.0
61734,0.0,0.0,0.0
61735,0.0,0.0,0.0
61736,0.0,0.0,0.0
61737,0.0,0.0,0.0
61738,0.0,0.0,0.0
61739,0.0,0.0,0.0
61740,0.0,0.0,0.0
61741,0.0,0.0,0.0
61742,0.0,0.0,0.0
61743,0.0,0.0,0.0
61744,0.0,0.0,0.0
61745,0.0,0.0,0.0
61746,0.0,0.0,0.0
61747,0.0,0.0,0.0
61748,0.0,0.0,0.0
61749,0.0,0.0,0.0
61750,0.0,0.0,0.0
61751,0.0,0.0,0.0
61752,0.0,0.0,0.0
61753,0.0,0.0,0.0
61754,0.0,0.0,0.0
61755,0.0,0.0,0.0
61756,0.0,0.0,0.0
61757,0.0,0.0,0.0
61758,0.0,0.0,0.0
61759,0.0,0.0,0.0
61760,0.0,0.0,0.0
61761,0.0,0.0,0.0
61762,0.0,0.0,0.0
61763,0.0,0.0,0.0
61764,0.0,0.0,0.0
61765,0.0,0.0,0.0
61766,0.0,0.0,0.0
61767,0.0,0.0,0.0
61768,0.0,0.0,0.0
61769,0.0,0.0,0.0
61770,0.0,0.0,0.0
61771,0.0,0.0,0.0
61772,0.0,0.0,0.0
61773,0.0,0.0,0.0
61774,0.0,0.0,0.0
61775,0.0,0.0,0.0
61776,0.0,0.0,0.0
61777,0.0,0.0,0.0
61778,0.0,0.0,0.0
61779,0.0,0.0,0.0
61780,0.0,0.0,0.0
61781,0.0,0.0,0.0
61782,0.0,0.0,0.0
61783,0.0,0.0,0.0
61784,0.0,0.0,0.0
61785,0.0,0.0,0.0
61786,0.0,0.0,0.0
61787,0.0,0.0,0.0
61788,0.0,0.0,0.0
61789,0.0,0.0,0.0
61790,0.0,0.0,0.0
61791,0.0,0.0,0.0
61792,0.0,0.0,0.0
61793,0.0,0.0,0.0
61794,0.0,0.0,0.0
61795,0.0,0.0,0.0
61796,0.0,0.0,0.0
61797,0.0,0.0,0.0
61798,0.0,0.0,0.0
61799,0.0,0.0,0.0
61800,0.0,0.0,0.0
61801,0.0,0.0,0.0
61802,0.0,0.0,0.0
61803,0.0,0.0,0.0
61804,0.0,0.0,0.0
61805,0.0,0.0,0.0
61806,0.0,0.0,0.0
61807,0.0,0.0,0.0
61808,0.0,0.0,0.0
61809,0.0,0.0,0.0
61810,0.0,0.0,0.0
61811,0.0,0.0,0.0
61812,0.0,0.0,0.0
61813,0.0,0.0,0.0
61814,0.0,0.0,0.0
61815,0.0,0.0,0.0
61816,0.0,0.0,0.0
61817,0.0,0.0,0.0
61818,0.0,0.0,0.0
61819,0.0,0.0,0.0
61820,0.0,0.0,0.0
61821,0.0,0.0,0.0
61822,0.0,0.0,0.0
61823,0.0,0.0,0.0
61824,0.0,0.0,0.0
61825,0.0,0.0,0.0
61826,0.0,0.0,0.0
61827,0.0,0.0,0.0
61828,0.0,0.0,0.0
61829,0.0,0.0,0.0
61830,0.0,0.0,0.0
61831,0.0,0.0,0.0
61832,0.0,0.0,0.0
61833,0.0,0.0,0.0
61834,0.0,0.0,0.0
61835,0.0,0.0,0.0
61836,0.0,0.0,0.0
61837,0.0,0.0,0.0
61838,0.0,0.0,0.0
61839,0.0,0.0,0.0
61840,0.0,0.0,0.0
61841,0.0,0.0,0.0
61842,0.0,0.0,0.0
61843,0.0,0.0,0.0
61844,0.0,0.0,0.0
61845,0.0,0.0,0.0
61846,0.0,0.0,0.0
61847,0.0,0.0,0.0
61848,0.0,0.0,0.0
61849,0.0,0.0,0.0
61850,0.0,0.0,0.0
61851,0.0,0.0,0.0
61852,0.0,0.0,0.0
61853,0.0,0.0,0.0
61854,0.0,0.0,0.0
61855,0.0,0.0,0.0
61856,0.0,0.0,0.0
61857,0.0,0.0,0.0
61858,0.0,0.0,0.0
61859,0.0,0.0,0.0
61860,0.0,0.0,0.0
61861,0.0,0.0,0.0
61862,0.0,0.0,0.0
61863,0.0,0.0,0.0
61864,0.0,0.0,0.0
61865,0.0,0.0,0.0
61866,0.0,0.0,0.0
61867,0.0,0.0,0.0
61868,0.0,0.0,0.0
61869,0.0,0.0,0.0
61870,0.0,0.0,0.0
61871,0.0,0.0,0.0
61872,0.0,0.0,0.0
61873,0.0,0.0,0.0
61874,0.0,0.0,0.0
61875,0.0,0.0,0.0
61876,0.0,0.0,0.0
61877,0.0,0.0,0.0
61878,0.0,0.0,0.0
61879,0.0,0.0,0.0
61880,0.0,0.0,0.0
61881,0.0,0.0,0.0
61882,0.0,0.0,0.0
61883,0.0,0.0,0.0
61884,0.0,0.0,0.0
61885,0.0,0.0,0.0
61886,0.0,0.0,0.0
61887,0.0,0.0,0.0
61888,0.0,0.0,0.0
61889,0.0,0.0,0.0
61890,0.0,0.0,0.0
61891,0.0,0.0,0.0
61892,0.0,0.0,0.0
61893,0.0,0.0,0.0
61894,0.0,0.0,0.0
61895,0.0,0.0,0.0
61896,0.0,0.0,0.0
61897,0.0,0.0,0.0
61898,0.0,0.0,0.0
61899,0.0,0.0,0.0
61900,0.0,0.0,0.0
61901,0.0,0.0,0.0
61902,0.0,0.0,0.0
61903,0.0,0.0,0.0
61904,0.0,0.0,0.0
61905,0.0,0.0,0.0
61906,0.0,0.0,0.0
61907,0.0,0.0,0.0
61908,0.0,0.0,0.0
61909,0.0,0.0,0.0
61910,0.0,0.0,0.0
61911,0.0,0.0,0.0
61912,0.0,0.0,0.0
61913,0.0,0.0,0.0
61914,0.0,0.0,0.0
61915,0.0,0.0,0.0
61916,0.0,0.0,0.0
61917,0.0,0.0,0.0
61918,0.0,0.0,0.0
61919,0.0,0.0,0.0
61920,0.0,0.0,0.0
61921,0.0,0.0,0.0
61922,0.0,0.0,0.0
61923,0.0,0.0,0.0
61924,0.0,0.0,0.0
61925,0.0,0.0,0.0
61926,0.0,0.0,0.0
61927,0.0,0.0,0.0
61928,0.0,0.0,0.0
61929,0.0,0.0,0.0
61930,0.0,0.0,0.0
61931,0.0,0.0,0.0
61932,0.0,0.0,0.0
61933,0.0,0.0,0.0
61934,0.0,0.0,0.0
61935,0.0,0.0,0.0
61936,0.0,0.0,0.0
61937,0.0,0.0,0.0
61938,0.0,0.0,0.0
61939,0.0,0.0,0.0
61940,0.0,0.0,0.0
61941,0.0,0.0,0.0
61942,0.0,0.0,0.0
61943,0.0,0.0,0.0
61944,0.0,0.0,0.0
61945,0.0,0.0,0.0
61946,0.0,0.0,0.0
61947,0.0,0.0,0.0
61948,0.0,0.0,0.0
61949,0.0,0.0,0.0
61950,0.0,0.0,0.0
61951,0.0,0.0,0.0
61952,0.0,0.0,0.0
61953,0.0,0.0,0.0
61954,0.0,0.0,0.0
61955,0.0,0.0,0.0
61956,0.0,0.0,0.0
61957,0.0,0.0,0.0
61958,0.0,0.0,0.0
61959,0.0,0.0,0.0
61960,0.0,0.0,0.0
61961,0.0,0.0,0.0
61962,0.0,0.0,0.0
61963,0.0,0.0,0.0
61964,0.0,0.0,0.0
61965,0.0,0.0,0.0
61966,0.0,0.0,0.0
61967,0.0,0.0,0.0
61968,0.0,0.0,0.0
61969,0.0,0.0,0.0
61970,0.0,0.0,0.0
61971,0.0,0.0,0.0
61972,0.0,0.0,0.0
61973,0.0,0.0,0.0
61974,0.0,0.0,0.0
61975,0.0,0.0,0.0
61976,0.0,0.0,0.0
61977,0.0,0.0,0.0
61978,0.0,0.0,0.0
61979,0.0,0.0,0.0
61980,0.0,0.0,0.0
61981,0.0,0.0,0.0
61982,0.0,0.0,0.0
61983,0.0,0.0,0.0
61984,0.0,0.0,0.0
61985,0.0,0.0,0.0
61986,0.0,0.0,0.0
61987,0.0,0.0,0.0
61988,0.0,0.0,0.0
61989,0.0,0.0,0.0
61990,0.0,0.0,0.0
61991,0.0,0.0,0.0
61992,0.0,0.0,0.0
61993,0.0,0.0,0.0
61994,0.0,0.0,0.0
61995,0.0,0.0,0.0
61996,0.0,0.0,0.0
61997,0.0,0.0,0.0
61998,0.0,0.0,0.0
61999,0.0,0.0,0.0
62000,0.0,0.0,0.0
62001,0.0,0.0,0.0
62002,0.0,0.0,0.0
62003,0.0,0.0,0.0
62004,0.0,0.0,0.0
62005,0.0,0.0,0.0
62006,0.0,0.0,0.0
62007,0.0,0.0,0.0
62008,0.0,0.0,0.0
62009,0.0,0.0,0.0
62010,0.0,0.0,0.0
62011,0.0,0.0,0.0
62012,0.0,0.0,0.0
62013,0.0,0.0,0.0
62014,0.0,0.0,0.0
62015,0.0,0.0,0.0
62016,0.0,0.0,0.0
62017,0.0,0.0,0.0
62018,0.0,0.0,0.0
62019,0.0,0.0,0.0
62020,0.0,0.0,0.0
62021,0.0,0.0,0.0
62022,0.0,0.0,0.0
62023,0.0,0.0,0.0
62024,0.0,0.0,0.0
62025,0.0,0.0,0.0
62026,0.0,0.0,0.0
62027,0.0,0.0,0.0
62028,0.0,0.0,0.0
62029,0.0,0.0,0.0
62030,0.0,0.0,0.0
62031,0.0,0.0,0.0
62032,0.0,0.0,0.0
62033,0.0,0.0,0.0
62034,0.0,0.0,0.0
62035,0.0,0.0,0.0
62036,0.0,0.0,0.0
62037,0.0,0.0,0.0
62038,0.0,0.0,0.0
62039,0.0,0.0,0.0
62040,0.0,0.0,0.0
62041,0.0,0.0,0.0
62042,0.0,0.0,0.0
62043,0.0,0.0,0.0
62044,0.0,0.0,0.0
62045,0.0,0.0,0.0
62046,0.0,0.0,0.0
62047,0.0,0.0,0.0
62048,0.0,0.0,0.0
62049,0.0,0.0,0.0
62050,0.0,0.0,0.0
62051,0.0,0.0,0.0
62052,0.0,0.0,0.0
62053,0.0,0.0,0.0
62054,0.0,0.0,0.0
62055,0.0,0.0,0.0
62056,0.0,0.0,0.0
62057,0.0,0.0,0.0
62058,0.0,0.0,0.0
62059,0.0,0.0,0.0
62060,0.0,0.0,0.0
62061,0.0,0.0,0.0
62062,0.0,0.0,0.0
62063,0.0,0.0,0.0
62064,0.0,0.0,0.0
62065,0.0,0.0,0.0
62066,0.0,0.0,0.0
62067,0.0,0.0,0.0
62068,0.0,0.0,0.0
62069,0.0,0.0,0.0
62070,0.0,0.0,0.0
62071,0.0,0.0,0.0
62072,0.0,0.0,0.0
62073,0.0,0.0,0.0
62074,0.0,0.0,0.0
62075,0.0,0.0,0.0
62076,0.0,0.0,0.0
62077,0.0,0.0,0.0
62078,0.0,0.0,0.0
62079,0.0,0.0,0.0
62080,0.0,0.0,0.0
62081,0.0,0.0,0.0
62082,0.0,0.0,0.0
62083,0.0,0.0,0.0
62084,0.0,0.0,0.0
62085,0.0,0.0,0.0
62086,0.0,0.0,0.0
62087,0.0,0.0,0.0
62088,0.0,0.0,0.0
62089,0.0,0.0,0.0
62090,0.0,0.0,0.0
62091,0.0,0.0,0.0
62092,0.0,0.0,0.0
62093,0.0,0.0,0.0
62094,0.0,0.0,0.0
62095,0.0,0.0,0.0
62096,0.0,0.0,0.0
62097,0.0,0.0,0.0
62098,0.0,0.0,0.0
62099,0.0,0.0,0.0
62100,0.0,0.0,0.0
62101,0.0,0.0,0.0
62102,0.0,0.0,0.0
62103,0.0,0.0,0.0
62104,0.0,0.0,0.0
62105,0.0,0.0,0.0
62106,0.0,0.0,0.0
62107,0.0,0.0,0.0
62108,0.0,0.0,0.0
62109,0.0,0.0,0.0
62110,0.0,0.0,0.0
62111,0.0,0.0,0.0
62112,0.0,0.0,0.0
62113,0.0,0.0,0.0
62114,0.0,0.0,0.0
62115,0.0,0.0,0.0
62116,0.0,0.0,0.0
62117,0.0,0.0,0.0
62118,0.0,0.0,0.0
62119,0.0,0.0,0.0
62120,0.0,0.0,0.0
62121,0.0,0.0,0.0
62122,0.0,0.0,0.0
62123,0.0,0.0,0.0
62124,0.0,0.0,0.0
62125,0.0,0.0,0.0
62126,0.0,0.0,0.0
62127,0.0,0.0,0.0
62128,0.0,0.0,0.0
62129,0.0,0.0,0.0
62130,0.0,0.0,0.0
62131,0.0,0.0,0.0
62132,0.0,0.0,0.0
62133,0.0,0.0,0.0
62134,0.0,0.0,0.0
62135,0.0,0.0,0.0
62136,0.0,0.0,0.0
62137,0.0,0.0,0.0
62138,0.0,0.0,0.0
62139,0.0,0.0,0.0
62140,0.0,0.0,0.0
62141,0.0,0.0,0.0
62142,0.0,0.0,0.0
62143,0.0,0.0,0.0
62144,0.0,0.0,0.0
62145,0.0,0.0,0.0
62146,0.0,0.0,0.0
62147,0.0,0.0,0.0
62148,0.0,0.0,0.0
62149,0.0,0.0,0.0
62150,0.0,0.0,0.0
62151,0.0,0.0,0.0
62152,0.0,0.0,0.0
62153,0.0,0.0,0.0
62154,0.0,0.0,0.0
62155,0.0,0.0,0.0
62156,0.0,0.0,0.0
62157,0.0,0.0,0.0
62158,0.0,0.0,0.0
62159,0.0,0.0,0.0
62160,0.0,0.0,0.0
62161,0.0,0.0,0.0
62162,0.0,0.0,0.0
62163,0.0,0.0,0.0
62164,0.0,0.0,0.0
62165,0.0,0.0,0.0
62166,0.0,0.0,0.0
62167,0.0,0.0,0.0
62168,0.0,0.0,0.0
62169,0.0,0.0,0.0
62170,0.0,0.0,0.0
62171,0.0,0.0,0.0
62172,0.0,0.0,0.0
62173,0.0,0.0,0.0
62174,0.0,0.0,0.0
62175,0.0,0.0,0.0
62176,0.0,0.0,0.0
62177,0.0,0.0,0.0
62178,0.0,0.0,0.0
62179,0.0,0.0,0.0
62180,0.0,0.0,0.0
62181,0.0,0.0,0.0
62182,0.0,0.0,0.0
62183,0.0,0.0,0.0
62184,0.0,0.0,0.0
62185,0.0,0.0,0.0
62186,0.0,0.0,0.0
62187,0.0,0.0,0.0
62188,0.0,0.0,0.0
62189,0.0,0.0,0.0
62190,0.0,0.0,0.0
62191,0.0,0.0,0.0
62192,0.0,0.0,0.0
62193,0.0,0.0,0.0
62194,0.0,0.0,0.0
62195,0.0,0.0,0.0
62196,0.0,0.0,0.0
62197,0.0,0.0,0.0
62198,0.0,0.0,0.0
62199,0.0,0.0,0.0
62200,0.0,0.0,0.0
62201,0.0,0.0,0.0
62202,0.0,0.0,0.0
62203,0.0,0.0,0.0
62204,0.0,0.0,0.0
62205,0.0,0.0,0.0
62206,0.0,0.0,0.0
62207,0.0,0.0,0.0
62208,0.0,0.0,0.0
62209,0.0,0.0,0.0
62210,0.0,0.0,0.0
62211,0.0,0.0,0.0
62212,0.0,0.0,0.0
62213,0.0,0.0,0.0
62214,0.0,0.0,0.0
62215,0.0,0.0,0.0
62216,0.0,0.0,0.0
62217,0.0,0.0,0.0
62218,0.0,0.0,0.0
62219,0.0,0.0,0.0
62220,0.0,0.0,0.0
62221,0.0,0.0,0.0
62222,0.0,0.0,0.0
62223,0.0,0.0,0.0
62224,0.0,0.0,0.0
62225,0.0,0.0,0.0
62226,0.0,0.0,0.0
62227,0.0,0.0,0.0
62228,0.0,0.0,0.0
62229,0.0,0.0,0.0
62230,0.0,0.0,0.0
62231,0.0,0.0,0.0
62232,0.0,0.0,0.0
62233,0.0,0.0,0.0
62234,0.0,0.0,0.0
62235,0.0,0.0,0.0
62236,0.0,0.0,0.0
62237,0.0,0.0,0.0
62238,0.0,0.0,0.0
62239,0.0,0.0,0.0
62240,0.0,0.0,0.0
62241,0.0,0.0,0.0
62242,0.0,0.0,0.0
62243,0.0,0.0,0.0
62244,0.0,0.0,0.0
62245,0.0,0.0,0.0
62246,0.0,0.0,0.0
62247,0.0,0.0,0.0
62248,0.0,0.0,0.0
62249,0.0,0.0,0.0
62250,0.0,0.0,0.0
62251,0.0,0.0,0.0
62252,0.0,0.0,0.0
62253,0.0,0.0,0.0
62254,0.0,0.0,0.0
62255,0.0,0.0,0.0
62256,0.0,0.0,0.0
62257,0.0,0.0,0.0
62258,0.0,0.0,0.0
62259,0.0,0.0,0.0
62260,0.0,0.0,0.0
62261,0.0,0.0,0.0
62262,0.0,0.0,0.0
62263,0.0,0.0,0.0
62264,0.0,0.0,0.0
62265,0.0,0.0,0.0
62266,0.0,0.0,0.0
62267,0.0,0.0,0.0
62268,0.0,0.0,0.0
62269,0.0,0.0,0.0
62270,0.0,0.0,0.0
62271,0.0,0.0,0.0
62272,0.0,0.0,0.0
62273,0.0,0.0,0.0
62274,0.0,0.0,0.0
62275,0.0,0.0,0.0
62276,0.0,0.0,0.0
62277,0.0,0.0,0.0
62278,0.0,0.0,0.0
62279,0.0,0.0,0.0
62280,0.0,0.0,0.0
62281,0.0,0.0,0.0
62282,0.0,0.0,0.0
62283,0.0,0.0,0.0
62284,0.0,0.0,0.0
62285,0.0,0.0,0.0
62286,0.0,0.0,0.0
62287,0.0,0.0,0.0
62288,0.0,0.0,0.0
62289,0.0,0.0,0.0
62290,0.0,0.0,0.0
62291,0.0,0.0,0.0
62292,0.0,0.0,0.0
62293,0.0,0.0,0.0
62294,0.0,0.0,0.0
62295,0.0,0.0,0.0
62296,0.0,0.0,0.0
62297,0.0,0.0,0.0
62298,0.0,0.0,0.0
62299,0.0,0.0,0.0
62300,0.0,0.0,0.0
62301,0.0,0.0,0.0
62302,0.0,0.0,0.0
62303,0.0,0.0,0.0
62304,0.0,0.0,0.0
62305,0.0,0.0,0.0
62306,0.0,0.0,0.0
62307,0.0,0.0,0.0
62308,0.0,0.0,0.0
62309,0.0,0.0,0.0
62310,0.0,0.0,0.0
62311,0.0,0.0,0.0
62312,0.0,0.0,0.0
62313,0.0,0.0,0.0
62314,0.0,0.0,0.0
62315,0.0,0.0,0.0
62316,0.0,0.0,0.0
62317,0.0,0.0,0.0
62318,0.0,0.0,0.0
62319,0.0,0.0,0.0
62320,0.0,0.0,0.0
62321,0.0,0.0,0.0
62322,0.0,0.0,0.0
62323,0.0,0.0,0.0
62324,0.0,0.0,0.0
62325,0.0,0.0,0.0
62326,0.0,0.0,0.0
62327,0.0,0.0,0.0
62328,0.0,0.0,0.0
62329,0.0,0.0,0.0
62330,0.0,0.0,0.0
62331,0.0,0.0,0.0
62332,0.0,0.0,0.0
62333,0.0,0.0,0.0
62334,0.0,0.0,0.0
62335,0.0,0.0,0.0
62336,0.0,0.0,0.0
62337,0.0,0.0,0.0
62338,0.0,0.0,0.0
62339,0.0,0.0,0.0
62340,0.0,0.0,0.0
62341,0.0,0.0,0.0
62342,0.0,0.0,0.0
62343,0.0,0.0,0.0
62344,0.0,0.0,0.0
62345,0.0,0.0,0.0
62346,0.0,0.0,0.0
62347,0.0,0.0,0.0
62348,0.0,0.0,0.0
62349,0.0,0.0,0.0
62350,0.0,0.0,0.0
62351,0.0,0.0,0.0
62352,0.0,0.0,0.0
62353,0.0,0.0,0.0
62354,0.0,0.0,0.0
62355,0.0,0.0,0.0
62356,0.0,0.0,0.0
62357,0.0,0.0,0.0
62358,0.0,0.0,0.0
62359,0.0,0.0,0.0
62360,0.0,0.0,0.0
62361,0.0,0.0,0.0
62362,0.0,0.0,0.0
62363,0.0,0.0,0.0
62364,0.0,0.0,0.0
62365,0.0,0.0,0.0
62366,0.0,0.0,0.0
62367,0.0,0.0,0.0
62368,0.0,0.0,0.0
62369,0.0,0.0,0.0
62370,0.0,0.0,0.0
62371,0.0,0.0,0.0
62372,0.0,0.0,0.0
62373,0.0,0.0,0.0
62374,0.0,0.0,0.0
62375,0.0,0.0,0.0
62376,0.0,0.0,0.0
62377,0.0,0.0,0.0
62378,0.0,0.0,0.0
62379,0.0,0.0,0.0
62380,0.0,0.0,0.0
62381,0.0,0.0,0.0
62382,0.0,0.0,0.0
62383,0.0,0.0,0.0
62384,0.0,0.0,0.0
62385,0.0,0.0,0.0
62386,0.0,0.0,0.0
62387,0.0,0.0,0.0
62388,0.0,0.0,0.0
62389,0.0,0.0,0.0
62390,0.0,0.0,0.0
62391,0.0,0.0,0.0
62392,0.0,0.0,0.0
62393,0.0,0.0,0.0
62394,0.0,0.0,0.0
62395,0.0,0.0,0.0
62396,0.0,0.0,0.0
62397,0.0,0.0,0.0
62398,0.0,0.0,0.0
62399,0.0,0.0,0.0
62400,0.0,0.0,0.0
62401,0.0,0.0,0.0
62402,0.0,0.0,0.0
62403,0.0,0.0,0.0
62404,0.0,0.0,0.0
62405,0.0,0.0,0.0
62406,0.0,0.0,0.0
62407,0.0,0.0,0.0
62408,0.0,0.0,0.0
62409,0.0,0.0,0.0
62410,0.0,0.0,0.0
62411,0.0,0.0,0.0
62412,0.0,0.0,0.0
62413,0.0,0.0,0.0
62414,0.0,0.0,0.0
62415,0.0,0.0,0.0
62416,0.0,0.0,0.0
62417,0.0,0.0,0.0
62418,0.0,0.0,0.0
62419,0.0,0.0,0.0
62420,0.0,0.0,0.0
62421,0.0,0.0,0.0
62422,0.0,0.0,0.0
62423,0.0,0.0,0.0
62424,0.0,0.0,0.0
62425,0.0,0.0,0.0
62426,0.0,0.0,0.0
62427,0.0,0.0,0.0
62428,0.0,0.0,0.0
62429,0.0,0.0,0.0
62430,0.0,0.0,0.0
62431,0.0,0.0,0.0
62432,0.0,0.0,0.0
62433,0.0,0.0,0.0
62434,0.0,0.0,0.0
62435,0.0,0.0,0.0
62436,0.0,0.0,0.0
62437,0.0,0.0,0.0
62438,0.0,0.0,0.0
62439,0.0,0.0,0.0
62440,0.0,0.0,0.0
62441,0.0,0.0,0.0
62442,0.0,0.0,0.0
62443,0.0,0.0,0.0
62444,0.0,0.0,0.0
62445,0.0,0.0,0.0
62446,0.0,0.0,0.0
62447,0.0,0.0,0.0
62448,0.0,0.0,0.0
62449,0.0,0.0,0.0
62450,0.0,0.0,0.0
62451,0.0,0.0,0.0
62452,0.0,0.0,0.0
62453,0.0,0.0,0.0
62454,0.0,0.0,0.0
62455,0.0,0.0,0.0
62456,0.0,0.0,0.0
62457,0.0,0.0,0.0
62458,0.0,0.0,0.0
62459,0.0,0.0,0.0
62460,0.0,0.0,0.0
62461,0.0,0.0,0.0
62462,0.0,0.0,0.0
62463,0.0,0.0,0.0
62464,0.0,0.0,0.0
62465,0.0,0.0,0.0
62466,0.0,0.0,0.0
62467,0.0,0.0,0.0
62468,0.0,0.0,0.0
62469,0.0,0.0,0.0
62470,0.0,0.0,0.0
62471,0.0,0.0,0.0
62472,0.0,0.0,0.0
62473,0.0,0.0,0.0
62474,0.0,0.0,0.0
62475,0.0,0.0,0.0
62476,0.0,0.0,0.0
62477,0.0,0.0,0.0
62478,0.0,0.0,0.0
62479,0.0,0.0,0.0
62480,0.0,0.0,0.0
62481,0.0,0.0,0.0
62482,0.0,0.0,0.0
62483,0.0,0.0,0.0
62484,0.0,0.0,0.0
62485,0.0,0.0,0.0
62486,0.0,0.0,0.0
62487,0.0,0.0,0.0
62488,0.0,0.0,0.0
62489,0.0,0.0,0.0
62490,0.0,0.0,0.0
62491,0.0,0.0,0.0
62492,0.0,0.0,0.0
62493,0.0,0.0,0.0
62494,0.0,0.0,0.0
62495,0.0,0.0,0.0
62496,0.0,0.0,0.0
62497,0.0,0.0,0.0
62498,0.0,0.0,0.0
62499,0.0,0.0,0.0
62500,0.0,0.0,0.0
62501,0.0,0.0,0.0
62502,0.0,0.0,0.0
62503,0.0,0.0,0.0
62504,0.0,0.0,0.0
62505,0.0,0.0,0.0
62506,0.0,0.0,0.0
62507,0.0,0.0,0.0
62508,0.0,0.0,0.0
62509,0.0,0.0,0.0
62510,0.0,0.0,0.0
62511,0.0,0.0,0.0
62512,0.0,0.0,0.0
62513,0.0,0.0,0.0
62514,0.0,0.0,0.0
62515,0.0,0.0,0.0
62516,0.0,0.0,0.0
62517,0.0,0.0,0.0
62518,0.0,0.0,0.0
62519,0.0,0.0,0.0
62520,0.0,0.0,0.0
62521,0.0,0.0,0.0
62522,0.0,0.0,0.0
62523,0.0,0.0,0.0
62524,0.0,0.0,0.0
62525,0.0,0.0,0.0
62526,0.0,0.0,0.0
62527,0.0,0.0,0.0
62528,0.0,0.0,0.0
62529,0.0,0.0,0.0
62530,0.0,0.0,0.0
62531,0.0,0.0,0.0
62532,0.0,0.0,0.0
62533,0.0,0.0,0.0
62534,0.0,0.0,0.0
62535,0.0,0.0,0.0
62536,0.0,0.0,0.0
62537,0.0,0.0,0.0
62538,0.0,0.0,0.0
62539,0.0,0.0,0.0
62540,0.0,0.0,0.0
62541,0.0,0.0,0.0
62542,0.0,0.0,0.0
62543,0.0,0.0,0.0
62544,0.0,0.0,0.0
62545,0.0,0.0,0.0
62546,0.0,0.0,0.0
62547,0.0,0.0,0.0
62548,0.0,0.0,0.0
62549,0.0,0.0,0.0
62550,0.0,0.0,0.0
62551,0.0,0.0,0.0
62552,0.0,0.0,0.0
62553,0.0,0.0,0.0
62554,0.0,0.0,0.0
62555,0.0,0.0,0.0
62556,0.0,0.0,0.0
62557,0.0,0.0,0.0
62558,0.0,0.0,0.0
62559,0.0,0.0,0.0
62560,0.0,0.0,0.0
62561,0.0,0.0,0.0
62562,0.0,0.0,0.0
62563,0.0,0.0,0.0
62564,0.0,0.0,0.0
62565,0.0,0.0,0.0
62566,0.0,0.0,0.0
62567,0.0,0.0,0.0
62568,0.0,0.0,0.0
62569,0.0,0.0,0.0
62570,0.0,0.0,0.0
62571,0.0,0.0,0.0
62572,0.0,0.0,0.0
62573,0.0,0.0,0.0
62574,0.0,0.0,0.0
62575,0.0,0.0,0.0
62576,0.0,0.0,0.0
62577,0.0,0.0,0.0
62578,0.0,0.0,0.0
62579,0.0,0.0,0.0
62580,0.0,0.0,0.0
62581,0.0,0.0,0.0
62582,0.0,0.0,0.0
62583,0.0,0.0,0.0
62584,0.0,0.0,0.0
62585,0.0,0.0,0.0
62586,0.0,0.0,0.0
62587,0.0,0.0,0.0
62588,0.0,0.0,0.0
62589,0.0,0.0,0.0
62590,0.0,0.0,0.0
62591,0.0,0.0,0.0
62592,0.0,0.0,0.0
62593,0.0,0.0,0.0
62594,0.0,0.0,0.0
62595,0.0,0.0,0.0
62596,0.0,0.0,0.0
62597,0.0,0.0,0.0
62598,0.0,0.0,0.0
62599,0.0,0.0,0.0
62600,0.0,0.0,0.0
62601,0.0,0.0,0.0
62602,0.0,0.0,0.0
62603,0.0,0.0,0.0
62604,0.0,0.0,0.0
62605,0.0,0.0,0.0
62606,0.0,0.0,0.0
62607,0.0,0.0,0.0
62608,0.0,0.0,0.0
62609,0.0,0.0,0.0
62610,0.0,0.0,0.0
62611,0.0,0.0,0.0
62612,0.0,0.0,0.0
62613,0.0,0.0,0.0
62614,0.0,0.0,0.0
62615,0.0,0.0,0.0
62616,0.0,0.0,0.0
62617,0.0,0.0,0.0
62618,0.0,0.0,0.0
62619,0.0,0.0,0.0
62620,0.0,0.0,0.0
62621,0.0,0.0,0.0
62622,0.0,0.0,0.0
62623,0.0,0.0,0.0
62624,0.0,0.0,0.0
62625,0.0,0.0,0.0
62626,0.0,0.0,0.0
62627,0.0,0.0,0.0
62628,0.0,0.0,0.0
62629,0.0,0.0,0.0
62630,0.0,0.0,0.0
62631,0.0,0.0,0.0
62632,0.0,0.0,0.0
62633,0.0,0.0,0.0
62634,0.0,0.0,0.0
62635,0.0,0.0,0.0
62636,0.0,0.0,0.0
62637,0.0,0.0,0.0
62638,0.0,0.0,0.0
62639,0.0,0.0,0.0
62640,0.0,0.0,0.0
62641,0.0,0.0,0.0
62642,0.0,0.0,0.0
62643,0.0,0.0,0.0
62644,0.0,0.0,0.0
62645,0.0,0.0,0.0
62646,0.0,0.0,0.0
62647,0.0,0.0,0.0
62648,0.0,0.0,0.0
62649,0.0,0.0,0.0
62650,0.0,0.0,0.0
62651,0.0,0.0,0.0
62652,0.0,0.0,0.0
62653,0.0,0.0,0.0
62654,0.0,0.0,0.0
62655,0.0,0.0,0.0
62656,0.0,0.0,0.0
62657,0.0,0.0,0.0
62658,0.0,0.0,0.0
62659,0.0,0.0,0.0
62660,0.0,0.0,0.0
62661,0.0,0.0,0.0
62662,0.0,0.0,0.0
62663,0.0,0.0,0.0
62664,0.0,0.0,0.0
62665,0.0,0.0,0.0
62666,0.0,0.0,0.0
62667,0.0,0.0,0.0
62668,0.0,0.0,0.0
62669,0.0,0.0,0.0
62670,0.0,0.0,0.0
62671,0.0,0.0,0.0
62672,0.0,0.0,0.0
62673,0.0,0.0,0.0
62674,0.0,0.0,0.0
62675,0.0,0.0,0.0
62676,0.0,0.0,0.0
62677,0.0,0.0,0.0
62678,0.0,0.0,0.0
62679,0.0,0.0,0.0
62680,0.0,0.0,0.0
62681,0.0,0.0,0.0
62682,0.0,0.0,0.0
62683,0.0,0.0,0.0
62684,0.0,0.0,0.0
62685,0.0,0.0,0.0
62686,0.0,0.0,0.0
62687,0.0,0.0,0.0
62688,0.0,0.0,0.0
62689,0.0,0.0,0.0
62690,0.0,0.0,0.0
62691,0.0,0.0,0.0
62692,0.0,0.0,0.0
62693,0.0,0.0,0.0
62694,0.0,0.0,0.0
62695,0.0,0.0,0.0
62696,0.0,0.0,0.0
62697,0.0,0.0,0.0
62698,0.0,0.0,0.0
62699,0.0,0.0,0.0
62700,0.0,0.0,0.0
62701,0.0,0.0,0.0
62702,0.0,0.0,0.0
62703,0.0,0.0,0.0
62704,0.0,0.0,0.0
62705,0.0,0.0,0.0
62706,0.0,0.0,0.0
62707,0.0,0.0,0.0
62708,0.0,0.0,0.0
62709,0.0,0.0,0.0
62710,0.0,0.0,0.0
62711,0.0,0.0,0.0
62712,0.0,0.0,0.0
62713,0.0,0.0,0.0
62714,0.0,0.0,0.0
62715,0.0,0.0,0.0
62716,0.0,0.0,0.0
62717,0.0,0.0,0.0
62718,0.0,0.0,0.0
62719,0.0,0.0,0.0
62720,0.0,0.0,0.0
62721,0.0,0.0,0.0
62722,0.0,0.0,0.0
62723,0.0,0.0,0.0
62724,0.0,0.0,0.0
62725,0.0,0.0,0.0
62726,0.0,0.0,0.0
62727,0.0,0.0,0.0
62728,0.0,0.0,0.0
62729,0.0,0.0,0.0
62730,0.0,0.0,0.0
62731,0.0,0.0,0.0
62732,0.0,0.0,0.0
62733,0.0,0.0,0.0
62734,0.0,0.0,0.0
62735,0.0,0.0,0.0
62736,0.0,0.0,0.0
62737,0.0,0.0,0.0
62738,0.0,0.0,0.0
62739,0.0,0.0,0.0
62740,0.0,0.0,0.0
62741,0.0,0.0,0.0
62742,0.0,0.0,0.0
62743,0.0,0.0,0.0
62744,0.0,0.0,0.0
62745,0.0,0.0,0.0
62746,0.0,0.0,0.0
62747,0.0,0.0,0.0
62748,0.0,0.0,0.0
62749,0.0,0.0,0.0
62750,0.0,0.0,0.0
62751,0.0,0.0,0.0
62752,0.0,0.0,0.0
62753,0.0,0.0,0.0
62754,0.0,0.0,0.0
62755,0.0,0.0,0.0
62756,0.0,0.0,0.0
62757,0.0,0.0,0.0
62758,0.0,0.0,0.0
62759,0.0,0.0,0.0
62760,0.0,0.0,0.0
62761,0.0,0.0,0.0
62762,0.0,0.0,0.0
62763,0.0,0.0,0.0
62764,0.0,0.0,0.0
62765,0.0,0.0,0.0
62766,0.0,0.0,0.0
62767,0.0,0.0,0.0
62768,0.0,0.0,0.0
62769,0.0,0.0,0.0
62770,0.0,0.0,0.0
62771,0.0,0.0,0.0
62772,0.0,0.0,0.0
62773,0.0,0.0,0.0
62774,0.0,0.0,0.0
62775,0.0,0.0,0.0
62776,0.0,0.0,0.0
62777,0.0,0.0,0.0
62778,0.0,0.0,0.0
62779,0.0,0.0,0.0
62780,0.0,0.0,0.0
62781,0.0,0.0,0.0
62782,0.0,0.0,0.0
62783,0.0,0.0,0.0
62784,0.0,0.0,0.0
62785,0.0,0.0,0.0
62786,0.0,0.0,0.0
62787,0.0,0.0,0.0
62788,0.0,0.0,0.0
62789,0.0,0.0,0.0
62790,0.0,0.0,0.0
62791,0.0,0.0,0.0
62792,0.0,0.0,0.0
62793,0.0,0.0,0.0
62794,0.0,0.0,0.0
62795,0.0,0.0,0.0
62796,0.0,0.0,0.0
62797,0.0,0.0,0.0
62798,0.0,0.0,0.0
62799,0.0,0.0,0.0
62800,0.0,0.0,0.0
62801,0.0,0.0,0.0
62802,0.0,0.0,0.0
62803,0.0,0.0,0.0
62804,0.0,0.0,0.0
62805,0.0,0.0,0.0
62806,0.0,0.0,0.0
62807,0.0,0.0,0.0
62808,0.0,0.0,0.0
62809,0.0,0.0,0.0
62810,0.0,0.0,0.0
62811,0.0,0.0,0.0
62812,0.0,0.0,0.0
62813,0.0,0.0,0.0
62814,0.0,0.0,0.0
62815,0.0,0.0,0.0
62816,0.0,0.0,0.0
62817,0.0,0.0,0.0
62818,0.0,0.0,0.0
62819,0.0,0.0,0.0
62820,0.0,0.0,0.0
62821,0.0,0.0,0.0
62822,0.0,0.0,0.0
62823,0.0,0.0,0.0
62824,0.0,0.0,0.0
62825,0.0,0.0,0.0
62826,0.0,0.0,0.0
62827,0.0,0.0,0.0
62828,0.0,0.0,0.0
62829,0.0,0.0,0.0
62830,0.0,0.0,0.0
62831,0.0,0.0,0.0
62832,0.0,0.0,0.0
62833,0.0,0.0,0.0
62834,0.0,0.0,0.0
62835,0.0,0.0,0.0
62836,0.0,0.0,0.0
62837,0.0,0.0,0.0
62838,0.0,0.0,0.0
62839,0.0,0.0,0.0
62840,0.0,0.0,0.0
62841,0.0,0.0,0.0
62842,0.0,0.0,0.0
62843,0.0,0.0,0.0
62844,0.0,0.0,0.0
62845,0.0,0.0,0.0
62846,0.0,0.0,0.0
62847,0.0,0.0,0.0
62848,0.0,0.0,0.0
62849,0.0,0.0,0.0
62850,0.0,0.0,0.0
62851,0.0,0.0,0.0
62852,0.0,0.0,0.0
62853,0.0,0.0,0.0
62854,0.0,0.0,0.0
62855,0.0,0.0,0.0
62856,0.0,0.0,0.0
62857,0.0,0.0,0.0
62858,0.0,0.0,0.0
62859,0.0,0.0,0.0
62860,0.0,0.0,0.0
62861,0.0,0.0,0.0
62862,0.0,0.0,0.0
62863,0.0,0.0,0.0
62864,0.0,0.0,0.0
62865,0.0,0.0,0.0
62866,0.0,0.0,0.0
62867,0.0,0.0,0.0
62868,0.0,0.0,0.0
62869,0.0,0.0,0.0
62870,0.0,0.0,0.0
62871,0.0,0.0,0.0
62872,0.0,0.0,0.0
62873,0.0,0.0,0.0
62874,0.0,0.0,0.0
62875,0.0,0.0,0.0
62876,0.0,0.0,0.0
62877,0.0,0.0,0.0
62878,0.0,0.0,0.0
62879,0.0,0.0,0.0
62880,0.0,0.0,0.0
62881,0.0,0.0,0.0
62882,0.0,0.0,0.0
62883,0.0,0.0,0.0
62884,0.0,0.0,0.0
62885,0.0,0.0,0.0
62886,0.0,0.0,0.0
62887,0.0,0.0,0.0
62888,0.0,0.0,0.0
62889,0.0,0.0,0.0
62890,0.0,0.0,0.0
62891,0.0,0.0,0.0
62892,0.0,0.0,0.0
62893,0.0,0.0,0.0
62894,0.0,0.0,0.0
62895,0.0,0.0,0.0
62896,0.0,0.0,0.0
62897,0.0,0.0,0.0
62898,0.0,0.0,0.0
62899,0.0,0.0,0.0
62900,0.0,0.0,0.0
62901,0.0,0.0,0.0
62902,0.0,0.0,0.0
62903,0.0,0.0,0.0
62904,0.0,0.0,0.0
62905,0.0,0.0,0.0
62906,0.0,0.0,0.0
62907,0.0,0.0,0.0
62908,0.0,0.0,0.0
62909,0.0,0.0,0.0
62910,0.0,0.0,0.0
62911,0.0,0.0,0.0
62912,0.0,0.0,0.0
62913,0.0,0.0,0.0
62914,0.0,0.0,0.0
62915,0.0,0.0,0.0
62916,0.0,0.0,0.0
62917,0.0,0.0,0.0
62918,0.0,0.0,0.0
62919,0.0,0.0,0.0
62920,0.0,0.0,0.0
62921,0.0,0.0,0.0
62922,0.0,0.0,0.0
62923,0.0,0.0,0.0
62924,0.0,0.0,0.0
62925,0.0,0.0,0.0
62926,0.0,0.0,0.0
62927,0.0,0.0,0.0
62928,0.0,0.0,0.0
62929,0.0,0.0,0.0
62930,0.0,0.0,0.0
62931,0.0,0.0,0.0
62932,0.0,0.0,0.0
62933,0.0,0.0,0.0
62934,0.0,0.0,0.0
62935,0.0,0.0,0.0
62936,0.0,0.0,0.0
62937,0.0,0.0,0.0
62938,0.0,0.0,0.0
62939,0.0,0.0,0.0
62940,0.0,0.0,0.0
62941,0.0,0.0,0.0
62942,0.0,0.0,0.0
62943,0.0,0.0,0.0
62944,0.0,0.0,0.0
62945,0.0,0.0,0.0
62946,0.0,0.0,0.0
62947,0.0,0.0,0.0
62948,0.0,0.0,0.0
62949,0.0,0.0,0.0
62950,0.0,0.0,0.0
62951,0.0,0.0,0.0
62952,0.0,0.0,0.0
62953,0.0,0.0,0.0
62954,0.0,0.0,0.0
62955,0.0,0.0,0.0
62956,0.0,0.0,0.0
62957,0.0,0.0,0.0
62958,0.0,0.0,0.0
62959,0.0,0.0,0.0
62960,0.0,0.0,0.0
62961,0.0,0.0,0.0
62962,0.0,0.0,0.0
62963,0.0,0.0,0.0
62964,0.0,0.0,0.0
62965,0.0,0.0,0.0
62966,0.0,0.0,0.0
62967,0.0,0.0,0.0
62968,0.0,0.0,0.0
62969,0.0,0.0,0.0
62970,0.0,0.0,0.0
62971,0.0,0.0,0.0
62972,0.0,0.0,0.0
62973,0.0,0.0,0.0
62974,0.0,0.0,0.0
62975,0.0,0.0,0.0
62976,0.0,0.0,0.0
62977,0.0,0.0,0.0
62978,0.0,0.0,0.0
62979,0.0,0.0,0.0
62980,0.0,0.0,0.0
62981,0.0,0.0,0.0
62982,0.0,0.0,0.0
62983,0.0,0.0,0.0
62984,0.0,0.0,0.0
62985,0.0,0.0,0.0
62986,0.0,0.0,0.0
62987,0.0,0.0,0.0
62988,0.0,0.0,0.0
62989,0.0,0.0,0.0
62990,0.0,0.0,0.0
62991,0.0,0.0,0.0
62992,0.0,0.0,0.0
62993,0.0,0.0,0.0
62994,0.0,0.0,0.0
62995,0.0,0.0,0.0
62996,0.0,0.0,0.0
62997,0.0,0.0,0.0
62998,0.0,0.0,0.0
62999,0.0,0.0,0.0
63000,0.0,0.0,0.0
63001,0.0,0.0,0.0
63002,0.0,0.0,0.0
63003,0.0,0.0,0.0
63004,0.0,0.0,0.0
63005,0.0,0.0,0.0
63006,0.0,0.0,0.0
63007,0.0,0.0,0.0
63008,0.0,0.0,0.0
63009,0.0,0.0,0.0
63010,0.0,0.0,0.0
63011,0.0,0.0,0.0
63012,0.0,0.0,0.0
63013,0.0,0.0,0.0
63014,0.0,0.0,0.0
63015,0.0,0.0,0.0
63016,0.0,0.0,0.0
63017,0.0,0.0,0.0
63018,0.0,0.0,0.0
63019,0.0,0.0,0.0
63020,0.0,0.0,0.0
63021,0.0,0.0,0.0
63022,0.0,0.0,0.0
63023,0.0,0.0,0.0
63024,0.0,0.0,0.0
63025,0.0,0.0,0.0
63026,0.0,0.0,0.0
63027,0.0,0.0,0.0
63028,0.0,0.0,0.0
63029,0.0,0.0,0.0
63030,0.0,0.0,0.0
63031,0.0,0.0,0.0
63032,0.0,0.0,0.0
63033,0.0,0.0,0.0
63034,0.0,0.0,0.0
63035,0.0,0.0,0.0
63036,0.0,0.0,0.0
63037,0.0,0.0,0.0
63038,0.0,0.0,0.0
63039,0.0,0.0,0.0
63040,0.0,0.0,0.0
63041,0.0,0.0,0.0
63042,0.0,0.0,0.0
63043,0.0,0.0,0.0
63044,0.0,0.0,0.0
63045,0.0,0.0,0.0
63046,0.0,0.0,0.0
63047,0.0,0.0,0.0
63048,0.0,0.0,0.0
63049,0.0,0.0,0.0
63050,0.0,0.0,0.0
63051,0.0,0.0,0.0
63052,0.0,0.0,0.0
63053,0.0,0.0,0.0
63054,0.0,0.0,0.0
63055,0.0,0.0,0.0
63056,0.0,0.0,0.0
63057,0.0,0.0,0.0
63058,0.0,0.0,0.0
63059,0.0,0.0,0.0
63060,0.0,0.0,0.0
63061,0.0,0.0,0.0
63062,0.0,0.0,0.0
63063,0.0,0.0,0.0
63064,0.0,0.0,0.0
63065,0.0,0.0,0.0
63066,0.0,0.0,0.0
63067,0.0,0.0,0.0
63068,0.0,0.0,0.0
63069,0.0,0.0,0.0
63070,0.0,0.0,0.0
63071,0.0,0.0,0.0
63072,0.0,0.0,0.0
63073,0.0,0.0,0.0
63074,0.0,0.0,0.0
63075,0.0,0.0,0.0
63076,0.0,0.0,0.0
63077,0.0,0.0,0.0
63078,0.0,0.0,0.0
63079,0.0,0.0,0.0
63080,0.0,0.0,0.0
63081,0.0,0.0,0.0
63082,0.0,0.0,0.0
63083,0.0,0.0,0.0
63084,0.0,0.0,0.0
63085,0.0,0.0,0.0
63086,0.0,0.0,0.0
63087,0.0,0.0,0.0
63088,0.0,0.0,0.0
63089,0.0,0.0,0.0
63090,0.0,0.0,0.0
63091,0.0,0.0,0.0
63092,0.0,0.0,0.0
63093,0.0,0.0,0.0
63094,0.0,0.0,0.0
63095,0.0,0.0,0.0
63096,0.0,0.0,0.0
63097,0.0,0.0,0.0
63098,0.0,0.0,0.0
63099,0.0,0.0,0.0
63100,0.0,0.0,0.0
63101,0.0,0.0,0.0
63102,0.0,0.0,0.0
63103,0.0,0.0,0.0
63104,0.0,0.0,0.0
63105,0.0,0.0,0.0
63106,0.0,0.0,0.0
63107,0.0,0.0,0.0
63108,0.0,0.0,0.0
63109,0.0,0.0,0.0
63110,0.0,0.0,0.0
63111,0.0,0.0,0.0
63112,0.0,0.0,0.0
63113,0.0,0.0,0.0
63114,0.0,0.0,0.0
63115,0.0,0.0,0.0
63116,0.0,0.0,0.0
63117,0.0,0.0,0.0
63118,0.0,0.0,0.0
63119,0.0,0.0,0.0
63120,0.0,0.0,0.0
63121,0.0,0.0,0.0
63122,0.0,0.0,0.0
63123,0.0,0.0,0.0
63124,0.0,0.0,0.0
63125,0.0,0.0,0.0
63126,0.0,0.0,0.0
63127,0.0,0.0,0.0
63128,0.0,0.0,0.0
63129,0.0,0.0,0.0
63130,0.0,0.0,0.0
63131,0.0,0.0,0.0
63132,0.0,0.0,0.0
63133,0.0,0.0,0.0
63134,0.0,0.0,0.0
63135,0.0,0.0,0.0
63136,0.0,0.0,0.0
63137,0.0,0.0,0.0
63138,0.0,0.0,0.0
63139,0.0,0.0,0.0
63140,0.0,0.0,0.0
63141,0.0,0.0,0.0
63142,0.0,0.0,0.0
63143,0.0,0.0,0.0
63144,0.0,0.0,0.0
63145,0.0,0.0,0.0
63146,0.0,0.0,0.0
63147,0.0,0.0,0.0
63148,0.0,0.0,0.0
63149,0.0,0.0,0.0
63150,0.0,0.0,0.0
63151,0.0,0.0,0.0
63152,0.0,0.0,0.0
63153,0.0,0.0,0.0
63154,0.0,0.0,0.0
63155,0.0,0.0,0.0
63156,0.0,0.0,0.0
63157,0.0,0.0,0.0
63158,0.0,0.0,0.0
63159,0.0,0.0,0.0
63160,0.0,0.0,0.0
63161,0.0,0.0,0.0
63162,0.0,0.0,0.0
63163,0.0,0.0,0.0
63164,0.0,0.0,0.0
63165,0.0,0.0,0.0
63166,0.0,0.0,0.0
63167,0.0,0.0,0.0
63168,0.0,0.0,0.0
63169,0.0,0.0,0.0
63170,0.0,0.0,0.0
63171,0.0,0.0,0.0
63172,0.0,0.0,0.0
63173,0.0,0.0,0.0
63174,0.0,0.0,0.0
63175,0.0,0.0,0.0
63176,0.0,0.0,0.0
63177,0.0,0.0,0.0
63178,0.0,0.0,0.0
63179,0.0,0.0,0.0
63180,0.0,0.0,0.0
63181,0.0,0.0,0.0
63182,0.0,0.0,0.0
63183,0.0,0.0,0.0
63184,0.0,0.0,0.0
63185,0.0,0.0,0.0
63186,0.0,0.0,0.0
63187,0.0,0.0,0.0
63188,0.0,0.0,0.0
63189,0.0,0.0,0.0
63190,0.0,0.0,0.0
63191,0.0,0.0,0.0
63192,0.0,0.0,0.0
63193,0.0,0.0,0.0
63194,0.0,0.0,0.0
63195,0.0,0.0,0.0
63196,0.0,0.0,0.0
63197,0.0,0.0,0.0
63198,0.0,0.0,0.0
63199,0.0,0.0,0.0
63200,0.0,0.0,0.0
63201,0.0,0.0,0.0
63202,0.0,0.0,0.0
63203,0.0,0.0,0.0
63204,0.0,0.0,0.0
63205,0.0,0.0,0.0
63206,0.0,0.0,0.0
63207,0.0,0.0,0.0
63208,0.0,0.0,0.0
63209,0.0,0.0,0.0
63210,0.0,0.0,0.0
63211,0.0,0.0,0.0
63212,0.0,0.0,0.0
63213,0.0,0.0,0.0
63214,0.0,0.0,0.0
63215,0.0,0.0,0.0
63216,0.0,0.0,0.0
63217,0.0,0.0,0.0
63218,0.0,0.0,0.0
63219,0.0,0.0,0.0
63220,0.0,0.0,0.0
63221,0.0,0.0,0.0
63222,0.0,0.0,0.0
63223,0.0,0.0,0.0
63224,0.0,0.0,0.0
63225,0.0,0.0,0.0
63226,0.0,0.0,0.0
63227,0.0,0.0,0.0
63228,0.0,0.0,0.0
63229,0.0,0.0,0.0
63230,0.0,0.0,0.0
63231,0.0,0.0,0.0
63232,0.0,0.0,0.0
63233,0.0,0.0,0.0
63234,0.0,0.0,0.0
63235,0.0,0.0,0.0
63236,0.0,0.0,0.0
63237,0.0,0.0,0.0
63238,0.0,0.0,0.0
63239,0.0,0.0,0.0
63240,0.0,0.0,0.0
63241,0.0,0.0,0.0
63242,0.0,0.0,0.0
63243,0.0,0.0,0.0
63244,0.0,0.0,0.0
63245,0.0,0.0,0.0
63246,0.0,0.0,0.0
63247,0.0,0.0,0.0
63248,0.0,0.0,0.0
63249,0.0,0.0,0.0
63250,0.0,0.0,0.0
63251,0.0,0.0,0.0
63252,0.0,0.0,0.0
63253,0.0,0.0,0.0
63254,0.0,0.0,0.0
63255,0.0,0.0,0.0
63256,0.0,0.0,0.0
63257,0.0,0.0,0.0
63258,0.0,0.0,0.0
63259,0.0,0.0,0.0
63260,0.0,0.0,0.0
63261,0.0,0.0,0.0
63262,0.0,0.0,0.0
63263,0.0,0.0,0.0
63264,0.0,0.0,0.0
63265,0.0,0.0,0.0
63266,0.0,0.0,0.0
63267,0.0,0.0,0.0
63268,0.0,0.0,0.0
63269,0.0,0.0,0.0
63270,0.0,0.0,0.0
63271,0.0,0.0,0.0
63272,0.0,0.0,0.0
63273,0.0,0.0,0.0
63274,0.0,0.0,0.0
63275,0.0,0.0,0.0
63276,0.0,0.0,0.0
63277,0.0,0.0,0.0
63278,0.0,0.0,0.0
63279,0.0,0.0,0.0
63280,0.0,0.0,0.0
63281,0.0,0.0,0.0
63282,0.0,0.0,0.0
63283,0.0,0.0,0.0
63284,0.0,0.0,0.0
63285,0.0,0.0,0.0
63286,0.0,0.0,0.0
63287,0.0,0.0,0.0
63288,0.0,0.0,0.0
63289,0.0,0.0,0.0
63290,0.0,0.0,0.0
63291,0.0,0.0,0.0
63292,0.0,0.0,0.0
63293,0.0,0.0,0.0
63294,0.0,0.0,0.0
63295,0.0,0.0,0.0
63296,0.0,0.0,0.0
63297,0.0,0.0,0.0
63298,0.0,0.0,0.0
63299,0.0,0.0,0.0
63300,0.0,0.0,0.0
63301,0.0,0.0,0.0
63302,0.0,0.0,0.0
63303,0.0,0.0,0.0
63304,0.0,0.0,0.0
63305,0.0,0.0,0.0
63306,0.0,0.0,0.0
63307,0.0,0.0,0.0
63308,0.0,0.0,0.0
63309,0.0,0.0,0.0
63310,0.0,0.0,0.0
63311,0.0,0.0,0.0
63312,0.0,0.0,0.0
63313,0.0,0.0,0.0
63314,0.0,0.0,0.0
63315,0.0,0.0,0.0
63316,0.0,0.0,0.0
63317,0.0,0.0,0.0
63318,0.0,0.0,0.0
63319,0.0,0.0,0.0
63320,0.0,0.0,0.0
63321,0.0,0.0,0.0
63322,0.0,0.0,0.0
63323,0.0,0.0,0.0
63324,0.0,0.0,0.0
63325,0.0,0.0,0.0
63326,0.0,0.0,0.0
63327,0.0,0.0,0.0
63328,0.0,0.0,0.0
63329,0.0,0.0,0.0
63330,0.0,0.0,0.0
63331,0.0,0.0,0.0
63332,0.0,0.0,0.0
63333,0.0,0.0,0.0
63334,0.0,0.0,0.0
63335,0.0,0.0,0.0
63336,0.0,0.0,0.0
63337,0.0,0.0,0.0
63338,0.0,0.0,0.0
63339,0.0,0.0,0.0
63340,0.0,0.0,0.0
63341,0.0,0.0,0.0
63342,0.0,0.0,0.0
63343,0.0,0.0,0.0
63344,0.0,0.0,0.0
63345,0.0,0.0,0.0
63346,0.0,0.0,0.0
63347,0.0,0.0,0.0
63348,0.0,0.0,0.0
63349,0.0,0.0,0.0
63350,0.0,0.0,0.0
63351,0.0,0.0,0.0
63352,0.0,0.0,0.0
63353,0.0,0.0,0.0
63354,0.0,0.0,0.0
63355,0.0,0.0,0.0
63356,0.0,0.0,0.0
63357,0.0,0.0,0.0
63358,0.0,0.0,0.0
63359,0.0,0.0,0.0
63360,0.0,0.0,0.0
63361,0.0,0.0,0.0
63362,0.0,0.0,0.0
63363,0.0,0.0,0.0
63364,0.0,0.0,0.0
63365,0.0,0.0,0.0
63366,0.0,0.0,0.0
63367,0.0,0.0,0.0
63368,0.0,0.0,0.0
63369,0.0,0.0,0.0
63370,0.0,0.0,0.0
63371,0.0,0.0,0.0
63372,0.0,0.0,0.0
63373,0.0,0.0,0.0
63374,0.0,0.0,0.0
63375,0.0,0.0,0.0
63376,0.0,0.0,0.0
63377,0.0,0.0,0.0
63378,0.0,0.0,0.0
63379,0.0,0.0,0.0
63380,0.0,0.0,0.0
63381,0.0,0.0,0.0
63382,0.0,0.0,0.0
63383,0.0,0.0,0.0
63384,0.0,0.0,0.0
63385,0.0,0.0,0.0
63386,0.0,0.0,0.0
63387,0.0,0.0,0.0
63388,0.0,0.0,0.0
63389,0.0,0.0,0.0
63390,0.0,0.0,0.0
63391,0.0,0.0,0.0
63392,0.0,0.0,0.0
63393,0.0,0.0,0.0
63394,0.0,0.0,0.0
63395,0.0,0.0,0.0
63396,0.0,0.0,0.0
63397,0.0,0.0,0.0
63398,0.0,0.0,0.0
63399,0.0,0.0,0.0
63400,0.0,0.0,0.0
63401,0.0,0.0,0.0
63402,0.0,0.0,0.0
63403,0.0,0.0,0.0
63404,0.0,0.0,0.0
63405,0.0,0.0,0.0
63406,0.0,0.0,0.0
63407,0.0,0.0,0.0
63408,0.0,0.0,0.0
63409,0.0,0.0,0.0
63410,0.0,0.0,0.0
63411,0.0,0.0,0.0
63412,0.0,0.0,0.0
63413,0.0,0.0,0.0
63414,0.0,0.0,0.0
63415,0.0,0.0,0.0
63416,0.0,0.0,0.0
63417,0.0,0.0,0.0
63418,0.0,0.0,0.0
63419,0.0,0.0,0.0
63420,0.0,0.0,0.0
63421,0.0,0.0,0.0
63422,0.0,0.0,0.0
63423,0.0,0.0,0.0
63424,0.0,0.0,0.0
63425,0.0,0.0,0.0
63426,0.0,0.0,0.0
63427,0.0,0.0,0.0
63428,0.0,0.0,0.0
63429,0.0,0.0,0.0
63430,0.0,0.0,0.0
63431,0.0,0.0,0.0
63432,0.0,0.0,0.0
63433,0.0,0.0,0.0
63434,0.0,0.0,0.0
63435,0.0,0.0,0.0
63436,0.0,0.0,0.0
63437,0.0,0.0,0.0
63438,0.0,0.0,0.0
63439,0.0,0.0,0.0
63440,0.0,0.0,0.0
63441,0.0,0.0,0.0
63442,0.0,0.0,0.0
63443,0.0,0.0,0.0
63444,0.0,0.0,0.0
63445,0.0,0.0,0.0
63446,0.0,0.0,0.0
63447,0.0,0.0,0.0
63448,0.0,0.0,0.0
63449,0.0,0.0,0.0
63450,0.0,0.0,0.0
63451,0.0,0.0,0.0
63452,0.0,0.0,0.0
63453,0.0,0.0,0.0
63454,0.0,0.0,0.0
63455,0.0,0.0,0.0
63456,0.0,0.0,0.0
63457,0.0,0.0,0.0
63458,0.0,0.0,0.0
63459,0.0,0.0,0.0
63460,0.0,0.0,0.0
63461,0.0,0.0,0.0
63462,0.0,0.0,0.0
63463,0.0,0.0,0.0
63464,0.0,0.0,0.0
63465,0.0,0.0,0.0
63466,0.0,0.0,0.0
63467,0.0,0.0,0.0
63468,0.0,0.0,0.0
63469,0.0,0.0,0.0
63470,0.0,0.0,0.0
63471,0.0,0.0,0.0
63472,0.0,0.0,0.0
63473,0.0,0.0,0.0
63474,0.0,0.0,0.0
63475,0.0,0.0,0.0
63476,0.0,0.0,0.0
63477,0.0,0.0,0.0
63478,0.0,0.0,0.0
63479,0.0,0.0,0.0
63480,0.0,0.0,0.0
63481,0.0,0.0,0.0
63482,0.0,0.0,0.0
63483,0.0,0.0,0.0
63484,0.0,0.0,0.0
63485,0.0,0.0,0.0
63486,0.0,0.0,0.0
63487,0.0,0.0,0.0
63488,0.0,0.0,0.0
63489,0.0,0.0,0.0
63490,0.0,0.0,0.0
63491,0.0,0.0,0.0
63492,0.0,0.0,0.0
63493,0.0,0.0,0.0
63494,0.0,0.0,0.0
63495,0.0,0.0,0.0
63496,0.0,0.0,0.0
63497,0.0,0.0,0.0
63498,0.0,0.0,0.0
63499,0.0,0.0,0.0
63500,0.0,0.0,0.0
63501,0.0,0.0,0.0
63502,0.0,0.0,0.0
63503,0.0,0.0,0.0
63504,0.0,0.0,0.0
63505,0.0,0.0,0.0
63506,0.0,0.0,0.0
63507,0.0,0.0,0.0
63508,0.0,0.0,0.0
63509,0.0,0.0,0.0
63510,0.0,0.0,0.0
63511,0.0,0.0,0.0
63512,0.0,0.0,0.0
63513,0.0,0.0,0.0
63514,0.0,0.0,0.0
63515,0.0,0.0,0.0
63516,0.0,0.0,0.0
63517,0.0,0.0,0.0
63518,0.0,0.0,0.0
63519,0.0,0.0,0.0
63520,0.0,0.0,0.0
63521,0.0,0.0,0.0
63522,0.0,0.0,0.0
63523,0.0,0.0,0.0
63524,0.0,0.0,0.0
63525,0.0,0.0,0.0
63526,0.0,0.0,0.0
63527,0.0,0.0,0.0
63528,0.0,0.0,0.0
63529,0.0,0.0,0.0
63530,0.0,0.0,0.0
63531,0.0,0.0,0.0
63532,0.0,0.0,0.0
63533,0.0,0.0,0.0
63534,0.0,0.0,0.0
63535,0.0,0.0,0.0
63536,0.0,0.0,0.0
63537,0.0,0.0,0.0
63538,0.0,0.0,0.0
63539,0.0,0.0,0.0
63540,0.0,0.0,0.0
63541,0.0,0.0,0.0
63542,0.0,0.0,0.0
63543,0.0,0.0,0.0
63544,0.0,0.0,0.0
63545,0.0,0.0,0.0
63546,0.0,0.0,0.0
63547,0.0,0.0,0.0
63548,0.0,0.0,0.0
63549,0.0,0.0,0.0
63550,0.0,0.0,0.0
63551,0.0,0.0,0.0
63552,0.0,0.0,0.0
63553,0.0,0.0,0.0
63554,0.0,0.0,0.0
63555,0.0,0.0,0.0
63556,0.0,0.0,0.0
63557,0.0,0.0,0.0
63558,0.0,0.0,0.0
63559,0.0,0.0,0.0
63560,0.0,0.0,0.0
63561,0.0,0.0,0.0
63562,0.0,0.0,0.0
63563,0.0,0.0,0.0
63564,0.0,0.0,0.0
63565,0.0,0.0,0.0
63566,0.0,0.0,0.0
63567,0.0,0.0,0.0
63568,0.0,0.0,0.0
63569,0.0,0.0,0.0
63570,0.0,0.0,0.0
63571,0.0,0.0,0.0
63572,0.0,0.0,0.0
63573,0.0,0.0,0.0
63574,0.0,0.0,0.0
63575,0.0,0.0,0.0
63576,0.0,0.0,0.0
63577,0.0,0.0,0.0
63578,0.0,0.0,0.0
63579,0.0,0.0,0.0
63580,0.0,0.0,0.0
63581,0.0,0.0,0.0
63582,0.0,0.0,0.0
63583,0.0,0.0,0.0
63584,0.0,0.0,0.0
63585,0.0,0.0,0.0
63586,0.0,0.0,0.0
63587,0.0,0.0,0.0
63588,0.0,0.0,0.0
63589,0.0,0.0,0.0
63590,0.0,0.0,0.0
63591,0.0,0.0,0.0
63592,0.0,0.0,0.0
63593,0.0,0.0,0.0
63594,0.0,0.0,0.0
63595,0.0,0.0,0.0
63596,0.0,0.0,0.0
63597,0.0,0.0,0.0
63598,0.0,0.0,0.0
63599,0.0,0.0,0.0
63600,0.0,0.0,0.0
63601,0.0,0.0,0.0
63602,0.0,0.0,0.0
63603,0.0,0.0,0.0
63604,0.0,0.0,0.0
63605,0.0,0.0,0.0
63606,0.0,0.0,0.0
63607,0.0,0.0,0.0
63608,0.0,0.0,0.0
63609,0.0,0.0,0.0
63610,0.0,0.0,0.0
63611,0.0,0.0,0.0
63612,0.0,0.0,0.0
63613,0.0,0.0,0.0
63614,0.0,0.0,0.0
63615,0.0,0.0,0.0
63616,0.0,0.0,0.0
63617,0.0,0.0,0.0
63618,0.0,0.0,0.0
63619,0.0,0.0,0.0
63620,0.0,0.0,0.0
63621,0.0,0.0,0.0
63622,0.0,0.0,0.0
63623,0.0,0.0,0.0
63624,0.0,0.0,0.0
63625,0.0,0.0,0.0
63626,0.0,0.0,0.0
63627,0.0,0.0,0.0
63628,0.0,0.0,0.0
63629,0.0,0.0,0.0
63630,0.0,0.0,0.0
63631,0.0,0.0,0.0
63632,0.0,0.0,0.0
63633,0.0,0.0,0.0
63634,0.0,0.0,0.0
63635,0.0,0.0,0.0
63636,0.0,0.0,0.0
63637,0.0,0.0,0.0
63638,0.0,0.0,0.0
63639,0.0,0.0,0.0
63640,0.0,0.0,0.0
63641,0.0,0.0,0.0
63642,0.0,0.0,0.0
63643,0.0,0.0,0.0
63644,0.0,0.0,0.0
63645,0.0,0.0,0.0
63646,0.0,0.0,0.0
63647,0.0,0.0,0.0
63648,0.0,0.0,0.0
63649,0.0,0.0,0.0
63650,0.0,0.0,0.0
63651,0.0,0.0,0.0
63652,0.0,0.0,0.0
63653,0.0,0.0,0.0
63654,0.0,0.0,0.0
63655,0.0,0.0,0.0
63656,0.0,0.0,0.0
63657,0.0,0.0,0.0
63658,0.0,0.0,0.0
63659,0.0,0.0,0.0
63660,0.0,0.0,0.0
63661,0.0,0.0,0.0
63662,0.0,0.0,0.0
63663,0.0,0.0,0.0
63664,0.0,0.0,0.0
63665,0.0,0.0,0.0
63666,0.0,0.0,0.0
63667,0.0,0.0,0.0
63668,0.0,0.0,0.0
63669,0.0,0.0,0.0
63670,0.0,0.0,0.0
63671,0.0,0.0,0.0
63672,0.0,0.0,0.0
63673,0.0,0.0,0.0
63674,0.0,0.0,0.0
63675,0.0,0.0,0.0
63676,0.0,0.0,0.0
63677,0.0,0.0,0.0
63678,0.0,0.0,0.0
63679,0.0,0.0,0.0
63680,0.0,0.0,0.0
63681,0.0,0.0,0.0
63682,0.0,0.0,0.0
63683,0.0,0.0,0.0
63684,0.0,0.0,0.0
63685,0.0,0.0,0.0
63686,0.0,0.0,0.0
63687,0.0,0.0,0.0
63688,0.0,0.0,0.0
63689,0.0,0.0,0.0
63690,0.0,0.0,0.0
63691,0.0,0.0,0.0
63692,0.0,0.0,0.0
63693,0.0,0.0,0.0
63694,0.0,0.0,0.0
63695,0.0,0.0,0.0
63696,0.0,0.0,0.0
63697,0.0,0.0,0.0
63698,0.0,0.0,0.0
63699,0.0,0.0,0.0
63700,0.0,0.0,0.0
63701,0.0,0.0,0.0
63702,0.0,0.0,0.0
63703,0.0,0.0,0.0
63704,0.0,0.0,0.0
63705,0.0,0.0,0.0
63706,0.0,0.0,0.0
63707,0.0,0.0,0.0
63708,0.0,0.0,0.0
63709,0.0,0.0,0.0
63710,0.0,0.0,0.0
63711,0.0,0.0,0.0
63712,0.0,0.0,0.0
63713,0.0,0.0,0.0
63714,0.0,0.0,0.0
63715,0.0,0.0,0.0
63716,0.0,0.0,0.0
63717,0.0,0.0,0.0
63718,0.0,0.0,0.0
63719,0.0,0.0,0.0
63720,0.0,0.0,0.0
63721,0.0,0.0,0.0
63722,0.0,0.0,0.0
63723,0.0,0.0,0.0
63724,0.0,0.0,0.0
63725,0.0,0.0,0.0
63726,0.0,0.0,0.0
63727,0.0,0.0,0.0
63728,0.0,0.0,0.0
63729,0.0,0.0,0.0
63730,0.0,0.0,0.0
63731,0.0,0.0,0.0
63732,0.0,0.0,0.0
63733,0.0,0.0,0.0
63734,0.0,0.0,0.0
63735,0.0,0.0,0.0
63736,0.0,0.0,0.0
63737,0.0,0.0,0.0
63738,0.0,0.0,0.0
63739,0.0,0.0,0.0
63740,0.0,0.0,0.0
63741,0.0,0.0,0.0
63742,0.0,0.0,0.0
63743,0.0,0.0,0.0
63744,0.0,0.0,0.0
63745,0.0,0.0,0.0
63746,0.0,0.0,0.0
63747,0.0,0.0,0.0
63748,0.0,0.0,0.0
63749,0.0,0.0,0.0
63750,0.0,0.0,0.0
63751,0.0,0.0,0.0
63752,0.0,0.0,0.0
63753,0.0,0.0,0.0
63754,0.0,0.0,0.0
63755,0.0,0.0,0.0
63756,0.0,0.0,0.0
63757,0.0,0.0,0.0
63758,0.0,0.0,0.0
63759,0.0,0.0,0.0
63760,0.0,0.0,0.0
63761,0.0,0.0,0.0
63762,0.0,0.0,0.0
63763,0.0,0.0,0.0
63764,0.0,0.0,0.0
63765,0.0,0.0,0.0
63766,0.0,0.0,0.0
63767,0.0,0.0,0.0
63768,0.0,0.0,0.0
63769,0.0,0.0,0.0
63770,0.0,0.0,0.0
63771,0.0,0.0,0.0
63772,0.0,0.0,0.0
63773,0.0,0.0,0.0
63774,0.0,0.0,0.0
63775,0.0,0.0,0.0
63776,0.0,0.0,0.0
63777,0.0,0.0,0.0
63778,0.0,0.0,0.0
63779,0.0,0.0,0.0
63780,0.0,0.0,0.0
63781,0.0,0.0,0.0
63782,0.0,0.0,0.0
63783,0.0,0.0,0.0
63784,0.0,0.0,0.0
63785,0.0,0.0,0.0
63786,0.0,0.0,0.0
63787,0.0,0.0,0.0
63788,0.0,0.0,0.0
63789,0.0,0.0,0.0
63790,0.0,0.0,0.0
63791,0.0,0.0,0.0
63792,0.0,0.0,0.0
63793,0.0,0.0,0.0
63794,0.0,0.0,0.0
63795,0.0,0.0,0.0
63796,0.0,0.0,0.0
63797,0.0,0.0,0.0
63798,0.0,0.0,0.0
63799,0.0,0.0,0.0
63800,0.0,0.0,0.0
63801,0.0,0.0,0.0
63802,0.0,0.0,0.0
63803,0.0,0.0,0.0
63804,0.0,0.0,0.0
63805,0.0,0.0,0.0
63806,0.0,0.0,0.0
63807,0.0,0.0,0.0
63808,0.0,0.0,0.0
63809,0.0,0.0,0.0
63810,0.0,0.0,0.0
63811,0.0,0.0,0.0
63812,0.0,0.0,0.0
63813,0.0,0.0,0.0
63814,0.0,0.0,0.0
63815,0.0,0.0,0.0
63816,0.0,0.0,0.0
63817,0.0,0.0,0.0
63818,0.0,0.0,0.0
63819,0.0,0.0,0.0
63820,0.0,0.0,0.0
63821,0.0,0.0,0.0
63822,0.0,0.0,0.0
63823,0.0,0.0,0.0
63824,0.0,0.0,0.0
63825,0.0,0.0,0.0
63826,0.0,0.0,0.0
63827,0.0,0.0,0.0
63828,0.0,0.0,0.0
63829,0.0,0.0,0.0
63830,0.0,0.0,0.0
63831,0.0,0.0,0.0
63832,0.0,0.0,0.0
63833,0.0,0.0,0.0
63834,0.0,0.0,0.0
63835,0.0,0.0,0.0
63836,0.0,0.0,0.0
63837,0.0,0.0,0.0
63838,0.0,0.0,0.0
63839,0.0,0.0,0.0
63840,0.0,0.0,0.0
63841,0.0,0.0,0.0
63842,0.0,0.0,0.0
63843,0.0,0.0,0.0
63844,0.0,0.0,0.0
63845,0.0,0.0,0.0
63846,0.0,0.0,0.0
63847,0.0,0.0,0.0
63848,0.0,0.0,0.0
63849,0.0,0.0,0.0
63850,0.0,0.0,0.0
63851,0.0,0.0,0.0
63852,0.0,0.0,0.0
63853,0.0,0.0,0.0
63854,0.0,0.0,0.0
63855,0.0,0.0,0.0
63856,0.0,0.0,0.0
63857,0.0,0.0,0.0
63858,0.0,0.0,0.0
63859,0.0,0.0,0.0
63860,0.0,0.0,0.0
63861,0.0,0.0,0.0
63862,0.0,0.0,0.0
63863,0.0,0.0,0.0
63864,0.0,0.0,0.0
63865,0.0,0.0,0.0
63866,0.0,0.0,0.0
63867,0.0,0.0,0.0
63868,0.0,0.0,0.0
63869,0.0,0.0,0.0
63870,0.0,0.0,0.0
63871,0.0,0.0,0.0
63872,0.0,0.0,0.0
63873,0.0,0.0,0.0
63874,0.0,0.0,0.0
63875,0.0,0.0,0.0
63876,0.0,0.0,0.0
63877,0.0,0.0,0.0
63878,0.0,0.0,0.0
63879,0.0,0.0,0.0
63880,0.0,0.0,0.0
63881,0.0,0.0,0.0
63882,0.0,0.0,0.0
63883,0.0,0.0,0.0
63884,0.0,0.0,0.0
63885,0.0,0.0,0.0
63886,0.0,0.0,0.0
63887,0.0,0.0,0.0
63888,0.0,0.0,0.0
63889,0.0,0.0,0.0
63890,0.0,0.0,0.0
63891,0.0,0.0,0.0
63892,0.0,0.0,0.0
63893,0.0,0.0,0.0
63894,0.0,0.0,0.0
63895,0.0,0.0,0.0
63896,0.0,0.0,0.0
63897,0.0,0.0,0.0
63898,0.0,0.0,0.0
63899,0.0,0.0,0.0
63900,0.0,0.0,0.0
63901,0.0,0.0,0.0
63902,0.0,0.0,0.0
63903,0.0,0.0,0.0
63904,0.0,0.0,0.0
63905,0.0,0.0,0.0
63906,0.0,0.0,0.0
63907,0.0,0.0,0.0
63908,0.0,0.0,0.0
63909,0.0,0.0,0.0
63910,0.0,0.0,0.0
63911,0.0,0.0,0.0
63912,0.0,0.0,0.0
63913,0.0,0.0,0.0
63914,0.0,0.0,0.0
63915,0.0,0.0,0.0
63916,0.0,0.0,0.0
63917,0.0,0.0,0.0
63918,0.0,0.0,0.0
63919,0.0,0.0,0.0
63920,0.0,0.0,0.0
63921,0.0,0.0,0.0
63922,0.0,0.0,0.0
63923,0.0,0.0,0.0
63924,0.0,0.0,0.0
63925,0.0,0.0,0.0
63926,0.0,0.0,0.0
63927,0.0,0.0,0.0
63928,0.0,0.0,0.0
63929,0.0,0.0,0.0
63930,0.0,0.0,0.0
63931,0.0,0.0,0.0
63932,0.0,0.0,0.0
63933,0.0,0.0,0.0
63934,0.0,0.0,0.0
63935,0.0,0.0,0.0
63936,0.0,0.0,0.0
63937,0.0,0.0,0.0
63938,0.0,0.0,0.0
63939,0.0,0.0,0.0
63940,0.0,0.0,0.0
63941,0.0,0.0,0.0
63942,0.0,0.0,0.0
63943,0.0,0.0,0.0
63944,0.0,0.0,0.0
63945,0.0,0.0,0.0
63946,0.0,0.0,0.0
63947,0.0,0.0,0.0
63948,0.0,0.0,0.0
63949,0.0,0.0,0.0
63950,0.0,0.0,0.0
63951,0.0,0.0,0.0
63952,0.0,0.0,0.0
63953,0.0,0.0,0.0
63954,0.0,0.0,0.0
63955,0.0,0.0,0.0
63956,0.0,0.0,0.0
63957,0.0,0.0,0.0
63958,0.0,0.0,0.0
63959,0.0,0.0,0.0
63960,0.0,0.0,0.0
63961,0.0,0.0,0.0
63962,0.0,0.0,0.0
63963,0.0,0.0,0.0
63964,0.0,0.0,0.0
63965,0.0,0.0,0.0
63966,0.0,0.0,0.0
63967,0.0,0.0,0.0
63968,0.0,0.0,0.0
63969,0.0,0.0,0.0
63970,0.0,0.0,0.0
63971,0.0,0.0,0.0
63972,0.0,0.0,0.0
63973,0.0,0.0,0.0
63974,0.0,0.0,0.0
63975,0.0,0.0,0.0
63976,0.0,0.0,0.0
63977,0.0,0.0,0.0
63978,0.0,0.0,0.0
63979,0.0,0.0,0.0
63980,0.0,0.0,0.0
63981,0.0,0.0,0.0
63982,0.0,0.0,0.0
63983,0.0,0.0,0.0
63984,0.0,0.0,0.0
63985,0.0,0.0,0.0
63986,0.0,0.0,0.0
63987,0.0,0.0,0.0
63988,0.0,0.0,0.0
63989,0.0,0.0,0.0
63990,0.0,0.0,0.0
63991,0.0,0.0,0.0
63992,0.0,0.0,0.0
63993,0.0,0.0,0.0
63994,0.0,0.0,0.0
63995,0.0,0.0,0.0
63996,0.0,0.0,0.0
63997,0.0,0.0,0.0
63998,0.0,0.0,0.0
63999,0.0,0.0,0.0
64000,0.0,0.0,0.0
64001,0.0,0.0,0.0
64002,0.0,0.0,0.0
64003,0.0,0.0,0.0
64004,0.0,0.0,0.0
64005,0.0,0.0,0.0
64006,0.0,0.0,0.0
64007,0.0,0.0,0.0
64008,0.0,0.0,0.0
64009,0.0,0.0,0.0
64010,0.0,0.0,0.0
64011,0.0,0.0,0.0
64012,0.0,0.0,0.0
64013,0.0,0.0,0.0
64014,0.0,0.0,0.0
64015,0.0,0.0,0.0
64016,0.0,0.0,0.0
64017,0.0,0.0,0.0
64018,0.0,0.0,0.0
64019,0.0,0.0,0.0
64020,0.0,0.0,0.0
64021,0.0,0.0,0.0
64022,0.0,0.0,0.0
64023,0.0,0.0,0.0
64024,0.0,0.0,0.0
64025,0.0,0.0,0.0
64026,0.0,0.0,0.0
64027,0.0,0.0,0.0
64028,0.0,0.0,0.0
64029,0.0,0.0,0.0
64030,0.0,0.0,0.0
64031,0.0,0.0,0.0
64032,0.0,0.0,0.0
64033,0.0,0.0,0.0
64034,0.0,0.0,0.0
64035,0.0,0.0,0.0
64036,0.0,0.0,0.0
64037,0.0,0.0,0.0
64038,0.0,0.0,0.0
64039,0.0,0.0,0.0
64040,0.0,0.0,0.0
64041,0.0,0.0,0.0
64042,0.0,0.0,0.0
64043,0.0,0.0,0.0
64044,0.0,0.0,0.0
64045,0.0,0.0,0.0
64046,0.0,0.0,0.0
64047,0.0,0.0,0.0
64048,0.0,0.0,0.0
64049,0.0,0.0,0.0
64050,0.0,0.0,0.0
64051,0.0,0.0,0.0
64052,0.0,0.0,0.0
64053,0.0,0.0,0.0
64054,0.0,0.0,0.0
64055,0.0,0.0,0.0
64056,0.0,0.0,0.0
64057,0.0,0.0,0.0
64058,0.0,0.0,0.0
64059,0.0,0.0,0.0
64060,0.0,0.0,0.0
64061,0.0,0.0,0.0
64062,0.0,0.0,0.0
64063,0.0,0.0,0.0
64064,0.0,0.0,0.0
64065,0.0,0.0,0.0
64066,0.0,0.0,0.0
64067,0.0,0.0,0.0
64068,0.0,0.0,0.0
64069,0.0,0.0,0.0
64070,0.0,0.0,0.0
64071,0.0,0.0,0.0
64072,0.0,0.0,0.0
64073,0.0,0.0,0.0
64074,0.0,0.0,0.0
64075,0.0,0.0,0.0
64076,0.0,0.0,0.0
64077,0.0,0.0,0.0
64078,0.0,0.0,0.0
64079,0.0,0.0,0.0
64080,0.0,0.0,0.0
64081,0.0,0.0,0.0
64082,0.0,0.0,0.0
64083,0.0,0.0,0.0
64084,0.0,0.0,0.0
64085,0.0,0.0,0.0
64086,0.0,0.0,0.0
64087,0.0,0.0,0.0
64088,0.0,0.0,0.0
64089,0.0,0.0,0.0
64090,0.0,0.0,0.0
64091,0.0,0.0,0.0
64092,0.0,0.0,0.0
64093,0.0,0.0,0.0
64094,0.0,0.0,0.0
64095,0.0,0.0,0.0
64096,0.0,0.0,0.0
64097,0.0,0.0,0.0
64098,0.0,0.0,0.0
64099,0.0,0.0,0.0
64100,0.0,0.0,0.0
64101,0.0,0.0,0.0
64102,0.0,0.0,0.0
64103,0.0,0.0,0.0
64104,0.0,0.0,0.0
64105,0.0,0.0,0.0
64106,0.0,0.0,0.0
64107,0.0,0.0,0.0
64108,0.0,0.0,0.0
64109,0.0,0.0,0.0
64110,0.0,0.0,0.0
64111,0.0,0.0,0.0
64112,0.0,0.0,0.0
64113,0.0,0.0,0.0
64114,0.0,0.0,0.0
64115,0.0,0.0,0.0
64116,0.0,0.0,0.0
64117,0.0,0.0,0.0
64118,0.0,0.0,0.0
64119,0.0,0.0,0.0
64120,0.0,0.0,0.0
64121,0.0,0.0,0.0
64122,0.0,0.0,0.0
64123,0.0,0.0,0.0
64124,0.0,0.0,0.0
64125,0.0,0.0,0.0
64126,0.0,0.0,0.0
64127,0.0,0.0,0.0
64128,0.0,0.0,0.0
64129,0.0,0.0,0.0
64130,0.0,0.0,0.0
64131,0.0,0.0,0.0
64132,0.0,0.0,0.0
64133,0.0,0.0,0.0
64134,0.0,0.0,0.0
64135,0.0,0.0,0.0
64136,0.0,0.0,0.0
64137,0.0,0.0,0.0
64138,0.0,0.0,0.0
64139,0.0,0.0,0.0
64140,0.0,0.0,0.0
64141,0.0,0.0,0.0
64142,0.0,0.0,0.0
64143,0.0,0.0,0.0
64144,0.0,0.0,0.0
64145,0.0,0.0,0.0
64146,0.0,0.0,0.0
64147,0.0,0.0,0.0
64148,0.0,0.0,0.0
64149,0.0,0.0,0.0
64150,0.0,0.0,0.0
64151,0.0,0.0,0.0
64152,0.0,0.0,0.0
64153,0.0,0.0,0.0
64154,0.0,0.0,0.0
64155,0.0,0.0,0.0
64156,0.0,0.0,0.0
64157,0.0,0.0,0.0
64158,0.0,0.0,0.0
64159,0.0,0.0,0.0
64160,0.0,0.0,0.0
64161,0.0,0.0,0.0
64162,0.0,0.0,0.0
64163,0.0,0.0,0.0
64164,0.0,0.0,0.0
64165,0.0,0.0,0.0
64166,0.0,0.0,0.0
64167,0.0,0.0,0.0
64168,0.0,0.0,0.0
64169,0.0,0.0,0.0
64170,0.0,0.0,0.0
64171,0.0,0.0,0.0
64172,0.0,0.0,0.0
64173,0.0,0.0,0.0
64174,0.0,0.0,0.0
64175,0.0,0.0,0.0
64176,0.0,0.0,0.0
64177,0.0,0.0,0.0
64178,0.0,0.0,0.0
64179,0.0,0.0,0.0
64180,0.0,0.0,0.0
64181,0.0,0.0,0.0
64182,0.0,0.0,0.0
64183,0.0,0.0,0.0
64184,0.0,0.0,0.0
64185,0.0,0.0,0.0
64186,0.0,0.0,0.0
64187,0.0,0.0,0.0
64188,0.0,0.0,0.0
64189,0.0,0.0,0.0
64190,0.0,0.0,0.0
64191,0.0,0.0,0.0
64192,0.0,0.0,0.0
64193,0.0,0.0,0.0
64194,0.0,0.0,0.0
64195,0.0,0.0,0.0
64196,0.0,0.0,0.0
64197,0.0,0.0,0.0
64198,0.0,0.0,0.0
64199,0.0,0.0,0.0
64200,0.0,0.0,0.0
64201,0.0,0.0,0.0
64202,0.0,0.0,0.0
64203,0.0,0.0,0.0
64204,0.0,0.0,0.0
64205,0.0,0.0,0.0
64206,0.0,0.0,0.0
64207,0.0,0.0,0.0
64208,0.0,0.0,0.0
64209,0.0,0.0,0.0
64210,0.0,0.0,0.0
64211,0.0,0.0,0.0
64212,0.0,0.0,0.0
64213,0.0,0.0,0.0
64214,0.0,0.0,0.0
64215,0.0,0.0,0.0
64216,0.0,0.0,0.0
64217,0.0,0.0,0.0
64218,0.0,0.0,0.0
64219,0.0,0.0,0.0
64220,0.0,0.0,0.0
64221,0.0,0.0,0.0
64222,0.0,0.0,0.0
64223,0.0,0.0,0.0
64224,0.0,0.0,0.0
64225,0.0,0.0,0.0
64226,0.0,0.0,0.0
64227,0.0,0.0,0.0
64228,0.0,0.0,0.0
64229,0.0,0.0,0.0
64230,0.0,0.0,0.0
64231,0.0,0.0,0.0
64232,0.0,0.0,0.0
64233,0.0,0.0,0.0
64234,0.0,0.0,0.0
64235,0.0,0.0,0.0
64236,0.0,0.0,0.0
64237,0.0,0.0,0.0
64238,0.0,0.0,0.0
64239,0.0,0.0,0.0
64240,0.0,0.0,0.0
64241,0.0,0.0,0.0
64242,0.0,0.0,0.0
64243,0.0,0.0,0.0
64244,0.0,0.0,0.0
64245,0.0,0.0,0.0
64246,0.0,0.0,0.0
64247,0.0,0.0,0.0
64248,0.0,0.0,0.0
64249,0.0,0.0,0.0
64250,0.0,0.0,0.0
64251,0.0,0.0,0.0
64252,0.0,0.0,0.0
64253,0.0,0.0,0.0
64254,0.0,0.0,0.0
64255,0.0,0.0,0.0
64256,0.0,0.0,0.0
64257,0.0,0.0,0.0
64258,0.0,0.0,0.0
64259,0.0,0.0,0.0
64260,0.0,0.0,0.0
64261,0.0,0.0,0.0
64262,0.0,0.0,0.0
64263,0.0,0.0,0.0
64264,0.0,0.0,0.0
64265,0.0,0.0,0.0
64266,0.0,0.0,0.0
64267,0.0,0.0,0.0
64268,0.0,0.0,0.0
64269,0.0,0.0,0.0
64270,0.0,0.0,0.0
64271,0.0,0.0,0.0
64272,0.0,0.0,0.0
64273,0.0,0.0,0.0
64274,0.0,0.0,0.0
64275,0.0,0.0,0.0
64276,0.0,0.0,0.0
64277,0.0,0.0,0.0
64278,0.0,0.0,0.0
64279,0.0,0.0,0.0
64280,0.0,0.0,0.0
64281,0.0,0.0,0.0
64282,0.0,0.0,0.0
64283,0.0,0.0,0.0
64284,0.0,0.0,0.0
64285,0.0,0.0,0.0
64286,0.0,0.0,0.0
64287,0.0,0.0,0.0
64288,0.0,0.0,0.0
64289,0.0,0.0,0.0
64290,0.0,0.0,0.0
64291,0.0,0.0,0.0
64292,0.0,0.0,0.0
64293,0.0,0.0,0.0
64294,0.0,0.0,0.0
64295,0.0,0.0,0.0
64296,0.0,0.0,0.0
64297,0.0,0.0,0.0
64298,0.0,0.0,0.0
64299,0.0,0.0,0.0
64300,0.0,0.0,0.0
64301,0.0,0.0,0.0
64302,0.0,0.0,0.0
64303,0.0,0.0,0.0
64304,0.0,0.0,0.0
64305,0.0,0.0,0.0
64306,0.0,0.0,0.0
64307,0.0,0.0,0.0
64308,0.0,0.0,0.0
64309,0.0,0.0,0.0
64310,0.0,0.0,0.0
64311,0.0,0.0,0.0
64312,0.0,0.0,0.0
64313,0.0,0.0,0.0
64314,0.0,0.0,0.0
64315,0.0,0.0,0.0
64316,0.0,0.0,0.0
64317,0.0,0.0,0.0
64318,0.0,0.0,0.0
64319,0.0,0.0,0.0
64320,0.0,0.0,0.0
64321,0.0,0.0,0.0
64322,0.0,0.0,0.0
64323,0.0,0.0,0.0
64324,0.0,0.0,0.0
64325,0.0,0.0,0.0
64326,0.0,0.0,0.0
64327,0.0,0.0,0.0
64328,0.0,0.0,0.0
64329,0.0,0.0,0.0
64330,0.0,0.0,0.0
64331,0.0,0.0,0.0
64332,0.0,0.0,0.0
64333,0.0,0.0,0.0
64334,0.0,0.0,0.0
64335,0.0,0.0,0.0
64336,0.0,0.0,0.0
64337,0.0,0.0,0.0
64338,0.0,0.0,0.0
64339,0.0,0.0,0.0
64340,0.0,0.0,0.0
64341,0.0,0.0,0.0
64342,0.0,0.0,0.0
64343,0.0,0.0,0.0
64344,0.0,0.0,0.0
64345,0.0,0.0,0.0
64346,0.0,0.0,0.0
64347,0.0,0.0,0.0
64348,0.0,0.0,0.0
64349,0.0,0.0,0.0
64350,0.0,0.0,0.0
64351,0.0,0.0,0.0
64352,0.0,0.0,0.0
64353,0.0,0.0,0.0
64354,0.0,0.0,0.0
64355,0.0,0.0,0.0
64356,0.0,0.0,0.0
64357,0.0,0.0,0.0
64358,0.0,0.0,0.0
64359,0.0,0.0,0.0
64360,0.0,0.0,0.0
64361,0.0,0.0,0.0
64362,0.0,0.0,0.0
64363,0.0,0.0,0.0
64364,0.0,0.0,0.0
64365,0.0,0.0,0.0
64366,0.0,0.0,0.0
64367,0.0,0.0,0.0
64368,0.0,0.0,0.0
64369,0.0,0.0,0.0
64370,0.0,0.0,0.0
64371,0.0,0.0,0.0
64372,0.0,0.0,0.0
64373,0.0,0.0,0.0
64374,0.0,0.0,0.0
64375,0.0,0.0,0.0
64376,0.0,0.0,0.0
64377,0.0,0.0,0.0
64378,0.0,0.0,0.0
64379,0.0,0.0,0.0
64380,0.0,0.0,0.0
64381,0.0,0.0,0.0
64382,0.0,0.0,0.0
64383,0.0,0.0,0.0
64384,0.0,0.0,0.0
64385,0.0,0.0,0.0
64386,0.0,0.0,0.0
64387,0.0,0.0,0.0
64388,0.0,0.0,0.0
64389,0.0,0.0,0.0
64390,0.0,0.0,0.0
64391,0.0,0.0,0.0
64392,0.0,0.0,0.0
64393,0.0,0.0,0.0
64394,0.0,0.0,0.0
64395,0.0,0.0,0.0
64396,0.0,0.0,0.0
64397,0.0,0.0,0.0
64398,0.0,0.0,0.0
64399,0.0,0.0,0.0
64400,0.0,0.0,0.0
64401,0.0,0.0,0.0
64402,0.0,0.0,0.0
64403,0.0,0.0,0.0
64404,0.0,0.0,0.0
64405,0.0,0.0,0.0
64406,0.0,0.0,0.0
64407,0.0,0.0,0.0
64408,0.0,0.0,0.0
64409,0.0,0.0,0.0
64410,0.0,0.0,0.0
64411,0.0,0.0,0.0
64412,0.0,0.0,0.0
64413,0.0,0.0,0.0
64414,0.0,0.0,0.0
64415,0.0,0.0,0.0
64416,0.0,0.0,0.0
64417,0.0,0.0,0.0
64418,0.0,0.0,0.0
64419,0.0,0.0,0.0
64420,0.0,0.0,0.0
64421,0.0,0.0,0.0
64422,0.0,0.0,0.0
64423,0.0,0.0,0.0
64424,0.0,0.0,0.0
64425,0.0,0.0,0.0
64426,0.0,0.0,0.0
64427,0.0,0.0,0.0
64428,0.0,0.0,0.0
64429,0.0,0.0,0.0
64430,0.0,0.0,0.0
64431,0.0,0.0,0.0
64432,0.0,0.0,0.0
64433,0.0,0.0,0.0
64434,0.0,0.0,0.0
64435,0.0,0.0,0.0
64436,0.0,0.0,0.0
64437,0.0,0.0,0.0
64438,0.0,0.0,0.0
64439,0.0,0.0,0.0
64440,0.0,0.0,0.0
64441,0.0,0.0,0.0
64442,0.0,0.0,0.0
64443,0.0,0.0,0.0
64444,0.0,0.0,0.0
64445,0.0,0.0,0.0
64446,0.0,0.0,0.0
64447,0.0,0.0,0.0
64448,0.0,0.0,0.0
64449,0.0,0.0,0.0
64450,0.0,0.0,0.0
64451,0.0,0.0,0.0
64452,0.0,0.0,0.0
64453,0.0,0.0,0.0
64454,0.0,0.0,0.0
64455,0.0,0.0,0.0
64456,0.0,0.0,0.0
64457,0.0,0.0,0.0
64458,0.0,0.0,0.0
64459,0.0,0.0,0.0
64460,0.0,0.0,0.0
64461,0.0,0.0,0.0
64462,0.0,0.0,0.0
64463,0.0,0.0,0.0
64464,0.0,0.0,0.0
64465,0.0,0.0,0.0
64466,0.0,0.0,0.0
64467,0.0,0.0,0.0
64468,0.0,0.0,0.0
64469,0.0,0.0,0.0
64470,0.0,0.0,0.0
64471,0.0,0.0,0.0
64472,0.0,0.0,0.0
64473,0.0,0.0,0.0
64474,0.0,0.0,0.0
64475,0.0,0.0,0.0
64476,0.0,0.0,0.0
64477,0.0,0.0,0.0
64478,0.0,0.0,0.0
64479,0.0,0.0,0.0
64480,0.0,0.0,0.0
64481,0.0,0.0,0.0
64482,0.0,0.0,0.0
64483,0.0,0.0,0.0
64484,0.0,0.0,0.0
64485,0.0,0.0,0.0
64486,0.0,0.0,0.0
64487,0.0,0.0,0.0
64488,0.0,0.0,0.0
64489,0.0,0.0,0.0
64490,0.0,0.0,0.0
64491,0.0,0.0,0.0
64492,0.0,0.0,0.0
64493,0.0,0.0,0.0
64494,0.0,0.0,0.0
64495,0.0,0.0,0.0
64496,0.0,0.0,0.0
64497,0.0,0.0,0.0
64498,0.0,0.0,0.0
64499,0.0,0.0,0.0
64500,0.0,0.0,0.0
64501,0.0,0.0,0.0
64502,0.0,0.0,0.0
64503,0.0,0.0,0.0
64504,0.0,0.0,0.0
64505,0.0,0.0,0.0
64506,0.0,0.0,0.0
64507,0.0,0.0,0.0
64508,0.0,0.0,0.0
64509,0.0,0.0,0.0
64510,0.0,0.0,0.0
64511,0.0,0.0,0.0
64512,0.0,0.0,0.0
64513,0.0,0.0,0.0
64514,0.0,0.0,0.0
64515,0.0,0.0,0.0
64516,0.0,0.0,0.0
64517,0.0,0.0,0.0
64518,0.0,0.0,0.0
64519,0.0,0.0,0.0
64520,0.0,0.0,0.0
64521,0.0,0.0,0.0
64522,0.0,0.0,0.0
64523,0.0,0.0,0.0
64524,0.0,0.0,0.0
64525,0.0,0.0,0.0
64526,0.0,0.0,0.0
64527,0.0,0.0,0.0
64528,0.0,0.0,0.0
64529,0.0,0.0,0.0
64530,0.0,0.0,0.0
64531,0.0,0.0,0.0
64532,0.0,0.0,0.0
64533,0.0,0.0,0.0
64534,0.0,0.0,0.0
64535,0.0,0.0,0.0
64536,0.0,0.0,0.0
64537,0.0,0.0,0.0
64538,0.0,0.0,0.0
64539,0.0,0.0,0.0
64540,0.0,0.0,0.0
64541,0.0,0.0,0.0
64542,0.0,0.0,0.0
64543,0.0,0.0,0.0
64544,0.0,0.0,0.0
64545,0.0,0.0,0.0
64546,0.0,0.0,0.0
64547,0.0,0.0,0.0
64548,0.0,0.0,0.0
64549,0.0,0.0,0.0
64550,0.0,0.0,0.0
64551,0.0,0.0,0.0
64552,0.0,0.0,0.0
64553,0.0,0.0,0.0
64554,0.0,0.0,0.0
64555,0.0,0.0,0.0
64556,0.0,0.0,0.0
64557,0.0,0.0,0.0
64558,0.0,0.0,0.0
64559,0.0,0.0,0.0
64560,0.0,0.0,0.0
64561,0.0,0.0,0.0
64562,0.0,0.0,0.0
64563,0.0,0.0,0.0
64564,0.0,0.0,0.0
64565,0.0,0.0,0.0
64566,0.0,0.0,0.0
64567,0.0,0.0,0.0
64568,0.0,0.0,0.0
64569,0.0,0.0,0.0
64570,0.0,0.0,0.0
64571,0.0,0.0,0.0
64572,0.0,0.0,0.0
64573,0.0,0.0,0.0
64574,0.0,0.0,0.0
64575,0.0,0.0,0.0
64576,0.0,0.0,0.0
64577,0.0,0.0,0.0
64578,0.0,0.0,0.0
64579,0.0,0.0,0.0
64580,0.0,0.0,0.0
64581,0.0,0.0,0.0
64582,0.0,0.0,0.0
64583,0.0,0.0,0.0
64584,0.0,0.0,0.0
64585,0.0,0.0,0.0
64586,0.0,0.0,0.0
64587,0.0,0.0,0.0
64588,0.0,0.0,0.0
64589,0.0,0.0,0.0
64590,0.0,0.0,0.0
64591,0.0,0.0,0.0
64592,0.0,0.0,0.0
64593,0.0,0.0,0.0
64594,0.0,0.0,0.0
64595,0.0,0.0,0.0
64596,0.0,0.0,0.0
64597,0.0,0.0,0.0
64598,0.0,0.0,0.0
64599,0.0,0.0,0.0
64600,0.0,0.0,0.0
64601,0.0,0.0,0.0
64602,0.0,0.0,0.0
64603,0.0,0.0,0.0
64604,0.0,0.0,0.0
64605,0.0,0.0,0.0
64606,0.0,0.0,0.0
64607,0.0,0.0,0.0
64608,0.0,0.0,0.0
64609,0.0,0.0,0.0
64610,0.0,0.0,0.0
64611,0.0,0.0,0.0
64612,0.0,0.0,0.0
64613,0.0,0.0,0.0
64614,0.0,0.0,0.0
64615,0.0,0.0,0.0
64616,0.0,0.0,0.0
64617,0.0,0.0,0.0
64618,0.0,0.0,0.0
64619,0.0,0.0,0.0
64620,0.0,0.0,0.0
64621,0.0,0.0,0.0
64622,0.0,0.0,0.0
64623,0.0,0.0,0.0
64624,0.0,0.0,0.0
64625,0.0,0.0,0.0
64626,0.0,0.0,0.0
64627,0.0,0.0,0.0
64628,0.0,0.0,0.0
64629,0.0,0.0,0.0
64630,0.0,0.0,0.0
64631,0.0,0.0,0.0
64632,0.0,0.0,0.0
64633,0.0,0.0,0.0
64634,0.0,0.0,0.0
64635,0.0,0.0,0.0
64636,0.0,0.0,0.0
64637,0.0,0.0,0.0
64638,0.0,0.0,0.0
64639,0.0,0.0,0.0
64640,0.0,0.0,0.0
64641,0.0,0.0,0.0
64642,0.0,0.0,0.0
64643,0.0,0.0,0.0
64644,0.0,0.0,0.0
64645,0.0,0.0,0.0
64646,0.0,0.0,0.0
64647,0.0,0.0,0.0
64648,0.0,0.0,0.0
64649,0.0,0.0,0.0
64650,0.0,0.0,0.0
64651,0.0,0.0,0.0
64652,0.0,0.0,0.0
64653,0.0,0.0,0.0
64654,0.0,0.0,0.0
64655,0.0,0.0,0.0
64656,0.0,0.0,0.0
64657,0.0,0.0,0.0
64658,0.0,0.0,0.0
64659,0.0,0.0,0.0
64660,0.0,0.0,0.0
64661,0.0,0.0,0.0
64662,0.0,0.0,0.0
64663,0.0,0.0,0.0
64664,0.0,0.0,0.0
64665,0.0,0.0,0.0
64666,0.0,0.0,0.0
64667,0.0,0.0,0.0
64668,0.0,0.0,0.0
64669,0.0,0.0,0.0
64670,0.0,0.0,0.0
64671,0.0,0.0,0.0
64672,0.0,0.0,0.0
64673,0.0,0.0,0.0
64674,0.0,0.0,0.0
64675,0.0,0.0,0.0
64676,0.0,0.0,0.0
64677,0.0,0.0,0.0
64678,0.0,0.0,0.0
64679,0.0,0.0,0.0
64680,0.0,0.0,0.0
64681,0.0,0.0,0.0
64682,0.0,0.0,0.0
64683,0.0,0.0,0.0
64684,0.0,0.0,0.0
64685,0.0,0.0,0.0
64686,0.0,0.0,0.0
64687,0.0,0.0,0.0
64688,0.0,0.0,0.0
64689,0.0,0.0,0.0
64690,0.0,0.0,0.0
64691,0.0,0.0,0.0
64692,0.0,0.0,0.0
64693,0.0,0.0,0.0
64694,0.0,0.0,0.0
64695,0.0,0.0,0.0
64696,0.0,0.0,0.0
64697,0.0,0.0,0.0
64698,0.0,0.0,0.0
64699,0.0,0.0,0.0
64700,0.0,0.0,0.0
64701,0.0,0.0,0.0
64702,0.0,0.0,0.0
64703,0.0,0.0,0.0
64704,0.0,0.0,0.0
64705,0.0,0.0,0.0
64706,0.0,0.0,0.0
64707,0.0,0.0,0.0
64708,0.0,0.0,0.0
64709,0.0,0.0,0.0
64710,0.0,0.0,0.0
64711,0.0,0.0,0.0
64712,0.0,0.0,0.0
64713,0.0,0.0,0.0
64714,0.0,0.0,0.0
64715,0.0,0.0,0.0
64716,0.0,0.0,0.0
64717,0.0,0.0,0.0
64718,0.0,0.0,0.0
64719,0.0,0.0,0.0
64720,0.0,0.0,0.0
64721,0.0,0.0,0.0
64722,0.0,0.0,0.0
64723,0.0,0.0,0.0
64724,0.0,0.0,0.0
64725,0.0,0.0,0.0
64726,0.0,0.0,0.0
64727,0.0,0.0,0.0
64728,0.0,0.0,0.0
64729,0.0,0.0,0.0
64730,0.0,0.0,0.0
64731,0.0,0.0,0.0
64732,0.0,0.0,0.0
64733,0.0,0.0,0.0
64734,0.0,0.0,0.0
64735,0.0,0.0,0.0
64736,0.0,0.0,0.0
64737,0.0,0.0,0.0
64738,0.0,0.0,0.0
64739,0.0,0.0,0.0
64740,0.0,0.0,0.0
64741,0.0,0.0,0.0
64742,0.0,0.0,0.0
64743,0.0,0.0,0.0
64744,0.0,0.0,0.0
64745,0.0,0.0,0.0
64746,0.0,0.0,0.0
64747,0.0,0.0,0.0
64748,0.0,0.0,0.0
64749,0.0,0.0,0.0
64750,0.0,0.0,0.0
64751,0.0,0.0,0.0
64752,0.0,0.0,0.0
64753,0.0,0.0,0.0
64754,0.0,0.0,0.0
64755,0.0,0.0,0.0
64756,0.0,0.0,0.0
64757,0.0,0.0,0.0
64758,0.0,0.0,0.0
64759,0.0,0.0,0.0
64760,0.0,0.0,0.0
64761,0.0,0.0,0.0
64762,0.0,0.0,0.0
64763,0.0,0.0,0.0
64764,0.0,0.0,0.0
64765,0.0,0.0,0.0
64766,0.0,0.0,0.0
64767,0.0,0.0,0.0
64768,0.0,0.0,0.0
64769,0.0,0.0,0.0
64770,0.0,0.0,0.0
64771,0.0,0.0,0.0
64772,0.0,0.0,0.0
64773,0.0,0.0,0.0
64774,0.0,0.0,0.0
64775,0.0,0.0,0.0
64776,0.0,0.0,0.0
64777,0.0,0.0,0.0
64778,0.0,0.0,0.0
64779,0.0,0.0,0.0
64780,0.0,0.0,0.0
64781,0.0,0.0,0.0
64782,0.0,0.0,0.0
64783,0.0,0.0,0.0
64784,0.0,0.0,0.0
64785,0.0,0.0,0.0
64786,0.0,0.0,0.0
64787,0.0,0.0,0.0
64788,0.0,0.0,0.0
64789,0.0,0.0,0.0
64790,0.0,0.0,0.0
64791,0.0,0.0,0.0
64792,0.0,0.0,0.0
64793,0.0,0.0,0.0
64794,0.0,0.0,0.0
64795,0.0,0.0,0.0
64796,0.0,0.0,0.0
64797,0.0,0.0,0.0
64798,0.0,0.0,0.0
64799,0.0,0.0,0.0
64800,0.0,0.0,0.0
64801,0.0,0.0,0.0
64802,0.0,0.0,0.0
64803,0.0,0.0,0.0
64804,0.0,0.0,0.0
64805,0.0,0.0,0.0
64806,0.0,0.0,0.0
64807,0.0,0.0,0.0
64808,0.0,0.0,0.0
64809,0.0,0.0,0.0
64810,0.0,0.0,0.0
64811,0.0,0.0,0.0
64812,0.0,0.0,0.0
64813,0.0,0.0,0.0
64814,0.0,0.0,0.0
64815,0.0,0.0,0.0
64816,0.0,0.0,0.0
64817,0.0,0.0,0.0
64818,0.0,0.0,0.0
64819,0.0,0.0,0.0
64820,0.0,0.0,0.0
64821,0.0,0.0,0.0
64822,0.0,0.0,0.0
64823,0.0,0.0,0.0
64824,0.0,0.0,0.0
64825,0.0,0.0,0.0
64826,0.0,0.0,0.0
64827,0.0,0.0,0.0
64828,0.0,0.0,0.0
64829,0.0,0.0,0.0
64830,0.0,0.0,0.0
64831,0.0,0.0,0.0
64832,0.0,0.0,0.0
64833,0.0,0.0,0.0
64834,0.0,0.0,0.0
64835,0.0,0.0,0.0
64836,0.0,0.0,0.0
64837,0.0,0.0,0.0
64838,0.0,0.0,0.0
64839,0.0,0.0,0.0
64840,0.0,0.0,0.0
64841,0.0,0.0,0.0
64842,0.0,0.0,0.0
64843,0.0,0.0,0.0
64844,0.0,0.0,0.0
64845,0.0,0.0,0.0
64846,0.0,0.0,0.0
64847,0.0,0.0,0.0
64848,0.0,0.0,0.0
64849,0.0,0.0,0.0
64850,0.0,0.0,0.0
64851,0.0,0.0,0.0
64852,0.0,0.0,0.0
64853,0.0,0.0,0.0
64854,0.0,0.0,0.0
64855,0.0,0.0,0.0
64856,0.0,0.0,0.0
64857,0.0,0.0,0.0
64858,0.0,0.0,0.0
64859,0.0,0.0,0.0
64860,0.0,0.0,0.0
64861,0.0,0.0,0.0
64862,0.0,0.0,0.0
64863,0.0,0.0,0.0
64864,0.0,0.0,0.0
64865,0.0,0.0,0.0
64866,0.0,0.0,0.0
64867,0.0,0.0,0.0
64868,0.0,0.0,0.0
64869,0.0,0.0,0.0
64870,0.0,0.0,0.0
64871,0.0,0.0,0.0
64872,0.0,0.0,0.0
64873,0.0,0.0,0.0
64874,0.0,0.0,0.0
64875,0.0,0.0,0.0
64876,0.0,0.0,0.0
64877,0.0,0.0,0.0
64878,0.0,0.0,0.0
64879,0.0,0.0,0.0
64880,0.0,0.0,0.0
64881,0.0,0.0,0.0
64882,0.0,0.0,0.0
64883,0.0,0.0,0.0
64884,0.0,0.0,0.0
64885,0.0,0.0,0.0
64886,0.0,0.0,0.0
64887,0.0,0.0,0.0
64888,0.0,0.0,0.0
64889,0.0,0.0,0.0
64890,0.0,0.0,0.0
64891,0.0,0.0,0.0
64892,0.0,0.0,0.0
64893,0.0,0.0,0.0
64894,0.0,0.0,0.0
64895,0.0,0.0,0.0
64896,0.0,0.0,0.0
64897,0.0,0.0,0.0
64898,0.0,0.0,0.0
64899,0.0,0.0,0.0
64900,0.0,0.0,0.0
64901,0.0,0.0,0.0
64902,0.0,0.0,0.0
64903,0.0,0.0,0.0
64904,0.0,0.0,0.0
64905,0.0,0.0,0.0
64906,0.0,0.0,0.0
64907,0.0,0.0,0.0
64908,0.0,0.0,0.0
64909,0.0,0.0,0.0
64910,0.0,0.0,0.0
64911,0.0,0.0,0.0
64912,0.0,0.0,0.0
64913,0.0,0.0,0.0
64914,0.0,0.0,0.0
64915,0.0,0.0,0.0
64916,0.0,0.0,0.0
64917,0.0,0.0,0.0
64918,0.0,0.0,0.0
64919,0.0,0.0,0.0
64920,0.0,0.0,0.0
64921,0.0,0.0,0.0
64922,0.0,0.0,0.0
64923,0.0,0.0,0.0
64924,0.0,0.0,0.0
64925,0.0,0.0,0.0
64926,0.0,0.0,0.0
64927,0.0,0.0,0.0
64928,0.0,0.0,0.0
64929,0.0,0.0,0.0
64930,0.0,0.0,0.0
64931,0.0,0.0,0.0
64932,0.0,0.0,0.0
64933,0.0,0.0,0.0
64934,0.0,0.0,0.0
64935,0.0,0.0,0.0
64936,0.0,0.0,0.0
64937,0.0,0.0,0.0
64938,0.0,0.0,0.0
64939,0.0,0.0,0.0
64940,0.0,0.0,0.0
64941,0.0,0.0,0.0
64942,0.0,0.0,0.0
64943,0.0,0.0,0.0
64944,0.0,0.0,0.0
64945,0.0,0.0,0.0
64946,0.0,0.0,0.0
64947,0.0,0.0,0.0
64948,0.0,0.0,0.0
64949,0.0,0.0,0.0
64950,0.0,0.0,0.0
64951,0.0,0.0,0.0
64952,0.0,0.0,0.0
64953,0.0,0.0,0.0
64954,0.0,0.0,0.0
64955,0.0,0.0,0.0
64956,0.0,0.0,0.0
64957,0.0,0.0,0.0
64958,0.0,0.0,0.0
64959,0.0,0.0,0.0
64960,0.0,0.0,0.0
64961,0.0,0.0,0.0
64962,0.0,0.0,0.0
64963,0.0,0.0,0.0
64964,0.0,0.0,0.0
64965,0.0,0.0,0.0
64966,0.0,0.0,0.0
64967,0.0,0.0,0.0
64968,0.0,0.0,0.0
64969,0.0,0.0,0.0
64970,0.0,0.0,0.0
64971,0.0,0.0,0.0
64972,0.0,0.0,0.0
64973,0.0,0.0,0.0
64974,0.0,0.0,0.0
64975,0.0,0.0,0.0
64976,0.0,0.0,0.0
64977,0.0,0.0,0.0
64978,0.0,0.0,0.0
64979,0.0,0.0,0.0
64980,0.0,0.0,0.0
64981,0.0,0.0,0.0
64982,0.0,0.0,0.0
64983,0.0,0.0,0.0
64984,0.0,0.0,0.0
64985,0.0,0.0,0.0
64986,0.0,0.0,0.0
64987,0.0,0.0,0.0
64988,0.0,0.0,0.0
64989,0.0,0.0,0.0
64990,0.0,0.0,0.0
64991,0.0,0.0,0.0
64992,0.0,0.0,0.0
64993,0.0,0.0,0.0
64994,0.0,0.0,0.0
64995,0.0,0.0,0.0
64996,0.0,0.0,0.0
64997,0.0,0.0,0.0
64998,0.0,0.0,0.0
64999,0.0,0.0,0.0
65000,0.0,0.0,0.0
65001,0.0,0.0,0.0
65002,0.0,0.0,0.0
65003,0.0,0.0,0.0
65004,0.0,0.0,0.0
65005,0.0,0.0,0.0
65006,0.0,0.0,0.0
65007,0.0,0.0,0.0
65008,0.0,0.0,0.0
65009,0.0,0.0,0.0
65010,0.0,0.0,0.0
65011,0.0,0.0,0.0
65012,0.0,0.0,0.0
65013,0.0,0.0,0.0
65014,0.0,0.0,0.0
65015,0.0,0.0,0.0
65016,0.0,0.0,0.0
65017,0.0,0.0,0.0
65018,0.0,0.0,0.0
65019,0.0,0.0,0.0
65020,0.0,0.0,0.0
65021,0.0,0.0,0.0
65022,0.0,0.0,0.0
65023,0.0,0.0,0.0
65024,0.0,0.0,0.0
65025,0.0,0.0,0.0
65026,0.0,0.0,0.0
65027,0.0,0.0,0.0
65028,0.0,0.0,0.0
65029,0.0,0.0,0.0
65030,0.0,0.0,0.0
65031,0.0,0.0,0.0
65032,0.0,0.0,0.0
65033,0.0,0.0,0.0
65034,0.0,0.0,0.0
65035,0.0,0.0,0.0
65036,0.0,0.0,0.0
65037,0.0,0.0,0.0
65038,0.0,0.0,0.0
65039,0.0,0.0,0.0
65040,0.0,0.0,0.0
65041,0.0,0.0,0.0
65042,0.0,0.0,0.0
65043,0.0,0.0,0.0
65044,0.0,0.0,0.0
65045,0.0,0.0,0.0
65046,0.0,0.0,0.0
65047,0.0,0.0,0.0
65048,0.0,0.0,0.0
65049,0.0,0.0,0.0
65050,0.0,0.0,0.0
65051,0.0,0.0,0.0
65052,0.0,0.0,0.0
65053,0.0,0.0,0.0
65054,0.0,0.0,0.0
65055,0.0,0.0,0.0
65056,0.0,0.0,0.0
65057,0.0,0.0,0.0
65058,0.0,0.0,0.0
65059,0.0,0.0,0.0
65060,0.0,0.0,0.0
65061,0.0,0.0,0.0
65062,0.0,0.0,0.0
65063,0.0,0.0,0.0
65064,0.0,0.0,0.0
65065,0.0,0.0,0.0
65066,0.0,0.0,0.0
65067,0.0,0.0,0.0
65068,0.0,0.0,0.0
65069,0.0,0.0,0.0
65070,0.0,0.0,0.0
65071,0.0,0.0,0.0
65072,0.0,0.0,0.0
65073,0.0,0.0,0.0
65074,0.0,0.0,0.0
65075,0.0,0.0,0.0
65076,0.0,0.0,0.0
65077,0.0,0.0,0.0
65078,0.0,0.0,0.0
65079,0.0,0.0,0.0
65080,0.0,0.0,0.0
65081,0.0,0.0,0.0
65082,0.0,0.0,0.0
65083,0.0,0.0,0.0
65084,0.0,0.0,0.0
65085,0.0,0.0,0.0
65086,0.0,0.0,0.0
65087,0.0,0.0,0.0
65088,0.0,0.0,0.0
65089,0.0,0.0,0.0
65090,0.0,0.0,0.0
65091,0.0,0.0,0.0
65092,0.0,0.0,0.0
65093,0.0,0.0,0.0
65094,0.0,0.0,0.0
65095,0.0,0.0,0.0
65096,0.0,0.0,0.0
65097,0.0,0.0,0.0
65098,0.0,0.0,0.0
65099,0.0,0.0,0.0
65100,0.0,0.0,0.0
65101,0.0,0.0,0.0
65102,0.0,0.0,0.0
65103,0.0,0.0,0.0
65104,0.0,0.0,0.0
65105,0.0,0.0,0.0
65106,0.0,0.0,0.0
65107,0.0,0.0,0.0
65108,0.0,0.0,0.0
65109,0.0,0.0,0.0
65110,0.0,0.0,0.0
65111,0.0,0.0,0.0
65112,0.0,0.0,0.0
65113,0.0,0.0,0.0
65114,0.0,0.0,0.0
65115,0.0,0.0,0.0
65116,0.0,0.0,0.0
65117,0.0,0.0,0.0
65118,0.0,0.0,0.0
65119,0.0,0.0,0.0
65120,0.0,0.0,0.0
65121,0.0,0.0,0.0
65122,0.0,0.0,0.0
65123,0.0,0.0,0.0
65124,0.0,0.0,0.0
65125,0.0,0.0,0.0
65126,0.0,0.0,0.0
65127,0.0,0.0,0.0
65128,0.0,0.0,0.0
65129,0.0,0.0,0.0
65130,0.0,0.0,0.0
65131,0.0,0.0,0.0
65132,0.0,0.0,0.0
65133,0.0,0.0,0.0
65134,0.0,0.0,0.0
65135,0.0,0.0,0.0
65136,0.0,0.0,0.0
65137,0.0,0.0,0.0
65138,0.0,0.0,0.0
65139,0.0,0.0,0.0
65140,0.0,0.0,0.0
65141,0.0,0.0,0.0
65142,0.0,0.0,0.0
65143,0.0,0.0,0.0
65144,0.0,0.0,0.0
65145,0.0,0.0,0.0
65146,0.0,0.0,0.0
65147,0.0,0.0,0.0
65148,0.0,0.0,0.0
65149,0.0,0.0,0.0
65150,0.0,0.0,0.0
65151,0.0,0.0,0.0
65152,0.0,0.0,0.0
65153,0.0,0.0,0.0
65154,0.0,0.0,0.0
65155,0.0,0.0,0.0
65156,0.0,0.0,0.0
65157,0.0,0.0,0.0
65158,0.0,0.0,0.0
65159,0.0,0.0,0.0
65160,0.0,0.0,0.0
65161,0.0,0.0,0.0
65162,0.0,0.0,0.0
65163,0.0,0.0,0.0
65164,0.0,0.0,0.0
65165,0.0,0.0,0.0
65166,0.0,0.0,0.0
65167,0.0,0.0,0.0
65168,0.0,0.0,0.0
65169,0.0,0.0,0.0
65170,0.0,0.0,0.0
65171,0.0,0.0,0.0
65172,0.0,0.0,0.0
65173,0.0,0.0,0.0
65174,0.0,0.0,0.0
65175,0.0,0.0,0.0
65176,0.0,0.0,0.0
65177,0.0,0.0,0.0
65178,0.0,0.0,0.0
65179,0.0,0.0,0.0
65180,0.0,0.0,0.0
65181,0.0,0.0,0.0
65182,0.0,0.0,0.0
65183,0.0,0.0,0.0
65184,0.0,0.0,0.0
65185,0.0,0.0,0.0
65186,0.0,0.0,0.0
65187,0.0,0.0,0.0
65188,0.0,0.0,0.0
65189,0.0,0.0,0.0
65190,0.0,0.0,0.0
65191,0.0,0.0,0.0
65192,0.0,0.0,0.0
65193,0.0,0.0,0.0
65194,0.0,0.0,0.0
65195,0.0,0.0,0.0
65196,0.0,0.0,0.0
65197,0.0,0.0,0.0
65198,0.0,0.0,0.0
65199,0.0,0.0,0.0
65200,0.0,0.0,0.0
65201,0.0,0.0,0.0
65202,0.0,0.0,0.0
65203,0.0,0.0,0.0
65204,0.0,0.0,0.0
65205,0.0,0.0,0.0
65206,0.0,0.0,0.0
65207,0.0,0.0,0.0
65208,0.0,0.0,0.0
65209,0.0,0.0,0.0
65210,0.0,0.0,0.0
65211,0.0,0.0,0.0
65212,0.0,0.0,0.0
65213,0.0,0.0,0.0
65214,0.0,0.0,0.0
65215,0.0,0.0,0.0
65216,0.0,0.0,0.0
65217,0.0,0.0,0.0
65218,0.0,0.0,0.0
65219,0.0,0.0,0.0
65220,0.0,0.0,0.0
65221,0.0,0.0,0.0
65222,0.0,0.0,0.0
65223,0.0,0.0,0.0
65224,0.0,0.0,0.0
65225,0.0,0.0,0.0
65226,0.0,0.0,0.0
65227,0.0,0.0,0.0
65228,0.0,0.0,0.0
65229,0.0,0.0,0.0
65230,0.0,0.0,0.0
65231,0.0,0.0,0.0
65232,0.0,0.0,0.0
65233,0.0,0.0,0.0
65234,0.0,0.0,0.0
65235,0.0,0.0,0.0
65236,0.0,0.0,0.0
65237,0.0,0.0,0.0
65238,0.0,0.0,0.0
65239,0.0,0.0,0.0
65240,0.0,0.0,0.0
65241,0.0,0.0,0.0
65242,0.0,0.0,0.0
65243,0.0,0.0,0.0
65244,0.0,0.0,0.0
65245,0.0,0.0,0.0
65246,0.0,0.0,0.0
65247,0.0,0.0,0.0
65248,0.0,0.0,0.0
65249,0.0,0.0,0.0
65250,0.0,0.0,0.0
65251,0.0,0.0,0.0
65252,0.0,0.0,0.0
65253,0.0,0.0,0.0
65254,0.0,0.0,0.0
65255,0.0,0.0,0.0
65256,0.0,0.0,0.0
65257,0.0,0.0,0.0
65258,0.0,0.0,0.0
65259,0.0,0.0,0.0
65260,0.0,0.0,0.0
65261,0.0,0.0,0.0
65262,0.0,0.0,0.0
65263,0.0,0.0,0.0
65264,0.0,0.0,0.0
65265,0.0,0.0,0.0
65266,0.0,0.0,0.0
65267,0.0,0.0,0.0
65268,0.0,0.0,0.0
65269,0.0,0.0,0.0
65270,0.0,0.0,0.0
65271,0.0,0.0,0.0
65272,0.0,0.0,0.0
65273,0.0,0.0,0.0
65274,0.0,0.0,0.0
65275,0.0,0.0,0.0
65276,0.0,0.0,0.0
65277,0.0,0.0,0.0
65278,0.0,0.0,0.0
65279,0.0,0.0,0.0
65280,0.0,0.0,0.0
65281,0.0,0.0,0.0
65282,0.0,0.0,0.0
65283,0.0,0.0,0.0
65284,0.0,0.0,0.0
65285,0.0,0.0,0.0
65286,0.0,0.0,0.0
65287,0.0,0.0,0.0
65288,0.0,0.0,0.0
65289,0.0,0.0,0.0
65290,0.0,0.0,0.0
65291,0.0,0.0,0.0
65292,0.0,0.0,0.0
65293,0.0,0.0,0.0
65294,0.0,0.0,0.0
65295,0.0,0.0,0.0
65296,0.0,0.0,0.0
65297,0.0,0.0,0.0
65298,0.0,0.0,0.0
65299,0.0,0.0,0.0
65300,0.0,0.0,0.0
65301,0.0,0.0,0.0
65302,0.0,0.0,0.0
65303,0.0,0.0,0.0
65304,0.0,0.0,0.0
65305,0.0,0.0,0.0
65306,0.0,0.0,0.0
65307,0.0,0.0,0.0
65308,0.0,0.0,0.0
65309,0.0,0.0,0.0
65310,0.0,0.0,0.0
65311,0.0,0.0,0.0
65312,0.0,0.0,0.0
65313,0.0,0.0,0.0
65314,0.0,0.0,0.0
65315,0.0,0.0,0.0
65316,0.0,0.0,0.0
65317,0.0,0.0,0.0
65318,0.0,0.0,0.0
65319,0.0,0.0,0.0
65320,0.0,0.0,0.0
65321,0.0,0.0,0.0
65322,0.0,0.0,0.0
65323,0.0,0.0,0.0
65324,0.0,0.0,0.0
65325,0.0,0.0,0.0
65326,0.0,0.0,0.0
65327,0.0,0.0,0.0
65328,0.0,0.0,0.0
65329,0.0,0.0,0.0
65330,0.0,0.0,0.0
65331,0.0,0.0,0.0
65332,0.0,0.0,0.0
65333,0.0,0.0,0.0
65334,0.0,0.0,0.0
65335,0.0,0.0,0.0
65336,0.0,0.0,0.0
65337,0.0,0.0,0.0
65338,0.0,0.0,0.0
65339,0.0,0.0,0.0
65340,0.0,0.0,0.0
65341,0.0,0.0,0.0
65342,0.0,0.0,0.0
65343,0.0,0.0,0.0
65344,0.0,0.0,0.0
65345,0.0,0.0,0.0
65346,0.0,0.0,0.0
65347,0.0,0.0,0.0
65348,0.0,0.0,0.0
65349,0.0,0.0,0.0
65350,0.0,0.0,0.0
65351,0.0,0.0,0.0
65352,0.0,0.0,0.0
65353,0.0,0.0,0.0
65354,0.0,0.0,0.0
65355,0.0,0.0,0.0
65356,0.0,0.0,0.0
65357,0.0,0.0,0.0
65358,0.0,0.0,0.0
65359,0.0,0.0,0.0
65360,0.0,0.0,0.0
65361,0.0,0.0,0.0
65362,0.0,0.0,0.0
65363,0.0,0.0,0.0
65364,0.0,0.0,0.0
65365,0.0,0.0,0.0
65366,0.0,0.0,0.0
65367,0.0,0.0,0.0
65368,0.0,0.0,0.0
65369,0.0,0.0,0.0
65370,0.0,0.0,0.0
65371,0.0,0.0,0.0
65372,0.0,0.0,0.0
65373,0.0,0.0,0.0
65374,0.0,0.0,0.0
65375,0.0,0.0,0.0
65376,0.0,0.0,0.0
65377,0.0,0.0,0.0
65378,0.0,0.0,0.0
65379,0.0,0.0,0.0
65380,0.0,0.0,0.0
65381,0.0,0.0,0.0
65382,0.0,0.0,0.0
65383,0.0,0.0,0.0
65384,0.0,0.0,0.0
65385,0.0,0.0,0.0
65386,0.0,0.0,0.0
65387,0.0,0.0,0.0
65388,0.0,0.0,0.0
65389,0.0,0.0,0.0
65390,0.0,0.0,0.0
65391,0.0,0.0,0.0
65392,0.0,0.0,0.0
65393,0.0,0.0,0.0
65394,0.0,0.0,0.0
65395,0.0,0.0,0.0
65396,0.0,0.0,0.0
65397,0.0,0.0,0.0
65398,0.0,0.0,0.0
65399,0.0,0.0,0.0
65400,0.0,0.0,0.0
65401,0.0,0.0,0.0
65402,0.0,0.0,0.0
65403,0.0,0.0,0.0
65404,0.0,0.0,0.0
65405,0.0,0.0,0.0
65406,0.0,0.0,0.0
65407,0.0,0.0,0.0
65408,0.0,0.0,0.0
65409,0.0,0.0,0.0
65410,0.0,0.0,0.0
65411,0.0,0.0,0.0
65412,0.0,0.0,0.0
65413,0.0,0.0,0.0
65414,0.0,0.0,0.0
65415,0.0,0.0,0.0
65416,0.0,0.0,0.0
65417,0.0,0.0,0.0
65418,0.0,0.0,0.0
65419,0.0,0.0,0.0
65420,0.0,0.0,0.0
65421,0.0,0.0,0.0
65422,0.0,0.0,0.0
65423,0.0,0.0,0.0
65424,0.0,0.0,0.0
65425,0.0,0.0,0.0
65426,0.0,0.0,0.0
65427,0.0,0.0,0.0
65428,0.0,0.0,0.0
65429,0.0,0.0,0.0
65430,0.0,0.0,0.0
65431,0.0,0.0,0.0
65432,0.0,0.0,0.0
65433,0.0,0.0,0.0
65434,0.0,0.0,0.0
65435,0.0,0.0,0.0
65436,0.0,0.0,0.0
65437,0.0,0.0,0.0
65438,0.0,0.0,0.0
65439,0.0,0.0,0.0
65440,0.0,0.0,0.0
65441,0.0,0.0,0.0
65442,0.0,0.0,0.0
65443,0.0,0.0,0.0
65444,0.0,0.0,0.0
65445,0.0,0.0,0.0
65446,0.0,0.0,0.0
65447,0.0,0.0,0.0
65448,0.0,0.0,0.0
65449,0.0,0.0,0.0
65450,0.0,0.0,0.0
65451,0.0,0.0,0.0
65452,0.0,0.0,0.0
65453,0.0,0.0,0.0
65454,0.0,0.0,0.0
65455,0.0,0.0,0.0
65456,0.0,0.0,0.0
65457,0.0,0.0,0.0
65458,0.0,0.0,0.0
65459,0.0,0.0,0.0
65460,0.0,0.0,0.0
65461,0.0,0.0,0.0
65462,0.0,0.0,0.0
65463,0.0,0.0,0.0
65464,0.0,0.0,0.0
65465,0.0,0.0,0.0
65466,0.0,0.0,0.0
65467,0.0,0.0,0.0
65468,0.0,0.0,0.0
65469,0.0,0.0,0.0
65470,0.0,0.0,0.0
65471,0.0,0.0,0.0
65472,0.0,0.0,0.0
65473,0.0,0.0,0.0
65474,0.0,0.0,0.0
65475,0.0,0.0,0.0
65476,0.0,0.0,0.0
65477,0.0,0.0,0.0
65478,0.0,0.0,0.0
65479,0.0,0.0,0.0
65480,0.0,0.0,0.0
65481,0.0,0.0,0.0
65482,0.0,0.0,0.0
65483,0.0,0.0,0.0
65484,0.0,0.0,0.0
65485,0.0,0.0,0.0
65486,0.0,0.0,0.0
65487,0.0,0.0,0.0
65488,0.0,0.0,0.0
65489,0.0,0.0,0.0
65490,0.0,0.0,0.0
65491,0.0,0.0,0.0
65492,0.0,0.0,0.0
65493,0.0,0.0,0.0
65494,0.0,0.0,0.0
65495,0.0,0.0,0.0
65496,0.0,0.0,0.0
65497,0.0,0.0,0.0
65498,0.0,0.0,0.0
65499,0.0,0.0,0.0
65500,0.0,0.0,0.0
65501,0.0,0.0,0.0
65502,0.0,0.0,0.0
65503,0.0,0.0,0.0
65504,0.0,0.0,0.0
65505,0.0,0.0,0.0
65506,0.0,0.0,0.0
65507,0.0,0.0,0.0
65508,0.0,0.0,0.0
65509,0.0,0.0,0.0
65510,0.0,0.0,0.0
65511,0.0,0.0,0.0
65512,0.0,0.0,0.0
65513,0.0,0.0,0.0
65514,0.0,0.0,0.0
65515,0.0,0.0,0.0
65516,0.0,0.0,0.0
65517,0.0,0.0,0.0
65518,0.0,0.0,0.0
65519,0.0,0.0,0.0
65520,0.0,0.0,0.0
65521,0.0,0.0,0.0
65522,0.0,0.0,0.0
65523,0.0,0.0,0.0
65524,0.0,0.0,0.0
65525,0.0,0.0,0.0
65526,0.0,0.0,0.0
65527,0.0,0.0,0.0
65528,0.0,0.0,0.0
65529,0.0,0.0,0.0
65530,0.0,0.0,0.0
65531,0.0,0.0,0.0
65532,0.0,0.0,0.0
65533,0.0,0.0,0.0
65534,0.0,0.0,0.0
65535,0.0,0.0,0.0
65536,0.0,0.0,0.0
65537,0.0,0.0,0.0
65538,0.0,0.0,0.0
65539,0.0,0.0,0.0
65540,0.0,0.0,0.0
65541,0.0,0.0,0.0
65542,0.0,0.0,0.0
65543,0.0,0.0,0.0
65544,0.0,0.0,0.0
65545,0.0,0.0,0.0
65546,0.0,0.0,0.0
65547,0.0,0.0,0.0
65548,0.0,0.0,0.0
65549,0.0,0.0,0.0
65550,0.0,0.0,0.0
65551,0.0,0.0,0.0
65552,0.0,0.0,0.0
65553,0.0,0.0,0.0
65554,0.0,0.0,0.0
65555,0.0,0.0,0.0
65556,0.0,0.0,0.0
65557,0.0,0.0,0.0
65558,0.0,0.0,0.0
65559,0.0,0.0,0.0
65560,0.0,0.0,0.0
65561,0.0,0.0,0.0
65562,0.0,0.0,0.0
65563,0.0,0.0,0.0
65564,0.0,0.0,0.0
65565,0.0,0.0,0.0
65566,0.0,0.0,0.0
65567,0.0,0.0,0.0
65568,0.0,0.0,0.0
65569,0.0,0.0,0.0
65570,0.0,0.0,0.0
65571,0.0,0.0,0.0
65572,0.0,0.0,0.0
65573,0.0,0.0,0.0
65574,0.0,0.0,0.0
65575,0.0,0.0,0.0
65576,0.0,0.0,0.0
65577,0.0,0.0,0.0
65578,0.0,0.0,0.0
65579,0.0,0.0,0.0
65580,0.0,0.0,0.0
65581,0.0,0.0,0.0
65582,0.0,0.0,0.0
65583,0.0,0.0,0.0
65584,0.0,0.0,0.0
65585,0.0,0.0,0.0
65586,0.0,0.0,0.0
65587,0.0,0.0,0.0
65588,0.0,0.0,0.0
65589,0.0,0.0,0.0
65590,0.0,0.0,0.0
65591,0.0,0.0,0.0
65592,0.0,0.0,0.0
65593,0.0,0.0,0.0
65594,0.0,0.0,0.0
65595,0.0,0.0,0.0
65596,0.0,0.0,0.0
65597,0.0,0.0,0.0
65598,0.0,0.0,0.0
65599,0.0,0.0,0.0
65600,0.0,0.0,0.0
65601,0.0,0.0,0.0
65602,0.0,0.0,0.0
65603,0.0,0.0,0.0
65604,0.0,0.0,0.0
65605,0.0,0.0,0.0
65606,0.0,0.0,0.0
65607,0.0,0.0,0.0
65608,0.0,0.0,0.0
65609,0.0,0.0,0.0
65610,0.0,0.0,0.0
65611,0.0,0.0,0.0
65612,0.0,0.0,0.0
65613,0.0,0.0,0.0
65614,0.0,0.0,0.0
65615,0.0,0.0,0.0
65616,0.0,0.0,0.0
65617,0.0,0.0,0.0
65618,0.0,0.0,0.0
65619,0.0,0.0,0.0
65620,0.0,0.0,0.0
65621,0.0,0.0,0.0
65622,0.0,0.0,0.0
65623,0.0,0.0,0.0
65624,0.0,0.0,0.0
65625,0.0,0.0,0.0
65626,0.0,0.0,0.0
65627,0.0,0.0,0.0
65628,0.0,0.0,0.0
65629,0.0,0.0,0.0
65630,0.0,0.0,0.0
65631,0.0,0.0,0.0
65632,0.0,0.0,0.0
65633,0.0,0.0,0.0
65634,0.0,0.0,0.0
65635,0.0,0.0,0.0
65636,0.0,0.0,0.0
65637,0.0,0.0,0.0
65638,0.0,0.0,0.0
65639,0.0,0.0,0.0
65640,0.0,0.0,0.0
65641,0.0,0.0,0.0
65642,0.0,0.0,0.0
65643,0.0,0.0,0.0
65644,0.0,0.0,0.0
65645,0.0,0.0,0.0
65646,0.0,0.0,0.0
65647,0.0,0.0,0.0
65648,0.0,0.0,0.0
65649,0.0,0.0,0.0
65650,0.0,0.0,0.0
65651,0.0,0.0,0.0
65652,0.0,0.0,0.0
65653,0.0,0.0,0.0
65654,0.0,0.0,0.0
65655,0.0,0.0,0.0
65656,0.0,0.0,0.0
65657,0.0,0.0,0.0
65658,0.0,0.0,0.0
65659,0.0,0.0,0.0
65660,0.0,0.0,0.0
65661,0.0,0.0,0.0
65662,0.0,0.0,0.0
65663,0.0,0.0,0.0
65664,0.0,0.0,0.0
65665,0.0,0.0,0.0
65666,0.0,0.0,0.0
65667,0.0,0.0,0.0
65668,0.0,0.0,0.0
65669,0.0,0.0,0.0
65670,0.0,0.0,0.0
65671,0.0,0.0,0.0
65672,0.0,0.0,0.0
65673,0.0,0.0,0.0
65674,0.0,0.0,0.0
65675,0.0,0.0,0.0
65676,0.0,0.0,0.0
65677,0.0,0.0,0.0
65678,0.0,0.0,0.0
65679,0.0,0.0,0.0
65680,0.0,0.0,0.0
65681,0.0,0.0,0.0
65682,0.0,0.0,0.0
65683,0.0,0.0,0.0
65684,0.0,0.0,0.0
65685,0.0,0.0,0.0
65686,0.0,0.0,0.0
65687,0.0,0.0,0.0
65688,0.0,0.0,0.0
65689,0.0,0.0,0.0
65690,0.0,0.0,0.0
65691,0.0,0.0,0.0
65692,0.0,0.0,0.0
65693,0.0,0.0,0.0
65694,0.0,0.0,0.0
65695,0.0,0.0,0.0
65696,0.0,0.0,0.0
65697,0.0,0.0,0.0
65698,0.0,0.0,0.0
65699,0.0,0.0,0.0
65700,0.0,0.0,0.0
65701,0.0,0.0,0.0
65702,0.0,0.0,0.0
65703,0.0,0.0,0.0
65704,0.0,0.0,0.0
65705,0.0,0.0,0.0
65706,0.0,0.0,0.0
65707,0.0,0.0,0.0
65708,0.0,0.0,0.0
65709,0.0,0.0,0.0
65710,0.0,0.0,0.0
65711,0.0,0.0,0.0
65712,0.0,0.0,0.0
65713,0.0,0.0,0.0
65714,0.0,0.0,0.0
65715,0.0,0.0,0.0
65716,0.0,0.0,0.0
65717,0.0,0.0,0.0
65718,0.0,0.0,0.0
65719,0.0,0.0,0.0
65720,0.0,0.0,0.0
65721,0.0,0.0,0.0
65722,0.0,0.0,0.0
65723,0.0,0.0,0.0
65724,0.0,0.0,0.0
65725,0.0,0.0,0.0
65726,0.0,0.0,0.0
65727,0.0,0.0,0.0
65728,0.0,0.0,0.0
65729,0.0,0.0,0.0
65730,0.0,0.0,0.0
65731,0.0,0.0,0.0
65732,0.0,0.0,0.0
65733,0.0,0.0,0.0
65734,0.0,0.0,0.0
65735,0.0,0.0,0.0
65736,0.0,0.0,0.0
65737,0.0,0.0,0.0
65738,0.0,0.0,0.0
65739,0.0,0.0,0.0
65740,0.0,0.0,0.0
65741,0.0,0.0,0.0
65742,0.0,0.0,0.0
65743,0.0,0.0,0.0
65744,0.0,0.0,0.0
65745,0.0,0.0,0.0
65746,0.0,0.0,0.0
65747,0.0,0.0,0.0
65748,0.0,0.0,0.0
65749,0.0,0.0,0.0
65750,0.0,0.0,0.0
65751,0.0,0.0,0.0
65752,0.0,0.0,0.0
65753,0.0,0.0,0.0
65754,0.0,0.0,0.0
65755,0.0,0.0,0.0
65756,0.0,0.0,0.0
65757,0.0,0.0,0.0
65758,0.0,0.0,0.0
65759,0.0,0.0,0.0
65760,0.0,0.0,0.0
65761,0.0,0.0,0.0
65762,0.0,0.0,0.0
65763,0.0,0.0,0.0
65764,0.0,0.0,0.0
65765,0.0,0.0,0.0
65766,0.0,0.0,0.0
65767,0.0,0.0,0.0
65768,0.0,0.0,0.0
65769,0.0,0.0,0.0
65770,0.0,0.0,0.0
65771,0.0,0.0,0.0
65772,0.0,0.0,0.0
65773,0.0,0.0,0.0
65774,0.0,0.0,0.0
65775,0.0,0.0,0.0
65776,0.0,0.0,0.0
65777,0.0,0.0,0.0
65778,0.0,0.0,0.0
65779,0.0,0.0,0.0
65780,0.0,0.0,0.0
65781,0.0,0.0,0.0
65782,0.0,0.0,0.0
65783,0.0,0.0,0.0
65784,0.0,0.0,0.0
65785,0.0,0.0,0.0
65786,0.0,0.0,0.0
65787,0.0,0.0,0.0
65788,0.0,0.0,0.0
65789,0.0,0.0,0.0
65790,0.0,0.0,0.0
65791,0.0,0.0,0.0
65792,0.0,0.0,0.0
65793,0.0,0.0,0.0
65794,0.0,0.0,0.0
65795,0.0,0.0,0.0
65796,0.0,0.0,0.0
65797,0.0,0.0,0.0
65798,0.0,0.0,0.0
65799,0.0,0.0,0.0
65800,0.0,0.0,0.0
65801,0.0,0.0,0.0
65802,0.0,0.0,0.0
65803,0.0,0.0,0.0
65804,0.0,0.0,0.0
65805,0.0,0.0,0.0
65806,0.0,0.0,0.0
65807,0.0,0.0,0.0
65808,0.0,0.0,0.0
65809,0.0,0.0,0.0
65810,0.0,0.0,0.0
65811,0.0,0.0,0.0
65812,0.0,0.0,0.0
65813,0.0,0.0,0.0
65814,0.0,0.0,0.0
65815,0.0,0.0,0.0
65816,0.0,0.0,0.0
65817,0.0,0.0,0.0
65818,0.0,0.0,0.0
65819,0.0,0.0,0.0
65820,0.0,0.0,0.0
65821,0.0,0.0,0.0
65822,0.0,0.0,0.0
65823,0.0,0.0,0.0
65824,0.0,0.0,0.0
65825,0.0,0.0,0.0
65826,0.0,0.0,0.0
65827,0.0,0.0,0.0
65828,0.0,0.0,0.0
65829,0.0,0.0,0.0
65830,0.0,0.0,0.0
65831,0.0,0.0,0.0
65832,0.0,0.0,0.0
65833,0.0,0.0,0.0
65834,0.0,0.0,0.0
65835,0.0,0.0,0.0
65836,0.0,0.0,0.0
65837,0.0,0.0,0.0
65838,0.0,0.0,0.0
65839,0.0,0.0,0.0
65840,0.0,0.0,0.0
65841,0.0,0.0,0.0
65842,0.0,0.0,0.0
65843,0.0,0.0,0.0
65844,0.0,0.0,0.0
65845,0.0,0.0,0.0
65846,0.0,0.0,0.0
65847,0.0,0.0,0.0
65848,0.0,0.0,0.0
65849,0.0,0.0,0.0
65850,0.0,0.0,0.0
65851,0.0,0.0,0.0
65852,0.0,0.0,0.0
65853,0.0,0.0,0.0
65854,0.0,0.0,0.0
65855,0.0,0.0,0.0
65856,0.0,0.0,0.0
65857,0.0,0.0,0.0
65858,0.0,0.0,0.0
65859,0.0,0.0,0.0
65860,0.0,0.0,0.0
65861,0.0,0.0,0.0
65862,0.0,0.0,0.0
65863,0.0,0.0,0.0
65864,0.0,0.0,0.0
65865,0.0,0.0,0.0
65866,0.0,0.0,0.0
65867,0.0,0.0,0.0
65868,0.0,0.0,0.0
65869,0.0,0.0,0.0
65870,0.0,0.0,0.0
65871,0.0,0.0,0.0
65872,0.0,0.0,0.0
65873,0.0,0.0,0.0
65874,0.0,0.0,0.0
65875,0.0,0.0,0.0
65876,0.0,0.0,0.0
65877,0.0,0.0,0.0
65878,0.0,0.0,0.0
65879,0.0,0.0,0.0
65880,0.0,0.0,0.0
65881,0.0,0.0,0.0
65882,0.0,0.0,0.0
65883,0.0,0.0,0.0
65884,0.0,0.0,0.0
65885,0.0,0.0,0.0
65886,0.0,0.0,0.0
65887,0.0,0.0,0.0
65888,0.0,0.0,0.0
65889,0.0,0.0,0.0
65890,0.0,0.0,0.0
65891,0.0,0.0,0.0
65892,0.0,0.0,0.0
65893,0.0,0.0,0.0
65894,0.0,0.0,0.0
65895,0.0,0.0,0.0
65896,0.0,0.0,0.0
65897,0.0,0.0,0.0
65898,0.0,0.0,0.0
65899,0.0,0.0,0.0
65900,0.0,0.0,0.0
65901,0.0,0.0,0.0
65902,0.0,0.0,0.0
65903,0.0,0.0,0.0
65904,0.0,0.0,0.0
65905,0.0,0.0,0.0
65906,0.0,0.0,0.0
65907,0.0,0.0,0.0
65908,0.0,0.0,0.0
65909,0.0,0.0,0.0
65910,0.0,0.0,0.0
65911,0.0,0.0,0.0
65912,0.0,0.0,0.0
65913,0.0,0.0,0.0
65914,0.0,0.0,0.0
65915,0.0,0.0,0.0
65916,0.0,0.0,0.0
65917,0.0,0.0,0.0
65918,0.0,0.0,0.0
65919,0.0,0.0,0.0
65920,0.0,0.0,0.0
65921,0.0,0.0,0.0
65922,0.0,0.0,0.0
65923,0.0,0.0,0.0
65924,0.0,0.0,0.0
65925,0.0,0.0,0.0
65926,0.0,0.0,0.0
65927,0.0,0.0,0.0
65928,0.0,0.0,0.0
65929,0.0,0.0,0.0
65930,0.0,0.0,0.0
65931,0.0,0.0,0.0
65932,0.0,0.0,0.0
65933,0.0,0.0,0.0
65934,0.0,0.0,0.0
65935,0.0,0.0,0.0
65936,0.0,0.0,0.0
65937,0.0,0.0,0.0
65938,0.0,0.0,0.0
65939,0.0,0.0,0.0
65940,0.0,0.0,0.0
65941,0.0,0.0,0.0
65942,0.0,0.0,0.0
65943,0.0,0.0,0.0
65944,0.0,0.0,0.0
65945,0.0,0.0,0.0
65946,0.0,0.0,0.0
65947,0.0,0.0,0.0
65948,0.0,0.0,0.0
65949,0.0,0.0,0.0
65950,0.0,0.0,0.0
65951,0.0,0.0,0.0
65952,0.0,0.0,0.0
65953,0.0,0.0,0.0
65954,0.0,0.0,0.0
65955,0.0,0.0,0.0
65956,0.0,0.0,0.0
65957,0.0,0.0,0.0
65958,0.0,0.0,0.0
65959,0.0,0.0,0.0
65960,0.0,0.0,0.0
65961,0.0,0.0,0.0
65962,0.0,0.0,0.0
65963,0.0,0.0,0.0
65964,0.0,0.0,0.0
65965,0.0,0.0,0.0
65966,0.0,0.0,0.0
65967,0.0,0.0,0.0
65968,0.0,0.0,0.0
65969,0.0,0.0,0.0
65970,0.0,0.0,0.0
65971,0.0,0.0,0.0
65972,0.0,0.0,0.0
65973,0.0,0.0,0.0
65974,0.0,0.0,0.0
65975,0.0,0.0,0.0
65976,0.0,0.0,0.0
65977,0.0,0.0,0.0
65978,0.0,0.0,0.0
65979,0.0,0.0,0.0
65980,0.0,0.0,0.0
65981,0.0,0.0,0.0
65982,0.0,0.0,0.0
65983,0.0,0.0,0.0
65984,0.0,0.0,0.0
65985,0.0,0.0,0.0
65986,0.0,0.0,0.0
65987,0.0,0.0,0.0
65988,0.0,0.0,0.0
65989,0.0,0.0,0.0
65990,0.0,0.0,0.0
65991,0.0,0.0,0.0
65992,0.0,0.0,0.0
65993,0.0,0.0,0.0
65994,0.0,0.0,0.0
65995,0.0,0.0,0.0
65996,0.0,0.0,0.0
65997,0.0,0.0,0.0
65998,0.0,0.0,0.0
65999,0.0,0.0,0.0
66000,0.0,0.0,0.0
66001,0.0,0.0,0.0
66002,0.0,0.0,0.0
66003,0.0,0.0,0.0
66004,0.0,0.0,0.0
66005,0.0,0.0,0.0
66006,0.0,0.0,0.0
66007,0.0,0.0,0.0
66008,0.0,0.0,0.0
66009,0.0,0.0,0.0
66010,0.0,0.0,0.0
66011,0.0,0.0,0.0
66012,0.0,0.0,0.0
66013,0.0,0.0,0.0
66014,0.0,0.0,0.0
66015,0.0,0.0,0.0
66016,0.0,0.0,0.0
66017,0.0,0.0,0.0
66018,0.0,0.0,0.0
66019,0.0,0.0,0.0
66020,0.0,0.0,0.0
66021,0.0,0.0,0.0
66022,0.0,0.0,0.0
66023,0.0,0.0,0.0
66024,0.0,0.0,0.0
66025,0.0,0.0,0.0
66026,0.0,0.0,0.0
66027,0.0,0.0,0.0
66028,0.0,0.0,0.0
66029,0.0,0.0,0.0
66030,0.0,0.0,0.0
66031,0.0,0.0,0.0
66032,0.0,0.0,0.0
66033,0.0,0.0,0.0
66034,0.0,0.0,0.0
66035,0.0,0.0,0.0
66036,0.0,0.0,0.0
66037,0.0,0.0,0.0
66038,0.0,0.0,0.0
66039,0.0,0.0,0.0
66040,0.0,0.0,0.0
66041,0.0,0.0,0.0
66042,0.0,0.0,0.0
66043,0.0,0.0,0.0
66044,0.0,0.0,0.0
66045,0.0,0.0,0.0
66046,0.0,0.0,0.0
66047,0.0,0.0,0.0
66048,0.0,0.0,0.0
66049,0.0,0.0,0.0
66050,0.0,0.0,0.0
66051,0.0,0.0,0.0
66052,0.0,0.0,0.0
66053,0.0,0.0,0.0
66054,0.0,0.0,0.0
66055,0.0,0.0,0.0
66056,0.0,0.0,0.0
66057,0.0,0.0,0.0
66058,0.0,0.0,0.0
66059,0.0,0.0,0.0
66060,0.0,0.0,0.0
66061,0.0,0.0,0.0
66062,0.0,0.0,0.0
66063,0.0,0.0,0.0
66064,0.0,0.0,0.0
66065,0.0,0.0,0.0
66066,0.0,0.0,0.0
66067,0.0,0.0,0.0
66068,0.0,0.0,0.0
66069,0.0,0.0,0.0
66070,0.0,0.0,0.0
66071,0.0,0.0,0.0
66072,0.0,0.0,0.0
66073,0.0,0.0,0.0
66074,0.0,0.0,0.0
66075,0.0,0.0,0.0
66076,0.0,0.0,0.0
66077,0.0,0.0,0.0
66078,0.0,0.0,0.0
66079,0.0,0.0,0.0
66080,0.0,0.0,0.0
66081,0.0,0.0,0.0
66082,0.0,0.0,0.0
66083,0.0,0.0,0.0
66084,0.0,0.0,0.0
66085,0.0,0.0,0.0
66086,0.0,0.0,0.0
66087,0.0,0.0,0.0
66088,0.0,0.0,0.0
66089,0.0,0.0,0.0
66090,0.0,0.0,0.0
66091,0.0,0.0,0.0
66092,0.0,0.0,0.0
66093,0.0,0.0,0.0
66094,0.0,0.0,0.0
66095,0.0,0.0,0.0
66096,0.0,0.0,0.0
66097,0.0,0.0,0.0
66098,0.0,0.0,0.0
66099,0.0,0.0,0.0
66100,0.0,0.0,0.0
66101,0.0,0.0,0.0
66102,0.0,0.0,0.0
66103,0.0,0.0,0.0
66104,0.0,0.0,0.0
66105,0.0,0.0,0.0
66106,0.0,0.0,0.0
66107,0.0,0.0,0.0
66108,0.0,0.0,0.0
66109,0.0,0.0,0.0
66110,0.0,0.0,0.0
66111,0.0,0.0,0.0
66112,0.0,0.0,0.0
66113,0.0,0.0,0.0
66114,0.0,0.0,0.0
66115,0.0,0.0,0.0
66116,0.0,0.0,0.0
66117,0.0,0.0,0.0
66118,0.0,0.0,0.0
66119,0.0,0.0,0.0
66120,0.0,0.0,0.0
66121,0.0,0.0,0.0
66122,0.0,0.0,0.0
66123,0.0,0.0,0.0
66124,0.0,0.0,0.0
66125,0.0,0.0,0.0
66126,0.0,0.0,0.0
66127,0.0,0.0,0.0
66128,0.0,0.0,0.0
66129,0.0,0.0,0.0
66130,0.0,0.0,0.0
66131,0.0,0.0,0.0
66132,0.0,0.0,0.0
66133,0.0,0.0,0.0
66134,0.0,0.0,0.0
66135,0.0,0.0,0.0
66136,0.0,0.0,0.0
66137,0.0,0.0,0.0
66138,0.0,0.0,0.0
66139,0.0,0.0,0.0
66140,0.0,0.0,0.0
66141,0.0,0.0,0.0
66142,0.0,0.0,0.0
66143,0.0,0.0,0.0
66144,0.0,0.0,0.0
66145,0.0,0.0,0.0
66146,0.0,0.0,0.0
66147,0.0,0.0,0.0
66148,0.0,0.0,0.0
66149,0.0,0.0,0.0
66150,0.0,0.0,0.0
66151,0.0,0.0,0.0
66152,0.0,0.0,0.0
66153,0.0,0.0,0.0
66154,0.0,0.0,0.0
66155,0.0,0.0,0.0
66156,0.0,0.0,0.0
66157,0.0,0.0,0.0
66158,0.0,0.0,0.0
66159,0.0,0.0,0.0
66160,0.0,0.0,0.0
66161,0.0,0.0,0.0
66162,0.0,0.0,0.0
66163,0.0,0.0,0.0
66164,0.0,0.0,0.0
66165,0.0,0.0,0.0
66166,0.0,0.0,0.0
66167,0.0,0.0,0.0
66168,0.0,0.0,0.0
66169,0.0,0.0,0.0
66170,0.0,0.0,0.0
66171,0.0,0.0,0.0
66172,0.0,0.0,0.0
66173,0.0,0.0,0.0
66174,0.0,0.0,0.0
66175,0.0,0.0,0.0
66176,0.0,0.0,0.0
66177,0.0,0.0,0.0
66178,0.0,0.0,0.0
66179,0.0,0.0,0.0
66180,0.0,0.0,0.0
66181,0.0,0.0,0.0
66182,0.0,0.0,0.0
66183,0.0,0.0,0.0
66184,0.0,0.0,0.0
66185,0.0,0.0,0.0
66186,0.0,0.0,0.0
66187,0.0,0.0,0.0
66188,0.0,0.0,0.0
66189,0.0,0.0,0.0
66190,0.0,0.0,0.0
66191,0.0,0.0,0.0
66192,0.0,0.0,0.0
66193,0.0,0.0,0.0
66194,0.0,0.0,0.0
66195,0.0,0.0,0.0
66196,0.0,0.0,0.0
66197,0.0,0.0,0.0
66198,0.0,0.0,0.0
66199,0.0,0.0,0.0
66200,0.0,0.0,0.0
66201,0.0,0.0,0.0
66202,0.0,0.0,0.0
66203,0.0,0.0,0.0
66204,0.0,0.0,0.0
66205,0.0,0.0,0.0
66206,0.0,0.0,0.0
66207,0.0,0.0,0.0
66208,0.0,0.0,0.0
66209,0.0,0.0,0.0
66210,0.0,0.0,0.0
66211,0.0,0.0,0.0
66212,0.0,0.0,0.0
66213,0.0,0.0,0.0
66214,0.0,0.0,0.0
66215,0.0,0.0,0.0
66216,0.0,0.0,0.0
66217,0.0,0.0,0.0
66218,0.0,0.0,0.0
66219,0.0,0.0,0.0
66220,0.0,0.0,0.0
66221,0.0,0.0,0.0
66222,0.0,0.0,0.0
66223,0.0,0.0,0.0
66224,0.0,0.0,0.0
66225,0.0,0.0,0.0
66226,0.0,0.0,0.0
66227,0.0,0.0,0.0
66228,0.0,0.0,0.0
66229,0.0,0.0,0.0
66230,0.0,0.0,0.0
66231,0.0,0.0,0.0
66232,0.0,0.0,0.0
66233,0.0,0.0,0.0
66234,0.0,0.0,0.0
66235,0.0,0.0,0.0
66236,0.0,0.0,0.0
66237,0.0,0.0,0.0
66238,0.0,0.0,0.0
66239,0.0,0.0,0.0
66240,0.0,0.0,0.0
66241,0.0,0.0,0.0
66242,0.0,0.0,0.0
66243,0.0,0.0,0.0
66244,0.0,0.0,0.0
66245,0.0,0.0,0.0
66246,0.0,0.0,0.0
66247,0.0,0.0,0.0
66248,0.0,0.0,0.0
66249,0.0,0.0,0.0
66250,0.0,0.0,0.0
66251,0.0,0.0,0.0
66252,0.0,0.0,0.0
66253,0.0,0.0,0.0
66254,0.0,0.0,0.0
66255,0.0,0.0,0.0
66256,0.0,0.0,0.0
66257,0.0,0.0,0.0
66258,0.0,0.0,0.0
66259,0.0,0.0,0.0
66260,0.0,0.0,0.0
66261,0.0,0.0,0.0
66262,0.0,0.0,0.0
66263,0.0,0.0,0.0
66264,0.0,0.0,0.0
66265,0.0,0.0,0.0
66266,0.0,0.0,0.0
66267,0.0,0.0,0.0
66268,0.0,0.0,0.0
66269,0.0,0.0,0.0
66270,0.0,0.0,0.0
66271,0.0,0.0,0.0
66272,0.0,0.0,0.0
66273,0.0,0.0,0.0
66274,0.0,0.0,0.0
66275,0.0,0.0,0.0
66276,0.0,0.0,0.0
66277,0.0,0.0,0.0
66278,0.0,0.0,0.0
66279,0.0,0.0,0.0
66280,0.0,0.0,0.0
66281,0.0,0.0,0.0
66282,0.0,0.0,0.0
66283,0.0,0.0,0.0
66284,0.0,0.0,0.0
66285,0.0,0.0,0.0
66286,0.0,0.0,0.0
66287,0.0,0.0,0.0
66288,0.0,0.0,0.0
66289,0.0,0.0,0.0
66290,0.0,0.0,0.0
66291,0.0,0.0,0.0
66292,0.0,0.0,0.0
66293,0.0,0.0,0.0
66294,0.0,0.0,0.0
66295,0.0,0.0,0.0
66296,0.0,0.0,0.0
66297,0.0,0.0,0.0
66298,0.0,0.0,0.0
66299,0.0,0.0,0.0
66300,0.0,0.0,0.0
66301,0.0,0.0,0.0
66302,0.0,0.0,0.0
66303,0.0,0.0,0.0
66304,0.0,0.0,0.0
66305,0.0,0.0,0.0
66306,0.0,0.0,0.0
66307,0.0,0.0,0.0
66308,0.0,0.0,0.0
66309,0.0,0.0,0.0
66310,0.0,0.0,0.0
66311,0.0,0.0,0.0
66312,0.0,0.0,0.0
66313,0.0,0.0,0.0
66314,0.0,0.0,0.0
66315,0.0,0.0,0.0
66316,0.0,0.0,0.0
66317,0.0,0.0,0.0
66318,0.0,0.0,0.0
66319,0.0,0.0,0.0
66320,0.0,0.0,0.0
66321,0.0,0.0,0.0
66322,0.0,0.0,0.0
66323,0.0,0.0,0.0
66324,0.0,0.0,0.0
66325,0.0,0.0,0.0
66326,0.0,0.0,0.0
66327,0.0,0.0,0.0
66328,0.0,0.0,0.0
66329,0.0,0.0,0.0
66330,0.0,0.0,0.0
66331,0.0,0.0,0.0
66332,0.0,0.0,0.0
66333,0.0,0.0,0.0
66334,0.0,0.0,0.0
66335,0.0,0.0,0.0
66336,0.0,0.0,0.0
66337,0.0,0.0,0.0
66338,0.0,0.0,0.0
66339,0.0,0.0,0.0
66340,0.0,0.0,0.0
66341,0.0,0.0,0.0
66342,0.0,0.0,0.0
66343,0.0,0.0,0.0
66344,0.0,0.0,0.0
66345,0.0,0.0,0.0
66346,0.0,0.0,0.0
66347,0.0,0.0,0.0
66348,0.0,0.0,0.0
66349,0.0,0.0,0.0
66350,0.0,0.0,0.0
66351,0.0,0.0,0.0
66352,0.0,0.0,0.0
66353,0.0,0.0,0.0
66354,0.0,0.0,0.0
66355,0.0,0.0,0.0
66356,0.0,0.0,0.0
66357,0.0,0.0,0.0
66358,0.0,0.0,0.0
66359,0.0,0.0,0.0
66360,0.0,0.0,0.0
66361,0.0,0.0,0.0
66362,0.0,0.0,0.0
66363,0.0,0.0,0.0
66364,0.0,0.0,0.0
66365,0.0,0.0,0.0
66366,0.0,0.0,0.0
66367,0.0,0.0,0.0
66368,0.0,0.0,0.0
66369,0.0,0.0,0.0
66370,0.0,0.0,0.0
66371,0.0,0.0,0.0
66372,0.0,0.0,0.0
66373,0.0,0.0,0.0
66374,0.0,0.0,0.0
66375,0.0,0.0,0.0
66376,0.0,0.0,0.0
66377,0.0,0.0,0.0
66378,0.0,0.0,0.0
66379,0.0,0.0,0.0
66380,0.0,0.0,0.0
66381,0.0,0.0,0.0
66382,0.0,0.0,0.0
66383,0.0,0.0,0.0
66384,0.0,0.0,0.0
66385,0.0,0.0,0.0
66386,0.0,0.0,0.0
66387,0.0,0.0,0.0
66388,0.0,0.0,0.0
66389,0.0,0.0,0.0
66390,0.0,0.0,0.0
66391,0.0,0.0,0.0
66392,0.0,0.0,0.0
66393,0.0,0.0,0.0
66394,0.0,0.0,0.0
66395,0.0,0.0,0.0
66396,0.0,0.0,0.0
66397,0.0,0.0,0.0
66398,0.0,0.0,0.0
66399,0.0,0.0,0.0
66400,0.0,0.0,0.0
66401,0.0,0.0,0.0
66402,0.0,0.0,0.0
66403,0.0,0.0,0.0
66404,0.0,0.0,0.0
66405,0.0,0.0,0.0
66406,0.0,0.0,0.0
66407,0.0,0.0,0.0
66408,0.0,0.0,0.0
66409,0.0,0.0,0.0
66410,0.0,0.0,0.0
66411,0.0,0.0,0.0
66412,0.0,0.0,0.0
66413,0.0,0.0,0.0
66414,0.0,0.0,0.0
66415,0.0,0.0,0.0
66416,0.0,0.0,0.0
66417,0.0,0.0,0.0
66418,0.0,0.0,0.0
66419,0.0,0.0,0.0
66420,0.0,0.0,0.0
66421,0.0,0.0,0.0
66422,0.0,0.0,0.0
66423,0.0,0.0,0.0
66424,0.0,0.0,0.0
66425,0.0,0.0,0.0
66426,0.0,0.0,0.0
66427,0.0,0.0,0.0
66428,0.0,0.0,0.0
66429,0.0,0.0,0.0
66430,0.0,0.0,0.0
66431,0.0,0.0,0.0
66432,0.0,0.0,0.0
66433,0.0,0.0,0.0
66434,0.0,0.0,0.0
66435,0.0,0.0,0.0
66436,0.0,0.0,0.0
66437,0.0,0.0,0.0
66438,0.0,0.0,0.0
66439,0.0,0.0,0.0
66440,0.0,0.0,0.0
66441,0.0,0.0,0.0
66442,0.0,0.0,0.0
66443,0.0,0.0,0.0
66444,0.0,0.0,0.0
66445,0.0,0.0,0.0
66446,0.0,0.0,0.0
66447,0.0,0.0,0.0
66448,0.0,0.0,0.0
66449,0.0,0.0,0.0
66450,0.0,0.0,0.0
66451,0.0,0.0,0.0
66452,0.0,0.0,0.0
66453,0.0,0.0,0.0
66454,0.0,0.0,0.0
66455,0.0,0.0,0.0
66456,0.0,0.0,0.0
66457,0.0,0.0,0.0
66458,0.0,0.0,0.0
66459,0.0,0.0,0.0
66460,0.0,0.0,0.0
66461,0.0,0.0,0.0
66462,0.0,0.0,0.0
66463,0.0,0.0,0.0
66464,0.0,0.0,0.0
66465,0.0,0.0,0.0
66466,0.0,0.0,0.0
66467,0.0,0.0,0.0
66468,0.0,0.0,0.0
66469,0.0,0.0,0.0
66470,0.0,0.0,0.0
66471,0.0,0.0,0.0
66472,0.0,0.0,0.0
66473,0.0,0.0,0.0
66474,0.0,0.0,0.0
66475,0.0,0.0,0.0
66476,0.0,0.0,0.0
66477,0.0,0.0,0.0
66478,0.0,0.0,0.0
66479,0.0,0.0,0.0
66480,0.0,0.0,0.0
66481,0.0,0.0,0.0
66482,0.0,0.0,0.0
66483,0.0,0.0,0.0
66484,0.0,0.0,0.0
66485,0.0,0.0,0.0
66486,0.0,0.0,0.0
66487,0.0,0.0,0.0
66488,0.0,0.0,0.0
66489,0.0,0.0,0.0
66490,0.0,0.0,0.0
66491,0.0,0.0,0.0
66492,0.0,0.0,0.0
66493,0.0,0.0,0.0
66494,0.0,0.0,0.0
66495,0.0,0.0,0.0
66496,0.0,0.0,0.0
66497,0.0,0.0,0.0
66498,0.0,0.0,0.0
66499,0.0,0.0,0.0
66500,0.0,0.0,0.0
66501,0.0,0.0,0.0
66502,0.0,0.0,0.0
66503,0.0,0.0,0.0
66504,0.0,0.0,0.0
66505,0.0,0.0,0.0
66506,0.0,0.0,0.0
66507,0.0,0.0,0.0
66508,0.0,0.0,0.0
66509,0.0,0.0,0.0
66510,0.0,0.0,0.0
66511,0.0,0.0,0.0
66512,0.0,0.0,0.0
66513,0.0,0.0,0.0
66514,0.0,0.0,0.0
66515,0.0,0.0,0.0
66516,0.0,0.0,0.0
66517,0.0,0.0,0.0
66518,0.0,0.0,0.0
66519,0.0,0.0,0.0
66520,0.0,0.0,0.0
66521,0.0,0.0,0.0
66522,0.0,0.0,0.0
66523,0.0,0.0,0.0
66524,0.0,0.0,0.0
66525,0.0,0.0,0.0
66526,0.0,0.0,0.0
66527,0.0,0.0,0.0
66528,0.0,0.0,0.0
66529,0.0,0.0,0.0
66530,0.0,0.0,0.0
66531,0.0,0.0,0.0
66532,0.0,0.0,0.0
66533,0.0,0.0,0.0
66534,0.0,0.0,0.0
66535,0.0,0.0,0.0
66536,0.0,0.0,0.0
66537,0.0,0.0,0.0
66538,0.0,0.0,0.0
66539,0.0,0.0,0.0
66540,0.0,0.0,0.0
66541,0.0,0.0,0.0
66542,0.0,0.0,0.0
66543,0.0,0.0,0.0
66544,0.0,0.0,0.0
66545,0.0,0.0,0.0
66546,0.0,0.0,0.0
66547,0.0,0.0,0.0
66548,0.0,0.0,0.0
66549,0.0,0.0,0.0
66550,0.0,0.0,0.0
66551,0.0,0.0,0.0
66552,0.0,0.0,0.0
66553,0.0,0.0,0.0
66554,0.0,0.0,0.0
66555,0.0,0.0,0.0
66556,0.0,0.0,0.0
66557,0.0,0.0,0.0
66558,0.0,0.0,0.0
66559,0.0,0.0,0.0
66560,0.0,0.0,0.0
66561,0.0,0.0,0.0
66562,0.0,0.0,0.0
66563,0.0,0.0,0.0
66564,0.0,0.0,0.0
66565,0.0,0.0,0.0
66566,0.0,0.0,0.0
66567,0.0,0.0,0.0
66568,0.0,0.0,0.0
66569,0.0,0.0,0.0
66570,0.0,0.0,0.0
66571,0.0,0.0,0.0
66572,0.0,0.0,0.0
66573,0.0,0.0,0.0
66574,0.0,0.0,0.0
66575,0.0,0.0,0.0
66576,0.0,0.0,0.0
66577,0.0,0.0,0.0
66578,0.0,0.0,0.0
66579,0.0,0.0,0.0
66580,0.0,0.0,0.0
66581,0.0,0.0,0.0
66582,0.0,0.0,0.0
66583,0.0,0.0,0.0
66584,0.0,0.0,0.0
66585,0.0,0.0,0.0
66586,0.0,0.0,0.0
66587,0.0,0.0,0.0
66588,0.0,0.0,0.0
66589,0.0,0.0,0.0
66590,0.0,0.0,0.0
66591,0.0,0.0,0.0
66592,0.0,0.0,0.0
66593,0.0,0.0,0.0
66594,0.0,0.0,0.0
66595,0.0,0.0,0.0
66596,0.0,0.0,0.0
66597,0.0,0.0,0.0
66598,0.0,0.0,0.0
66599,0.0,0.0,0.0
66600,0.0,0.0,0.0
66601,0.0,0.0,0.0
66602,0.0,0.0,0.0
66603,0.0,0.0,0.0
66604,0.0,0.0,0.0
66605,0.0,0.0,0.0
66606,0.0,0.0,0.0
66607,0.0,0.0,0.0
66608,0.0,0.0,0.0
66609,0.0,0.0,0.0
66610,0.0,0.0,0.0
66611,0.0,0.0,0.0
66612,0.0,0.0,0.0
66613,0.0,0.0,0.0
66614,0.0,0.0,0.0
66615,0.0,0.0,0.0
66616,0.0,0.0,0.0
66617,0.0,0.0,0.0
66618,0.0,0.0,0.0
66619,0.0,0.0,0.0
66620,0.0,0.0,0.0
66621,0.0,0.0,0.0
66622,0.0,0.0,0.0
66623,0.0,0.0,0.0
66624,0.0,0.0,0.0
66625,0.0,0.0,0.0
66626,0.0,0.0,0.0
66627,0.0,0.0,0.0
66628,0.0,0.0,0.0
66629,0.0,0.0,0.0
66630,0.0,0.0,0.0
66631,0.0,0.0,0.0
66632,0.0,0.0,0.0
66633,0.0,0.0,0.0
66634,0.0,0.0,0.0
66635,0.0,0.0,0.0
66636,0.0,0.0,0.0
66637,0.0,0.0,0.0
66638,0.0,0.0,0.0
66639,0.0,0.0,0.0
66640,0.0,0.0,0.0
66641,0.0,0.0,0.0
66642,0.0,0.0,0.0
66643,0.0,0.0,0.0
66644,0.0,0.0,0.0
66645,0.0,0.0,0.0
66646,0.0,0.0,0.0
66647,0.0,0.0,0.0
66648,0.0,0.0,0.0
66649,0.0,0.0,0.0
66650,0.0,0.0,0.0
66651,0.0,0.0,0.0
66652,0.0,0.0,0.0
66653,0.0,0.0,0.0
66654,0.0,0.0,0.0
66655,0.0,0.0,0.0
66656,0.0,0.0,0.0
66657,0.0,0.0,0.0
66658,0.0,0.0,0.0
66659,0.0,0.0,0.0
66660,0.0,0.0,0.0
66661,0.0,0.0,0.0
66662,0.0,0.0,0.0
66663,0.0,0.0,0.0
66664,0.0,0.0,0.0
66665,0.0,0.0,0.0
66666,0.0,0.0,0.0
66667,0.0,0.0,0.0
66668,0.0,0.0,0.0
66669,0.0,0.0,0.0
66670,0.0,0.0,0.0
66671,0.0,0.0,0.0
66672,0.0,0.0,0.0
66673,0.0,0.0,0.0
66674,0.0,0.0,0.0
66675,0.0,0.0,0.0
66676,0.0,0.0,0.0
66677,0.0,0.0,0.0
66678,0.0,0.0,0.0
66679,0.0,0.0,0.0
66680,0.0,0.0,0.0
66681,0.0,0.0,0.0
66682,0.0,0.0,0.0
66683,0.0,0.0,0.0
66684,0.0,0.0,0.0
66685,0.0,0.0,0.0
66686,0.0,0.0,0.0
66687,0.0,0.0,0.0
66688,0.0,0.0,0.0
66689,0.0,0.0,0.0
66690,0.0,0.0,0.0
66691,0.0,0.0,0.0
66692,0.0,0.0,0.0
66693,0.0,0.0,0.0
66694,0.0,0.0,0.0
66695,0.0,0.0,0.0
66696,0.0,0.0,0.0
66697,0.0,0.0,0.0
66698,0.0,0.0,0.0
66699,0.0,0.0,0.0
66700,0.0,0.0,0.0
66701,0.0,0.0,0.0
66702,0.0,0.0,0.0
66703,0.0,0.0,0.0
66704,0.0,0.0,0.0
66705,0.0,0.0,0.0
66706,0.0,0.0,0.0
66707,0.0,0.0,0.0
66708,0.0,0.0,0.0
66709,0.0,0.0,0.0
66710,0.0,0.0,0.0
66711,0.0,0.0,0.0
66712,0.0,0.0,0.0
66713,0.0,0.0,0.0
66714,0.0,0.0,0.0
66715,0.0,0.0,0.0
66716,0.0,0.0,0.0
66717,0.0,0.0,0.0
66718,0.0,0.0,0.0
66719,0.0,0.0,0.0
66720,0.0,0.0,0.0
66721,0.0,0.0,0.0
66722,0.0,0.0,0.0
66723,0.0,0.0,0.0
66724,0.0,0.0,0.0
66725,0.0,0.0,0.0
66726,0.0,0.0,0.0
66727,0.0,0.0,0.0
66728,0.0,0.0,0.0
66729,0.0,0.0,0.0
66730,0.0,0.0,0.0
66731,0.0,0.0,0.0
66732,0.0,0.0,0.0
66733,0.0,0.0,0.0
66734,0.0,0.0,0.0
66735,0.0,0.0,0.0
66736,0.0,0.0,0.0
66737,0.0,0.0,0.0
66738,0.0,0.0,0.0
66739,0.0,0.0,0.0
66740,0.0,0.0,0.0
66741,0.0,0.0,0.0
66742,0.0,0.0,0.0
66743,0.0,0.0,0.0
66744,0.0,0.0,0.0
66745,0.0,0.0,0.0
66746,0.0,0.0,0.0
66747,0.0,0.0,0.0
66748,0.0,0.0,0.0
66749,0.0,0.0,0.0
66750,0.0,0.0,0.0
66751,0.0,0.0,0.0
66752,0.0,0.0,0.0
66753,0.0,0.0,0.0
66754,0.0,0.0,0.0
66755,0.0,0.0,0.0
66756,0.0,0.0,0.0
66757,0.0,0.0,0.0
66758,0.0,0.0,0.0
66759,0.0,0.0,0.0
66760,0.0,0.0,0.0
66761,0.0,0.0,0.0
66762,0.0,0.0,0.0
66763,0.0,0.0,0.0
66764,0.0,0.0,0.0
66765,0.0,0.0,0.0
66766,0.0,0.0,0.0
66767,0.0,0.0,0.0
66768,0.0,0.0,0.0
66769,0.0,0.0,0.0
66770,0.0,0.0,0.0
66771,0.0,0.0,0.0
66772,0.0,0.0,0.0
66773,0.0,0.0,0.0
66774,0.0,0.0,0.0
66775,0.0,0.0,0.0
66776,0.0,0.0,0.0
66777,0.0,0.0,0.0
66778,0.0,0.0,0.0
66779,0.0,0.0,0.0
66780,0.0,0.0,0.0
66781,0.0,0.0,0.0
66782,0.0,0.0,0.0
66783,0.0,0.0,0.0
66784,0.0,0.0,0.0
66785,0.0,0.0,0.0
66786,0.0,0.0,0.0
66787,0.0,0.0,0.0
66788,0.0,0.0,0.0
66789,0.0,0.0,0.0
66790,0.0,0.0,0.0
66791,0.0,0.0,0.0
66792,0.0,0.0,0.0
66793,0.0,0.0,0.0
66794,0.0,0.0,0.0
66795,0.0,0.0,0.0
66796,0.0,0.0,0.0
66797,0.0,0.0,0.0
66798,0.0,0.0,0.0
66799,0.0,0.0,0.0
66800,0.0,0.0,0.0
66801,0.0,0.0,0.0
66802,0.0,0.0,0.0
66803,0.0,0.0,0.0
66804,0.0,0.0,0.0
66805,0.0,0.0,0.0
66806,0.0,0.0,0.0
66807,0.0,0.0,0.0
66808,0.0,0.0,0.0
66809,0.0,0.0,0.0
66810,0.0,0.0,0.0
66811,0.0,0.0,0.0
66812,0.0,0.0,0.0
66813,0.0,0.0,0.0
66814,0.0,0.0,0.0
66815,0.0,0.0,0.0
66816,0.0,0.0,0.0
66817,0.0,0.0,0.0
66818,0.0,0.0,0.0
66819,0.0,0.0,0.0
66820,0.0,0.0,0.0
66821,0.0,0.0,0.0
66822,0.0,0.0,0.0
66823,0.0,0.0,0.0
66824,0.0,0.0,0.0
66825,0.0,0.0,0.0
66826,0.0,0.0,0.0
66827,0.0,0.0,0.0
66828,0.0,0.0,0.0
66829,0.0,0.0,0.0
66830,0.0,0.0,0.0
66831,0.0,0.0,0.0
66832,0.0,0.0,0.0
66833,0.0,0.0,0.0
66834,0.0,0.0,0.0
66835,0.0,0.0,0.0
66836,0.0,0.0,0.0
66837,0.0,0.0,0.0
66838,0.0,0.0,0.0
66839,0.0,0.0,0.0
66840,0.0,0.0,0.0
66841,0.0,0.0,0.0
66842,0.0,0.0,0.0
66843,0.0,0.0,0.0
66844,0.0,0.0,0.0
66845,0.0,0.0,0.0
66846,0.0,0.0,0.0
66847,0.0,0.0,0.0
66848,0.0,0.0,0.0
66849,0.0,0.0,0.0
66850,0.0,0.0,0.0
66851,0.0,0.0,0.0
66852,0.0,0.0,0.0
66853,0.0,0.0,0.0
66854,0.0,0.0,0.0
66855,0.0,0.0,0.0
66856,0.0,0.0,0.0
66857,0.0,0.0,0.0
66858,0.0,0.0,0.0
66859,0.0,0.0,0.0
66860,0.0,0.0,0.0
66861,0.0,0.0,0.0
66862,0.0,0.0,0.0
66863,0.0,0.0,0.0
66864,0.0,0.0,0.0
66865,0.0,0.0,0.0
66866,0.0,0.0,0.0
66867,0.0,0.0,0.0
66868,0.0,0.0,0.0
66869,0.0,0.0,0.0
66870,0.0,0.0,0.0
66871,0.0,0.0,0.0
66872,0.0,0.0,0.0
66873,0.0,0.0,0.0
66874,0.0,0.0,0.0
66875,0.0,0.0,0.0
66876,0.0,0.0,0.0
66877,0.0,0.0,0.0
66878,0.0,0.0,0.0
66879,0.0,0.0,0.0
66880,0.0,0.0,0.0
66881,0.0,0.0,0.0
66882,0.0,0.0,0.0
66883,0.0,0.0,0.0
66884,0.0,0.0,0.0
66885,0.0,0.0,0.0
66886,0.0,0.0,0.0
66887,0.0,0.0,0.0
66888,0.0,0.0,0.0
66889,0.0,0.0,0.0
66890,0.0,0.0,0.0
66891,0.0,0.0,0.0
66892,0.0,0.0,0.0
66893,0.0,0.0,0.0
66894,0.0,0.0,0.0
66895,0.0,0.0,0.0
66896,0.0,0.0,0.0
66897,0.0,0.0,0.0
66898,0.0,0.0,0.0
66899,0.0,0.0,0.0
66900,0.0,0.0,0.0
66901,0.0,0.0,0.0
66902,0.0,0.0,0.0
66903,0.0,0.0,0.0
66904,0.0,0.0,0.0
66905,0.0,0.0,0.0
66906,0.0,0.0,0.0
66907,0.0,0.0,0.0
66908,0.0,0.0,0.0
66909,0.0,0.0,0.0
66910,0.0,0.0,0.0
66911,0.0,0.0,0.0
66912,0.0,0.0,0.0
66913,0.0,0.0,0.0
66914,0.0,0.0,0.0
66915,0.0,0.0,0.0
66916,0.0,0.0,0.0
66917,0.0,0.0,0.0
66918,0.0,0.0,0.0
66919,0.0,0.0,0.0
66920,0.0,0.0,0.0
66921,0.0,0.0,0.0
66922,0.0,0.0,0.0
66923,0.0,0.0,0.0
66924,0.0,0.0,0.0
66925,0.0,0.0,0.0
66926,0.0,0.0,0.0
66927,0.0,0.0,0.0
66928,0.0,0.0,0.0
66929,0.0,0.0,0.0
66930,0.0,0.0,0.0
66931,0.0,0.0,0.0
66932,0.0,0.0,0.0
66933,0.0,0.0,0.0
66934,0.0,0.0,0.0
66935,0.0,0.0,0.0
66936,0.0,0.0,0.0
66937,0.0,0.0,0.0
66938,0.0,0.0,0.0
66939,0.0,0.0,0.0
66940,0.0,0.0,0.0
66941,0.0,0.0,0.0
66942,0.0,0.0,0.0
66943,0.0,0.0,0.0
66944,0.0,0.0,0.0
66945,0.0,0.0,0.0
66946,0.0,0.0,0.0
66947,0.0,0.0,0.0
66948,0.0,0.0,0.0
66949,0.0,0.0,0.0
66950,0.0,0.0,0.0
66951,0.0,0.0,0.0
66952,0.0,0.0,0.0
66953,0.0,0.0,0.0
66954,0.0,0.0,0.0
66955,0.0,0.0,0.0
66956,0.0,0.0,0.0
66957,0.0,0.0,0.0
66958,0.0,0.0,0.0
66959,0.0,0.0,0.0
66960,0.0,0.0,0.0
66961,0.0,0.0,0.0
66962,0.0,0.0,0.0
66963,0.0,0.0,0.0
66964,0.0,0.0,0.0
66965,0.0,0.0,0.0
66966,0.0,0.0,0.0
66967,0.0,0.0,0.0
66968,0.0,0.0,0.0
66969,0.0,0.0,0.0
66970,0.0,0.0,0.0
66971,0.0,0.0,0.0
66972,0.0,0.0,0.0
66973,0.0,0.0,0.0
66974,0.0,0.0,0.0
66975,0.0,0.0,0.0
66976,0.0,0.0,0.0
66977,0.0,0.0,0.0
66978,0.0,0.0,0.0
66979,0.0,0.0,0.0
66980,0.0,0.0,0.0
66981,0.0,0.0,0.0
66982,0.0,0.0,0.0
66983,0.0,0.0,0.0
66984,0.0,0.0,0.0
66985,0.0,0.0,0.0
66986,0.0,0.0,0.0
66987,0.0,0.0,0.0
66988,0.0,0.0,0.0
66989,0.0,0.0,0.0
66990,0.0,0.0,0.0
66991,0.0,0.0,0.0
66992,0.0,0.0,0.0
66993,0.0,0.0,0.0
66994,0.0,0.0,0.0
66995,0.0,0.0,0.0
66996,0.0,0.0,0.0
66997,0.0,0.0,0.0
66998,0.0,0.0,0.0
66999,0.0,0.0,0.0
67000,0.0,0.0,0.0
67001,0.0,0.0,0.0
67002,0.0,0.0,0.0
67003,0.0,0.0,0.0
67004,0.0,0.0,0.0
67005,0.0,0.0,0.0
67006,0.0,0.0,0.0
67007,0.0,0.0,0.0
67008,0.0,0.0,0.0
67009,0.0,0.0,0.0
67010,0.0,0.0,0.0
67011,0.0,0.0,0.0
67012,0.0,0.0,0.0
67013,0.0,0.0,0.0
67014,0.0,0.0,0.0
67015,0.0,0.0,0.0
67016,0.0,0.0,0.0
67017,0.0,0.0,0.0
67018,0.0,0.0,0.0
67019,0.0,0.0,0.0
67020,0.0,0.0,0.0
67021,0.0,0.0,0.0
67022,0.0,0.0,0.0
67023,0.0,0.0,0.0
67024,0.0,0.0,0.0
67025,0.0,0.0,0.0
67026,0.0,0.0,0.0
67027,0.0,0.0,0.0
67028,0.0,0.0,0.0
67029,0.0,0.0,0.0
67030,0.0,0.0,0.0
67031,0.0,0.0,0.0
67032,0.0,0.0,0.0
67033,0.0,0.0,0.0
67034,0.0,0.0,0.0
67035,0.0,0.0,0.0
67036,0.0,0.0,0.0
67037,0.0,0.0,0.0
67038,0.0,0.0,0.0
67039,0.0,0.0,0.0
67040,0.0,0.0,0.0
67041,0.0,0.0,0.0
67042,0.0,0.0,0.0
67043,0.0,0.0,0.0
67044,0.0,0.0,0.0
67045,0.0,0.0,0.0
67046,0.0,0.0,0.0
67047,0.0,0.0,0.0
67048,0.0,0.0,0.0
67049,0.0,0.0,0.0
67050,0.0,0.0,0.0
67051,0.0,0.0,0.0
67052,0.0,0.0,0.0
67053,0.0,0.0,0.0
67054,0.0,0.0,0.0
67055,0.0,0.0,0.0
67056,0.0,0.0,0.0
67057,0.0,0.0,0.0
67058,0.0,0.0,0.0
67059,0.0,0.0,0.0
67060,0.0,0.0,0.0
67061,0.0,0.0,0.0
67062,0.0,0.0,0.0
67063,0.0,0.0,0.0
67064,0.0,0.0,0.0
67065,0.0,0.0,0.0
67066,0.0,0.0,0.0
67067,0.0,0.0,0.0
67068,0.0,0.0,0.0
67069,0.0,0.0,0.0
67070,0.0,0.0,0.0
67071,0.0,0.0,0.0
67072,0.0,0.0,0.0
67073,0.0,0.0,0.0
67074,0.0,0.0,0.0
67075,0.0,0.0,0.0
67076,0.0,0.0,0.0
67077,0.0,0.0,0.0
67078,0.0,0.0,0.0
67079,0.0,0.0,0.0
67080,0.0,0.0,0.0
67081,0.0,0.0,0.0
67082,0.0,0.0,0.0
67083,0.0,0.0,0.0
67084,0.0,0.0,0.0
67085,0.0,0.0,0.0
67086,0.0,0.0,0.0
67087,0.0,0.0,0.0
67088,0.0,0.0,0.0
67089,0.0,0.0,0.0
67090,0.0,0.0,0.0
67091,0.0,0.0,0.0
67092,0.0,0.0,0.0
67093,0.0,0.0,0.0
67094,0.0,0.0,0.0
67095,0.0,0.0,0.0
67096,0.0,0.0,0.0
67097,0.0,0.0,0.0
67098,0.0,0.0,0.0
67099,0.0,0.0,0.0
67100,0.0,0.0,0.0
67101,0.0,0.0,0.0
67102,0.0,0.0,0.0
67103,0.0,0.0,0.0
67104,0.0,0.0,0.0
67105,0.0,0.0,0.0
67106,0.0,0.0,0.0
67107,0.0,0.0,0.0
67108,0.0,0.0,0.0
67109,0.0,0.0,0.0
67110,0.0,0.0,0.0
67111,0.0,0.0,0.0
67112,0.0,0.0,0.0
67113,0.0,0.0,0.0
67114,0.0,0.0,0.0
67115,0.0,0.0,0.0
67116,0.0,0.0,0.0
67117,0.0,0.0,0.0
67118,0.0,0.0,0.0
67119,0.0,0.0,0.0
67120,0.0,0.0,0.0
67121,0.0,0.0,0.0
67122,0.0,0.0,0.0
67123,0.0,0.0,0.0
67124,0.0,0.0,0.0
67125,0.0,0.0,0.0
67126,0.0,0.0,0.0
67127,0.0,0.0,0.0
67128,0.0,0.0,0.0
67129,0.0,0.0,0.0
67130,0.0,0.0,0.0
67131,0.0,0.0,0.0
67132,0.0,0.0,0.0
67133,0.0,0.0,0.0
67134,0.0,0.0,0.0
67135,0.0,0.0,0.0
67136,0.0,0.0,0.0
67137,0.0,0.0,0.0
67138,0.0,0.0,0.0
67139,0.0,0.0,0.0
67140,0.0,0.0,0.0
67141,0.0,0.0,0.0
67142,0.0,0.0,0.0
67143,0.0,0.0,0.0
67144,0.0,0.0,0.0
67145,0.0,0.0,0.0
67146,0.0,0.0,0.0
67147,0.0,0.0,0.0
67148,0.0,0.0,0.0
67149,0.0,0.0,0.0
67150,0.0,0.0,0.0
67151,0.0,0.0,0.0
67152,0.0,0.0,0.0
67153,0.0,0.0,0.0
67154,0.0,0.0,0.0
67155,0.0,0.0,0.0
67156,0.0,0.0,0.0
67157,0.0,0.0,0.0
67158,0.0,0.0,0.0
67159,0.0,0.0,0.0
67160,0.0,0.0,0.0
67161,0.0,0.0,0.0
67162,0.0,0.0,0.0
67163,0.0,0.0,0.0
67164,0.0,0.0,0.0
67165,0.0,0.0,0.0
67166,0.0,0.0,0.0
67167,0.0,0.0,0.0
67168,0.0,0.0,0.0
67169,0.0,0.0,0.0
67170,0.0,0.0,0.0
67171,0.0,0.0,0.0
67172,0.0,0.0,0.0
67173,0.0,0.0,0.0
67174,0.0,0.0,0.0
67175,0.0,0.0,0.0
67176,0.0,0.0,0.0
67177,0.0,0.0,0.0
67178,0.0,0.0,0.0
67179,0.0,0.0,0.0
67180,0.0,0.0,0.0
67181,0.0,0.0,0.0
67182,0.0,0.0,0.0
67183,0.0,0.0,0.0
67184,0.0,0.0,0.0
67185,0.0,0.0,0.0
67186,0.0,0.0,0.0
67187,0.0,0.0,0.0
67188,0.0,0.0,0.0
67189,0.0,0.0,0.0
67190,0.0,0.0,0.0
67191,0.0,0.0,0.0
67192,0.0,0.0,0.0
67193,0.0,0.0,0.0
67194,0.0,0.0,0.0
67195,0.0,0.0,0.0
67196,0.0,0.0,0.0
67197,0.0,0.0,0.0
67198,0.0,0.0,0.0
67199,0.0,0.0,0.0
67200,0.0,0.0,0.0
67201,0.0,0.0,0.0
67202,0.0,0.0,0.0
67203,0.0,0.0,0.0
67204,0.0,0.0,0.0
67205,0.0,0.0,0.0
67206,0.0,0.0,0.0
67207,0.0,0.0,0.0
67208,0.0,0.0,0.0
67209,0.0,0.0,0.0
67210,0.0,0.0,0.0
67211,0.0,0.0,0.0
67212,0.0,0.0,0.0
67213,0.0,0.0,0.0
67214,0.0,0.0,0.0
67215,0.0,0.0,0.0
67216,0.0,0.0,0.0
67217,0.0,0.0,0.0
67218,0.0,0.0,0.0
67219,0.0,0.0,0.0
67220,0.0,0.0,0.0
67221,0.0,0.0,0.0
67222,0.0,0.0,0.0
67223,0.0,0.0,0.0
67224,0.0,0.0,0.0
67225,0.0,0.0,0.0
67226,0.0,0.0,0.0
67227,0.0,0.0,0.0
67228,0.0,0.0,0.0
67229,0.0,0.0,0.0
67230,0.0,0.0,0.0
67231,0.0,0.0,0.0
67232,0.0,0.0,0.0
67233,0.0,0.0,0.0
67234,0.0,0.0,0.0
67235,0.0,0.0,0.0
67236,0.0,0.0,0.0
67237,0.0,0.0,0.0
67238,0.0,0.0,0.0
67239,0.0,0.0,0.0
67240,0.0,0.0,0.0
67241,0.0,0.0,0.0
67242,0.0,0.0,0.0
67243,0.0,0.0,0.0
67244,0.0,0.0,0.0
67245,0.0,0.0,0.0
67246,0.0,0.0,0.0
67247,0.0,0.0,0.0
67248,0.0,0.0,0.0
67249,0.0,0.0,0.0
67250,0.0,0.0,0.0
67251,0.0,0.0,0.0
67252,0.0,0.0,0.0
67253,0.0,0.0,0.0
67254,0.0,0.0,0.0
67255,0.0,0.0,0.0
67256,0.0,0.0,0.0
67257,0.0,0.0,0.0
67258,0.0,0.0,0.0
67259,0.0,0.0,0.0
67260,0.0,0.0,0.0
67261,0.0,0.0,0.0
67262,0.0,0.0,0.0
67263,0.0,0.0,0.0
67264,0.0,0.0,0.0
67265,0.0,0.0,0.0
67266,0.0,0.0,0.0
67267,0.0,0.0,0.0
67268,0.0,0.0,0.0
67269,0.0,0.0,0.0
67270,0.0,0.0,0.0
67271,0.0,0.0,0.0
67272,0.0,0.0,0.0
67273,0.0,0.0,0.0
67274,0.0,0.0,0.0
67275,0.0,0.0,0.0
67276,0.0,0.0,0.0
67277,0.0,0.0,0.0
67278,0.0,0.0,0.0
67279,0.0,0.0,0.0
67280,0.0,0.0,0.0
67281,0.0,0.0,0.0
67282,0.0,0.0,0.0
67283,0.0,0.0,0.0
67284,0.0,0.0,0.0
67285,0.0,0.0,0.0
67286,0.0,0.0,0.0
67287,0.0,0.0,0.0
67288,0.0,0.0,0.0
67289,0.0,0.0,0.0
67290,0.0,0.0,0.0
67291,0.0,0.0,0.0
67292,0.0,0.0,0.0
67293,0.0,0.0,0.0
67294,0.0,0.0,0.0
67295,0.0,0.0,0.0
67296,0.0,0.0,0.0
67297,0.0,0.0,0.0
67298,0.0,0.0,0.0
67299,0.0,0.0,0.0
67300,0.0,0.0,0.0
67301,0.0,0.0,0.0
67302,0.0,0.0,0.0
67303,0.0,0.0,0.0
67304,0.0,0.0,0.0
67305,0.0,0.0,0.0
67306,0.0,0.0,0.0
67307,0.0,0.0,0.0
67308,0.0,0.0,0.0
67309,0.0,0.0,0.0
67310,0.0,0.0,0.0
67311,0.0,0.0,0.0
67312,0.0,0.0,0.0
67313,0.0,0.0,0.0
67314,0.0,0.0,0.0
67315,0.0,0.0,0.0
67316,0.0,0.0,0.0
67317,0.0,0.0,0.0
67318,0.0,0.0,0.0
67319,0.0,0.0,0.0
67320,0.0,0.0,0.0
67321,0.0,0.0,0.0
67322,0.0,0.0,0.0
67323,0.0,0.0,0.0
67324,0.0,0.0,0.0
67325,0.0,0.0,0.0
67326,0.0,0.0,0.0
67327,0.0,0.0,0.0
67328,0.0,0.0,0.0
67329,0.0,0.0,0.0
67330,0.0,0.0,0.0
67331,0.0,0.0,0.0
67332,0.0,0.0,0.0
67333,0.0,0.0,0.0
67334,0.0,0.0,0.0
67335,0.0,0.0,0.0
67336,0.0,0.0,0.0
67337,0.0,0.0,0.0
67338,0.0,0.0,0.0
67339,0.0,0.0,0.0
67340,0.0,0.0,0.0
67341,0.0,0.0,0.0
67342,0.0,0.0,0.0
67343,0.0,0.0,0.0
67344,0.0,0.0,0.0
67345,0.0,0.0,0.0
67346,0.0,0.0,0.0
67347,0.0,0.0,0.0
67348,0.0,0.0,0.0
67349,0.0,0.0,0.0
67350,0.0,0.0,0.0
67351,0.0,0.0,0.0
67352,0.0,0.0,0.0
67353,0.0,0.0,0.0
67354,0.0,0.0,0.0
67355,0.0,0.0,0.0
67356,0.0,0.0,0.0
67357,0.0,0.0,0.0
67358,0.0,0.0,0.0
67359,0.0,0.0,0.0
67360,0.0,0.0,0.0
67361,0.0,0.0,0.0
67362,0.0,0.0,0.0
67363,0.0,0.0,0.0
67364,0.0,0.0,0.0
67365,0.0,0.0,0.0
67366,0.0,0.0,0.0
67367,0.0,0.0,0.0
67368,0.0,0.0,0.0
67369,0.0,0.0,0.0
67370,0.0,0.0,0.0
67371,0.0,0.0,0.0
67372,0.0,0.0,0.0
67373,0.0,0.0,0.0
67374,0.0,0.0,0.0
67375,0.0,0.0,0.0
67376,0.0,0.0,0.0
67377,0.0,0.0,0.0
67378,0.0,0.0,0.0
67379,0.0,0.0,0.0
67380,0.0,0.0,0.0
67381,0.0,0.0,0.0
67382,0.0,0.0,0.0
67383,0.0,0.0,0.0
67384,0.0,0.0,0.0
67385,0.0,0.0,0.0
67386,0.0,0.0,0.0
67387,0.0,0.0,0.0
67388,0.0,0.0,0.0
67389,0.0,0.0,0.0
67390,0.0,0.0,0.0
67391,0.0,0.0,0.0
67392,0.0,0.0,0.0
67393,0.0,0.0,0.0
67394,0.0,0.0,0.0
67395,0.0,0.0,0.0
67396,0.0,0.0,0.0
67397,0.0,0.0,0.0
67398,0.0,0.0,0.0
67399,0.0,0.0,0.0
67400,0.0,0.0,0.0
67401,0.0,0.0,0.0
67402,0.0,0.0,0.0
67403,0.0,0.0,0.0
67404,0.0,0.0,0.0
67405,0.0,0.0,0.0
67406,0.0,0.0,0.0
67407,0.0,0.0,0.0
67408,0.0,0.0,0.0
67409,0.0,0.0,0.0
67410,0.0,0.0,0.0
67411,0.0,0.0,0.0
67412,0.0,0.0,0.0
67413,0.0,0.0,0.0
67414,0.0,0.0,0.0
67415,0.0,0.0,0.0
67416,0.0,0.0,0.0
67417,0.0,0.0,0.0
67418,0.0,0.0,0.0
67419,0.0,0.0,0.0
67420,0.0,0.0,0.0
67421,0.0,0.0,0.0
67422,0.0,0.0,0.0
67423,0.0,0.0,0.0
67424,0.0,0.0,0.0
67425,0.0,0.0,0.0
67426,0.0,0.0,0.0
67427,0.0,0.0,0.0
67428,0.0,0.0,0.0
67429,0.0,0.0,0.0
67430,0.0,0.0,0.0
67431,0.0,0.0,0.0
67432,0.0,0.0,0.0
67433,0.0,0.0,0.0
67434,0.0,0.0,0.0
67435,0.0,0.0,0.0
67436,0.0,0.0,0.0
67437,0.0,0.0,0.0
67438,0.0,0.0,0.0
67439,0.0,0.0,0.0
67440,0.0,0.0,0.0
67441,0.0,0.0,0.0
67442,0.0,0.0,0.0
67443,0.0,0.0,0.0
67444,0.0,0.0,0.0
67445,0.0,0.0,0.0
67446,0.0,0.0,0.0
67447,0.0,0.0,0.0
67448,0.0,0.0,0.0
67449,0.0,0.0,0.0
67450,0.0,0.0,0.0
67451,0.0,0.0,0.0
67452,0.0,0.0,0.0
67453,0.0,0.0,0.0
67454,0.0,0.0,0.0
67455,0.0,0.0,0.0
67456,0.0,0.0,0.0
67457,0.0,0.0,0.0
67458,0.0,0.0,0.0
67459,0.0,0.0,0.0
67460,0.0,0.0,0.0
67461,0.0,0.0,0.0
67462,0.0,0.0,0.0
67463,0.0,0.0,0.0
67464,0.0,0.0,0.0
67465,0.0,0.0,0.0
67466,0.0,0.0,0.0
67467,0.0,0.0,0.0
67468,0.0,0.0,0.0
67469,0.0,0.0,0.0
67470,0.0,0.0,0.0
67471,0.0,0.0,0.0
67472,0.0,0.0,0.0
67473,0.0,0.0,0.0
67474,0.0,0.0,0.0
67475,0.0,0.0,0.0
67476,0.0,0.0,0.0
67477,0.0,0.0,0.0
67478,0.0,0.0,0.0
67479,0.0,0.0,0.0
67480,0.0,0.0,0.0
67481,0.0,0.0,0.0
67482,0.0,0.0,0.0
67483,0.0,0.0,0.0
67484,0.0,0.0,0.0
67485,0.0,0.0,0.0
67486,0.0,0.0,0.0
67487,0.0,0.0,0.0
67488,0.0,0.0,0.0
67489,0.0,0.0,0.0
67490,0.0,0.0,0.0
67491,0.0,0.0,0.0
67492,0.0,0.0,0.0
67493,0.0,0.0,0.0
67494,0.0,0.0,0.0
67495,0.0,0.0,0.0
67496,0.0,0.0,0.0
67497,0.0,0.0,0.0
67498,0.0,0.0,0.0
67499,0.0,0.0,0.0
67500,0.0,0.0,0.0
67501,0.0,0.0,0.0
67502,0.0,0.0,0.0
67503,0.0,0.0,0.0
67504,0.0,0.0,0.0
67505,0.0,0.0,0.0
67506,0.0,0.0,0.0
67507,0.0,0.0,0.0
67508,0.0,0.0,0.0
67509,0.0,0.0,0.0
67510,0.0,0.0,0.0
67511,0.0,0.0,0.0
67512,0.0,0.0,0.0
67513,0.0,0.0,0.0
67514,0.0,0.0,0.0
67515,0.0,0.0,0.0
67516,0.0,0.0,0.0
67517,0.0,0.0,0.0
67518,0.0,0.0,0.0
67519,0.0,0.0,0.0
67520,0.0,0.0,0.0
67521,0.0,0.0,0.0
67522,0.0,0.0,0.0
67523,0.0,0.0,0.0
67524,0.0,0.0,0.0
67525,0.0,0.0,0.0
67526,0.0,0.0,0.0
67527,0.0,0.0,0.0
67528,0.0,0.0,0.0
67529,0.0,0.0,0.0
67530,0.0,0.0,0.0
67531,0.0,0.0,0.0
67532,0.0,0.0,0.0
67533,0.0,0.0,0.0
67534,0.0,0.0,0.0
67535,0.0,0.0,0.0
67536,0.0,0.0,0.0
67537,0.0,0.0,0.0
67538,0.0,0.0,0.0
67539,0.0,0.0,0.0
67540,0.0,0.0,0.0
67541,0.0,0.0,0.0
67542,0.0,0.0,0.0
67543,0.0,0.0,0.0
67544,0.0,0.0,0.0
67545,0.0,0.0,0.0
67546,0.0,0.0,0.0
67547,0.0,0.0,0.0
67548,0.0,0.0,0.0
67549,0.0,0.0,0.0
67550,0.0,0.0,0.0
67551,0.0,0.0,0.0
67552,0.0,0.0,0.0
67553,0.0,0.0,0.0
67554,0.0,0.0,0.0
67555,0.0,0.0,0.0
67556,0.0,0.0,0.0
67557,0.0,0.0,0.0
67558,0.0,0.0,0.0
67559,0.0,0.0,0.0
67560,0.0,0.0,0.0
67561,0.0,0.0,0.0
67562,0.0,0.0,0.0
67563,0.0,0.0,0.0
67564,0.0,0.0,0.0
67565,0.0,0.0,0.0
67566,0.0,0.0,0.0
67567,0.0,0.0,0.0
67568,0.0,0.0,0.0
67569,0.0,0.0,0.0
67570,0.0,0.0,0.0
67571,0.0,0.0,0.0
67572,0.0,0.0,0.0
67573,0.0,0.0,0.0
67574,0.0,0.0,0.0
67575,0.0,0.0,0.0
67576,0.0,0.0,0.0
67577,0.0,0.0,0.0
67578,0.0,0.0,0.0
67579,0.0,0.0,0.0
67580,0.0,0.0,0.0
67581,0.0,0.0,0.0
67582,0.0,0.0,0.0
67583,0.0,0.0,0.0
67584,0.0,0.0,0.0
67585,0.0,0.0,0.0
67586,0.0,0.0,0.0
67587,0.0,0.0,0.0
67588,0.0,0.0,0.0
67589,0.0,0.0,0.0
67590,0.0,0.0,0.0
67591,0.0,0.0,0.0
67592,0.0,0.0,0.0
67593,0.0,0.0,0.0
67594,0.0,0.0,0.0
67595,0.0,0.0,0.0
67596,0.0,0.0,0.0
67597,0.0,0.0,0.0
67598,0.0,0.0,0.0
67599,0.0,0.0,0.0
67600,0.0,0.0,0.0
67601,0.0,0.0,0.0
67602,0.0,0.0,0.0
67603,0.0,0.0,0.0
67604,0.0,0.0,0.0
67605,0.0,0.0,0.0
67606,0.0,0.0,0.0
67607,0.0,0.0,0.0
67608,0.0,0.0,0.0
67609,0.0,0.0,0.0
67610,0.0,0.0,0.0
67611,0.0,0.0,0.0
67612,0.0,0.0,0.0
67613,0.0,0.0,0.0
67614,0.0,0.0,0.0
67615,0.0,0.0,0.0
67616,0.0,0.0,0.0
67617,0.0,0.0,0.0
67618,0.0,0.0,0.0
67619,0.0,0.0,0.0
67620,0.0,0.0,0.0
67621,0.0,0.0,0.0
67622,0.0,0.0,0.0
67623,0.0,0.0,0.0
67624,0.0,0.0,0.0
67625,0.0,0.0,0.0
67626,0.0,0.0,0.0
67627,0.0,0.0,0.0
67628,0.0,0.0,0.0
67629,0.0,0.0,0.0
67630,0.0,0.0,0.0
67631,0.0,0.0,0.0
67632,0.0,0.0,0.0
67633,0.0,0.0,0.0
67634,0.0,0.0,0.0
67635,0.0,0.0,0.0
67636,0.0,0.0,0.0
67637,0.0,0.0,0.0
67638,0.0,0.0,0.0
67639,0.0,0.0,0.0
67640,0.0,0.0,0.0
67641,0.0,0.0,0.0
67642,0.0,0.0,0.0
67643,0.0,0.0,0.0
67644,0.0,0.0,0.0
67645,0.0,0.0,0.0
67646,0.0,0.0,0.0
67647,0.0,0.0,0.0
67648,0.0,0.0,0.0
67649,0.0,0.0,0.0
67650,0.0,0.0,0.0
67651,0.0,0.0,0.0
67652,0.0,0.0,0.0
67653,0.0,0.0,0.0
67654,0.0,0.0,0.0
67655,0.0,0.0,0.0
67656,0.0,0.0,0.0
67657,0.0,0.0,0.0
67658,0.0,0.0,0.0
67659,0.0,0.0,0.0
67660,0.0,0.0,0.0
67661,0.0,0.0,0.0
67662,0.0,0.0,0.0
67663,0.0,0.0,0.0
67664,0.0,0.0,0.0
67665,0.0,0.0,0.0
67666,0.0,0.0,0.0
67667,0.0,0.0,0.0
67668,0.0,0.0,0.0
67669,0.0,0.0,0.0
67670,0.0,0.0,0.0
67671,0.0,0.0,0.0
67672,0.0,0.0,0.0
67673,0.0,0.0,0.0
67674,0.0,0.0,0.0
67675,0.0,0.0,0.0
67676,0.0,0.0,0.0
67677,0.0,0.0,0.0
67678,0.0,0.0,0.0
67679,0.0,0.0,0.0
67680,0.0,0.0,0.0
67681,0.0,0.0,0.0
67682,0.0,0.0,0.0
67683,0.0,0.0,0.0
67684,0.0,0.0,0.0
67685,0.0,0.0,0.0
67686,0.0,0.0,0.0
67687,0.0,0.0,0.0
67688,0.0,0.0,0.0
67689,0.0,0.0,0.0
67690,0.0,0.0,0.0
67691,0.0,0.0,0.0
67692,0.0,0.0,0.0
67693,0.0,0.0,0.0
67694,0.0,0.0,0.0
67695,0.0,0.0,0.0
67696,0.0,0.0,0.0
67697,0.0,0.0,0.0
67698,0.0,0.0,0.0
67699,0.0,0.0,0.0
67700,0.0,0.0,0.0
67701,0.0,0.0,0.0
67702,0.0,0.0,0.0
67703,0.0,0.0,0.0
67704,0.0,0.0,0.0
67705,0.0,0.0,0.0
67706,0.0,0.0,0.0
67707,0.0,0.0,0.0
67708,0.0,0.0,0.0
67709,0.0,0.0,0.0
67710,0.0,0.0,0.0
67711,0.0,0.0,0.0
67712,0.0,0.0,0.0
67713,0.0,0.0,0.0
67714,0.0,0.0,0.0
67715,0.0,0.0,0.0
67716,0.0,0.0,0.0
67717,0.0,0.0,0.0
67718,0.0,0.0,0.0
67719,0.0,0.0,0.0
67720,0.0,0.0,0.0
67721,0.0,0.0,0.0
67722,0.0,0.0,0.0
67723,0.0,0.0,0.0
67724,0.0,0.0,0.0
67725,0.0,0.0,0.0
67726,0.0,0.0,0.0
67727,0.0,0.0,0.0
67728,0.0,0.0,0.0
67729,0.0,0.0,0.0
67730,0.0,0.0,0.0
67731,0.0,0.0,0.0
67732,0.0,0.0,0.0
67733,0.0,0.0,0.0
67734,0.0,0.0,0.0
67735,0.0,0.0,0.0
67736,0.0,0.0,0.0
67737,0.0,0.0,0.0
67738,0.0,0.0,0.0
67739,0.0,0.0,0.0
67740,0.0,0.0,0.0
67741,0.0,0.0,0.0
67742,0.0,0.0,0.0
67743,0.0,0.0,0.0
67744,0.0,0.0,0.0
67745,0.0,0.0,0.0
67746,0.0,0.0,0.0
67747,0.0,0.0,0.0
67748,0.0,0.0,0.0
67749,0.0,0.0,0.0
67750,0.0,0.0,0.0
67751,0.0,0.0,0.0
67752,0.0,0.0,0.0
67753,0.0,0.0,0.0
67754,0.0,0.0,0.0
67755,0.0,0.0,0.0
67756,0.0,0.0,0.0
67757,0.0,0.0,0.0
67758,0.0,0.0,0.0
67759,0.0,0.0,0.0
67760,0.0,0.0,0.0
67761,0.0,0.0,0.0
67762,0.0,0.0,0.0
67763,0.0,0.0,0.0
67764,0.0,0.0,0.0
67765,0.0,0.0,0.0
67766,0.0,0.0,0.0
67767,0.0,0.0,0.0
67768,0.0,0.0,0.0
67769,0.0,0.0,0.0
67770,0.0,0.0,0.0
67771,0.0,0.0,0.0
67772,0.0,0.0,0.0
67773,0.0,0.0,0.0
67774,0.0,0.0,0.0
67775,0.0,0.0,0.0
67776,0.0,0.0,0.0
67777,0.0,0.0,0.0
67778,0.0,0.0,0.0
67779,0.0,0.0,0.0
67780,0.0,0.0,0.0
67781,0.0,0.0,0.0
67782,0.0,0.0,0.0
67783,0.0,0.0,0.0
67784,0.0,0.0,0.0
67785,0.0,0.0,0.0
67786,0.0,0.0,0.0
67787,0.0,0.0,0.0
67788,0.0,0.0,0.0
67789,0.0,0.0,0.0
67790,0.0,0.0,0.0
67791,0.0,0.0,0.0
67792,0.0,0.0,0.0
67793,0.0,0.0,0.0
67794,0.0,0.0,0.0
67795,0.0,0.0,0.0
67796,0.0,0.0,0.0
67797,0.0,0.0,0.0
67798,0.0,0.0,0.0
67799,0.0,0.0,0.0
67800,0.0,0.0,0.0
67801,0.0,0.0,0.0
67802,0.0,0.0,0.0
67803,0.0,0.0,0.0
67804,0.0,0.0,0.0
67805,0.0,0.0,0.0
67806,0.0,0.0,0.0
67807,0.0,0.0,0.0
67808,0.0,0.0,0.0
67809,0.0,0.0,0.0
67810,0.0,0.0,0.0
67811,0.0,0.0,0.0
67812,0.0,0.0,0.0
67813,0.0,0.0,0.0
67814,0.0,0.0,0.0
67815,0.0,0.0,0.0
67816,0.0,0.0,0.0
67817,0.0,0.0,0.0
67818,0.0,0.0,0.0
67819,0.0,0.0,0.0
67820,0.0,0.0,0.0
67821,0.0,0.0,0.0
67822,0.0,0.0,0.0
67823,0.0,0.0,0.0
67824,0.0,0.0,0.0
67825,0.0,0.0,0.0
67826,0.0,0.0,0.0
67827,0.0,0.0,0.0
67828,0.0,0.0,0.0
67829,0.0,0.0,0.0
67830,0.0,0.0,0.0
67831,0.0,0.0,0.0
67832,0.0,0.0,0.0
67833,0.0,0.0,0.0
67834,0.0,0.0,0.0
67835,0.0,0.0,0.0
67836,0.0,0.0,0.0
67837,0.0,0.0,0.0
67838,0.0,0.0,0.0
67839,0.0,0.0,0.0
67840,0.0,0.0,0.0
67841,0.0,0.0,0.0
67842,0.0,0.0,0.0
67843,0.0,0.0,0.0
67844,0.0,0.0,0.0
67845,0.0,0.0,0.0
67846,0.0,0.0,0.0
67847,0.0,0.0,0.0
67848,0.0,0.0,0.0
67849,0.0,0.0,0.0
67850,0.0,0.0,0.0
67851,0.0,0.0,0.0
67852,0.0,0.0,0.0
67853,0.0,0.0,0.0
67854,0.0,0.0,0.0
67855,0.0,0.0,0.0
67856,0.0,0.0,0.0
67857,0.0,0.0,0.0
67858,0.0,0.0,0.0
67859,0.0,0.0,0.0
67860,0.0,0.0,0.0
67861,0.0,0.0,0.0
67862,0.0,0.0,0.0
67863,0.0,0.0,0.0
67864,0.0,0.0,0.0
67865,0.0,0.0,0.0
67866,0.0,0.0,0.0
67867,0.0,0.0,0.0
67868,0.0,0.0,0.0
67869,0.0,0.0,0.0
67870,0.0,0.0,0.0
67871,0.0,0.0,0.0
67872,0.0,0.0,0.0
67873,0.0,0.0,0.0
67874,0.0,0.0,0.0
67875,0.0,0.0,0.0
67876,0.0,0.0,0.0
67877,0.0,0.0,0.0
67878,0.0,0.0,0.0
67879,0.0,0.0,0.0
67880,0.0,0.0,0.0
67881,0.0,0.0,0.0
67882,0.0,0.0,0.0
67883,0.0,0.0,0.0
67884,0.0,0.0,0.0
67885,0.0,0.0,0.0
67886,0.0,0.0,0.0
67887,0.0,0.0,0.0
67888,0.0,0.0,0.0
67889,0.0,0.0,0.0
67890,0.0,0.0,0.0
67891,0.0,0.0,0.0
67892,0.0,0.0,0.0
67893,0.0,0.0,0.0
67894,0.0,0.0,0.0
67895,0.0,0.0,0.0
67896,0.0,0.0,0.0
67897,0.0,0.0,0.0
67898,0.0,0.0,0.0
67899,0.0,0.0,0.0
67900,0.0,0.0,0.0
67901,0.0,0.0,0.0
67902,0.0,0.0,0.0
67903,0.0,0.0,0.0
67904,0.0,0.0,0.0
67905,0.0,0.0,0.0
67906,0.0,0.0,0.0
67907,0.0,0.0,0.0
67908,0.0,0.0,0.0
67909,0.0,0.0,0.0
67910,0.0,0.0,0.0
67911,0.0,0.0,0.0
67912,0.0,0.0,0.0
67913,0.0,0.0,0.0
67914,0.0,0.0,0.0
67915,0.0,0.0,0.0
67916,0.0,0.0,0.0
67917,0.0,0.0,0.0
67918,0.0,0.0,0.0
67919,0.0,0.0,0.0
67920,0.0,0.0,0.0
67921,0.0,0.0,0.0
67922,0.0,0.0,0.0
67923,0.0,0.0,0.0
67924,0.0,0.0,0.0
67925,0.0,0.0,0.0
67926,0.0,0.0,0.0
67927,0.0,0.0,0.0
67928,0.0,0.0,0.0
67929,0.0,0.0,0.0
67930,0.0,0.0,0.0
67931,0.0,0.0,0.0
67932,0.0,0.0,0.0
67933,0.0,0.0,0.0
67934,0.0,0.0,0.0
67935,0.0,0.0,0.0
67936,0.0,0.0,0.0
67937,0.0,0.0,0.0
67938,0.0,0.0,0.0
67939,0.0,0.0,0.0
67940,0.0,0.0,0.0
67941,0.0,0.0,0.0
67942,0.0,0.0,0.0
67943,0.0,0.0,0.0
67944,0.0,0.0,0.0
67945,0.0,0.0,0.0
67946,0.0,0.0,0.0
67947,0.0,0.0,0.0
67948,0.0,0.0,0.0
67949,0.0,0.0,0.0
67950,0.0,0.0,0.0
67951,0.0,0.0,0.0
67952,0.0,0.0,0.0
67953,0.0,0.0,0.0
67954,0.0,0.0,0.0
67955,0.0,0.0,0.0
67956,0.0,0.0,0.0
67957,0.0,0.0,0.0
67958,0.0,0.0,0.0
67959,0.0,0.0,0.0
67960,0.0,0.0,0.0
67961,0.0,0.0,0.0
67962,0.0,0.0,0.0
67963,0.0,0.0,0.0
67964,0.0,0.0,0.0
67965,0.0,0.0,0.0
67966,0.0,0.0,0.0
67967,0.0,0.0,0.0
67968,0.0,0.0,0.0
67969,0.0,0.0,0.0
67970,0.0,0.0,0.0
67971,0.0,0.0,0.0
67972,0.0,0.0,0.0
67973,0.0,0.0,0.0
67974,0.0,0.0,0.0
67975,0.0,0.0,0.0
67976,0.0,0.0,0.0
67977,0.0,0.0,0.0
67978,0.0,0.0,0.0
67979,0.0,0.0,0.0
67980,0.0,0.0,0.0
67981,0.0,0.0,0.0
67982,0.0,0.0,0.0
67983,0.0,0.0,0.0
67984,0.0,0.0,0.0
67985,0.0,0.0,0.0
67986,0.0,0.0,0.0
67987,0.0,0.0,0.0
67988,0.0,0.0,0.0
67989,0.0,0.0,0.0
67990,0.0,0.0,0.0
67991,0.0,0.0,0.0
67992,0.0,0.0,0.0
67993,0.0,0.0,0.0
67994,0.0,0.0,0.0
67995,0.0,0.0,0.0
67996,0.0,0.0,0.0
67997,0.0,0.0,0.0
67998,0.0,0.0,0.0
67999,0.0,0.0,0.0
68000,0.0,0.0,0.0
68001,0.0,0.0,0.0
68002,0.0,0.0,0.0
68003,0.0,0.0,0.0
68004,0.0,0.0,0.0
68005,0.0,0.0,0.0
68006,0.0,0.0,0.0
68007,0.0,0.0,0.0
68008,0.0,0.0,0.0
68009,0.0,0.0,0.0
68010,0.0,0.0,0.0
68011,0.0,0.0,0.0
68012,0.0,0.0,0.0
68013,0.0,0.0,0.0
68014,0.0,0.0,0.0
68015,0.0,0.0,0.0
68016,0.0,0.0,0.0
68017,0.0,0.0,0.0
68018,0.0,0.0,0.0
68019,0.0,0.0,0.0
68020,0.0,0.0,0.0
68021,0.0,0.0,0.0
68022,0.0,0.0,0.0
68023,0.0,0.0,0.0
68024,0.0,0.0,0.0
68025,0.0,0.0,0.0
68026,0.0,0.0,0.0
68027,0.0,0.0,0.0
68028,0.0,0.0,0.0
68029,0.0,0.0,0.0
68030,0.0,0.0,0.0
68031,0.0,0.0,0.0
68032,0.0,0.0,0.0
68033,0.0,0.0,0.0
68034,0.0,0.0,0.0
68035,0.0,0.0,0.0
68036,0.0,0.0,0.0
68037,0.0,0.0,0.0
68038,0.0,0.0,0.0
68039,0.0,0.0,0.0
68040,0.0,0.0,0.0
68041,0.0,0.0,0.0
68042,0.0,0.0,0.0
68043,0.0,0.0,0.0
68044,0.0,0.0,0.0
68045,0.0,0.0,0.0
68046,0.0,0.0,0.0
68047,0.0,0.0,0.0
68048,0.0,0.0,0.0
68049,0.0,0.0,0.0
68050,0.0,0.0,0.0
68051,0.0,0.0,0.0
68052,0.0,0.0,0.0
68053,0.0,0.0,0.0
68054,0.0,0.0,0.0
68055,0.0,0.0,0.0
68056,0.0,0.0,0.0
68057,0.0,0.0,0.0
68058,0.0,0.0,0.0
68059,0.0,0.0,0.0
68060,0.0,0.0,0.0
68061,0.0,0.0,0.0
68062,0.0,0.0,0.0
68063,0.0,0.0,0.0
68064,0.0,0.0,0.0
68065,0.0,0.0,0.0
68066,0.0,0.0,0.0
68067,0.0,0.0,0.0
68068,0.0,0.0,0.0
68069,0.0,0.0,0.0
68070,0.0,0.0,0.0
68071,0.0,0.0,0.0
68072,0.0,0.0,0.0
68073,0.0,0.0,0.0
68074,0.0,0.0,0.0
68075,0.0,0.0,0.0
68076,0.0,0.0,0.0
68077,0.0,0.0,0.0
68078,0.0,0.0,0.0
68079,0.0,0.0,0.0
68080,0.0,0.0,0.0
68081,0.0,0.0,0.0
68082,0.0,0.0,0.0
68083,0.0,0.0,0.0
68084,0.0,0.0,0.0
68085,0.0,0.0,0.0
68086,0.0,0.0,0.0
68087,0.0,0.0,0.0
68088,0.0,0.0,0.0
68089,0.0,0.0,0.0
68090,0.0,0.0,0.0
68091,0.0,0.0,0.0
68092,0.0,0.0,0.0
68093,0.0,0.0,0.0
68094,0.0,0.0,0.0
68095,0.0,0.0,0.0
68096,0.0,0.0,0.0
68097,0.0,0.0,0.0
68098,0.0,0.0,0.0
68099,0.0,0.0,0.0
68100,0.0,0.0,0.0
68101,0.0,0.0,0.0
68102,0.0,0.0,0.0
68103,0.0,0.0,0.0
68104,0.0,0.0,0.0
68105,0.0,0.0,0.0
68106,0.0,0.0,0.0
68107,0.0,0.0,0.0
68108,0.0,0.0,0.0
68109,0.0,0.0,0.0
68110,0.0,0.0,0.0
68111,0.0,0.0,0.0
68112,0.0,0.0,0.0
68113,0.0,0.0,0.0
68114,0.0,0.0,0.0
68115,0.0,0.0,0.0
68116,0.0,0.0,0.0
68117,0.0,0.0,0.0
68118,0.0,0.0,0.0
68119,0.0,0.0,0.0
68120,0.0,0.0,0.0
68121,0.0,0.0,0.0
68122,0.0,0.0,0.0
68123,0.0,0.0,0.0
68124,0.0,0.0,0.0
68125,0.0,0.0,0.0
68126,0.0,0.0,0.0
68127,0.0,0.0,0.0
68128,0.0,0.0,0.0
68129,0.0,0.0,0.0
68130,0.0,0.0,0.0
68131,0.0,0.0,0.0
68132,0.0,0.0,0.0
68133,0.0,0.0,0.0
68134,0.0,0.0,0.0
68135,0.0,0.0,0.0
68136,0.0,0.0,0.0
68137,0.0,0.0,0.0
68138,0.0,0.0,0.0
68139,0.0,0.0,0.0
68140,0.0,0.0,0.0
68141,0.0,0.0,0.0
68142,0.0,0.0,0.0
68143,0.0,0.0,0.0
68144,0.0,0.0,0.0
68145,0.0,0.0,0.0
68146,0.0,0.0,0.0
68147,0.0,0.0,0.0
68148,0.0,0.0,0.0
68149,0.0,0.0,0.0
68150,0.0,0.0,0.0
68151,0.0,0.0,0.0
68152,0.0,0.0,0.0
68153,0.0,0.0,0.0
68154,0.0,0.0,0.0
68155,0.0,0.0,0.0
68156,0.0,0.0,0.0
68157,0.0,0.0,0.0
68158,0.0,0.0,0.0
68159,0.0,0.0,0.0
68160,0.0,0.0,0.0
68161,0.0,0.0,0.0
68162,0.0,0.0,0.0
68163,0.0,0.0,0.0
68164,0.0,0.0,0.0
68165,0.0,0.0,0.0
68166,0.0,0.0,0.0
68167,0.0,0.0,0.0
68168,0.0,0.0,0.0
68169,0.0,0.0,0.0
68170,0.0,0.0,0.0
68171,0.0,0.0,0.0
68172,0.0,0.0,0.0
68173,0.0,0.0,0.0
68174,0.0,0.0,0.0
68175,0.0,0.0,0.0
68176,0.0,0.0,0.0
68177,0.0,0.0,0.0
68178,0.0,0.0,0.0
68179,0.0,0.0,0.0
68180,0.0,0.0,0.0
68181,0.0,0.0,0.0
68182,0.0,0.0,0.0
68183,0.0,0.0,0.0
68184,0.0,0.0,0.0
68185,0.0,0.0,0.0
68186,0.0,0.0,0.0
68187,0.0,0.0,0.0
68188,0.0,0.0,0.0
68189,0.0,0.0,0.0
68190,0.0,0.0,0.0
68191,0.0,0.0,0.0
68192,0.0,0.0,0.0
68193,0.0,0.0,0.0
68194,0.0,0.0,0.0
68195,0.0,0.0,0.0
68196,0.0,0.0,0.0
68197,0.0,0.0,0.0
68198,0.0,0.0,0.0
68199,0.0,0.0,0.0
68200,0.0,0.0,0.0
68201,0.0,0.0,0.0
68202,0.0,0.0,0.0
68203,0.0,0.0,0.0
68204,0.0,0.0,0.0
68205,0.0,0.0,0.0
68206,0.0,0.0,0.0
68207,0.0,0.0,0.0
68208,0.0,0.0,0.0
68209,0.0,0.0,0.0
68210,0.0,0.0,0.0
68211,0.0,0.0,0.0
68212,0.0,0.0,0.0
68213,0.0,0.0,0.0
68214,0.0,0.0,0.0
68215,0.0,0.0,0.0
68216,0.0,0.0,0.0
68217,0.0,0.0,0.0
68218,0.0,0.0,0.0
68219,0.0,0.0,0.0
68220,0.0,0.0,0.0
68221,0.0,0.0,0.0
68222,0.0,0.0,0.0
68223,0.0,0.0,0.0
68224,0.0,0.0,0.0
68225,0.0,0.0,0.0
68226,0.0,0.0,0.0
68227,0.0,0.0,0.0
68228,0.0,0.0,0.0
68229,0.0,0.0,0.0
68230,0.0,0.0,0.0
68231,0.0,0.0,0.0
68232,0.0,0.0,0.0
68233,0.0,0.0,0.0
68234,0.0,0.0,0.0
68235,0.0,0.0,0.0
68236,0.0,0.0,0.0
68237,0.0,0.0,0.0
68238,0.0,0.0,0.0
68239,0.0,0.0,0.0
68240,0.0,0.0,0.0
68241,0.0,0.0,0.0
68242,0.0,0.0,0.0
68243,0.0,0.0,0.0
68244,0.0,0.0,0.0
68245,0.0,0.0,0.0
68246,0.0,0.0,0.0
68247,0.0,0.0,0.0
68248,0.0,0.0,0.0
68249,0.0,0.0,0.0
68250,0.0,0.0,0.0
68251,0.0,0.0,0.0
68252,0.0,0.0,0.0
68253,0.0,0.0,0.0
68254,0.0,0.0,0.0
68255,0.0,0.0,0.0
68256,0.0,0.0,0.0
68257,0.0,0.0,0.0
68258,0.0,0.0,0.0
68259,0.0,0.0,0.0
68260,0.0,0.0,0.0
68261,0.0,0.0,0.0
68262,0.0,0.0,0.0
68263,0.0,0.0,0.0
68264,0.0,0.0,0.0
68265,0.0,0.0,0.0
68266,0.0,0.0,0.0
68267,0.0,0.0,0.0
68268,0.0,0.0,0.0
68269,0.0,0.0,0.0
68270,0.0,0.0,0.0
68271,0.0,0.0,0.0
68272,0.0,0.0,0.0
68273,0.0,0.0,0.0
68274,0.0,0.0,0.0
68275,0.0,0.0,0.0
68276,0.0,0.0,0.0
68277,0.0,0.0,0.0
68278,0.0,0.0,0.0
68279,0.0,0.0,0.0
68280,0.0,0.0,0.0
68281,0.0,0.0,0.0
68282,0.0,0.0,0.0
68283,0.0,0.0,0.0
68284,0.0,0.0,0.0
68285,0.0,0.0,0.0
68286,0.0,0.0,0.0
68287,0.0,0.0,0.0
68288,0.0,0.0,0.0
68289,0.0,0.0,0.0
68290,0.0,0.0,0.0
68291,0.0,0.0,0.0
68292,0.0,0.0,0.0
68293,0.0,0.0,0.0
68294,0.0,0.0,0.0
68295,0.0,0.0,0.0
68296,0.0,0.0,0.0
68297,0.0,0.0,0.0
68298,0.0,0.0,0.0
68299,0.0,0.0,0.0
68300,0.0,0.0,0.0
68301,0.0,0.0,0.0
68302,0.0,0.0,0.0
68303,0.0,0.0,0.0
68304,0.0,0.0,0.0
68305,0.0,0.0,0.0
68306,0.0,0.0,0.0
68307,0.0,0.0,0.0
68308,0.0,0.0,0.0
68309,0.0,0.0,0.0
68310,0.0,0.0,0.0
68311,0.0,0.0,0.0
68312,0.0,0.0,0.0
68313,0.0,0.0,0.0
68314,0.0,0.0,0.0
68315,0.0,0.0,0.0
68316,0.0,0.0,0.0
68317,0.0,0.0,0.0
68318,0.0,0.0,0.0
68319,0.0,0.0,0.0
68320,0.0,0.0,0.0
68321,0.0,0.0,0.0
68322,0.0,0.0,0.0
68323,0.0,0.0,0.0
68324,0.0,0.0,0.0
68325,0.0,0.0,0.0
68326,0.0,0.0,0.0
68327,0.0,0.0,0.0
68328,0.0,0.0,0.0
68329,0.0,0.0,0.0
68330,0.0,0.0,0.0
68331,0.0,0.0,0.0
68332,0.0,0.0,0.0
68333,0.0,0.0,0.0
68334,0.0,0.0,0.0
68335,0.0,0.0,0.0
68336,0.0,0.0,0.0
68337,0.0,0.0,0.0
68338,0.0,0.0,0.0
68339,0.0,0.0,0.0
68340,0.0,0.0,0.0
68341,0.0,0.0,0.0
68342,0.0,0.0,0.0
68343,0.0,0.0,0.0
68344,0.0,0.0,0.0
68345,0.0,0.0,0.0
68346,0.0,0.0,0.0
68347,0.0,0.0,0.0
68348,0.0,0.0,0.0
68349,0.0,0.0,0.0
68350,0.0,0.0,0.0
68351,0.0,0.0,0.0
68352,0.0,0.0,0.0
68353,0.0,0.0,0.0
68354,0.0,0.0,0.0
68355,0.0,0.0,0.0
68356,0.0,0.0,0.0
68357,0.0,0.0,0.0
68358,0.0,0.0,0.0
68359,0.0,0.0,0.0
68360,0.0,0.0,0.0
68361,0.0,0.0,0.0
68362,0.0,0.0,0.0
68363,0.0,0.0,0.0
68364,0.0,0.0,0.0
68365,0.0,0.0,0.0
68366,0.0,0.0,0.0
68367,0.0,0.0,0.0
68368,0.0,0.0,0.0
68369,0.0,0.0,0.0
68370,0.0,0.0,0.0
68371,0.0,0.0,0.0
68372,0.0,0.0,0.0
68373,0.0,0.0,0.0
68374,0.0,0.0,0.0
68375,0.0,0.0,0.0
68376,0.0,0.0,0.0
68377,0.0,0.0,0.0
68378,0.0,0.0,0.0
68379,0.0,0.0,0.0
68380,0.0,0.0,0.0
68381,0.0,0.0,0.0
68382,0.0,0.0,0.0
68383,0.0,0.0,0.0
68384,0.0,0.0,0.0
68385,0.0,0.0,0.0
68386,0.0,0.0,0.0
68387,0.0,0.0,0.0
68388,0.0,0.0,0.0
68389,0.0,0.0,0.0
68390,0.0,0.0,0.0
68391,0.0,0.0,0.0
68392,0.0,0.0,0.0
68393,0.0,0.0,0.0
68394,0.0,0.0,0.0
68395,0.0,0.0,0.0
68396,0.0,0.0,0.0
68397,0.0,0.0,0.0
68398,0.0,0.0,0.0
68399,0.0,0.0,0.0
68400,0.0,0.0,0.0
68401,0.0,0.0,0.0
68402,0.0,0.0,0.0
68403,0.0,0.0,0.0
68404,0.0,0.0,0.0
68405,0.0,0.0,0.0
68406,0.0,0.0,0.0
68407,0.0,0.0,0.0
68408,0.0,0.0,0.0
68409,0.0,0.0,0.0
68410,0.0,0.0,0.0
68411,0.0,0.0,0.0
68412,0.0,0.0,0.0
68413,0.0,0.0,0.0
68414,0.0,0.0,0.0
68415,0.0,0.0,0.0
68416,0.0,0.0,0.0
68417,0.0,0.0,0.0
68418,0.0,0.0,0.0
68419,0.0,0.0,0.0
68420,0.0,0.0,0.0
68421,0.0,0.0,0.0
68422,0.0,0.0,0.0
68423,0.0,0.0,0.0
68424,0.0,0.0,0.0
68425,0.0,0.0,0.0
68426,0.0,0.0,0.0
68427,0.0,0.0,0.0
68428,0.0,0.0,0.0
68429,0.0,0.0,0.0
68430,0.0,0.0,0.0
68431,0.0,0.0,0.0
68432,0.0,0.0,0.0
68433,0.0,0.0,0.0
68434,0.0,0.0,0.0
68435,0.0,0.0,0.0
68436,0.0,0.0,0.0
68437,0.0,0.0,0.0
68438,0.0,0.0,0.0
68439,0.0,0.0,0.0
68440,0.0,0.0,0.0
68441,0.0,0.0,0.0
68442,0.0,0.0,0.0
68443,0.0,0.0,0.0
68444,0.0,0.0,0.0
68445,0.0,0.0,0.0
68446,0.0,0.0,0.0
68447,0.0,0.0,0.0
68448,0.0,0.0,0.0
68449,0.0,0.0,0.0
68450,0.0,0.0,0.0
68451,0.0,0.0,0.0
68452,0.0,0.0,0.0
68453,0.0,0.0,0.0
68454,0.0,0.0,0.0
68455,0.0,0.0,0.0
68456,0.0,0.0,0.0
68457,0.0,0.0,0.0
68458,0.0,0.0,0.0
68459,0.0,0.0,0.0
68460,0.0,0.0,0.0
68461,0.0,0.0,0.0
68462,0.0,0.0,0.0
68463,0.0,0.0,0.0
68464,0.0,0.0,0.0
68465,0.0,0.0,0.0
68466,0.0,0.0,0.0
68467,0.0,0.0,0.0
68468,0.0,0.0,0.0
68469,0.0,0.0,0.0
68470,0.0,0.0,0.0
68471,0.0,0.0,0.0
68472,0.0,0.0,0.0
68473,0.0,0.0,0.0
68474,0.0,0.0,0.0
68475,0.0,0.0,0.0
68476,0.0,0.0,0.0
68477,0.0,0.0,0.0
68478,0.0,0.0,0.0
68479,0.0,0.0,0.0
68480,0.0,0.0,0.0
68481,0.0,0.0,0.0
68482,0.0,0.0,0.0
68483,0.0,0.0,0.0
68484,0.0,0.0,0.0
68485,0.0,0.0,0.0
68486,0.0,0.0,0.0
68487,0.0,0.0,0.0
68488,0.0,0.0,0.0
68489,0.0,0.0,0.0
68490,0.0,0.0,0.0
68491,0.0,0.0,0.0
68492,0.0,0.0,0.0
68493,0.0,0.0,0.0
68494,0.0,0.0,0.0
68495,0.0,0.0,0.0
68496,0.0,0.0,0.0
68497,0.0,0.0,0.0
68498,0.0,0.0,0.0
68499,0.0,0.0,0.0
68500,0.0,0.0,0.0
68501,0.0,0.0,0.0
68502,0.0,0.0,0.0
68503,0.0,0.0,0.0
68504,0.0,0.0,0.0
68505,0.0,0.0,0.0
68506,0.0,0.0,0.0
68507,0.0,0.0,0.0
68508,0.0,0.0,0.0
68509,0.0,0.0,0.0
68510,0.0,0.0,0.0
68511,0.0,0.0,0.0
68512,0.0,0.0,0.0
68513,0.0,0.0,0.0
68514,0.0,0.0,0.0
68515,0.0,0.0,0.0
68516,0.0,0.0,0.0
68517,0.0,0.0,0.0
68518,0.0,0.0,0.0
68519,0.0,0.0,0.0
68520,0.0,0.0,0.0
68521,0.0,0.0,0.0
68522,0.0,0.0,0.0
68523,0.0,0.0,0.0
68524,0.0,0.0,0.0
68525,0.0,0.0,0.0
68526,0.0,0.0,0.0
68527,0.0,0.0,0.0
68528,0.0,0.0,0.0
68529,0.0,0.0,0.0
68530,0.0,0.0,0.0
68531,0.0,0.0,0.0
68532,0.0,0.0,0.0
68533,0.0,0.0,0.0
68534,0.0,0.0,0.0
68535,0.0,0.0,0.0
68536,0.0,0.0,0.0
68537,0.0,0.0,0.0
68538,0.0,0.0,0.0
68539,0.0,0.0,0.0
68540,0.0,0.0,0.0
68541,0.0,0.0,0.0
68542,0.0,0.0,0.0
68543,0.0,0.0,0.0
68544,0.0,0.0,0.0
68545,0.0,0.0,0.0
68546,0.0,0.0,0.0
68547,0.0,0.0,0.0
68548,0.0,0.0,0.0
68549,0.0,0.0,0.0
68550,0.0,0.0,0.0
68551,0.0,0.0,0.0
68552,0.0,0.0,0.0
68553,0.0,0.0,0.0
68554,0.0,0.0,0.0
68555,0.0,0.0,0.0
68556,0.0,0.0,0.0
68557,0.0,0.0,0.0
68558,0.0,0.0,0.0
68559,0.0,0.0,0.0
68560,0.0,0.0,0.0
68561,0.0,0.0,0.0
68562,0.0,0.0,0.0
68563,0.0,0.0,0.0
68564,0.0,0.0,0.0
68565,0.0,0.0,0.0
68566,0.0,0.0,0.0
68567,0.0,0.0,0.0
68568,0.0,0.0,0.0
68569,0.0,0.0,0.0
68570,0.0,0.0,0.0
68571,0.0,0.0,0.0
68572,0.0,0.0,0.0
68573,0.0,0.0,0.0
68574,0.0,0.0,0.0
68575,0.0,0.0,0.0
68576,0.0,0.0,0.0
68577,0.0,0.0,0.0
68578,0.0,0.0,0.0
68579,0.0,0.0,0.0
68580,0.0,0.0,0.0
68581,0.0,0.0,0.0
68582,0.0,0.0,0.0
68583,0.0,0.0,0.0
68584,0.0,0.0,0.0
68585,0.0,0.0,0.0
68586,0.0,0.0,0.0
68587,0.0,0.0,0.0
68588,0.0,0.0,0.0
68589,0.0,0.0,0.0
68590,0.0,0.0,0.0
68591,0.0,0.0,0.0
68592,0.0,0.0,0.0
68593,0.0,0.0,0.0
68594,0.0,0.0,0.0
68595,0.0,0.0,0.0
68596,0.0,0.0,0.0
68597,0.0,0.0,0.0
68598,0.0,0.0,0.0
68599,0.0,0.0,0.0
68600,0.0,0.0,0.0
68601,0.0,0.0,0.0
68602,0.0,0.0,0.0
68603,0.0,0.0,0.0
68604,0.0,0.0,0.0
68605,0.0,0.0,0.0
68606,0.0,0.0,0.0
68607,0.0,0.0,0.0
68608,0.0,0.0,0.0
68609,0.0,0.0,0.0
68610,0.0,0.0,0.0
68611,0.0,0.0,0.0
68612,0.0,0.0,0.0
68613,0.0,0.0,0.0
68614,0.0,0.0,0.0
68615,0.0,0.0,0.0
68616,0.0,0.0,0.0
68617,0.0,0.0,0.0
68618,0.0,0.0,0.0
68619,0.0,0.0,0.0
68620,0.0,0.0,0.0
68621,0.0,0.0,0.0
68622,0.0,0.0,0.0
68623,0.0,0.0,0.0
68624,0.0,0.0,0.0
68625,0.0,0.0,0.0
68626,0.0,0.0,0.0
68627,0.0,0.0,0.0
68628,0.0,0.0,0.0
68629,0.0,0.0,0.0
68630,0.0,0.0,0.0
68631,0.0,0.0,0.0
68632,0.0,0.0,0.0
68633,0.0,0.0,0.0
68634,0.0,0.0,0.0
68635,0.0,0.0,0.0
68636,0.0,0.0,0.0
68637,0.0,0.0,0.0
68638,0.0,0.0,0.0
68639,0.0,0.0,0.0
68640,0.0,0.0,0.0
68641,0.0,0.0,0.0
68642,0.0,0.0,0.0
68643,0.0,0.0,0.0
68644,0.0,0.0,0.0
68645,0.0,0.0,0.0
68646,0.0,0.0,0.0
68647,0.0,0.0,0.0
68648,0.0,0.0,0.0
68649,0.0,0.0,0.0
68650,0.0,0.0,0.0
68651,0.0,0.0,0.0
68652,0.0,0.0,0.0
68653,0.0,0.0,0.0
68654,0.0,0.0,0.0
68655,0.0,0.0,0.0
68656,0.0,0.0,0.0
68657,0.0,0.0,0.0
68658,0.0,0.0,0.0
68659,0.0,0.0,0.0
68660,0.0,0.0,0.0
68661,0.0,0.0,0.0
68662,0.0,0.0,0.0
68663,0.0,0.0,0.0
68664,0.0,0.0,0.0
68665,0.0,0.0,0.0
68666,0.0,0.0,0.0
68667,0.0,0.0,0.0
68668,0.0,0.0,0.0
68669,0.0,0.0,0.0
68670,0.0,0.0,0.0
68671,0.0,0.0,0.0
68672,0.0,0.0,0.0
68673,0.0,0.0,0.0
68674,0.0,0.0,0.0
68675,0.0,0.0,0.0
68676,0.0,0.0,0.0
68677,0.0,0.0,0.0
68678,0.0,0.0,0.0
68679,0.0,0.0,0.0
68680,0.0,0.0,0.0
68681,0.0,0.0,0.0
68682,0.0,0.0,0.0
68683,0.0,0.0,0.0
68684,0.0,0.0,0.0
68685,0.0,0.0,0.0
68686,0.0,0.0,0.0
68687,0.0,0.0,0.0
68688,0.0,0.0,0.0
68689,0.0,0.0,0.0
68690,0.0,0.0,0.0
68691,0.0,0.0,0.0
68692,0.0,0.0,0.0
68693,0.0,0.0,0.0
68694,0.0,0.0,0.0
68695,0.0,0.0,0.0
68696,0.0,0.0,0.0
68697,0.0,0.0,0.0
68698,0.0,0.0,0.0
68699,0.0,0.0,0.0
68700,0.0,0.0,0.0
68701,0.0,0.0,0.0
68702,0.0,0.0,0.0
68703,0.0,0.0,0.0
68704,0.0,0.0,0.0
68705,0.0,0.0,0.0
68706,0.0,0.0,0.0
68707,0.0,0.0,0.0
68708,0.0,0.0,0.0
68709,0.0,0.0,0.0
68710,0.0,0.0,0.0
68711,0.0,0.0,0.0
68712,0.0,0.0,0.0
68713,0.0,0.0,0.0
68714,0.0,0.0,0.0
68715,0.0,0.0,0.0
68716,0.0,0.0,0.0
68717,0.0,0.0,0.0
68718,0.0,0.0,0.0
68719,0.0,0.0,0.0
68720,0.0,0.0,0.0
68721,0.0,0.0,0.0
68722,0.0,0.0,0.0
68723,0.0,0.0,0.0
68724,0.0,0.0,0.0
68725,0.0,0.0,0.0
68726,0.0,0.0,0.0
68727,0.0,0.0,0.0
68728,0.0,0.0,0.0
68729,0.0,0.0,0.0
68730,0.0,0.0,0.0
68731,0.0,0.0,0.0
68732,0.0,0.0,0.0
68733,0.0,0.0,0.0
68734,0.0,0.0,0.0
68735,0.0,0.0,0.0
68736,0.0,0.0,0.0
68737,0.0,0.0,0.0
68738,0.0,0.0,0.0
68739,0.0,0.0,0.0
68740,0.0,0.0,0.0
68741,0.0,0.0,0.0
68742,0.0,0.0,0.0
68743,0.0,0.0,0.0
68744,0.0,0.0,0.0
68745,0.0,0.0,0.0
68746,0.0,0.0,0.0
68747,0.0,0.0,0.0
68748,0.0,0.0,0.0
68749,0.0,0.0,0.0
68750,0.0,0.0,0.0
68751,0.0,0.0,0.0
68752,0.0,0.0,0.0
68753,0.0,0.0,0.0
68754,0.0,0.0,0.0
68755,0.0,0.0,0.0
68756,0.0,0.0,0.0
68757,0.0,0.0,0.0
68758,0.0,0.0,0.0
68759,0.0,0.0,0.0
68760,0.0,0.0,0.0
68761,0.0,0.0,0.0
68762,0.0,0.0,0.0
68763,0.0,0.0,0.0
68764,0.0,0.0,0.0
68765,0.0,0.0,0.0
68766,0.0,0.0,0.0
68767,0.0,0.0,0.0
68768,0.0,0.0,0.0
68769,0.0,0.0,0.0
68770,0.0,0.0,0.0
68771,0.0,0.0,0.0
68772,0.0,0.0,0.0
68773,0.0,0.0,0.0
68774,0.0,0.0,0.0
68775,0.0,0.0,0.0
68776,0.0,0.0,0.0
68777,0.0,0.0,0.0
68778,0.0,0.0,0.0
68779,0.0,0.0,0.0
68780,0.0,0.0,0.0
68781,0.0,0.0,0.0
68782,0.0,0.0,0.0
68783,0.0,0.0,0.0
68784,0.0,0.0,0.0
68785,0.0,0.0,0.0
68786,0.0,0.0,0.0
68787,0.0,0.0,0.0
68788,0.0,0.0,0.0
68789,0.0,0.0,0.0
68790,0.0,0.0,0.0
68791,0.0,0.0,0.0
68792,0.0,0.0,0.0
68793,0.0,0.0,0.0
68794,0.0,0.0,0.0
68795,0.0,0.0,0.0
68796,0.0,0.0,0.0
68797,0.0,0.0,0.0
68798,0.0,0.0,0.0
68799,0.0,0.0,0.0
68800,0.0,0.0,0.0
68801,0.0,0.0,0.0
68802,0.0,0.0,0.0
68803,0.0,0.0,0.0
68804,0.0,0.0,0.0
68805,0.0,0.0,0.0
68806,0.0,0.0,0.0
68807,0.0,0.0,0.0
68808,0.0,0.0,0.0
68809,0.0,0.0,0.0
68810,0.0,0.0,0.0
68811,0.0,0.0,0.0
68812,0.0,0.0,0.0
68813,0.0,0.0,0.0
68814,0.0,0.0,0.0
68815,0.0,0.0,0.0
68816,0.0,0.0,0.0
68817,0.0,0.0,0.0
68818,0.0,0.0,0.0
68819,0.0,0.0,0.0
68820,0.0,0.0,0.0
68821,0.0,0.0,0.0
68822,0.0,0.0,0.0
68823,0.0,0.0,0.0
68824,0.0,0.0,0.0
68825,0.0,0.0,0.0
68826,0.0,0.0,0.0
68827,0.0,0.0,0.0
68828,0.0,0.0,0.0
68829,0.0,0.0,0.0
68830,0.0,0.0,0.0
68831,0.0,0.0,0.0
68832,0.0,0.0,0.0
68833,0.0,0.0,0.0
68834,0.0,0.0,0.0
68835,0.0,0.0,0.0
68836,0.0,0.0,0.0
68837,0.0,0.0,0.0
68838,0.0,0.0,0.0
68839,0.0,0.0,0.0
68840,0.0,0.0,0.0
68841,0.0,0.0,0.0
68842,0.0,0.0,0.0
68843,0.0,0.0,0.0
68844,0.0,0.0,0.0
68845,0.0,0.0,0.0
68846,0.0,0.0,0.0
68847,0.0,0.0,0.0
68848,0.0,0.0,0.0
68849,0.0,0.0,0.0
68850,0.0,0.0,0.0
68851,0.0,0.0,0.0
68852,0.0,0.0,0.0
68853,0.0,0.0,0.0
68854,0.0,0.0,0.0
68855,0.0,0.0,0.0
68856,0.0,0.0,0.0
68857,0.0,0.0,0.0
68858,0.0,0.0,0.0
68859,0.0,0.0,0.0
68860,0.0,0.0,0.0
68861,0.0,0.0,0.0
68862,0.0,0.0,0.0
68863,0.0,0.0,0.0
68864,0.0,0.0,0.0
68865,0.0,0.0,0.0
68866,0.0,0.0,0.0
68867,0.0,0.0,0.0
68868,0.0,0.0,0.0
68869,0.0,0.0,0.0
68870,0.0,0.0,0.0
68871,0.0,0.0,0.0
68872,0.0,0.0,0.0
68873,0.0,0.0,0.0
68874,0.0,0.0,0.0
68875,0.0,0.0,0.0
68876,0.0,0.0,0.0
68877,0.0,0.0,0.0
68878,0.0,0.0,0.0
68879,0.0,0.0,0.0
68880,0.0,0.0,0.0
68881,0.0,0.0,0.0
68882,0.0,0.0,0.0
68883,0.0,0.0,0.0
68884,0.0,0.0,0.0
68885,0.0,0.0,0.0
68886,0.0,0.0,0.0
68887,0.0,0.0,0.0
68888,0.0,0.0,0.0
68889,0.0,0.0,0.0
68890,0.0,0.0,0.0
68891,0.0,0.0,0.0
68892,0.0,0.0,0.0
68893,0.0,0.0,0.0
68894,0.0,0.0,0.0
68895,0.0,0.0,0.0
68896,0.0,0.0,0.0
68897,0.0,0.0,0.0
68898,0.0,0.0,0.0
68899,0.0,0.0,0.0
68900,0.0,0.0,0.0
68901,0.0,0.0,0.0
68902,0.0,0.0,0.0
68903,0.0,0.0,0.0
68904,0.0,0.0,0.0
68905,0.0,0.0,0.0
68906,0.0,0.0,0.0
68907,0.0,0.0,0.0
68908,0.0,0.0,0.0
68909,0.0,0.0,0.0
68910,0.0,0.0,0.0
68911,0.0,0.0,0.0
68912,0.0,0.0,0.0
68913,0.0,0.0,0.0
68914,0.0,0.0,0.0
68915,0.0,0.0,0.0
68916,0.0,0.0,0.0
68917,0.0,0.0,0.0
68918,0.0,0.0,0.0
68919,0.0,0.0,0.0
68920,0.0,0.0,0.0
68921,0.0,0.0,0.0
68922,0.0,0.0,0.0
68923,0.0,0.0,0.0
68924,0.0,0.0,0.0
68925,0.0,0.0,0.0
68926,0.0,0.0,0.0
68927,0.0,0.0,0.0
68928,0.0,0.0,0.0
68929,0.0,0.0,0.0
68930,0.0,0.0,0.0
68931,0.0,0.0,0.0
68932,0.0,0.0,0.0
68933,0.0,0.0,0.0
68934,0.0,0.0,0.0
68935,0.0,0.0,0.0
68936,0.0,0.0,0.0
68937,0.0,0.0,0.0
68938,0.0,0.0,0.0
68939,0.0,0.0,0.0
68940,0.0,0.0,0.0
68941,0.0,0.0,0.0
68942,0.0,0.0,0.0
68943,0.0,0.0,0.0
68944,0.0,0.0,0.0
68945,0.0,0.0,0.0
68946,0.0,0.0,0.0
68947,0.0,0.0,0.0
68948,0.0,0.0,0.0
68949,0.0,0.0,0.0
68950,0.0,0.0,0.0
68951,0.0,0.0,0.0
68952,0.0,0.0,0.0
68953,0.0,0.0,0.0
68954,0.0,0.0,0.0
68955,0.0,0.0,0.0
68956,0.0,0.0,0.0
68957,0.0,0.0,0.0
68958,0.0,0.0,0.0
68959,0.0,0.0,0.0
68960,0.0,0.0,0.0
68961,0.0,0.0,0.0
68962,0.0,0.0,0.0
68963,0.0,0.0,0.0
68964,0.0,0.0,0.0
68965,0.0,0.0,0.0
68966,0.0,0.0,0.0
68967,0.0,0.0,0.0
68968,0.0,0.0,0.0
68969,0.0,0.0,0.0
68970,0.0,0.0,0.0
68971,0.0,0.0,0.0
68972,0.0,0.0,0.0
68973,0.0,0.0,0.0
68974,0.0,0.0,0.0
68975,0.0,0.0,0.0
68976,0.0,0.0,0.0
68977,0.0,0.0,0.0
68978,0.0,0.0,0.0
68979,0.0,0.0,0.0
68980,0.0,0.0,0.0
68981,0.0,0.0,0.0
68982,0.0,0.0,0.0
68983,0.0,0.0,0.0
68984,0.0,0.0,0.0
68985,0.0,0.0,0.0
68986,0.0,0.0,0.0
68987,0.0,0.0,0.0
68988,0.0,0.0,0.0
68989,0.0,0.0,0.0
68990,0.0,0.0,0.0
68991,0.0,0.0,0.0
68992,0.0,0.0,0.0
68993,0.0,0.0,0.0
68994,0.0,0.0,0.0
68995,0.0,0.0,0.0
68996,0.0,0.0,0.0
68997,0.0,0.0,0.0
68998,0.0,0.0,0.0
68999,0.0,0.0,0.0
69000,0.0,0.0,0.0
69001,0.0,0.0,0.0
69002,0.0,0.0,0.0
69003,0.0,0.0,0.0
69004,0.0,0.0,0.0
69005,0.0,0.0,0.0
69006,0.0,0.0,0.0
69007,0.0,0.0,0.0
69008,0.0,0.0,0.0
69009,0.0,0.0,0.0
69010,0.0,0.0,0.0
69011,0.0,0.0,0.0
69012,0.0,0.0,0.0
69013,0.0,0.0,0.0
69014,0.0,0.0,0.0
69015,0.0,0.0,0.0
69016,0.0,0.0,0.0
69017,0.0,0.0,0.0
69018,0.0,0.0,0.0
69019,0.0,0.0,0.0
69020,0.0,0.0,0.0
69021,0.0,0.0,0.0
69022,0.0,0.0,0.0
69023,0.0,0.0,0.0
69024,0.0,0.0,0.0
69025,0.0,0.0,0.0
69026,0.0,0.0,0.0
69027,0.0,0.0,0.0
69028,0.0,0.0,0.0
69029,0.0,0.0,0.0
69030,0.0,0.0,0.0
69031,0.0,0.0,0.0
69032,0.0,0.0,0.0
69033,0.0,0.0,0.0
69034,0.0,0.0,0.0
69035,0.0,0.0,0.0
69036,0.0,0.0,0.0
69037,0.0,0.0,0.0
69038,0.0,0.0,0.0
69039,0.0,0.0,0.0
69040,0.0,0.0,0.0
69041,0.0,0.0,0.0
69042,0.0,0.0,0.0
69043,0.0,0.0,0.0
69044,0.0,0.0,0.0
69045,0.0,0.0,0.0
69046,0.0,0.0,0.0
69047,0.0,0.0,0.0
69048,0.0,0.0,0.0
69049,0.0,0.0,0.0
69050,0.0,0.0,0.0
69051,0.0,0.0,0.0
69052,0.0,0.0,0.0
69053,0.0,0.0,0.0
69054,0.0,0.0,0.0
69055,0.0,0.0,0.0
69056,0.0,0.0,0.0
69057,0.0,0.0,0.0
69058,0.0,0.0,0.0
69059,0.0,0.0,0.0
69060,0.0,0.0,0.0
69061,0.0,0.0,0.0
69062,0.0,0.0,0.0
69063,0.0,0.0,0.0
69064,0.0,0.0,0.0
69065,0.0,0.0,0.0
69066,0.0,0.0,0.0
69067,0.0,0.0,0.0
69068,0.0,0.0,0.0
69069,0.0,0.0,0.0
69070,0.0,0.0,0.0
69071,0.0,0.0,0.0
69072,0.0,0.0,0.0
69073,0.0,0.0,0.0
69074,0.0,0.0,0.0
69075,0.0,0.0,0.0
69076,0.0,0.0,0.0
69077,0.0,0.0,0.0
69078,0.0,0.0,0.0
69079,0.0,0.0,0.0
69080,0.0,0.0,0.0
69081,0.0,0.0,0.0
69082,0.0,0.0,0.0
69083,0.0,0.0,0.0
69084,0.0,0.0,0.0
69085,0.0,0.0,0.0
69086,0.0,0.0,0.0
69087,0.0,0.0,0.0
69088,0.0,0.0,0.0
69089,0.0,0.0,0.0
69090,0.0,0.0,0.0
69091,0.0,0.0,0.0
69092,0.0,0.0,0.0
69093,0.0,0.0,0.0
69094,0.0,0.0,0.0
69095,0.0,0.0,0.0
69096,0.0,0.0,0.0
69097,0.0,0.0,0.0
69098,0.0,0.0,0.0
69099,0.0,0.0,0.0
69100,0.0,0.0,0.0
69101,0.0,0.0,0.0
69102,0.0,0.0,0.0
69103,0.0,0.0,0.0
69104,0.0,0.0,0.0
69105,0.0,0.0,0.0
69106,0.0,0.0,0.0
69107,0.0,0.0,0.0
69108,0.0,0.0,0.0
69109,0.0,0.0,0.0
69110,0.0,0.0,0.0
69111,0.0,0.0,0.0
69112,0.0,0.0,0.0
69113,0.0,0.0,0.0
69114,0.0,0.0,0.0
69115,0.0,0.0,0.0
69116,0.0,0.0,0.0
69117,0.0,0.0,0.0
69118,0.0,0.0,0.0
69119,0.0,0.0,0.0
69120,0.0,0.0,0.0
69121,0.0,0.0,0.0
69122,0.0,0.0,0.0
69123,0.0,0.0,0.0
69124,0.0,0.0,0.0
69125,0.0,0.0,0.0
69126,0.0,0.0,0.0
69127,0.0,0.0,0.0
69128,0.0,0.0,0.0
69129,0.0,0.0,0.0
69130,0.0,0.0,0.0
69131,0.0,0.0,0.0
69132,0.0,0.0,0.0
69133,0.0,0.0,0.0
69134,0.0,0.0,0.0
69135,0.0,0.0,0.0
69136,0.0,0.0,0.0
69137,0.0,0.0,0.0
69138,0.0,0.0,0.0
69139,0.0,0.0,0.0
69140,0.0,0.0,0.0
69141,0.0,0.0,0.0
69142,0.0,0.0,0.0
69143,0.0,0.0,0.0
69144,0.0,0.0,0.0
69145,0.0,0.0,0.0
69146,0.0,0.0,0.0
69147,0.0,0.0,0.0
69148,0.0,0.0,0.0
69149,0.0,0.0,0.0
69150,0.0,0.0,0.0
69151,0.0,0.0,0.0
69152,0.0,0.0,0.0
69153,0.0,0.0,0.0
69154,0.0,0.0,0.0
69155,0.0,0.0,0.0
69156,0.0,0.0,0.0
69157,0.0,0.0,0.0
69158,0.0,0.0,0.0
69159,0.0,0.0,0.0
69160,0.0,0.0,0.0
69161,0.0,0.0,0.0
69162,0.0,0.0,0.0
69163,0.0,0.0,0.0
69164,0.0,0.0,0.0
69165,0.0,0.0,0.0
69166,0.0,0.0,0.0
69167,0.0,0.0,0.0
69168,0.0,0.0,0.0
69169,0.0,0.0,0.0
69170,0.0,0.0,0.0
69171,0.0,0.0,0.0
69172,0.0,0.0,0.0
69173,0.0,0.0,0.0
69174,0.0,0.0,0.0
69175,0.0,0.0,0.0
69176,0.0,0.0,0.0
69177,0.0,0.0,0.0
69178,0.0,0.0,0.0
69179,0.0,0.0,0.0
69180,0.0,0.0,0.0
69181,0.0,0.0,0.0
69182,0.0,0.0,0.0
69183,0.0,0.0,0.0
69184,0.0,0.0,0.0
69185,0.0,0.0,0.0
69186,0.0,0.0,0.0
69187,0.0,0.0,0.0
69188,0.0,0.0,0.0
69189,0.0,0.0,0.0
69190,0.0,0.0,0.0
69191,0.0,0.0,0.0
69192,0.0,0.0,0.0
69193,0.0,0.0,0.0
69194,0.0,0.0,0.0
69195,0.0,0.0,0.0
69196,0.0,0.0,0.0
69197,0.0,0.0,0.0
69198,0.0,0.0,0.0
69199,0.0,0.0,0.0
69200,0.0,0.0,0.0
69201,0.0,0.0,0.0
69202,0.0,0.0,0.0
69203,0.0,0.0,0.0
69204,0.0,0.0,0.0
69205,0.0,0.0,0.0
69206,0.0,0.0,0.0
69207,0.0,0.0,0.0
69208,0.0,0.0,0.0
69209,0.0,0.0,0.0
69210,0.0,0.0,0.0
69211,0.0,0.0,0.0
69212,0.0,0.0,0.0
69213,0.0,0.0,0.0
69214,0.0,0.0,0.0
69215,0.0,0.0,0.0
69216,0.0,0.0,0.0
69217,0.0,0.0,0.0
69218,0.0,0.0,0.0
69219,0.0,0.0,0.0
69220,0.0,0.0,0.0
69221,0.0,0.0,0.0
69222,0.0,0.0,0.0
69223,0.0,0.0,0.0
69224,0.0,0.0,0.0
69225,0.0,0.0,0.0
69226,0.0,0.0,0.0
69227,0.0,0.0,0.0
69228,0.0,0.0,0.0
69229,0.0,0.0,0.0
69230,0.0,0.0,0.0
69231,0.0,0.0,0.0
69232,0.0,0.0,0.0
69233,0.0,0.0,0.0
69234,0.0,0.0,0.0
69235,0.0,0.0,0.0
69236,0.0,0.0,0.0
69237,0.0,0.0,0.0
69238,0.0,0.0,0.0
69239,0.0,0.0,0.0
69240,0.0,0.0,0.0
69241,0.0,0.0,0.0
69242,0.0,0.0,0.0
69243,0.0,0.0,0.0
69244,0.0,0.0,0.0
69245,0.0,0.0,0.0
69246,0.0,0.0,0.0
69247,0.0,0.0,0.0
69248,0.0,0.0,0.0
69249,0.0,0.0,0.0
69250,0.0,0.0,0.0
69251,0.0,0.0,0.0
69252,0.0,0.0,0.0
69253,0.0,0.0,0.0
69254,0.0,0.0,0.0
69255,0.0,0.0,0.0
69256,0.0,0.0,0.0
69257,0.0,0.0,0.0
69258,0.0,0.0,0.0
69259,0.0,0.0,0.0
69260,0.0,0.0,0.0
69261,0.0,0.0,0.0
69262,0.0,0.0,0.0
69263,0.0,0.0,0.0
69264,0.0,0.0,0.0
69265,0.0,0.0,0.0
69266,0.0,0.0,0.0
69267,0.0,0.0,0.0
69268,0.0,0.0,0.0
69269,0.0,0.0,0.0
69270,0.0,0.0,0.0
69271,0.0,0.0,0.0
69272,0.0,0.0,0.0
69273,0.0,0.0,0.0
69274,0.0,0.0,0.0
69275,0.0,0.0,0.0
69276,0.0,0.0,0.0
69277,0.0,0.0,0.0
69278,0.0,0.0,0.0
69279,0.0,0.0,0.0
69280,0.0,0.0,0.0
69281,0.0,0.0,0.0
69282,0.0,0.0,0.0
69283,0.0,0.0,0.0
69284,0.0,0.0,0.0
69285,0.0,0.0,0.0
69286,0.0,0.0,0.0
69287,0.0,0.0,0.0
69288,0.0,0.0,0.0
69289,0.0,0.0,0.0
69290,0.0,0.0,0.0
69291,0.0,0.0,0.0
69292,0.0,0.0,0.0
69293,0.0,0.0,0.0
69294,0.0,0.0,0.0
69295,0.0,0.0,0.0
69296,0.0,0.0,0.0
69297,0.0,0.0,0.0
69298,0.0,0.0,0.0
69299,0.0,0.0,0.0
69300,0.0,0.0,0.0
69301,0.0,0.0,0.0
69302,0.0,0.0,0.0
69303,0.0,0.0,0.0
69304,0.0,0.0,0.0
69305,0.0,0.0,0.0
69306,0.0,0.0,0.0
69307,0.0,0.0,0.0
69308,0.0,0.0,0.0
69309,0.0,0.0,0.0
69310,0.0,0.0,0.0
69311,0.0,0.0,0.0
69312,0.0,0.0,0.0
69313,0.0,0.0,0.0
69314,0.0,0.0,0.0
69315,0.0,0.0,0.0
69316,0.0,0.0,0.0
69317,0.0,0.0,0.0
69318,0.0,0.0,0.0
69319,0.0,0.0,0.0
69320,0.0,0.0,0.0
69321,0.0,0.0,0.0
69322,0.0,0.0,0.0
69323,0.0,0.0,0.0
69324,0.0,0.0,0.0
69325,0.0,0.0,0.0
69326,0.0,0.0,0.0
69327,0.0,0.0,0.0
69328,0.0,0.0,0.0
69329,0.0,0.0,0.0
69330,0.0,0.0,0.0
69331,0.0,0.0,0.0
69332,0.0,0.0,0.0
69333,0.0,0.0,0.0
69334,0.0,0.0,0.0
69335,0.0,0.0,0.0
69336,0.0,0.0,0.0
69337,0.0,0.0,0.0
69338,0.0,0.0,0.0
69339,0.0,0.0,0.0
69340,0.0,0.0,0.0
69341,0.0,0.0,0.0
69342,0.0,0.0,0.0
69343,0.0,0.0,0.0
69344,0.0,0.0,0.0
69345,0.0,0.0,0.0
69346,0.0,0.0,0.0
69347,0.0,0.0,0.0
69348,0.0,0.0,0.0
69349,0.0,0.0,0.0
69350,0.0,0.0,0.0
69351,0.0,0.0,0.0
69352,0.0,0.0,0.0
69353,0.0,0.0,0.0
69354,0.0,0.0,0.0
69355,0.0,0.0,0.0
69356,0.0,0.0,0.0
69357,0.0,0.0,0.0
69358,0.0,0.0,0.0
69359,0.0,0.0,0.0
69360,0.0,0.0,0.0
69361,0.0,0.0,0.0
69362,0.0,0.0,0.0
69363,0.0,0.0,0.0
69364,0.0,0.0,0.0
69365,0.0,0.0,0.0
69366,0.0,0.0,0.0
69367,0.0,0.0,0.0
69368,0.0,0.0,0.0
69369,0.0,0.0,0.0
69370,0.0,0.0,0.0
69371,0.0,0.0,0.0
69372,0.0,0.0,0.0
69373,0.0,0.0,0.0
69374,0.0,0.0,0.0
69375,0.0,0.0,0.0
69376,0.0,0.0,0.0
69377,0.0,0.0,0.0
69378,0.0,0.0,0.0
69379,0.0,0.0,0.0
69380,0.0,0.0,0.0
69381,0.0,0.0,0.0
69382,0.0,0.0,0.0
69383,0.0,0.0,0.0
69384,0.0,0.0,0.0
69385,0.0,0.0,0.0
69386,0.0,0.0,0.0
69387,0.0,0.0,0.0
69388,0.0,0.0,0.0
69389,0.0,0.0,0.0
69390,0.0,0.0,0.0
69391,0.0,0.0,0.0
69392,0.0,0.0,0.0
69393,0.0,0.0,0.0
69394,0.0,0.0,0.0
69395,0.0,0.0,0.0
69396,0.0,0.0,0.0
69397,0.0,0.0,0.0
69398,0.0,0.0,0.0
69399,0.0,0.0,0.0
69400,0.0,0.0,0.0
69401,0.0,0.0,0.0
69402,0.0,0.0,0.0
69403,0.0,0.0,0.0
69404,0.0,0.0,0.0
69405,0.0,0.0,0.0
69406,0.0,0.0,0.0
69407,0.0,0.0,0.0
69408,0.0,0.0,0.0
69409,0.0,0.0,0.0
69410,0.0,0.0,0.0
69411,0.0,0.0,0.0
69412,0.0,0.0,0.0
69413,0.0,0.0,0.0
69414,0.0,0.0,0.0
69415,0.0,0.0,0.0
69416,0.0,0.0,0.0
69417,0.0,0.0,0.0
69418,0.0,0.0,0.0
69419,0.0,0.0,0.0
69420,0.0,0.0,0.0
69421,0.0,0.0,0.0
69422,0.0,0.0,0.0
69423,0.0,0.0,0.0
69424,0.0,0.0,0.0
69425,0.0,0.0,0.0
69426,0.0,0.0,0.0
69427,0.0,0.0,0.0
69428,0.0,0.0,0.0
69429,0.0,0.0,0.0
69430,0.0,0.0,0.0
69431,0.0,0.0,0.0
69432,0.0,0.0,0.0
69433,0.0,0.0,0.0
69434,0.0,0.0,0.0
69435,0.0,0.0,0.0
69436,0.0,0.0,0.0
69437,0.0,0.0,0.0
69438,0.0,0.0,0.0
69439,0.0,0.0,0.0
69440,0.0,0.0,0.0
69441,0.0,0.0,0.0
69442,0.0,0.0,0.0
69443,0.0,0.0,0.0
69444,0.0,0.0,0.0
69445,0.0,0.0,0.0
69446,0.0,0.0,0.0
69447,0.0,0.0,0.0
69448,0.0,0.0,0.0
69449,0.0,0.0,0.0
69450,0.0,0.0,0.0
69451,0.0,0.0,0.0
69452,0.0,0.0,0.0
69453,0.0,0.0,0.0
69454,0.0,0.0,0.0
69455,0.0,0.0,0.0
69456,0.0,0.0,0.0
69457,0.0,0.0,0.0
69458,0.0,0.0,0.0
69459,0.0,0.0,0.0
69460,0.0,0.0,0.0
69461,0.0,0.0,0.0
69462,0.0,0.0,0.0
69463,0.0,0.0,0.0
69464,0.0,0.0,0.0
69465,0.0,0.0,0.0
69466,0.0,0.0,0.0
69467,0.0,0.0,0.0
69468,0.0,0.0,0.0
69469,0.0,0.0,0.0
69470,0.0,0.0,0.0
69471,0.0,0.0,0.0
69472,0.0,0.0,0.0
69473,0.0,0.0,0.0
69474,0.0,0.0,0.0
69475,0.0,0.0,0.0
69476,0.0,0.0,0.0
69477,0.0,0.0,0.0
69478,0.0,0.0,0.0
69479,0.0,0.0,0.0
69480,0.0,0.0,0.0
69481,0.0,0.0,0.0
69482,0.0,0.0,0.0
69483,0.0,0.0,0.0
69484,0.0,0.0,0.0
69485,0.0,0.0,0.0
69486,0.0,0.0,0.0
69487,0.0,0.0,0.0
69488,0.0,0.0,0.0
69489,0.0,0.0,0.0
69490,0.0,0.0,0.0
69491,0.0,0.0,0.0
69492,0.0,0.0,0.0
69493,0.0,0.0,0.0
69494,0.0,0.0,0.0
69495,0.0,0.0,0.0
69496,0.0,0.0,0.0
69497,0.0,0.0,0.0
69498,0.0,0.0,0.0
69499,0.0,0.0,0.0
69500,0.0,0.0,0.0
69501,0.0,0.0,0.0
69502,0.0,0.0,0.0
69503,0.0,0.0,0.0
69504,0.0,0.0,0.0
69505,0.0,0.0,0.0
69506,0.0,0.0,0.0
69507,0.0,0.0,0.0
69508,0.0,0.0,0.0
69509,0.0,0.0,0.0
69510,0.0,0.0,0.0
69511,0.0,0.0,0.0
69512,0.0,0.0,0.0
69513,0.0,0.0,0.0
69514,0.0,0.0,0.0
69515,0.0,0.0,0.0
69516,0.0,0.0,0.0
69517,0.0,0.0,0.0
69518,0.0,0.0,0.0
69519,0.0,0.0,0.0
69520,0.0,0.0,0.0
69521,0.0,0.0,0.0
69522,0.0,0.0,0.0
69523,0.0,0.0,0.0
69524,0.0,0.0,0.0
69525,0.0,0.0,0.0
69526,0.0,0.0,0.0
69527,0.0,0.0,0.0
69528,0.0,0.0,0.0
69529,0.0,0.0,0.0
69530,0.0,0.0,0.0
69531,0.0,0.0,0.0
69532,0.0,0.0,0.0
69533,0.0,0.0,0.0
69534,0.0,0.0,0.0
69535,0.0,0.0,0.0
69536,0.0,0.0,0.0
69537,0.0,0.0,0.0
69538,0.0,0.0,0.0
69539,0.0,0.0,0.0
69540,0.0,0.0,0.0
69541,0.0,0.0,0.0
69542,0.0,0.0,0.0
69543,0.0,0.0,0.0
69544,0.0,0.0,0.0
69545,0.0,0.0,0.0
69546,0.0,0.0,0.0
69547,0.0,0.0,0.0
69548,0.0,0.0,0.0
69549,0.0,0.0,0.0
69550,0.0,0.0,0.0
69551,0.0,0.0,0.0
69552,0.0,0.0,0.0
69553,0.0,0.0,0.0
69554,0.0,0.0,0.0
69555,0.0,0.0,0.0
69556,0.0,0.0,0.0
69557,0.0,0.0,0.0
69558,0.0,0.0,0.0
69559,0.0,0.0,0.0
69560,0.0,0.0,0.0
69561,0.0,0.0,0.0
69562,0.0,0.0,0.0
69563,0.0,0.0,0.0
69564,0.0,0.0,0.0
69565,0.0,0.0,0.0
69566,0.0,0.0,0.0
69567,0.0,0.0,0.0
69568,0.0,0.0,0.0
69569,0.0,0.0,0.0
69570,0.0,0.0,0.0
69571,0.0,0.0,0.0
69572,0.0,0.0,0.0
69573,0.0,0.0,0.0
69574,0.0,0.0,0.0
69575,0.0,0.0,0.0
69576,0.0,0.0,0.0
69577,0.0,0.0,0.0
69578,0.0,0.0,0.0
69579,0.0,0.0,0.0
69580,0.0,0.0,0.0
69581,0.0,0.0,0.0
69582,0.0,0.0,0.0
69583,0.0,0.0,0.0
69584,0.0,0.0,0.0
69585,0.0,0.0,0.0
69586,0.0,0.0,0.0
69587,0.0,0.0,0.0
69588,0.0,0.0,0.0
69589,0.0,0.0,0.0
69590,0.0,0.0,0.0
69591,0.0,0.0,0.0
69592,0.0,0.0,0.0
69593,0.0,0.0,0.0
69594,0.0,0.0,0.0
69595,0.0,0.0,0.0
69596,0.0,0.0,0.0
69597,0.0,0.0,0.0
69598,0.0,0.0,0.0
69599,0.0,0.0,0.0
69600,0.0,0.0,0.0
69601,0.0,0.0,0.0
69602,0.0,0.0,0.0
69603,0.0,0.0,0.0
69604,0.0,0.0,0.0
69605,0.0,0.0,0.0
69606,0.0,0.0,0.0
69607,0.0,0.0,0.0
69608,0.0,0.0,0.0
69609,0.0,0.0,0.0
69610,0.0,0.0,0.0
69611,0.0,0.0,0.0
69612,0.0,0.0,0.0
69613,0.0,0.0,0.0
69614,0.0,0.0,0.0
69615,0.0,0.0,0.0
69616,0.0,0.0,0.0
69617,0.0,0.0,0.0
69618,0.0,0.0,0.0
69619,0.0,0.0,0.0
69620,0.0,0.0,0.0
69621,0.0,0.0,0.0
69622,0.0,0.0,0.0
69623,0.0,0.0,0.0
69624,0.0,0.0,0.0
69625,0.0,0.0,0.0
69626,0.0,0.0,0.0
69627,0.0,0.0,0.0
69628,0.0,0.0,0.0
69629,0.0,0.0,0.0
69630,0.0,0.0,0.0
69631,0.0,0.0,0.0
69632,0.0,0.0,0.0
69633,0.0,0.0,0.0
69634,0.0,0.0,0.0
69635,0.0,0.0,0.0
69636,0.0,0.0,0.0
69637,0.0,0.0,0.0
69638,0.0,0.0,0.0
69639,0.0,0.0,0.0
69640,0.0,0.0,0.0
69641,0.0,0.0,0.0
69642,0.0,0.0,0.0
69643,0.0,0.0,0.0
69644,0.0,0.0,0.0
69645,0.0,0.0,0.0
69646,0.0,0.0,0.0
69647,0.0,0.0,0.0
69648,0.0,0.0,0.0
69649,0.0,0.0,0.0
69650,0.0,0.0,0.0
69651,0.0,0.0,0.0
69652,0.0,0.0,0.0
69653,0.0,0.0,0.0
69654,0.0,0.0,0.0
69655,0.0,0.0,0.0
69656,0.0,0.0,0.0
69657,0.0,0.0,0.0
69658,0.0,0.0,0.0
69659,0.0,0.0,0.0
69660,0.0,0.0,0.0
69661,0.0,0.0,0.0
69662,0.0,0.0,0.0
69663,0.0,0.0,0.0
69664,0.0,0.0,0.0
69665,0.0,0.0,0.0
69666,0.0,0.0,0.0
69667,0.0,0.0,0.0
69668,0.0,0.0,0.0
69669,0.0,0.0,0.0
69670,0.0,0.0,0.0
69671,0.0,0.0,0.0
69672,0.0,0.0,0.0
69673,0.0,0.0,0.0
69674,0.0,0.0,0.0
69675,0.0,0.0,0.0
69676,0.0,0.0,0.0
69677,0.0,0.0,0.0
69678,0.0,0.0,0.0
69679,0.0,0.0,0.0
69680,0.0,0.0,0.0
69681,0.0,0.0,0.0
69682,0.0,0.0,0.0
69683,0.0,0.0,0.0
69684,0.0,0.0,0.0
69685,0.0,0.0,0.0
69686,0.0,0.0,0.0
69687,0.0,0.0,0.0
69688,0.0,0.0,0.0
69689,0.0,0.0,0.0
69690,0.0,0.0,0.0
69691,0.0,0.0,0.0
69692,0.0,0.0,0.0
69693,0.0,0.0,0.0
69694,0.0,0.0,0.0
69695,0.0,0.0,0.0
69696,0.0,0.0,0.0
69697,0.0,0.0,0.0
69698,0.0,0.0,0.0
69699,0.0,0.0,0.0
69700,0.0,0.0,0.0
69701,0.0,0.0,0.0
69702,0.0,0.0,0.0
69703,0.0,0.0,0.0
69704,0.0,0.0,0.0
69705,0.0,0.0,0.0
69706,0.0,0.0,0.0
69707,0.0,0.0,0.0
69708,0.0,0.0,0.0
69709,0.0,0.0,0.0
69710,0.0,0.0,0.0
69711,0.0,0.0,0.0
69712,0.0,0.0,0.0
69713,0.0,0.0,0.0
69714,0.0,0.0,0.0
69715,0.0,0.0,0.0
69716,0.0,0.0,0.0
69717,0.0,0.0,0.0
69718,0.0,0.0,0.0
69719,0.0,0.0,0.0
69720,0.0,0.0,0.0
69721,0.0,0.0,0.0
69722,0.0,0.0,0.0
69723,0.0,0.0,0.0
69724,0.0,0.0,0.0
69725,0.0,0.0,0.0
69726,0.0,0.0,0.0
69727,0.0,0.0,0.0
69728,0.0,0.0,0.0
69729,0.0,0.0,0.0
69730,0.0,0.0,0.0
69731,0.0,0.0,0.0
69732,0.0,0.0,0.0
69733,0.0,0.0,0.0
69734,0.0,0.0,0.0
69735,0.0,0.0,0.0
69736,0.0,0.0,0.0
69737,0.0,0.0,0.0
69738,0.0,0.0,0.0
69739,0.0,0.0,0.0
69740,0.0,0.0,0.0
69741,0.0,0.0,0.0
69742,0.0,0.0,0.0
69743,0.0,0.0,0.0
69744,0.0,0.0,0.0
69745,0.0,0.0,0.0
69746,0.0,0.0,0.0
69747,0.0,0.0,0.0
69748,0.0,0.0,0.0
69749,0.0,0.0,0.0
69750,0.0,0.0,0.0
69751,0.0,0.0,0.0
69752,0.0,0.0,0.0
69753,0.0,0.0,0.0
69754,0.0,0.0,0.0
69755,0.0,0.0,0.0
69756,0.0,0.0,0.0
69757,0.0,0.0,0.0
69758,0.0,0.0,0.0
69759,0.0,0.0,0.0
69760,0.0,0.0,0.0
69761,0.0,0.0,0.0
69762,0.0,0.0,0.0
69763,0.0,0.0,0.0
69764,0.0,0.0,0.0
69765,0.0,0.0,0.0
69766,0.0,0.0,0.0
69767,0.0,0.0,0.0
69768,0.0,0.0,0.0
69769,0.0,0.0,0.0
69770,0.0,0.0,0.0
69771,0.0,0.0,0.0
69772,0.0,0.0,0.0
69773,0.0,0.0,0.0
69774,0.0,0.0,0.0
69775,0.0,0.0,0.0
69776,0.0,0.0,0.0
69777,0.0,0.0,0.0
69778,0.0,0.0,0.0
69779,0.0,0.0,0.0
69780,0.0,0.0,0.0
69781,0.0,0.0,0.0
69782,0.0,0.0,0.0
69783,0.0,0.0,0.0
69784,0.0,0.0,0.0
69785,0.0,0.0,0.0
69786,0.0,0.0,0.0
69787,0.0,0.0,0.0
69788,0.0,0.0,0.0
69789,0.0,0.0,0.0
69790,0.0,0.0,0.0
69791,0.0,0.0,0.0
69792,0.0,0.0,0.0
69793,0.0,0.0,0.0
69794,0.0,0.0,0.0
69795,0.0,0.0,0.0
69796,0.0,0.0,0.0
69797,0.0,0.0,0.0
69798,0.0,0.0,0.0
69799,0.0,0.0,0.0
69800,0.0,0.0,0.0
69801,0.0,0.0,0.0
69802,0.0,0.0,0.0
69803,0.0,0.0,0.0
69804,0.0,0.0,0.0
69805,0.0,0.0,0.0
69806,0.0,0.0,0.0
69807,0.0,0.0,0.0
69808,0.0,0.0,0.0
69809,0.0,0.0,0.0
69810,0.0,0.0,0.0
69811,0.0,0.0,0.0
69812,0.0,0.0,0.0
69813,0.0,0.0,0.0
69814,0.0,0.0,0.0
69815,0.0,0.0,0.0
69816,0.0,0.0,0.0
69817,0.0,0.0,0.0
69818,0.0,0.0,0.0
69819,0.0,0.0,0.0
69820,0.0,0.0,0.0
69821,0.0,0.0,0.0
69822,0.0,0.0,0.0
69823,0.0,0.0,0.0
69824,0.0,0.0,0.0
69825,0.0,0.0,0.0
69826,0.0,0.0,0.0
69827,0.0,0.0,0.0
69828,0.0,0.0,0.0
69829,0.0,0.0,0.0
69830,0.0,0.0,0.0
69831,0.0,0.0,0.0
69832,0.0,0.0,0.0
69833,0.0,0.0,0.0
69834,0.0,0.0,0.0
69835,0.0,0.0,0.0
69836,0.0,0.0,0.0
69837,0.0,0.0,0.0
69838,0.0,0.0,0.0
69839,0.0,0.0,0.0
69840,0.0,0.0,0.0
69841,0.0,0.0,0.0
69842,0.0,0.0,0.0
69843,0.0,0.0,0.0
69844,0.0,0.0,0.0
69845,0.0,0.0,0.0
69846,0.0,0.0,0.0
69847,0.0,0.0,0.0
69848,0.0,0.0,0.0
69849,0.0,0.0,0.0
69850,0.0,0.0,0.0
69851,0.0,0.0,0.0
69852,0.0,0.0,0.0
69853,0.0,0.0,0.0
69854,0.0,0.0,0.0
69855,0.0,0.0,0.0
69856,0.0,0.0,0.0
69857,0.0,0.0,0.0
69858,0.0,0.0,0.0
69859,0.0,0.0,0.0
69860,0.0,0.0,0.0
69861,0.0,0.0,0.0
69862,0.0,0.0,0.0
69863,0.0,0.0,0.0
69864,0.0,0.0,0.0
69865,0.0,0.0,0.0
69866,0.0,0.0,0.0
69867,0.0,0.0,0.0
69868,0.0,0.0,0.0
69869,0.0,0.0,0.0
69870,0.0,0.0,0.0
69871,0.0,0.0,0.0
69872,0.0,0.0,0.0
69873,0.0,0.0,0.0
69874,0.0,0.0,0.0
69875,0.0,0.0,0.0
69876,0.0,0.0,0.0
69877,0.0,0.0,0.0
69878,0.0,0.0,0.0
69879,0.0,0.0,0.0
69880,0.0,0.0,0.0
69881,0.0,0.0,0.0
69882,0.0,0.0,0.0
69883,0.0,0.0,0.0
69884,0.0,0.0,0.0
69885,0.0,0.0,0.0
69886,0.0,0.0,0.0
69887,0.0,0.0,0.0
69888,0.0,0.0,0.0
69889,0.0,0.0,0.0
69890,0.0,0.0,0.0
69891,0.0,0.0,0.0
69892,0.0,0.0,0.0
69893,0.0,0.0,0.0
69894,0.0,0.0,0.0
69895,0.0,0.0,0.0
69896,0.0,0.0,0.0
69897,0.0,0.0,0.0
69898,0.0,0.0,0.0
69899,0.0,0.0,0.0
69900,0.0,0.0,0.0
69901,0.0,0.0,0.0
69902,0.0,0.0,0.0
69903,0.0,0.0,0.0
69904,0.0,0.0,0.0
69905,0.0,0.0,0.0
69906,0.0,0.0,0.0
69907,0.0,0.0,0.0
69908,0.0,0.0,0.0
69909,0.0,0.0,0.0
69910,0.0,0.0,0.0
69911,0.0,0.0,0.0
69912,0.0,0.0,0.0
69913,0.0,0.0,0.0
69914,0.0,0.0,0.0
69915,0.0,0.0,0.0
69916,0.0,0.0,0.0
69917,0.0,0.0,0.0
69918,0.0,0.0,0.0
69919,0.0,0.0,0.0
69920,0.0,0.0,0.0
69921,0.0,0.0,0.0
69922,0.0,0.0,0.0
69923,0.0,0.0,0.0
69924,0.0,0.0,0.0
69925,0.0,0.0,0.0
69926,0.0,0.0,0.0
69927,0.0,0.0,0.0
69928,0.0,0.0,0.0
69929,0.0,0.0,0.0
69930,0.0,0.0,0.0
69931,0.0,0.0,0.0
69932,0.0,0.0,0.0
69933,0.0,0.0,0.0
69934,0.0,0.0,0.0
69935,0.0,0.0,0.0
69936,0.0,0.0,0.0
69937,0.0,0.0,0.0
69938,0.0,0.0,0.0
69939,0.0,0.0,0.0
69940,0.0,0.0,0.0
69941,0.0,0.0,0.0
69942,0.0,0.0,0.0
69943,0.0,0.0,0.0
69944,0.0,0.0,0.0
69945,0.0,0.0,0.0
69946,0.0,0.0,0.0
69947,0.0,0.0,0.0
69948,0.0,0.0,0.0
69949,0.0,0.0,0.0
69950,0.0,0.0,0.0
69951,0.0,0.0,0.0
69952,0.0,0.0,0.0
69953,0.0,0.0,0.0
69954,0.0,0.0,0.0
69955,0.0,0.0,0.0
69956,0.0,0.0,0.0
69957,0.0,0.0,0.0
69958,0.0,0.0,0.0
69959,0.0,0.0,0.0
69960,0.0,0.0,0.0
69961,0.0,0.0,0.0
69962,0.0,0.0,0.0
69963,0.0,0.0,0.0
69964,0.0,0.0,0.0
69965,0.0,0.0,0.0
69966,0.0,0.0,0.0
69967,0.0,0.0,0.0
69968,0.0,0.0,0.0
69969,0.0,0.0,0.0
69970,0.0,0.0,0.0
69971,0.0,0.0,0.0
69972,0.0,0.0,0.0
69973,0.0,0.0,0.0
69974,0.0,0.0,0.0
69975,0.0,0.0,0.0
69976,0.0,0.0,0.0
69977,0.0,0.0,0.0
69978,0.0,0.0,0.0
69979,0.0,0.0,0.0
69980,0.0,0.0,0.0
69981,0.0,0.0,0.0
69982,0.0,0.0,0.0
69983,0.0,0.0,0.0
69984,0.0,0.0,0.0
69985,0.0,0.0,0.0
69986,0.0,0.0,0.0
69987,0.0,0.0,0.0
69988,0.0,0.0,0.0
69989,0.0,0.0,0.0
69990,0.0,0.0,0.0
69991,0.0,0.0,0.0
69992,0.0,0.0,0.0
69993,0.0,0.0,0.0
69994,0.0,0.0,0.0
69995,0.0,0.0,0.0
69996,0.0,0.0,0.0
69997,0.0,0.0,0.0
69998,0.0,0.0,0.0
69999,0.0,0.0,0.0
70000,0.0,0.0,0.0
70001,0.0,0.0,0.0
70002,0.0,0.0,0.0
70003,0.0,0.0,0.0
70004,0.0,0.0,0.0
70005,0.0,0.0,0.0
70006,0.0,0.0,0.0
70007,0.0,0.0,0.0
70008,0.0,0.0,0.0
70009,0.0,0.0,0.0
70010,0.0,0.0,0.0
70011,0.0,0.0,0.0
70012,0.0,0.0,0.0
70013,0.0,0.0,0.0
70014,0.0,0.0,0.0
70015,0.0,0.0,0.0
70016,0.0,0.0,0.0
70017,0.0,0.0,0.0
70018,0.0,0.0,0.0
70019,0.0,0.0,0.0
70020,0.0,0.0,0.0
70021,0.0,0.0,0.0
70022,0.0,0.0,0.0
70023,0.0,0.0,0.0
70024,0.0,0.0,0.0
70025,0.0,0.0,0.0
70026,0.0,0.0,0.0
70027,0.0,0.0,0.0
70028,0.0,0.0,0.0
70029,0.0,0.0,0.0
70030,0.0,0.0,0.0
70031,0.0,0.0,0.0
70032,0.0,0.0,0.0
70033,0.0,0.0,0.0
70034,0.0,0.0,0.0
70035,0.0,0.0,0.0
70036,0.0,0.0,0.0
70037,0.0,0.0,0.0
70038,0.0,0.0,0.0
70039,0.0,0.0,0.0
70040,0.0,0.0,0.0
70041,0.0,0.0,0.0
70042,0.0,0.0,0.0
70043,0.0,0.0,0.0
70044,0.0,0.0,0.0
70045,0.0,0.0,0.0
70046,0.0,0.0,0.0
70047,0.0,0.0,0.0
70048,0.0,0.0,0.0
70049,0.0,0.0,0.0
70050,0.0,0.0,0.0
70051,0.0,0.0,0.0
70052,0.0,0.0,0.0
70053,0.0,0.0,0.0
70054,0.0,0.0,0.0
70055,0.0,0.0,0.0
70056,0.0,0.0,0.0
70057,0.0,0.0,0.0
70058,0.0,0.0,0.0
70059,0.0,0.0,0.0
70060,0.0,0.0,0.0
70061,0.0,0.0,0.0
70062,0.0,0.0,0.0
70063,0.0,0.0,0.0
70064,0.0,0.0,0.0
70065,0.0,0.0,0.0
70066,0.0,0.0,0.0
70067,0.0,0.0,0.0
70068,0.0,0.0,0.0
70069,0.0,0.0,0.0
70070,0.0,0.0,0.0
70071,0.0,0.0,0.0
70072,0.0,0.0,0.0
70073,0.0,0.0,0.0
70074,0.0,0.0,0.0
70075,0.0,0.0,0.0
70076,0.0,0.0,0.0
70077,0.0,0.0,0.0
70078,0.0,0.0,0.0
70079,0.0,0.0,0.0
70080,0.0,0.0,0.0
70081,0.0,0.0,0.0
70082,0.0,0.0,0.0
70083,0.0,0.0,0.0
70084,0.0,0.0,0.0
70085,0.0,0.0,0.0
70086,0.0,0.0,0.0
70087,0.0,0.0,0.0
70088,0.0,0.0,0.0
70089,0.0,0.0,0.0
70090,0.0,0.0,0.0
70091,0.0,0.0,0.0
70092,0.0,0.0,0.0
70093,0.0,0.0,0.0
70094,0.0,0.0,0.0
70095,0.0,0.0,0.0
70096,0.0,0.0,0.0
70097,0.0,0.0,0.0
70098,0.0,0.0,0.0
70099,0.0,0.0,0.0
70100,0.0,0.0,0.0
70101,0.0,0.0,0.0
70102,0.0,0.0,0.0
70103,0.0,0.0,0.0
70104,0.0,0.0,0.0
70105,0.0,0.0,0.0
70106,0.0,0.0,0.0
70107,0.0,0.0,0.0
70108,0.0,0.0,0.0
70109,0.0,0.0,0.0
70110,0.0,0.0,0.0
70111,0.0,0.0,0.0
70112,0.0,0.0,0.0
70113,0.0,0.0,0.0
70114,0.0,0.0,0.0
70115,0.0,0.0,0.0
70116,0.0,0.0,0.0
70117,0.0,0.0,0.0
70118,0.0,0.0,0.0
70119,0.0,0.0,0.0
70120,0.0,0.0,0.0
70121,0.0,0.0,0.0
70122,0.0,0.0,0.0
70123,0.0,0.0,0.0
70124,0.0,0.0,0.0
70125,0.0,0.0,0.0
70126,0.0,0.0,0.0
70127,0.0,0.0,0.0
70128,0.0,0.0,0.0
70129,0.0,0.0,0.0
70130,0.0,0.0,0.0
70131,0.0,0.0,0.0
70132,0.0,0.0,0.0
70133,0.0,0.0,0.0
70134,0.0,0.0,0.0
70135,0.0,0.0,0.0
70136,0.0,0.0,0.0
70137,0.0,0.0,0.0
70138,0.0,0.0,0.0
70139,0.0,0.0,0.0
70140,0.0,0.0,0.0
70141,0.0,0.0,0.0
70142,0.0,0.0,0.0
70143,0.0,0.0,0.0
70144,0.0,0.0,0.0
70145,0.0,0.0,0.0
70146,0.0,0.0,0.0
70147,0.0,0.0,0.0
70148,0.0,0.0,0.0
70149,0.0,0.0,0.0
70150,0.0,0.0,0.0
70151,0.0,0.0,0.0
70152,0.0,0.0,0.0
70153,0.0,0.0,0.0
70154,0.0,0.0,0.0
70155,0.0,0.0,0.0
70156,0.0,0.0,0.0
70157,0.0,0.0,0.0
70158,0.0,0.0,0.0
70159,0.0,0.0,0.0
70160,0.0,0.0,0.0
70161,0.0,0.0,0.0
70162,0.0,0.0,0.0
70163,0.0,0.0,0.0
70164,0.0,0.0,0.0
70165,0.0,0.0,0.0
70166,0.0,0.0,0.0
70167,0.0,0.0,0.0
70168,0.0,0.0,0.0
70169,0.0,0.0,0.0
70170,0.0,0.0,0.0
70171,0.0,0.0,0.0
70172,0.0,0.0,0.0
70173,0.0,0.0,0.0
70174,0.0,0.0,0.0
70175,0.0,0.0,0.0
70176,0.0,0.0,0.0
70177,0.0,0.0,0.0
70178,0.0,0.0,0.0
70179,0.0,0.0,0.0
70180,0.0,0.0,0.0
70181,0.0,0.0,0.0
70182,0.0,0.0,0.0
70183,0.0,0.0,0.0
70184,0.0,0.0,0.0
70185,0.0,0.0,0.0
70186,0.0,0.0,0.0
70187,0.0,0.0,0.0
70188,0.0,0.0,0.0
70189,0.0,0.0,0.0
70190,0.0,0.0,0.0
70191,0.0,0.0,0.0
70192,0.0,0.0,0.0
70193,0.0,0.0,0.0
70194,0.0,0.0,0.0
70195,0.0,0.0,0.0
70196,0.0,0.0,0.0
70197,0.0,0.0,0.0
70198,0.0,0.0,0.0
70199,0.0,0.0,0.0
70200,0.0,0.0,0.0
70201,0.0,0.0,0.0
70202,0.0,0.0,0.0
70203,0.0,0.0,0.0
70204,0.0,0.0,0.0
70205,0.0,0.0,0.0
70206,0.0,0.0,0.0
70207,0.0,0.0,0.0
70208,0.0,0.0,0.0
70209,0.0,0.0,0.0
70210,0.0,0.0,0.0
70211,0.0,0.0,0.0
70212,0.0,0.0,0.0
70213,0.0,0.0,0.0
70214,0.0,0.0,0.0
70215,0.0,0.0,0.0
70216,0.0,0.0,0.0
70217,0.0,0.0,0.0
70218,0.0,0.0,0.0
70219,0.0,0.0,0.0
70220,0.0,0.0,0.0
70221,0.0,0.0,0.0
70222,0.0,0.0,0.0
70223,0.0,0.0,0.0
70224,0.0,0.0,0.0
70225,0.0,0.0,0.0
70226,0.0,0.0,0.0
70227,0.0,0.0,0.0
70228,0.0,0.0,0.0
70229,0.0,0.0,0.0
70230,0.0,0.0,0.0
70231,0.0,0.0,0.0
70232,0.0,0.0,0.0
70233,0.0,0.0,0.0
70234,0.0,0.0,0.0
70235,0.0,0.0,0.0
70236,0.0,0.0,0.0
70237,0.0,0.0,0.0
70238,0.0,0.0,0.0
70239,0.0,0.0,0.0
70240,0.0,0.0,0.0
70241,0.0,0.0,0.0
70242,0.0,0.0,0.0
70243,0.0,0.0,0.0
70244,0.0,0.0,0.0
70245,0.0,0.0,0.0
70246,0.0,0.0,0.0
70247,0.0,0.0,0.0
70248,0.0,0.0,0.0
70249,0.0,0.0,0.0
70250,0.0,0.0,0.0
70251,0.0,0.0,0.0
70252,0.0,0.0,0.0
70253,0.0,0.0,0.0
70254,0.0,0.0,0.0
70255,0.0,0.0,0.0
70256,0.0,0.0,0.0
70257,0.0,0.0,0.0
70258,0.0,0.0,0.0
70259,0.0,0.0,0.0
70260,0.0,0.0,0.0
70261,0.0,0.0,0.0
70262,0.0,0.0,0.0
70263,0.0,0.0,0.0
70264,0.0,0.0,0.0
70265,0.0,0.0,0.0
70266,0.0,0.0,0.0
70267,0.0,0.0,0.0
70268,0.0,0.0,0.0
70269,0.0,0.0,0.0
70270,0.0,0.0,0.0
70271,0.0,0.0,0.0
70272,0.0,0.0,0.0
70273,0.0,0.0,0.0
70274,0.0,0.0,0.0
70275,0.0,0.0,0.0
70276,0.0,0.0,0.0
70277,0.0,0.0,0.0
70278,0.0,0.0,0.0
70279,0.0,0.0,0.0
70280,0.0,0.0,0.0
70281,0.0,0.0,0.0
70282,0.0,0.0,0.0
70283,0.0,0.0,0.0
70284,0.0,0.0,0.0
70285,0.0,0.0,0.0
70286,0.0,0.0,0.0
70287,0.0,0.0,0.0
70288,0.0,0.0,0.0
70289,0.0,0.0,0.0
70290,0.0,0.0,0.0
70291,0.0,0.0,0.0
70292,0.0,0.0,0.0
70293,0.0,0.0,0.0
70294,0.0,0.0,0.0
70295,0.0,0.0,0.0
70296,0.0,0.0,0.0
70297,0.0,0.0,0.0
70298,0.0,0.0,0.0
70299,0.0,0.0,0.0
70300,0.0,0.0,0.0
70301,0.0,0.0,0.0
70302,0.0,0.0,0.0
70303,0.0,0.0,0.0
70304,0.0,0.0,0.0
70305,0.0,0.0,0.0
70306,0.0,0.0,0.0
70307,0.0,0.0,0.0
70308,0.0,0.0,0.0
70309,0.0,0.0,0.0
70310,0.0,0.0,0.0
70311,0.0,0.0,0.0
70312,0.0,0.0,0.0
70313,0.0,0.0,0.0
70314,0.0,0.0,0.0
70315,0.0,0.0,0.0
70316,0.0,0.0,0.0
70317,0.0,0.0,0.0
70318,0.0,0.0,0.0
70319,0.0,0.0,0.0
70320,0.0,0.0,0.0
70321,0.0,0.0,0.0
70322,0.0,0.0,0.0
70323,0.0,0.0,0.0
70324,0.0,0.0,0.0
70325,0.0,0.0,0.0
70326,0.0,0.0,0.0
70327,0.0,0.0,0.0
70328,0.0,0.0,0.0
70329,0.0,0.0,0.0
70330,0.0,0.0,0.0
70331,0.0,0.0,0.0
70332,0.0,0.0,0.0
70333,0.0,0.0,0.0
70334,0.0,0.0,0.0
70335,0.0,0.0,0.0
70336,0.0,0.0,0.0
70337,0.0,0.0,0.0
70338,0.0,0.0,0.0
70339,0.0,0.0,0.0
70340,0.0,0.0,0.0
70341,0.0,0.0,0.0
70342,0.0,0.0,0.0
70343,0.0,0.0,0.0
70344,0.0,0.0,0.0
70345,0.0,0.0,0.0
70346,0.0,0.0,0.0
70347,0.0,0.0,0.0
70348,0.0,0.0,0.0
70349,0.0,0.0,0.0
70350,0.0,0.0,0.0
70351,0.0,0.0,0.0
70352,0.0,0.0,0.0
70353,0.0,0.0,0.0
70354,0.0,0.0,0.0
70355,0.0,0.0,0.0
70356,0.0,0.0,0.0
70357,0.0,0.0,0.0
70358,0.0,0.0,0.0
70359,0.0,0.0,0.0
70360,0.0,0.0,0.0
70361,0.0,0.0,0.0
70362,0.0,0.0,0.0
70363,0.0,0.0,0.0
70364,0.0,0.0,0.0
70365,0.0,0.0,0.0
70366,0.0,0.0,0.0
70367,0.0,0.0,0.0
70368,0.0,0.0,0.0
70369,0.0,0.0,0.0
70370,0.0,0.0,0.0
70371,0.0,0.0,0.0
70372,0.0,0.0,0.0
70373,0.0,0.0,0.0
70374,0.0,0.0,0.0
70375,0.0,0.0,0.0
70376,0.0,0.0,0.0
70377,0.0,0.0,0.0
70378,0.0,0.0,0.0
70379,0.0,0.0,0.0
70380,0.0,0.0,0.0
70381,0.0,0.0,0.0
70382,0.0,0.0,0.0
70383,0.0,0.0,0.0
70384,0.0,0.0,0.0
70385,0.0,0.0,0.0
70386,0.0,0.0,0.0
70387,0.0,0.0,0.0
70388,0.0,0.0,0.0
70389,0.0,0.0,0.0
70390,0.0,0.0,0.0
70391,0.0,0.0,0.0
70392,0.0,0.0,0.0
70393,0.0,0.0,0.0
70394,0.0,0.0,0.0
70395,0.0,0.0,0.0
70396,0.0,0.0,0.0
70397,0.0,0.0,0.0
70398,0.0,0.0,0.0
70399,0.0,0.0,0.0
70400,0.0,0.0,0.0
70401,0.0,0.0,0.0
70402,0.0,0.0,0.0
70403,0.0,0.0,0.0
70404,0.0,0.0,0.0
70405,0.0,0.0,0.0
70406,0.0,0.0,0.0
70407,0.0,0.0,0.0
70408,0.0,0.0,0.0
70409,0.0,0.0,0.0
70410,0.0,0.0,0.0
70411,0.0,0.0,0.0
70412,0.0,0.0,0.0
70413,0.0,0.0,0.0
70414,0.0,0.0,0.0
70415,0.0,0.0,0.0
70416,0.0,0.0,0.0
70417,0.0,0.0,0.0
70418,0.0,0.0,0.0
70419,0.0,0.0,0.0
70420,0.0,0.0,0.0
70421,0.0,0.0,0.0
70422,0.0,0.0,0.0
70423,0.0,0.0,0.0
70424,0.0,0.0,0.0
70425,0.0,0.0,0.0
70426,0.0,0.0,0.0
70427,0.0,0.0,0.0
70428,0.0,0.0,0.0
70429,0.0,0.0,0.0
70430,0.0,0.0,0.0
70431,0.0,0.0,0.0
70432,0.0,0.0,0.0
70433,0.0,0.0,0.0
70434,0.0,0.0,0.0
70435,0.0,0.0,0.0
70436,0.0,0.0,0.0
70437,0.0,0.0,0.0
70438,0.0,0.0,0.0
70439,0.0,0.0,0.0
70440,0.0,0.0,0.0
70441,0.0,0.0,0.0
70442,0.0,0.0,0.0
70443,0.0,0.0,0.0
70444,0.0,0.0,0.0
70445,0.0,0.0,0.0
70446,0.0,0.0,0.0
70447,0.0,0.0,0.0
70448,0.0,0.0,0.0
70449,0.0,0.0,0.0
70450,0.0,0.0,0.0
70451,0.0,0.0,0.0
70452,0.0,0.0,0.0
70453,0.0,0.0,0.0
70454,0.0,0.0,0.0
70455,0.0,0.0,0.0
70456,0.0,0.0,0.0
70457,0.0,0.0,0.0
70458,0.0,0.0,0.0
70459,0.0,0.0,0.0
70460,0.0,0.0,0.0
70461,0.0,0.0,0.0
70462,0.0,0.0,0.0
70463,0.0,0.0,0.0
70464,0.0,0.0,0.0
70465,0.0,0.0,0.0
70466,0.0,0.0,0.0
70467,0.0,0.0,0.0
70468,0.0,0.0,0.0
70469,0.0,0.0,0.0
70470,0.0,0.0,0.0
70471,0.0,0.0,0.0
70472,0.0,0.0,0.0
70473,0.0,0.0,0.0
70474,0.0,0.0,0.0
70475,0.0,0.0,0.0
70476,0.0,0.0,0.0
70477,0.0,0.0,0.0
70478,0.0,0.0,0.0
70479,0.0,0.0,0.0
70480,0.0,0.0,0.0
70481,0.0,0.0,0.0
70482,0.0,0.0,0.0
70483,0.0,0.0,0.0
70484,0.0,0.0,0.0
70485,0.0,0.0,0.0
70486,0.0,0.0,0.0
70487,0.0,0.0,0.0
70488,0.0,0.0,0.0
70489,0.0,0.0,0.0
70490,0.0,0.0,0.0
70491,0.0,0.0,0.0
70492,0.0,0.0,0.0
70493,0.0,0.0,0.0
70494,0.0,0.0,0.0
70495,0.0,0.0,0.0
70496,0.0,0.0,0.0
70497,0.0,0.0,0.0
70498,0.0,0.0,0.0
70499,0.0,0.0,0.0
70500,0.0,0.0,0.0
70501,0.0,0.0,0.0
70502,0.0,0.0,0.0
70503,0.0,0.0,0.0
70504,0.0,0.0,0.0
70505,0.0,0.0,0.0
70506,0.0,0.0,0.0
70507,0.0,0.0,0.0
70508,0.0,0.0,0.0
70509,0.0,0.0,0.0
70510,0.0,0.0,0.0
70511,0.0,0.0,0.0
70512,0.0,0.0,0.0
70513,0.0,0.0,0.0
70514,0.0,0.0,0.0
70515,0.0,0.0,0.0
70516,0.0,0.0,0.0
70517,0.0,0.0,0.0
70518,0.0,0.0,0.0
70519,0.0,0.0,0.0
70520,0.0,0.0,0.0
70521,0.0,0.0,0.0
70522,0.0,0.0,0.0
70523,0.0,0.0,0.0
70524,0.0,0.0,0.0
70525,0.0,0.0,0.0
70526,0.0,0.0,0.0
70527,0.0,0.0,0.0
70528,0.0,0.0,0.0
70529,0.0,0.0,0.0
70530,0.0,0.0,0.0
70531,0.0,0.0,0.0
70532,0.0,0.0,0.0
70533,0.0,0.0,0.0
70534,0.0,0.0,0.0
70535,0.0,0.0,0.0
70536,0.0,0.0,0.0
70537,0.0,0.0,0.0
70538,0.0,0.0,0.0
70539,0.0,0.0,0.0
70540,0.0,0.0,0.0
70541,0.0,0.0,0.0
70542,0.0,0.0,0.0
70543,0.0,0.0,0.0
70544,0.0,0.0,0.0
70545,0.0,0.0,0.0
70546,0.0,0.0,0.0
70547,0.0,0.0,0.0
70548,0.0,0.0,0.0
70549,0.0,0.0,0.0
70550,0.0,0.0,0.0
70551,0.0,0.0,0.0
70552,0.0,0.0,0.0
70553,0.0,0.0,0.0
70554,0.0,0.0,0.0
70555,0.0,0.0,0.0
70556,0.0,0.0,0.0
70557,0.0,0.0,0.0
70558,0.0,0.0,0.0
70559,0.0,0.0,0.0
70560,0.0,0.0,0.0
70561,0.0,0.0,0.0
70562,0.0,0.0,0.0
70563,0.0,0.0,0.0
70564,0.0,0.0,0.0
70565,0.0,0.0,0.0
70566,0.0,0.0,0.0
70567,0.0,0.0,0.0
70568,0.0,0.0,0.0
70569,0.0,0.0,0.0
70570,0.0,0.0,0.0
70571,0.0,0.0,0.0
70572,0.0,0.0,0.0
70573,0.0,0.0,0.0
70574,0.0,0.0,0.0
70575,0.0,0.0,0.0
70576,0.0,0.0,0.0
70577,0.0,0.0,0.0
70578,0.0,0.0,0.0
70579,0.0,0.0,0.0
70580,0.0,0.0,0.0
70581,0.0,0.0,0.0
70582,0.0,0.0,0.0
70583,0.0,0.0,0.0
70584,0.0,0.0,0.0
70585,0.0,0.0,0.0
70586,0.0,0.0,0.0
70587,0.0,0.0,0.0
70588,0.0,0.0,0.0
70589,0.0,0.0,0.0
70590,0.0,0.0,0.0
70591,0.0,0.0,0.0
70592,0.0,0.0,0.0
70593,0.0,0.0,0.0
70594,0.0,0.0,0.0
70595,0.0,0.0,0.0
70596,0.0,0.0,0.0
70597,0.0,0.0,0.0
70598,0.0,0.0,0.0
70599,0.0,0.0,0.0
70600,0.0,0.0,0.0
70601,0.0,0.0,0.0
70602,0.0,0.0,0.0
70603,0.0,0.0,0.0
70604,0.0,0.0,0.0
70605,0.0,0.0,0.0
70606,0.0,0.0,0.0
70607,0.0,0.0,0.0
70608,0.0,0.0,0.0
70609,0.0,0.0,0.0
70610,0.0,0.0,0.0
70611,0.0,0.0,0.0
70612,0.0,0.0,0.0
70613,0.0,0.0,0.0
70614,0.0,0.0,0.0
70615,0.0,0.0,0.0
70616,0.0,0.0,0.0
70617,0.0,0.0,0.0
70618,0.0,0.0,0.0
70619,0.0,0.0,0.0
70620,0.0,0.0,0.0
70621,0.0,0.0,0.0
70622,0.0,0.0,0.0
70623,0.0,0.0,0.0
70624,0.0,0.0,0.0
70625,0.0,0.0,0.0
70626,0.0,0.0,0.0
70627,0.0,0.0,0.0
70628,0.0,0.0,0.0
70629,0.0,0.0,0.0
70630,0.0,0.0,0.0
70631,0.0,0.0,0.0
70632,0.0,0.0,0.0
70633,0.0,0.0,0.0
70634,0.0,0.0,0.0
70635,0.0,0.0,0.0
70636,0.0,0.0,0.0
70637,0.0,0.0,0.0
70638,0.0,0.0,0.0
70639,0.0,0.0,0.0
70640,0.0,0.0,0.0
70641,0.0,0.0,0.0
70642,0.0,0.0,0.0
70643,0.0,0.0,0.0
70644,0.0,0.0,0.0
70645,0.0,0.0,0.0
70646,0.0,0.0,0.0
70647,0.0,0.0,0.0
70648,0.0,0.0,0.0
70649,0.0,0.0,0.0
70650,0.0,0.0,0.0
70651,0.0,0.0,0.0
70652,0.0,0.0,0.0
70653,0.0,0.0,0.0
70654,0.0,0.0,0.0
70655,0.0,0.0,0.0
70656,0.0,0.0,0.0
70657,0.0,0.0,0.0
70658,0.0,0.0,0.0
70659,0.0,0.0,0.0
70660,0.0,0.0,0.0
70661,0.0,0.0,0.0
70662,0.0,0.0,0.0
70663,0.0,0.0,0.0
70664,0.0,0.0,0.0
70665,0.0,0.0,0.0
70666,0.0,0.0,0.0
70667,0.0,0.0,0.0
70668,0.0,0.0,0.0
70669,0.0,0.0,0.0
70670,0.0,0.0,0.0
70671,0.0,0.0,0.0
70672,0.0,0.0,0.0
70673,0.0,0.0,0.0
70674,0.0,0.0,0.0
70675,0.0,0.0,0.0
70676,0.0,0.0,0.0
70677,0.0,0.0,0.0
70678,0.0,0.0,0.0
70679,0.0,0.0,0.0
70680,0.0,0.0,0.0
70681,0.0,0.0,0.0
70682,0.0,0.0,0.0
70683,0.0,0.0,0.0
70684,0.0,0.0,0.0
70685,0.0,0.0,0.0
70686,0.0,0.0,0.0
70687,0.0,0.0,0.0
70688,0.0,0.0,0.0
70689,0.0,0.0,0.0
70690,0.0,0.0,0.0
70691,0.0,0.0,0.0
70692,0.0,0.0,0.0
70693,0.0,0.0,0.0
70694,0.0,0.0,0.0
70695,0.0,0.0,0.0
70696,0.0,0.0,0.0
70697,0.0,0.0,0.0
70698,0.0,0.0,0.0
70699,0.0,0.0,0.0
70700,0.0,0.0,0.0
70701,0.0,0.0,0.0
70702,0.0,0.0,0.0
70703,0.0,0.0,0.0
70704,0.0,0.0,0.0
70705,0.0,0.0,0.0
70706,0.0,0.0,0.0
70707,0.0,0.0,0.0
70708,0.0,0.0,0.0
70709,0.0,0.0,0.0
70710,0.0,0.0,0.0
70711,0.0,0.0,0.0
70712,0.0,0.0,0.0
70713,0.0,0.0,0.0
70714,0.0,0.0,0.0
70715,0.0,0.0,0.0
70716,0.0,0.0,0.0
70717,0.0,0.0,0.0
70718,0.0,0.0,0.0
70719,0.0,0.0,0.0
70720,0.0,0.0,0.0
70721,0.0,0.0,0.0
70722,0.0,0.0,0.0
70723,0.0,0.0,0.0
70724,0.0,0.0,0.0
70725,0.0,0.0,0.0
70726,0.0,0.0,0.0
70727,0.0,0.0,0.0
70728,0.0,0.0,0.0
70729,0.0,0.0,0.0
70730,0.0,0.0,0.0
70731,0.0,0.0,0.0
70732,0.0,0.0,0.0
70733,0.0,0.0,0.0
70734,0.0,0.0,0.0
70735,0.0,0.0,0.0
70736,0.0,0.0,0.0
70737,0.0,0.0,0.0
70738,0.0,0.0,0.0
70739,0.0,0.0,0.0
70740,0.0,0.0,0.0
70741,0.0,0.0,0.0
70742,0.0,0.0,0.0
70743,0.0,0.0,0.0
70744,0.0,0.0,0.0
70745,0.0,0.0,0.0
70746,0.0,0.0,0.0
70747,0.0,0.0,0.0
70748,0.0,0.0,0.0
70749,0.0,0.0,0.0
70750,0.0,0.0,0.0
70751,0.0,0.0,0.0
70752,0.0,0.0,0.0
70753,0.0,0.0,0.0
70754,0.0,0.0,0.0
70755,0.0,0.0,0.0
70756,0.0,0.0,0.0
70757,0.0,0.0,0.0
70758,0.0,0.0,0.0
70759,0.0,0.0,0.0
70760,0.0,0.0,0.0
70761,0.0,0.0,0.0
70762,0.0,0.0,0.0
70763,0.0,0.0,0.0
70764,0.0,0.0,0.0
70765,0.0,0.0,0.0
70766,0.0,0.0,0.0
70767,0.0,0.0,0.0
70768,0.0,0.0,0.0
70769,0.0,0.0,0.0
70770,0.0,0.0,0.0
70771,0.0,0.0,0.0
70772,0.0,0.0,0.0
70773,0.0,0.0,0.0
70774,0.0,0.0,0.0
70775,0.0,0.0,0.0
70776,0.0,0.0,0.0
70777,0.0,0.0,0.0
70778,0.0,0.0,0.0
70779,0.0,0.0,0.0
70780,0.0,0.0,0.0
70781,0.0,0.0,0.0
70782,0.0,0.0,0.0
70783,0.0,0.0,0.0
70784,0.0,0.0,0.0
70785,0.0,0.0,0.0
70786,0.0,0.0,0.0
70787,0.0,0.0,0.0
70788,0.0,0.0,0.0
70789,0.0,0.0,0.0
70790,0.0,0.0,0.0
70791,0.0,0.0,0.0
70792,0.0,0.0,0.0
70793,0.0,0.0,0.0
70794,0.0,0.0,0.0
70795,0.0,0.0,0.0
70796,0.0,0.0,0.0
70797,0.0,0.0,0.0
70798,0.0,0.0,0.0
70799,0.0,0.0,0.0
70800,0.0,0.0,0.0
70801,0.0,0.0,0.0
70802,0.0,0.0,0.0
70803,0.0,0.0,0.0
70804,0.0,0.0,0.0
70805,0.0,0.0,0.0
70806,0.0,0.0,0.0
70807,0.0,0.0,0.0
70808,0.0,0.0,0.0
70809,0.0,0.0,0.0
70810,0.0,0.0,0.0
70811,0.0,0.0,0.0
70812,0.0,0.0,0.0
70813,0.0,0.0,0.0
70814,0.0,0.0,0.0
70815,0.0,0.0,0.0
70816,0.0,0.0,0.0
70817,0.0,0.0,0.0
70818,0.0,0.0,0.0
70819,0.0,0.0,0.0
70820,0.0,0.0,0.0
70821,0.0,0.0,0.0
70822,0.0,0.0,0.0
70823,0.0,0.0,0.0
70824,0.0,0.0,0.0
70825,0.0,0.0,0.0
70826,0.0,0.0,0.0
70827,0.0,0.0,0.0
70828,0.0,0.0,0.0
70829,0.0,0.0,0.0
70830,0.0,0.0,0.0
70831,0.0,0.0,0.0
70832,0.0,0.0,0.0
70833,0.0,0.0,0.0
70834,0.0,0.0,0.0
70835,0.0,0.0,0.0
70836,0.0,0.0,0.0
70837,0.0,0.0,0.0
70838,0.0,0.0,0.0
70839,0.0,0.0,0.0
70840,0.0,0.0,0.0
70841,0.0,0.0,0.0
70842,0.0,0.0,0.0
70843,0.0,0.0,0.0
70844,0.0,0.0,0.0
70845,0.0,0.0,0.0
70846,0.0,0.0,0.0
70847,0.0,0.0,0.0
70848,0.0,0.0,0.0
70849,0.0,0.0,0.0
70850,0.0,0.0,0.0
70851,0.0,0.0,0.0
70852,0.0,0.0,0.0
70853,0.0,0.0,0.0
70854,0.0,0.0,0.0
70855,0.0,0.0,0.0
70856,0.0,0.0,0.0
70857,0.0,0.0,0.0
70858,0.0,0.0,0.0
70859,0.0,0.0,0.0
70860,0.0,0.0,0.0
70861,0.0,0.0,0.0
70862,0.0,0.0,0.0
70863,0.0,0.0,0.0
70864,0.0,0.0,0.0
70865,0.0,0.0,0.0
70866,0.0,0.0,0.0
70867,0.0,0.0,0.0
70868,0.0,0.0,0.0
70869,0.0,0.0,0.0
70870,0.0,0.0,0.0
70871,0.0,0.0,0.0
70872,0.0,0.0,0.0
70873,0.0,0.0,0.0
70874,0.0,0.0,0.0
70875,0.0,0.0,0.0
70876,0.0,0.0,0.0
70877,0.0,0.0,0.0
70878,0.0,0.0,0.0
70879,0.0,0.0,0.0
70880,0.0,0.0,0.0
70881,0.0,0.0,0.0
70882,0.0,0.0,0.0
70883,0.0,0.0,0.0
70884,0.0,0.0,0.0
70885,0.0,0.0,0.0
70886,0.0,0.0,0.0
70887,0.0,0.0,0.0
70888,0.0,0.0,0.0
70889,0.0,0.0,0.0
70890,0.0,0.0,0.0
70891,0.0,0.0,0.0
70892,0.0,0.0,0.0
70893,0.0,0.0,0.0
70894,0.0,0.0,0.0
70895,0.0,0.0,0.0
70896,0.0,0.0,0.0
70897,0.0,0.0,0.0
70898,0.0,0.0,0.0
70899,0.0,0.0,0.0
70900,0.0,0.0,0.0
70901,0.0,0.0,0.0
70902,0.0,0.0,0.0
70903,0.0,0.0,0.0
70904,0.0,0.0,0.0
70905,0.0,0.0,0.0
70906,0.0,0.0,0.0
70907,0.0,0.0,0.0
70908,0.0,0.0,0.0
70909,0.0,0.0,0.0
70910,0.0,0.0,0.0
70911,0.0,0.0,0.0
70912,0.0,0.0,0.0
70913,0.0,0.0,0.0
70914,0.0,0.0,0.0
70915,0.0,0.0,0.0
70916,0.0,0.0,0.0
70917,0.0,0.0,0.0
70918,0.0,0.0,0.0
70919,0.0,0.0,0.0
70920,0.0,0.0,0.0
70921,0.0,0.0,0.0
70922,0.0,0.0,0.0
70923,0.0,0.0,0.0
70924,0.0,0.0,0.0
70925,0.0,0.0,0.0
70926,0.0,0.0,0.0
70927,0.0,0.0,0.0
70928,0.0,0.0,0.0
70929,0.0,0.0,0.0
70930,0.0,0.0,0.0
70931,0.0,0.0,0.0
70932,0.0,0.0,0.0
70933,0.0,0.0,0.0
70934,0.0,0.0,0.0
70935,0.0,0.0,0.0
70936,0.0,0.0,0.0
70937,0.0,0.0,0.0
70938,0.0,0.0,0.0
70939,0.0,0.0,0.0
70940,0.0,0.0,0.0
70941,0.0,0.0,0.0
70942,0.0,0.0,0.0
70943,0.0,0.0,0.0
70944,0.0,0.0,0.0
70945,0.0,0.0,0.0
70946,0.0,0.0,0.0
70947,0.0,0.0,0.0
70948,0.0,0.0,0.0
70949,0.0,0.0,0.0
70950,0.0,0.0,0.0
70951,0.0,0.0,0.0
70952,0.0,0.0,0.0
70953,0.0,0.0,0.0
70954,0.0,0.0,0.0
70955,0.0,0.0,0.0
70956,0.0,0.0,0.0
70957,0.0,0.0,0.0
70958,0.0,0.0,0.0
70959,0.0,0.0,0.0
70960,0.0,0.0,0.0
70961,0.0,0.0,0.0
70962,0.0,0.0,0.0
70963,0.0,0.0,0.0
70964,0.0,0.0,0.0
70965,0.0,0.0,0.0
70966,0.0,0.0,0.0
70967,0.0,0.0,0.0
70968,0.0,0.0,0.0
70969,0.0,0.0,0.0
70970,0.0,0.0,0.0
70971,0.0,0.0,0.0
70972,0.0,0.0,0.0
70973,0.0,0.0,0.0
70974,0.0,0.0,0.0
70975,0.0,0.0,0.0
70976,0.0,0.0,0.0
70977,0.0,0.0,0.0
70978,0.0,0.0,0.0
70979,0.0,0.0,0.0
70980,0.0,0.0,0.0
70981,0.0,0.0,0.0
70982,0.0,0.0,0.0
70983,0.0,0.0,0.0
70984,0.0,0.0,0.0
70985,0.0,0.0,0.0
70986,0.0,0.0,0.0
70987,0.0,0.0,0.0
70988,0.0,0.0,0.0
70989,0.0,0.0,0.0
70990,0.0,0.0,0.0
70991,0.0,0.0,0.0
70992,0.0,0.0,0.0
70993,0.0,0.0,0.0
70994,0.0,0.0,0.0
70995,0.0,0.0,0.0
70996,0.0,0.0,0.0
70997,0.0,0.0,0.0
70998,0.0,0.0,0.0
70999,0.0,0.0,0.0
71000,0.0,0.0,0.0
71001,0.0,0.0,0.0
71002,0.0,0.0,0.0
71003,0.0,0.0,0.0
71004,0.0,0.0,0.0
71005,0.0,0.0,0.0
71006,0.0,0.0,0.0
71007,0.0,0.0,0.0
71008,0.0,0.0,0.0
71009,0.0,0.0,0.0
71010,0.0,0.0,0.0
71011,0.0,0.0,0.0
71012,0.0,0.0,0.0
71013,0.0,0.0,0.0
71014,0.0,0.0,0.0
71015,0.0,0.0,0.0
71016,0.0,0.0,0.0
71017,0.0,0.0,0.0
71018,0.0,0.0,0.0
71019,0.0,0.0,0.0
71020,0.0,0.0,0.0
71021,0.0,0.0,0.0
71022,0.0,0.0,0.0
71023,0.0,0.0,0.0
71024,0.0,0.0,0.0
71025,0.0,0.0,0.0
71026,0.0,0.0,0.0
71027,0.0,0.0,0.0
71028,0.0,0.0,0.0
71029,0.0,0.0,0.0
71030,0.0,0.0,0.0
71031,0.0,0.0,0.0
71032,0.0,0.0,0.0
71033,0.0,0.0,0.0
71034,0.0,0.0,0.0
71035,0.0,0.0,0.0
71036,0.0,0.0,0.0
71037,0.0,0.0,0.0
71038,0.0,0.0,0.0
71039,0.0,0.0,0.0
71040,0.0,0.0,0.0
71041,0.0,0.0,0.0
71042,0.0,0.0,0.0
71043,0.0,0.0,0.0
71044,0.0,0.0,0.0
71045,0.0,0.0,0.0
71046,0.0,0.0,0.0
71047,0.0,0.0,0.0
71048,0.0,0.0,0.0
71049,0.0,0.0,0.0
71050,0.0,0.0,0.0
71051,0.0,0.0,0.0
71052,0.0,0.0,0.0
71053,0.0,0.0,0.0
71054,0.0,0.0,0.0
71055,0.0,0.0,0.0
71056,0.0,0.0,0.0
71057,0.0,0.0,0.0
71058,0.0,0.0,0.0
71059,0.0,0.0,0.0
71060,0.0,0.0,0.0
71061,0.0,0.0,0.0
71062,0.0,0.0,0.0
71063,0.0,0.0,0.0
71064,0.0,0.0,0.0
71065,0.0,0.0,0.0
71066,0.0,0.0,0.0
71067,0.0,0.0,0.0
71068,0.0,0.0,0.0
71069,0.0,0.0,0.0
71070,0.0,0.0,0.0
71071,0.0,0.0,0.0
71072,0.0,0.0,0.0
71073,0.0,0.0,0.0
71074,0.0,0.0,0.0
71075,0.0,0.0,0.0
71076,0.0,0.0,0.0
71077,0.0,0.0,0.0
71078,0.0,0.0,0.0
71079,0.0,0.0,0.0
71080,0.0,0.0,0.0
71081,0.0,0.0,0.0
71082,0.0,0.0,0.0
71083,0.0,0.0,0.0
71084,0.0,0.0,0.0
71085,0.0,0.0,0.0
71086,0.0,0.0,0.0
71087,0.0,0.0,0.0
71088,0.0,0.0,0.0
71089,0.0,0.0,0.0
71090,0.0,0.0,0.0
71091,0.0,0.0,0.0
71092,0.0,0.0,0.0
71093,0.0,0.0,0.0
71094,0.0,0.0,0.0
71095,0.0,0.0,0.0
71096,0.0,0.0,0.0
71097,0.0,0.0,0.0
71098,0.0,0.0,0.0
71099,0.0,0.0,0.0
71100,0.0,0.0,0.0
71101,0.0,0.0,0.0
71102,0.0,0.0,0.0
71103,0.0,0.0,0.0
71104,0.0,0.0,0.0
71105,0.0,0.0,0.0
71106,0.0,0.0,0.0
71107,0.0,0.0,0.0
71108,0.0,0.0,0.0
71109,0.0,0.0,0.0
71110,0.0,0.0,0.0
71111,0.0,0.0,0.0
71112,0.0,0.0,0.0
71113,0.0,0.0,0.0
71114,0.0,0.0,0.0
71115,0.0,0.0,0.0
71116,0.0,0.0,0.0
71117,0.0,0.0,0.0
71118,0.0,0.0,0.0
71119,0.0,0.0,0.0
71120,0.0,0.0,0.0
71121,0.0,0.0,0.0
71122,0.0,0.0,0.0
71123,0.0,0.0,0.0
71124,0.0,0.0,0.0
71125,0.0,0.0,0.0
71126,0.0,0.0,0.0
71127,0.0,0.0,0.0
71128,0.0,0.0,0.0
71129,0.0,0.0,0.0
71130,0.0,0.0,0.0
71131,0.0,0.0,0.0
71132,0.0,0.0,0.0
71133,0.0,0.0,0.0
71134,0.0,0.0,0.0
71135,0.0,0.0,0.0
71136,0.0,0.0,0.0
71137,0.0,0.0,0.0
71138,0.0,0.0,0.0
71139,0.0,0.0,0.0
71140,0.0,0.0,0.0
71141,0.0,0.0,0.0
71142,0.0,0.0,0.0
71143,0.0,0.0,0.0
71144,0.0,0.0,0.0
71145,0.0,0.0,0.0
71146,0.0,0.0,0.0
71147,0.0,0.0,0.0
71148,0.0,0.0,0.0
71149,0.0,0.0,0.0
71150,0.0,0.0,0.0
71151,0.0,0.0,0.0
71152,0.0,0.0,0.0
71153,0.0,0.0,0.0
71154,0.0,0.0,0.0
71155,0.0,0.0,0.0
71156,0.0,0.0,0.0
71157,0.0,0.0,0.0
71158,0.0,0.0,0.0
71159,0.0,0.0,0.0
71160,0.0,0.0,0.0
71161,0.0,0.0,0.0
71162,0.0,0.0,0.0
71163,0.0,0.0,0.0
71164,0.0,0.0,0.0
71165,0.0,0.0,0.0
71166,0.0,0.0,0.0
71167,0.0,0.0,0.0
71168,0.0,0.0,0.0
71169,0.0,0.0,0.0
71170,0.0,0.0,0.0
71171,0.0,0.0,0.0
71172,0.0,0.0,0.0
71173,0.0,0.0,0.0
71174,0.0,0.0,0.0
71175,0.0,0.0,0.0
71176,0.0,0.0,0.0
71177,0.0,0.0,0.0
71178,0.0,0.0,0.0
71179,0.0,0.0,0.0
71180,0.0,0.0,0.0
71181,0.0,0.0,0.0
71182,0.0,0.0,0.0
71183,0.0,0.0,0.0
71184,0.0,0.0,0.0
71185,0.0,0.0,0.0
71186,0.0,0.0,0.0
71187,0.0,0.0,0.0
71188,0.0,0.0,0.0
71189,0.0,0.0,0.0
71190,0.0,0.0,0.0
71191,0.0,0.0,0.0
71192,0.0,0.0,0.0
71193,0.0,0.0,0.0
71194,0.0,0.0,0.0
71195,0.0,0.0,0.0
71196,0.0,0.0,0.0
71197,0.0,0.0,0.0
71198,0.0,0.0,0.0
71199,0.0,0.0,0.0
71200,0.0,0.0,0.0
71201,0.0,0.0,0.0
71202,0.0,0.0,0.0
71203,0.0,0.0,0.0
71204,0.0,0.0,0.0
71205,0.0,0.0,0.0
71206,0.0,0.0,0.0
71207,0.0,0.0,0.0
71208,0.0,0.0,0.0
71209,0.0,0.0,0.0
71210,0.0,0.0,0.0
71211,0.0,0.0,0.0
71212,0.0,0.0,0.0
71213,0.0,0.0,0.0
71214,0.0,0.0,0.0
71215,0.0,0.0,0.0
71216,0.0,0.0,0.0
71217,0.0,0.0,0.0
71218,0.0,0.0,0.0
71219,0.0,0.0,0.0
71220,0.0,0.0,0.0
71221,0.0,0.0,0.0
71222,0.0,0.0,0.0
71223,0.0,0.0,0.0
71224,0.0,0.0,0.0
71225,0.0,0.0,0.0
71226,0.0,0.0,0.0
71227,0.0,0.0,0.0
71228,0.0,0.0,0.0
71229,0.0,0.0,0.0
71230,0.0,0.0,0.0
71231,0.0,0.0,0.0
71232,0.0,0.0,0.0
71233,0.0,0.0,0.0
71234,0.0,0.0,0.0
71235,0.0,0.0,0.0
71236,0.0,0.0,0.0
71237,0.0,0.0,0.0
71238,0.0,0.0,0.0
71239,0.0,0.0,0.0
71240,0.0,0.0,0.0
71241,0.0,0.0,0.0
71242,0.0,0.0,0.0
71243,0.0,0.0,0.0
71244,0.0,0.0,0.0
71245,0.0,0.0,0.0
71246,0.0,0.0,0.0
71247,0.0,0.0,0.0
71248,0.0,0.0,0.0
71249,0.0,0.0,0.0
71250,0.0,0.0,0.0
71251,0.0,0.0,0.0
71252,0.0,0.0,0.0
71253,0.0,0.0,0.0
71254,0.0,0.0,0.0
71255,0.0,0.0,0.0
71256,0.0,0.0,0.0
71257,0.0,0.0,0.0
71258,0.0,0.0,0.0
71259,0.0,0.0,0.0
71260,0.0,0.0,0.0
71261,0.0,0.0,0.0
71262,0.0,0.0,0.0
71263,0.0,0.0,0.0
71264,0.0,0.0,0.0
71265,0.0,0.0,0.0
71266,0.0,0.0,0.0
71267,0.0,0.0,0.0
71268,0.0,0.0,0.0
71269,0.0,0.0,0.0
71270,0.0,0.0,0.0
71271,0.0,0.0,0.0
71272,0.0,0.0,0.0
71273,0.0,0.0,0.0
71274,0.0,0.0,0.0
71275,0.0,0.0,0.0
71276,0.0,0.0,0.0
71277,0.0,0.0,0.0
71278,0.0,0.0,0.0
71279,0.0,0.0,0.0
71280,0.0,0.0,0.0
71281,0.0,0.0,0.0
71282,0.0,0.0,0.0
71283,0.0,0.0,0.0
71284,0.0,0.0,0.0
71285,0.0,0.0,0.0
71286,0.0,0.0,0.0
71287,0.0,0.0,0.0
71288,0.0,0.0,0.0
71289,0.0,0.0,0.0
71290,0.0,0.0,0.0
71291,0.0,0.0,0.0
71292,0.0,0.0,0.0
71293,0.0,0.0,0.0
71294,0.0,0.0,0.0
71295,0.0,0.0,0.0
71296,0.0,0.0,0.0
71297,0.0,0.0,0.0
71298,0.0,0.0,0.0
71299,0.0,0.0,0.0
71300,0.0,0.0,0.0
71301,0.0,0.0,0.0
71302,0.0,0.0,0.0
71303,0.0,0.0,0.0
71304,0.0,0.0,0.0
71305,0.0,0.0,0.0
71306,0.0,0.0,0.0
71307,0.0,0.0,0.0
71308,0.0,0.0,0.0
71309,0.0,0.0,0.0
71310,0.0,0.0,0.0
71311,0.0,0.0,0.0
71312,0.0,0.0,0.0
71313,0.0,0.0,0.0
71314,0.0,0.0,0.0
71315,0.0,0.0,0.0
71316,0.0,0.0,0.0
71317,0.0,0.0,0.0
71318,0.0,0.0,0.0
71319,0.0,0.0,0.0
71320,0.0,0.0,0.0
71321,0.0,0.0,0.0
71322,0.0,0.0,0.0
71323,0.0,0.0,0.0
71324,0.0,0.0,0.0
71325,0.0,0.0,0.0
71326,0.0,0.0,0.0
71327,0.0,0.0,0.0
71328,0.0,0.0,0.0
71329,0.0,0.0,0.0
71330,0.0,0.0,0.0
71331,0.0,0.0,0.0
71332,0.0,0.0,0.0
71333,0.0,0.0,0.0
71334,0.0,0.0,0.0
71335,0.0,0.0,0.0
71336,0.0,0.0,0.0
71337,0.0,0.0,0.0
71338,0.0,0.0,0.0
71339,0.0,0.0,0.0
71340,0.0,0.0,0.0
71341,0.0,0.0,0.0
71342,0.0,0.0,0.0
71343,0.0,0.0,0.0
71344,0.0,0.0,0.0
71345,0.0,0.0,0.0
71346,0.0,0.0,0.0
71347,0.0,0.0,0.0
71348,0.0,0.0,0.0
71349,0.0,0.0,0.0
71350,0.0,0.0,0.0
71351,0.0,0.0,0.0
71352,0.0,0.0,0.0
71353,0.0,0.0,0.0
71354,0.0,0.0,0.0
71355,0.0,0.0,0.0
71356,0.0,0.0,0.0
71357,0.0,0.0,0.0
71358,0.0,0.0,0.0
71359,0.0,0.0,0.0
71360,0.0,0.0,0.0
71361,0.0,0.0,0.0
71362,0.0,0.0,0.0
71363,0.0,0.0,0.0
71364,0.0,0.0,0.0
71365,0.0,0.0,0.0
71366,0.0,0.0,0.0
71367,0.0,0.0,0.0
71368,0.0,0.0,0.0
71369,0.0,0.0,0.0
71370,0.0,0.0,0.0
71371,0.0,0.0,0.0
71372,0.0,0.0,0.0
71373,0.0,0.0,0.0
71374,0.0,0.0,0.0
71375,0.0,0.0,0.0
71376,0.0,0.0,0.0
71377,0.0,0.0,0.0
71378,0.0,0.0,0.0
71379,0.0,0.0,0.0
71380,0.0,0.0,0.0
71381,0.0,0.0,0.0
71382,0.0,0.0,0.0
71383,0.0,0.0,0.0
71384,0.0,0.0,0.0
71385,0.0,0.0,0.0
71386,0.0,0.0,0.0
71387,0.0,0.0,0.0
71388,0.0,0.0,0.0
71389,0.0,0.0,0.0
71390,0.0,0.0,0.0
71391,0.0,0.0,0.0
71392,0.0,0.0,0.0
71393,0.0,0.0,0.0
71394,0.0,0.0,0.0
71395,0.0,0.0,0.0
71396,0.0,0.0,0.0
71397,0.0,0.0,0.0
71398,0.0,0.0,0.0
71399,0.0,0.0,0.0
71400,0.0,0.0,0.0
71401,0.0,0.0,0.0
71402,0.0,0.0,0.0
71403,0.0,0.0,0.0
71404,0.0,0.0,0.0
71405,0.0,0.0,0.0
71406,0.0,0.0,0.0
71407,0.0,0.0,0.0
71408,0.0,0.0,0.0
71409,0.0,0.0,0.0
71410,0.0,0.0,0.0
71411,0.0,0.0,0.0
71412,0.0,0.0,0.0
71413,0.0,0.0,0.0
71414,0.0,0.0,0.0
71415,0.0,0.0,0.0
71416,0.0,0.0,0.0
71417,0.0,0.0,0.0
71418,0.0,0.0,0.0
71419,0.0,0.0,0.0
71420,0.0,0.0,0.0
71421,0.0,0.0,0.0
71422,0.0,0.0,0.0
71423,0.0,0.0,0.0
71424,0.0,0.0,0.0
71425,0.0,0.0,0.0
71426,0.0,0.0,0.0
71427,0.0,0.0,0.0
71428,0.0,0.0,0.0
71429,0.0,0.0,0.0
71430,0.0,0.0,0.0
71431,0.0,0.0,0.0
71432,0.0,0.0,0.0
71433,0.0,0.0,0.0
71434,0.0,0.0,0.0
71435,0.0,0.0,0.0
71436,0.0,0.0,0.0
71437,0.0,0.0,0.0
71438,0.0,0.0,0.0
71439,0.0,0.0,0.0
71440,0.0,0.0,0.0
71441,0.0,0.0,0.0
71442,0.0,0.0,0.0
71443,0.0,0.0,0.0
71444,0.0,0.0,0.0
71445,0.0,0.0,0.0
71446,0.0,0.0,0.0
71447,0.0,0.0,0.0
71448,0.0,0.0,0.0
71449,0.0,0.0,0.0
71450,0.0,0.0,0.0
71451,0.0,0.0,0.0
71452,0.0,0.0,0.0
71453,0.0,0.0,0.0
71454,0.0,0.0,0.0
71455,0.0,0.0,0.0
71456,0.0,0.0,0.0
71457,0.0,0.0,0.0
71458,0.0,0.0,0.0
71459,0.0,0.0,0.0
71460,0.0,0.0,0.0
71461,0.0,0.0,0.0
71462,0.0,0.0,0.0
71463,0.0,0.0,0.0
71464,0.0,0.0,0.0
71465,0.0,0.0,0.0
71466,0.0,0.0,0.0
71467,0.0,0.0,0.0
71468,0.0,0.0,0.0
71469,0.0,0.0,0.0
71470,0.0,0.0,0.0
71471,0.0,0.0,0.0
71472,0.0,0.0,0.0
71473,0.0,0.0,0.0
71474,0.0,0.0,0.0
71475,0.0,0.0,0.0
71476,0.0,0.0,0.0
71477,0.0,0.0,0.0
71478,0.0,0.0,0.0
71479,0.0,0.0,0.0
71480,0.0,0.0,0.0
71481,0.0,0.0,0.0
71482,0.0,0.0,0.0
71483,0.0,0.0,0.0
71484,0.0,0.0,0.0
71485,0.0,0.0,0.0
71486,0.0,0.0,0.0
71487,0.0,0.0,0.0
71488,0.0,0.0,0.0
71489,0.0,0.0,0.0
71490,0.0,0.0,0.0
71491,0.0,0.0,0.0
71492,0.0,0.0,0.0
71493,0.0,0.0,0.0
71494,0.0,0.0,0.0
71495,0.0,0.0,0.0
71496,0.0,0.0,0.0
71497,0.0,0.0,0.0
71498,0.0,0.0,0.0
71499,0.0,0.0,0.0
71500,0.0,0.0,0.0
71501,0.0,0.0,0.0
71502,0.0,0.0,0.0
71503,0.0,0.0,0.0
71504,0.0,0.0,0.0
71505,0.0,0.0,0.0
71506,0.0,0.0,0.0
71507,0.0,0.0,0.0
71508,0.0,0.0,0.0
71509,0.0,0.0,0.0
71510,0.0,0.0,0.0
71511,0.0,0.0,0.0
71512,0.0,0.0,0.0
71513,0.0,0.0,0.0
71514,0.0,0.0,0.0
71515,0.0,0.0,0.0
71516,0.0,0.0,0.0
71517,0.0,0.0,0.0
71518,0.0,0.0,0.0
71519,0.0,0.0,0.0
71520,0.0,0.0,0.0
71521,0.0,0.0,0.0
71522,0.0,0.0,0.0
71523,0.0,0.0,0.0
71524,0.0,0.0,0.0
71525,0.0,0.0,0.0
71526,0.0,0.0,0.0
71527,0.0,0.0,0.0
71528,0.0,0.0,0.0
71529,0.0,0.0,0.0
71530,0.0,0.0,0.0
71531,0.0,0.0,0.0
71532,0.0,0.0,0.0
71533,0.0,0.0,0.0
71534,0.0,0.0,0.0
71535,0.0,0.0,0.0
71536,0.0,0.0,0.0
71537,0.0,0.0,0.0
71538,0.0,0.0,0.0
71539,0.0,0.0,0.0
71540,0.0,0.0,0.0
71541,0.0,0.0,0.0
71542,0.0,0.0,0.0
71543,0.0,0.0,0.0
71544,0.0,0.0,0.0
71545,0.0,0.0,0.0
71546,0.0,0.0,0.0
71547,0.0,0.0,0.0
71548,0.0,0.0,0.0
71549,0.0,0.0,0.0
71550,0.0,0.0,0.0
71551,0.0,0.0,0.0
71552,0.0,0.0,0.0
71553,0.0,0.0,0.0
71554,0.0,0.0,0.0
71555,0.0,0.0,0.0
71556,0.0,0.0,0.0
71557,0.0,0.0,0.0
71558,0.0,0.0,0.0
71559,0.0,0.0,0.0
71560,0.0,0.0,0.0
71561,0.0,0.0,0.0
71562,0.0,0.0,0.0
71563,0.0,0.0,0.0
71564,0.0,0.0,0.0
71565,0.0,0.0,0.0
71566,0.0,0.0,0.0
71567,0.0,0.0,0.0
71568,0.0,0.0,0.0
71569,0.0,0.0,0.0
71570,0.0,0.0,0.0
71571,0.0,0.0,0.0
71572,0.0,0.0,0.0
71573,0.0,0.0,0.0
71574,0.0,0.0,0.0
71575,0.0,0.0,0.0
71576,0.0,0.0,0.0
71577,0.0,0.0,0.0
71578,0.0,0.0,0.0
71579,0.0,0.0,0.0
71580,0.0,0.0,0.0
71581,0.0,0.0,0.0
71582,0.0,0.0,0.0
71583,0.0,0.0,0.0
71584,0.0,0.0,0.0
71585,0.0,0.0,0.0
71586,0.0,0.0,0.0
71587,0.0,0.0,0.0
71588,0.0,0.0,0.0
71589,0.0,0.0,0.0
71590,0.0,0.0,0.0
71591,0.0,0.0,0.0
71592,0.0,0.0,0.0
71593,0.0,0.0,0.0
71594,0.0,0.0,0.0
71595,0.0,0.0,0.0
71596,0.0,0.0,0.0
71597,0.0,0.0,0.0
71598,0.0,0.0,0.0
71599,0.0,0.0,0.0
71600,0.0,0.0,0.0
71601,0.0,0.0,0.0
71602,0.0,0.0,0.0
71603,0.0,0.0,0.0
71604,0.0,0.0,0.0
71605,0.0,0.0,0.0
71606,0.0,0.0,0.0
71607,0.0,0.0,0.0
71608,0.0,0.0,0.0
71609,0.0,0.0,0.0
71610,0.0,0.0,0.0
71611,0.0,0.0,0.0
71612,0.0,0.0,0.0
71613,0.0,0.0,0.0
71614,0.0,0.0,0.0
71615,0.0,0.0,0.0
71616,0.0,0.0,0.0
71617,0.0,0.0,0.0
71618,0.0,0.0,0.0
71619,0.0,0.0,0.0
71620,0.0,0.0,0.0
71621,0.0,0.0,0.0
71622,0.0,0.0,0.0
71623,0.0,0.0,0.0
71624,0.0,0.0,0.0
71625,0.0,0.0,0.0
71626,0.0,0.0,0.0
71627,0.0,0.0,0.0
71628,0.0,0.0,0.0
71629,0.0,0.0,0.0
71630,0.0,0.0,0.0
71631,0.0,0.0,0.0
71632,0.0,0.0,0.0
71633,0.0,0.0,0.0
71634,0.0,0.0,0.0
71635,0.0,0.0,0.0
71636,0.0,0.0,0.0
71637,0.0,0.0,0.0
71638,0.0,0.0,0.0
71639,0.0,0.0,0.0
71640,0.0,0.0,0.0
71641,0.0,0.0,0.0
71642,0.0,0.0,0.0
71643,0.0,0.0,0.0
71644,0.0,0.0,0.0
71645,0.0,0.0,0.0
71646,0.0,0.0,0.0
71647,0.0,0.0,0.0
71648,0.0,0.0,0.0
71649,0.0,0.0,0.0
71650,0.0,0.0,0.0
71651,0.0,0.0,0.0
71652,0.0,0.0,0.0
71653,0.0,0.0,0.0
71654,0.0,0.0,0.0
71655,0.0,0.0,0.0
71656,0.0,0.0,0.0
71657,0.0,0.0,0.0
71658,0.0,0.0,0.0
71659,0.0,0.0,0.0
71660,0.0,0.0,0.0
71661,0.0,0.0,0.0
71662,0.0,0.0,0.0
71663,0.0,0.0,0.0
71664,0.0,0.0,0.0
71665,0.0,0.0,0.0
71666,0.0,0.0,0.0
71667,0.0,0.0,0.0
71668,0.0,0.0,0.0
71669,0.0,0.0,0.0
71670,0.0,0.0,0.0
71671,0.0,0.0,0.0
71672,0.0,0.0,0.0
71673,0.0,0.0,0.0
71674,0.0,0.0,0.0
71675,0.0,0.0,0.0
71676,0.0,0.0,0.0
71677,0.0,0.0,0.0
71678,0.0,0.0,0.0
71679,0.0,0.0,0.0
71680,0.0,0.0,0.0
71681,0.0,0.0,0.0
71682,0.0,0.0,0.0
71683,0.0,0.0,0.0
71684,0.0,0.0,0.0
71685,0.0,0.0,0.0
71686,0.0,0.0,0.0
71687,0.0,0.0,0.0
71688,0.0,0.0,0.0
71689,0.0,0.0,0.0
71690,0.0,0.0,0.0
71691,0.0,0.0,0.0
71692,0.0,0.0,0.0
71693,0.0,0.0,0.0
71694,0.0,0.0,0.0
71695,0.0,0.0,0.0
71696,0.0,0.0,0.0
71697,0.0,0.0,0.0
71698,0.0,0.0,0.0
71699,0.0,0.0,0.0
71700,0.0,0.0,0.0
71701,0.0,0.0,0.0
71702,0.0,0.0,0.0
71703,0.0,0.0,0.0
71704,0.0,0.0,0.0
71705,0.0,0.0,0.0
71706,0.0,0.0,0.0
71707,0.0,0.0,0.0
71708,0.0,0.0,0.0
71709,0.0,0.0,0.0
71710,0.0,0.0,0.0
71711,0.0,0.0,0.0
71712,0.0,0.0,0.0
71713,0.0,0.0,0.0
71714,0.0,0.0,0.0
71715,0.0,0.0,0.0
71716,0.0,0.0,0.0
71717,0.0,0.0,0.0
71718,0.0,0.0,0.0
71719,0.0,0.0,0.0
71720,0.0,0.0,0.0
71721,0.0,0.0,0.0
71722,0.0,0.0,0.0
71723,0.0,0.0,0.0
71724,0.0,0.0,0.0
71725,0.0,0.0,0.0
71726,0.0,0.0,0.0
71727,0.0,0.0,0.0
71728,0.0,0.0,0.0
71729,0.0,0.0,0.0
71730,0.0,0.0,0.0
71731,0.0,0.0,0.0
71732,0.0,0.0,0.0
71733,0.0,0.0,0.0
71734,0.0,0.0,0.0
71735,0.0,0.0,0.0
71736,0.0,0.0,0.0
71737,0.0,0.0,0.0
71738,0.0,0.0,0.0
71739,0.0,0.0,0.0
71740,0.0,0.0,0.0
71741,0.0,0.0,0.0
71742,0.0,0.0,0.0
71743,0.0,0.0,0.0
71744,0.0,0.0,0.0
71745,0.0,0.0,0.0
71746,0.0,0.0,0.0
71747,0.0,0.0,0.0
71748,0.0,0.0,0.0
71749,0.0,0.0,0.0
71750,0.0,0.0,0.0
71751,0.0,0.0,0.0
71752,0.0,0.0,0.0
71753,0.0,0.0,0.0
71754,0.0,0.0,0.0
71755,0.0,0.0,0.0
71756,0.0,0.0,0.0
71757,0.0,0.0,0.0
71758,0.0,0.0,0.0
71759,0.0,0.0,0.0
71760,0.0,0.0,0.0
71761,0.0,0.0,0.0
71762,0.0,0.0,0.0
71763,0.0,0.0,0.0
71764,0.0,0.0,0.0
71765,0.0,0.0,0.0
71766,0.0,0.0,0.0
71767,0.0,0.0,0.0
71768,0.0,0.0,0.0
71769,0.0,0.0,0.0
71770,0.0,0.0,0.0
71771,0.0,0.0,0.0
71772,0.0,0.0,0.0
71773,0.0,0.0,0.0
71774,0.0,0.0,0.0
71775,0.0,0.0,0.0
71776,0.0,0.0,0.0
71777,0.0,0.0,0.0
71778,0.0,0.0,0.0
71779,0.0,0.0,0.0
71780,0.0,0.0,0.0
71781,0.0,0.0,0.0
71782,0.0,0.0,0.0
71783,0.0,0.0,0.0
71784,0.0,0.0,0.0
71785,0.0,0.0,0.0
71786,0.0,0.0,0.0
71787,0.0,0.0,0.0
71788,0.0,0.0,0.0
71789,0.0,0.0,0.0
71790,0.0,0.0,0.0
71791,0.0,0.0,0.0
71792,0.0,0.0,0.0
71793,0.0,0.0,0.0
71794,0.0,0.0,0.0
71795,0.0,0.0,0.0
71796,0.0,0.0,0.0
71797,0.0,0.0,0.0
71798,0.0,0.0,0.0
71799,0.0,0.0,0.0
71800,0.0,0.0,0.0
71801,0.0,0.0,0.0
71802,0.0,0.0,0.0
71803,0.0,0.0,0.0
71804,0.0,0.0,0.0
71805,0.0,0.0,0.0
71806,0.0,0.0,0.0
71807,0.0,0.0,0.0
71808,0.0,0.0,0.0
71809,0.0,0.0,0.0
71810,0.0,0.0,0.0
71811,0.0,0.0,0.0
71812,0.0,0.0,0.0
71813,0.0,0.0,0.0
71814,0.0,0.0,0.0
71815,0.0,0.0,0.0
71816,0.0,0.0,0.0
71817,0.0,0.0,0.0
71818,0.0,0.0,0.0
71819,0.0,0.0,0.0
71820,0.0,0.0,0.0
71821,0.0,0.0,0.0
71822,0.0,0.0,0.0
71823,0.0,0.0,0.0
71824,0.0,0.0,0.0
71825,0.0,0.0,0.0
71826,0.0,0.0,0.0
71827,0.0,0.0,0.0
71828,0.0,0.0,0.0
71829,0.0,0.0,0.0
71830,0.0,0.0,0.0
71831,0.0,0.0,0.0
71832,0.0,0.0,0.0
71833,0.0,0.0,0.0
71834,0.0,0.0,0.0
71835,0.0,0.0,0.0
71836,0.0,0.0,0.0
71837,0.0,0.0,0.0
71838,0.0,0.0,0.0
71839,0.0,0.0,0.0
71840,0.0,0.0,0.0
71841,0.0,0.0,0.0
71842,0.0,0.0,0.0
71843,0.0,0.0,0.0
71844,0.0,0.0,0.0
71845,0.0,0.0,0.0
71846,0.0,0.0,0.0
71847,0.0,0.0,0.0
71848,0.0,0.0,0.0
71849,0.0,0.0,0.0
71850,0.0,0.0,0.0
71851,0.0,0.0,0.0
71852,0.0,0.0,0.0
71853,0.0,0.0,0.0
71854,0.0,0.0,0.0
71855,0.0,0.0,0.0
71856,0.0,0.0,0.0
71857,0.0,0.0,0.0
71858,0.0,0.0,0.0
71859,0.0,0.0,0.0
71860,0.0,0.0,0.0
71861,0.0,0.0,0.0
71862,0.0,0.0,0.0
71863,0.0,0.0,0.0
71864,0.0,0.0,0.0
71865,0.0,0.0,0.0
71866,0.0,0.0,0.0
71867,0.0,0.0,0.0
71868,0.0,0.0,0.0
71869,0.0,0.0,0.0
71870,0.0,0.0,0.0
71871,0.0,0.0,0.0
71872,0.0,0.0,0.0
71873,0.0,0.0,0.0
71874,0.0,0.0,0.0
71875,0.0,0.0,0.0
71876,0.0,0.0,0.0
71877,0.0,0.0,0.0
71878,0.0,0.0,0.0
71879,0.0,0.0,0.0
71880,0.0,0.0,0.0
71881,0.0,0.0,0.0
71882,0.0,0.0,0.0
71883,0.0,0.0,0.0
71884,0.0,0.0,0.0
71885,0.0,0.0,0.0
71886,0.0,0.0,0.0
71887,0.0,0.0,0.0
71888,0.0,0.0,0.0
71889,0.0,0.0,0.0
71890,0.0,0.0,0.0
71891,0.0,0.0,0.0
71892,0.0,0.0,0.0
71893,0.0,0.0,0.0
71894,0.0,0.0,0.0
71895,0.0,0.0,0.0
71896,0.0,0.0,0.0
71897,0.0,0.0,0.0
71898,0.0,0.0,0.0
71899,0.0,0.0,0.0
71900,0.0,0.0,0.0
71901,0.0,0.0,0.0
71902,0.0,0.0,0.0
71903,0.0,0.0,0.0
71904,0.0,0.0,0.0
71905,0.0,0.0,0.0
71906,0.0,0.0,0.0
71907,0.0,0.0,0.0
71908,0.0,0.0,0.0
71909,0.0,0.0,0.0
71910,0.0,0.0,0.0
71911,0.0,0.0,0.0
71912,0.0,0.0,0.0
71913,0.0,0.0,0.0
71914,0.0,0.0,0.0
71915,0.0,0.0,0.0
71916,0.0,0.0,0.0
71917,0.0,0.0,0.0
71918,0.0,0.0,0.0
71919,0.0,0.0,0.0
71920,0.0,0.0,0.0
71921,0.0,0.0,0.0
71922,0.0,0.0,0.0
71923,0.0,0.0,0.0
71924,0.0,0.0,0.0
71925,0.0,0.0,0.0
71926,0.0,0.0,0.0
71927,0.0,0.0,0.0
71928,0.0,0.0,0.0
71929,0.0,0.0,0.0
71930,0.0,0.0,0.0
71931,0.0,0.0,0.0
71932,0.0,0.0,0.0
71933,0.0,0.0,0.0
71934,0.0,0.0,0.0
71935,0.0,0.0,0.0
71936,0.0,0.0,0.0
71937,0.0,0.0,0.0
71938,0.0,0.0,0.0
71939,0.0,0.0,0.0
71940,0.0,0.0,0.0
71941,0.0,0.0,0.0
71942,0.0,0.0,0.0
71943,0.0,0.0,0.0
71944,0.0,0.0,0.0
71945,0.0,0.0,0.0
71946,0.0,0.0,0.0
71947,0.0,0.0,0.0
71948,0.0,0.0,0.0
71949,0.0,0.0,0.0
71950,0.0,0.0,0.0
71951,0.0,0.0,0.0
71952,0.0,0.0,0.0
71953,0.0,0.0,0.0
71954,0.0,0.0,0.0
71955,0.0,0.0,0.0
71956,0.0,0.0,0.0
71957,0.0,0.0,0.0
71958,0.0,0.0,0.0
71959,0.0,0.0,0.0
71960,0.0,0.0,0.0
71961,0.0,0.0,0.0
71962,0.0,0.0,0.0
71963,0.0,0.0,0.0
71964,0.0,0.0,0.0
71965,0.0,0.0,0.0
71966,0.0,0.0,0.0
71967,0.0,0.0,0.0
71968,0.0,0.0,0.0
71969,0.0,0.0,0.0
71970,0.0,0.0,0.0
71971,0.0,0.0,0.0
71972,0.0,0.0,0.0
71973,0.0,0.0,0.0
71974,0.0,0.0,0.0
71975,0.0,0.0,0.0
71976,0.0,0.0,0.0
71977,0.0,0.0,0.0
71978,0.0,0.0,0.0
71979,0.0,0.0,0.0
71980,0.0,0.0,0.0
71981,0.0,0.0,0.0
71982,0.0,0.0,0.0
71983,0.0,0.0,0.0
71984,0.0,0.0,0.0
71985,0.0,0.0,0.0
71986,0.0,0.0,0.0
71987,0.0,0.0,0.0
71988,0.0,0.0,0.0
71989,0.0,0.0,0.0
71990,0.0,0.0,0.0
71991,0.0,0.0,0.0
71992,0.0,0.0,0.0
71993,0.0,0.0,0.0
71994,0.0,0.0,0.0
71995,0.0,0.0,0.0
71996,0.0,0.0,0.0
71997,0.0,0.0,0.0
71998,0.0,0.0,0.0
71999,0.0,0.0,0.0
72000,0.0,0.0,0.0
72001,0.0,0.0,0.0
72002,0.0,0.0,0.0
72003,0.0,0.0,0.0
72004,0.0,0.0,0.0
72005,0.0,0.0,0.0
72006,0.0,0.0,0.0
72007,0.0,0.0,0.0
72008,0.0,0.0,0.0
72009,0.0,0.0,0.0
72010,0.0,0.0,0.0
72011,0.0,0.0,0.0
72012,0.0,0.0,0.0
72013,0.0,0.0,0.0
72014,0.0,0.0,0.0
72015,0.0,0.0,0.0
72016,0.0,0.0,0.0
72017,0.0,0.0,0.0
72018,0.0,0.0,0.0
72019,0.0,0.0,0.0
72020,0.0,0.0,0.0
72021,0.0,0.0,0.0
72022,0.0,0.0,0.0
72023,0.0,0.0,0.0
72024,0.0,0.0,0.0
72025,0.0,0.0,0.0
72026,0.0,0.0,0.0
72027,0.0,0.0,0.0
72028,0.0,0.0,0.0
72029,0.0,0.0,0.0
72030,0.0,0.0,0.0
72031,0.0,0.0,0.0
72032,0.0,0.0,0.0
72033,0.0,0.0,0.0
72034,0.0,0.0,0.0
72035,0.0,0.0,0.0
72036,0.0,0.0,0.0
72037,0.0,0.0,0.0
72038,0.0,0.0,0.0
72039,0.0,0.0,0.0
72040,0.0,0.0,0.0
72041,0.0,0.0,0.0
72042,0.0,0.0,0.0
72043,0.0,0.0,0.0
72044,0.0,0.0,0.0
72045,0.0,0.0,0.0
72046,0.0,0.0,0.0
72047,0.0,0.0,0.0
72048,0.0,0.0,0.0
72049,0.0,0.0,0.0
72050,0.0,0.0,0.0
72051,0.0,0.0,0.0
72052,0.0,0.0,0.0
72053,0.0,0.0,0.0
72054,0.0,0.0,0.0
72055,0.0,0.0,0.0
72056,0.0,0.0,0.0
72057,0.0,0.0,0.0
72058,0.0,0.0,0.0
72059,0.0,0.0,0.0
72060,0.0,0.0,0.0
72061,0.0,0.0,0.0
72062,0.0,0.0,0.0
72063,0.0,0.0,0.0
72064,0.0,0.0,0.0
72065,0.0,0.0,0.0
72066,0.0,0.0,0.0
72067,0.0,0.0,0.0
72068,0.0,0.0,0.0
72069,0.0,0.0,0.0
72070,0.0,0.0,0.0
72071,0.0,0.0,0.0
72072,0.0,0.0,0.0
72073,0.0,0.0,0.0
72074,0.0,0.0,0.0
72075,0.0,0.0,0.0
72076,0.0,0.0,0.0
72077,0.0,0.0,0.0
72078,0.0,0.0,0.0
72079,0.0,0.0,0.0
72080,0.0,0.0,0.0
72081,0.0,0.0,0.0
72082,0.0,0.0,0.0
72083,0.0,0.0,0.0
72084,0.0,0.0,0.0
72085,0.0,0.0,0.0
72086,0.0,0.0,0.0
72087,0.0,0.0,0.0
72088,0.0,0.0,0.0
72089,0.0,0.0,0.0
72090,0.0,0.0,0.0
72091,0.0,0.0,0.0
72092,0.0,0.0,0.0
72093,0.0,0.0,0.0
72094,0.0,0.0,0.0
72095,0.0,0.0,0.0
72096,0.0,0.0,0.0
72097,0.0,0.0,0.0
72098,0.0,0.0,0.0
72099,0.0,0.0,0.0
72100,0.0,0.0,0.0
72101,0.0,0.0,0.0
72102,0.0,0.0,0.0
72103,0.0,0.0,0.0
72104,0.0,0.0,0.0
72105,0.0,0.0,0.0
72106,0.0,0.0,0.0
72107,0.0,0.0,0.0
72108,0.0,0.0,0.0
72109,0.0,0.0,0.0
72110,0.0,0.0,0.0
72111,0.0,0.0,0.0
72112,0.0,0.0,0.0
72113,0.0,0.0,0.0
72114,0.0,0.0,0.0
72115,0.0,0.0,0.0
72116,0.0,0.0,0.0
72117,0.0,0.0,0.0
72118,0.0,0.0,0.0
72119,0.0,0.0,0.0
72120,0.0,0.0,0.0
72121,0.0,0.0,0.0
72122,0.0,0.0,0.0
72123,0.0,0.0,0.0
72124,0.0,0.0,0.0
72125,0.0,0.0,0.0
72126,0.0,0.0,0.0
72127,0.0,0.0,0.0
72128,0.0,0.0,0.0
72129,0.0,0.0,0.0
72130,0.0,0.0,0.0
72131,0.0,0.0,0.0
72132,0.0,0.0,0.0
72133,0.0,0.0,0.0
72134,0.0,0.0,0.0
72135,0.0,0.0,0.0
72136,0.0,0.0,0.0
72137,0.0,0.0,0.0
72138,0.0,0.0,0.0
72139,0.0,0.0,0.0
72140,0.0,0.0,0.0
72141,0.0,0.0,0.0
72142,0.0,0.0,0.0
72143,0.0,0.0,0.0
72144,0.0,0.0,0.0
72145,0.0,0.0,0.0
72146,0.0,0.0,0.0
72147,0.0,0.0,0.0
72148,0.0,0.0,0.0
72149,0.0,0.0,0.0
72150,0.0,0.0,0.0
72151,0.0,0.0,0.0
72152,0.0,0.0,0.0
72153,0.0,0.0,0.0
72154,0.0,0.0,0.0
72155,0.0,0.0,0.0
72156,0.0,0.0,0.0
72157,0.0,0.0,0.0
72158,0.0,0.0,0.0
72159,0.0,0.0,0.0
72160,0.0,0.0,0.0
72161,0.0,0.0,0.0
72162,0.0,0.0,0.0
72163,0.0,0.0,0.0
72164,0.0,0.0,0.0
72165,0.0,0.0,0.0
72166,0.0,0.0,0.0
72167,0.0,0.0,0.0
72168,0.0,0.0,0.0
72169,0.0,0.0,0.0
72170,0.0,0.0,0.0
72171,0.0,0.0,0.0
72172,0.0,0.0,0.0
72173,0.0,0.0,0.0
72174,0.0,0.0,0.0
72175,0.0,0.0,0.0
72176,0.0,0.0,0.0
72177,0.0,0.0,0.0
72178,0.0,0.0,0.0
72179,0.0,0.0,0.0
72180,0.0,0.0,0.0
72181,0.0,0.0,0.0
72182,0.0,0.0,0.0
72183,0.0,0.0,0.0
72184,0.0,0.0,0.0
72185,0.0,0.0,0.0
72186,0.0,0.0,0.0
72187,0.0,0.0,0.0
72188,0.0,0.0,0.0
72189,0.0,0.0,0.0
72190,0.0,0.0,0.0
72191,0.0,0.0,0.0
72192,0.0,0.0,0.0
72193,0.0,0.0,0.0
72194,0.0,0.0,0.0
72195,0.0,0.0,0.0
72196,0.0,0.0,0.0
72197,0.0,0.0,0.0
72198,0.0,0.0,0.0
72199,0.0,0.0,0.0
72200,0.0,0.0,0.0
72201,0.0,0.0,0.0
72202,0.0,0.0,0.0
72203,0.0,0.0,0.0
72204,0.0,0.0,0.0
72205,0.0,0.0,0.0
72206,0.0,0.0,0.0
72207,0.0,0.0,0.0
72208,0.0,0.0,0.0
72209,0.0,0.0,0.0
72210,0.0,0.0,0.0
72211,0.0,0.0,0.0
72212,0.0,0.0,0.0
72213,0.0,0.0,0.0
72214,0.0,0.0,0.0
72215,0.0,0.0,0.0
72216,0.0,0.0,0.0
72217,0.0,0.0,0.0
72218,0.0,0.0,0.0
72219,0.0,0.0,0.0
72220,0.0,0.0,0.0
72221,0.0,0.0,0.0
72222,0.0,0.0,0.0
72223,0.0,0.0,0.0
72224,0.0,0.0,0.0
72225,0.0,0.0,0.0
72226,0.0,0.0,0.0
72227,0.0,0.0,0.0
72228,0.0,0.0,0.0
72229,0.0,0.0,0.0
72230,0.0,0.0,0.0
72231,0.0,0.0,0.0
72232,0.0,0.0,0.0
72233,0.0,0.0,0.0
72234,0.0,0.0,0.0
72235,0.0,0.0,0.0
72236,0.0,0.0,0.0
72237,0.0,0.0,0.0
72238,0.0,0.0,0.0
72239,0.0,0.0,0.0
72240,0.0,0.0,0.0
72241,0.0,0.0,0.0
72242,0.0,0.0,0.0
72243,0.0,0.0,0.0
72244,0.0,0.0,0.0
72245,0.0,0.0,0.0
72246,0.0,0.0,0.0
72247,0.0,0.0,0.0
72248,0.0,0.0,0.0
72249,0.0,0.0,0.0
72250,0.0,0.0,0.0
72251,0.0,0.0,0.0
72252,0.0,0.0,0.0
72253,0.0,0.0,0.0
72254,0.0,0.0,0.0
72255,0.0,0.0,0.0
72256,0.0,0.0,0.0
72257,0.0,0.0,0.0
72258,0.0,0.0,0.0
72259,0.0,0.0,0.0
72260,0.0,0.0,0.0
72261,0.0,0.0,0.0
72262,0.0,0.0,0.0
72263,0.0,0.0,0.0
72264,0.0,0.0,0.0
72265,0.0,0.0,0.0
72266,0.0,0.0,0.0
72267,0.0,0.0,0.0
72268,0.0,0.0,0.0
72269,0.0,0.0,0.0
72270,0.0,0.0,0.0
72271,0.0,0.0,0.0
72272,0.0,0.0,0.0
72273,0.0,0.0,0.0
72274,0.0,0.0,0.0
72275,0.0,0.0,0.0
72276,0.0,0.0,0.0
72277,0.0,0.0,0.0
72278,0.0,0.0,0.0
72279,0.0,0.0,0.0
72280,0.0,0.0,0.0
72281,0.0,0.0,0.0
72282,0.0,0.0,0.0
72283,0.0,0.0,0.0
72284,0.0,0.0,0.0
72285,0.0,0.0,0.0
72286,0.0,0.0,0.0
72287,0.0,0.0,0.0
72288,0.0,0.0,0.0
72289,0.0,0.0,0.0
72290,0.0,0.0,0.0
72291,0.0,0.0,0.0
72292,0.0,0.0,0.0
72293,0.0,0.0,0.0
72294,0.0,0.0,0.0
72295,0.0,0.0,0.0
72296,0.0,0.0,0.0
72297,0.0,0.0,0.0
72298,0.0,0.0,0.0
72299,0.0,0.0,0.0
72300,0.0,0.0,0.0
72301,0.0,0.0,0.0
72302,0.0,0.0,0.0
72303,0.0,0.0,0.0
72304,0.0,0.0,0.0
72305,0.0,0.0,0.0
72306,0.0,0.0,0.0
72307,0.0,0.0,0.0
72308,0.0,0.0,0.0
72309,0.0,0.0,0.0
72310,0.0,0.0,0.0
72311,0.0,0.0,0.0
72312,0.0,0.0,0.0
72313,0.0,0.0,0.0
72314,0.0,0.0,0.0
72315,0.0,0.0,0.0
72316,0.0,0.0,0.0
72317,0.0,0.0,0.0
72318,0.0,0.0,0.0
72319,0.0,0.0,0.0
72320,0.0,0.0,0.0
72321,0.0,0.0,0.0
72322,0.0,0.0,0.0
72323,0.0,0.0,0.0
72324,0.0,0.0,0.0
72325,0.0,0.0,0.0
72326,0.0,0.0,0.0
72327,0.0,0.0,0.0
72328,0.0,0.0,0.0
72329,0.0,0.0,0.0
72330,0.0,0.0,0.0
72331,0.0,0.0,0.0
72332,0.0,0.0,0.0
72333,0.0,0.0,0.0
72334,0.0,0.0,0.0
72335,0.0,0.0,0.0
72336,0.0,0.0,0.0
72337,0.0,0.0,0.0
72338,0.0,0.0,0.0
72339,0.0,0.0,0.0
72340,0.0,0.0,0.0
72341,0.0,0.0,0.0
72342,0.0,0.0,0.0
72343,0.0,0.0,0.0
72344,0.0,0.0,0.0
72345,0.0,0.0,0.0
72346,0.0,0.0,0.0
72347,0.0,0.0,0.0
72348,0.0,0.0,0.0
72349,0.0,0.0,0.0
72350,0.0,0.0,0.0
72351,0.0,0.0,0.0
72352,0.0,0.0,0.0
72353,0.0,0.0,0.0
72354,0.0,0.0,0.0
72355,0.0,0.0,0.0
72356,0.0,0.0,0.0
72357,0.0,0.0,0.0
72358,0.0,0.0,0.0
72359,0.0,0.0,0.0
72360,0.0,0.0,0.0
72361,0.0,0.0,0.0
72362,0.0,0.0,0.0
72363,0.0,0.0,0.0
72364,0.0,0.0,0.0
72365,0.0,0.0,0.0
72366,0.0,0.0,0.0
72367,0.0,0.0,0.0
72368,0.0,0.0,0.0
72369,0.0,0.0,0.0
72370,0.0,0.0,0.0
72371,0.0,0.0,0.0
72372,0.0,0.0,0.0
72373,0.0,0.0,0.0
72374,0.0,0.0,0.0
72375,0.0,0.0,0.0
72376,0.0,0.0,0.0
72377,0.0,0.0,0.0
72378,0.0,0.0,0.0
72379,0.0,0.0,0.0
72380,0.0,0.0,0.0
72381,0.0,0.0,0.0
72382,0.0,0.0,0.0
72383,0.0,0.0,0.0
72384,0.0,0.0,0.0
72385,0.0,0.0,0.0
72386,0.0,0.0,0.0
72387,0.0,0.0,0.0
72388,0.0,0.0,0.0
72389,0.0,0.0,0.0
72390,0.0,0.0,0.0
72391,0.0,0.0,0.0
72392,0.0,0.0,0.0
72393,0.0,0.0,0.0
72394,0.0,0.0,0.0
72395,0.0,0.0,0.0
72396,0.0,0.0,0.0
72397,0.0,0.0,0.0
72398,0.0,0.0,0.0
72399,0.0,0.0,0.0
72400,0.0,0.0,0.0
72401,0.0,0.0,0.0
72402,0.0,0.0,0.0
72403,0.0,0.0,0.0
72404,0.0,0.0,0.0
72405,0.0,0.0,0.0
72406,0.0,0.0,0.0
72407,0.0,0.0,0.0
72408,0.0,0.0,0.0
72409,0.0,0.0,0.0
72410,0.0,0.0,0.0
72411,0.0,0.0,0.0
72412,0.0,0.0,0.0
72413,0.0,0.0,0.0
72414,0.0,0.0,0.0
72415,0.0,0.0,0.0
72416,0.0,0.0,0.0
72417,0.0,0.0,0.0
72418,0.0,0.0,0.0
72419,0.0,0.0,0.0
72420,0.0,0.0,0.0
72421,0.0,0.0,0.0
72422,0.0,0.0,0.0
72423,0.0,0.0,0.0
72424,0.0,0.0,0.0
72425,0.0,0.0,0.0
72426,0.0,0.0,0.0
72427,0.0,0.0,0.0
72428,0.0,0.0,0.0
72429,0.0,0.0,0.0
72430,0.0,0.0,0.0
72431,0.0,0.0,0.0
72432,0.0,0.0,0.0
72433,0.0,0.0,0.0
72434,0.0,0.0,0.0
72435,0.0,0.0,0.0
72436,0.0,0.0,0.0
72437,0.0,0.0,0.0
72438,0.0,0.0,0.0
72439,0.0,0.0,0.0
72440,0.0,0.0,0.0
72441,0.0,0.0,0.0
72442,0.0,0.0,0.0
72443,0.0,0.0,0.0
72444,0.0,0.0,0.0
72445,0.0,0.0,0.0
72446,0.0,0.0,0.0
72447,0.0,0.0,0.0
72448,0.0,0.0,0.0
72449,0.0,0.0,0.0
72450,0.0,0.0,0.0
72451,0.0,0.0,0.0
72452,0.0,0.0,0.0
72453,0.0,0.0,0.0
72454,0.0,0.0,0.0
72455,0.0,0.0,0.0
72456,0.0,0.0,0.0
72457,0.0,0.0,0.0
72458,0.0,0.0,0.0
72459,0.0,0.0,0.0
72460,0.0,0.0,0.0
72461,0.0,0.0,0.0
72462,0.0,0.0,0.0
72463,0.0,0.0,0.0
72464,0.0,0.0,0.0
72465,0.0,0.0,0.0
72466,0.0,0.0,0.0
72467,0.0,0.0,0.0
72468,0.0,0.0,0.0
72469,0.0,0.0,0.0
72470,0.0,0.0,0.0
72471,0.0,0.0,0.0
72472,0.0,0.0,0.0
72473,0.0,0.0,0.0
72474,0.0,0.0,0.0
72475,0.0,0.0,0.0
72476,0.0,0.0,0.0
72477,0.0,0.0,0.0
72478,0.0,0.0,0.0
72479,0.0,0.0,0.0
72480,0.0,0.0,0.0
72481,0.0,0.0,0.0
72482,0.0,0.0,0.0
72483,0.0,0.0,0.0
72484,0.0,0.0,0.0
72485,0.0,0.0,0.0
72486,0.0,0.0,0.0
72487,0.0,0.0,0.0
72488,0.0,0.0,0.0
72489,0.0,0.0,0.0
72490,0.0,0.0,0.0
72491,0.0,0.0,0.0
72492,0.0,0.0,0.0
72493,0.0,0.0,0.0
72494,0.0,0.0,0.0
72495,0.0,0.0,0.0
72496,0.0,0.0,0.0
72497,0.0,0.0,0.0
72498,0.0,0.0,0.0
72499,0.0,0.0,0.0
72500,0.0,0.0,0.0
72501,0.0,0.0,0.0
72502,0.0,0.0,0.0
72503,0.0,0.0,0.0
72504,0.0,0.0,0.0
72505,0.0,0.0,0.0
72506,0.0,0.0,0.0
72507,0.0,0.0,0.0
72508,0.0,0.0,0.0
72509,0.0,0.0,0.0
72510,0.0,0.0,0.0
72511,0.0,0.0,0.0
72512,0.0,0.0,0.0
72513,0.0,0.0,0.0
72514,0.0,0.0,0.0
72515,0.0,0.0,0.0
72516,0.0,0.0,0.0
72517,0.0,0.0,0.0
72518,0.0,0.0,0.0
72519,0.0,0.0,0.0
72520,0.0,0.0,0.0
72521,0.0,0.0,0.0
72522,0.0,0.0,0.0
72523,0.0,0.0,0.0
72524,0.0,0.0,0.0
72525,0.0,0.0,0.0
72526,0.0,0.0,0.0
72527,0.0,0.0,0.0
72528,0.0,0.0,0.0
72529,0.0,0.0,0.0
72530,0.0,0.0,0.0
72531,0.0,0.0,0.0
72532,0.0,0.0,0.0
72533,0.0,0.0,0.0
72534,0.0,0.0,0.0
72535,0.0,0.0,0.0
72536,0.0,0.0,0.0
72537,0.0,0.0,0.0
72538,0.0,0.0,0.0
72539,0.0,0.0,0.0
72540,0.0,0.0,0.0
72541,0.0,0.0,0.0
72542,0.0,0.0,0.0
72543,0.0,0.0,0.0
72544,0.0,0.0,0.0
72545,0.0,0.0,0.0
72546,0.0,0.0,0.0
72547,0.0,0.0,0.0
72548,0.0,0.0,0.0
72549,0.0,0.0,0.0
72550,0.0,0.0,0.0
72551,0.0,0.0,0.0
72552,0.0,0.0,0.0
72553,0.0,0.0,0.0
72554,0.0,0.0,0.0
72555,0.0,0.0,0.0
72556,0.0,0.0,0.0
72557,0.0,0.0,0.0
72558,0.0,0.0,0.0
72559,0.0,0.0,0.0
72560,0.0,0.0,0.0
72561,0.0,0.0,0.0
72562,0.0,0.0,0.0
72563,0.0,0.0,0.0
72564,0.0,0.0,0.0
72565,0.0,0.0,0.0
72566,0.0,0.0,0.0
72567,0.0,0.0,0.0
72568,0.0,0.0,0.0
72569,0.0,0.0,0.0
72570,0.0,0.0,0.0
72571,0.0,0.0,0.0
72572,0.0,0.0,0.0
72573,0.0,0.0,0.0
72574,0.0,0.0,0.0
72575,0.0,0.0,0.0
72576,0.0,0.0,0.0
72577,0.0,0.0,0.0
72578,0.0,0.0,0.0
72579,0.0,0.0,0.0
72580,0.0,0.0,0.0
72581,0.0,0.0,0.0
72582,0.0,0.0,0.0
72583,0.0,0.0,0.0
72584,0.0,0.0,0.0
72585,0.0,0.0,0.0
72586,0.0,0.0,0.0
72587,0.0,0.0,0.0
72588,0.0,0.0,0.0
72589,0.0,0.0,0.0
72590,0.0,0.0,0.0
72591,0.0,0.0,0.0
72592,0.0,0.0,0.0
72593,0.0,0.0,0.0
72594,0.0,0.0,0.0
72595,0.0,0.0,0.0
72596,0.0,0.0,0.0
72597,0.0,0.0,0.0
72598,0.0,0.0,0.0
72599,0.0,0.0,0.0
72600,0.0,0.0,0.0
72601,0.0,0.0,0.0
72602,0.0,0.0,0.0
72603,0.0,0.0,0.0
72604,0.0,0.0,0.0
72605,0.0,0.0,0.0
72606,0.0,0.0,0.0
72607,0.0,0.0,0.0
72608,0.0,0.0,0.0
72609,0.0,0.0,0.0
72610,0.0,0.0,0.0
72611,0.0,0.0,0.0
72612,0.0,0.0,0.0
72613,0.0,0.0,0.0
72614,0.0,0.0,0.0
72615,0.0,0.0,0.0
72616,0.0,0.0,0.0
72617,0.0,0.0,0.0
72618,0.0,0.0,0.0
72619,0.0,0.0,0.0
72620,0.0,0.0,0.0
72621,0.0,0.0,0.0
72622,0.0,0.0,0.0
72623,0.0,0.0,0.0
72624,0.0,0.0,0.0
72625,0.0,0.0,0.0
72626,0.0,0.0,0.0
72627,0.0,0.0,0.0
72628,0.0,0.0,0.0
72629,0.0,0.0,0.0
72630,0.0,0.0,0.0
72631,0.0,0.0,0.0
72632,0.0,0.0,0.0
72633,0.0,0.0,0.0
72634,0.0,0.0,0.0
72635,0.0,0.0,0.0
72636,0.0,0.0,0.0
72637,0.0,0.0,0.0
72638,0.0,0.0,0.0
72639,0.0,0.0,0.0
72640,0.0,0.0,0.0
72641,0.0,0.0,0.0
72642,0.0,0.0,0.0
72643,0.0,0.0,0.0
72644,0.0,0.0,0.0
72645,0.0,0.0,0.0
72646,0.0,0.0,0.0
72647,0.0,0.0,0.0
72648,0.0,0.0,0.0
72649,0.0,0.0,0.0
72650,0.0,0.0,0.0
72651,0.0,0.0,0.0
72652,0.0,0.0,0.0
72653,0.0,0.0,0.0
72654,0.0,0.0,0.0
72655,0.0,0.0,0.0
72656,0.0,0.0,0.0
72657,0.0,0.0,0.0
72658,0.0,0.0,0.0
72659,0.0,0.0,0.0
72660,0.0,0.0,0.0
72661,0.0,0.0,0.0
72662,0.0,0.0,0.0
72663,0.0,0.0,0.0
72664,0.0,0.0,0.0
72665,0.0,0.0,0.0
72666,0.0,0.0,0.0
72667,0.0,0.0,0.0
72668,0.0,0.0,0.0
72669,0.0,0.0,0.0
72670,0.0,0.0,0.0
72671,0.0,0.0,0.0
72672,0.0,0.0,0.0
72673,0.0,0.0,0.0
72674,0.0,0.0,0.0
72675,0.0,0.0,0.0
72676,0.0,0.0,0.0
72677,0.0,0.0,0.0
72678,0.0,0.0,0.0
72679,0.0,0.0,0.0
72680,0.0,0.0,0.0
72681,0.0,0.0,0.0
72682,0.0,0.0,0.0
72683,0.0,0.0,0.0
72684,0.0,0.0,0.0
72685,0.0,0.0,0.0
72686,0.0,0.0,0.0
72687,0.0,0.0,0.0
72688,0.0,0.0,0.0
72689,0.0,0.0,0.0
72690,0.0,0.0,0.0
72691,0.0,0.0,0.0
72692,0.0,0.0,0.0
72693,0.0,0.0,0.0
72694,0.0,0.0,0.0
72695,0.0,0.0,0.0
72696,0.0,0.0,0.0
72697,0.0,0.0,0.0
72698,0.0,0.0,0.0
72699,0.0,0.0,0.0
72700,0.0,0.0,0.0
72701,0.0,0.0,0.0
72702,0.0,0.0,0.0
72703,0.0,0.0,0.0
72704,0.0,0.0,0.0
72705,0.0,0.0,0.0
72706,0.0,0.0,0.0
72707,0.0,0.0,0.0
72708,0.0,0.0,0.0
72709,0.0,0.0,0.0
72710,0.0,0.0,0.0
72711,0.0,0.0,0.0
72712,0.0,0.0,0.0
72713,0.0,0.0,0.0
72714,0.0,0.0,0.0
72715,0.0,0.0,0.0
72716,0.0,0.0,0.0
72717,0.0,0.0,0.0
72718,0.0,0.0,0.0
72719,0.0,0.0,0.0
72720,0.0,0.0,0.0
72721,0.0,0.0,0.0
72722,0.0,0.0,0.0
72723,0.0,0.0,0.0
72724,0.0,0.0,0.0
72725,0.0,0.0,0.0
72726,0.0,0.0,0.0
72727,0.0,0.0,0.0
72728,0.0,0.0,0.0
72729,0.0,0.0,0.0
72730,0.0,0.0,0.0
72731,0.0,0.0,0.0
72732,0.0,0.0,0.0
72733,0.0,0.0,0.0
72734,0.0,0.0,0.0
72735,0.0,0.0,0.0
72736,0.0,0.0,0.0
72737,0.0,0.0,0.0
72738,0.0,0.0,0.0
72739,0.0,0.0,0.0
72740,0.0,0.0,0.0
72741,0.0,0.0,0.0
72742,0.0,0.0,0.0
72743,0.0,0.0,0.0
72744,0.0,0.0,0.0
72745,0.0,0.0,0.0
72746,0.0,0.0,0.0
72747,0.0,0.0,0.0
72748,0.0,0.0,0.0
72749,0.0,0.0,0.0
72750,0.0,0.0,0.0
72751,0.0,0.0,0.0
72752,0.0,0.0,0.0
72753,0.0,0.0,0.0
72754,0.0,0.0,0.0
72755,0.0,0.0,0.0
72756,0.0,0.0,0.0
72757,0.0,0.0,0.0
72758,0.0,0.0,0.0
72759,0.0,0.0,0.0
72760,0.0,0.0,0.0
72761,0.0,0.0,0.0
72762,0.0,0.0,0.0
72763,0.0,0.0,0.0
72764,0.0,0.0,0.0
72765,0.0,0.0,0.0
72766,0.0,0.0,0.0
72767,0.0,0.0,0.0
72768,0.0,0.0,0.0
72769,0.0,0.0,0.0
72770,0.0,0.0,0.0
72771,0.0,0.0,0.0
72772,0.0,0.0,0.0
72773,0.0,0.0,0.0
72774,0.0,0.0,0.0
72775,0.0,0.0,0.0
72776,0.0,0.0,0.0
72777,0.0,0.0,0.0
72778,0.0,0.0,0.0
72779,0.0,0.0,0.0
72780,0.0,0.0,0.0
72781,0.0,0.0,0.0
72782,0.0,0.0,0.0
72783,0.0,0.0,0.0
72784,0.0,0.0,0.0
72785,0.0,0.0,0.0
72786,0.0,0.0,0.0
72787,0.0,0.0,0.0
72788,0.0,0.0,0.0
72789,0.0,0.0,0.0
72790,0.0,0.0,0.0
72791,0.0,0.0,0.0
72792,0.0,0.0,0.0
72793,0.0,0.0,0.0
72794,0.0,0.0,0.0
72795,0.0,0.0,0.0
72796,0.0,0.0,0.0
72797,0.0,0.0,0.0
72798,0.0,0.0,0.0
72799,0.0,0.0,0.0
72800,0.0,0.0,0.0
72801,0.0,0.0,0.0
72802,0.0,0.0,0.0
72803,0.0,0.0,0.0
72804,0.0,0.0,0.0
72805,0.0,0.0,0.0
72806,0.0,0.0,0.0
72807,0.0,0.0,0.0
72808,0.0,0.0,0.0
72809,0.0,0.0,0.0
72810,0.0,0.0,0.0
72811,0.0,0.0,0.0
72812,0.0,0.0,0.0
72813,0.0,0.0,0.0
72814,0.0,0.0,0.0
72815,0.0,0.0,0.0
72816,0.0,0.0,0.0
72817,0.0,0.0,0.0
72818,0.0,0.0,0.0
72819,0.0,0.0,0.0
72820,0.0,0.0,0.0
72821,0.0,0.0,0.0
72822,0.0,0.0,0.0
72823,0.0,0.0,0.0
72824,0.0,0.0,0.0
72825,0.0,0.0,0.0
72826,0.0,0.0,0.0
72827,0.0,0.0,0.0
72828,0.0,0.0,0.0
72829,0.0,0.0,0.0
72830,0.0,0.0,0.0
72831,0.0,0.0,0.0
72832,0.0,0.0,0.0
72833,0.0,0.0,0.0
72834,0.0,0.0,0.0
72835,0.0,0.0,0.0
72836,0.0,0.0,0.0
72837,0.0,0.0,0.0
72838,0.0,0.0,0.0
72839,0.0,0.0,0.0
72840,0.0,0.0,0.0
72841,0.0,0.0,0.0
72842,0.0,0.0,0.0
72843,0.0,0.0,0.0
72844,0.0,0.0,0.0
72845,0.0,0.0,0.0
72846,0.0,0.0,0.0
72847,0.0,0.0,0.0
72848,0.0,0.0,0.0
72849,0.0,0.0,0.0
72850,0.0,0.0,0.0
72851,0.0,0.0,0.0
72852,0.0,0.0,0.0
72853,0.0,0.0,0.0
72854,0.0,0.0,0.0
72855,0.0,0.0,0.0
72856,0.0,0.0,0.0
72857,0.0,0.0,0.0
72858,0.0,0.0,0.0
72859,0.0,0.0,0.0
72860,0.0,0.0,0.0
72861,0.0,0.0,0.0
72862,0.0,0.0,0.0
72863,0.0,0.0,0.0
72864,0.0,0.0,0.0
72865,0.0,0.0,0.0
72866,0.0,0.0,0.0
72867,0.0,0.0,0.0
72868,0.0,0.0,0.0
72869,0.0,0.0,0.0
72870,0.0,0.0,0.0
72871,0.0,0.0,0.0
72872,0.0,0.0,0.0
72873,0.0,0.0,0.0
72874,0.0,0.0,0.0
72875,0.0,0.0,0.0
72876,0.0,0.0,0.0
72877,0.0,0.0,0.0
72878,0.0,0.0,0.0
72879,0.0,0.0,0.0
72880,0.0,0.0,0.0
72881,0.0,0.0,0.0
72882,0.0,0.0,0.0
72883,0.0,0.0,0.0
72884,0.0,0.0,0.0
72885,0.0,0.0,0.0
72886,0.0,0.0,0.0
72887,0.0,0.0,0.0
72888,0.0,0.0,0.0
72889,0.0,0.0,0.0
72890,0.0,0.0,0.0
72891,0.0,0.0,0.0
72892,0.0,0.0,0.0
72893,0.0,0.0,0.0
72894,0.0,0.0,0.0
72895,0.0,0.0,0.0
72896,0.0,0.0,0.0
72897,0.0,0.0,0.0
72898,0.0,0.0,0.0
72899,0.0,0.0,0.0
72900,0.0,0.0,0.0
72901,0.0,0.0,0.0
72902,0.0,0.0,0.0
72903,0.0,0.0,0.0
72904,0.0,0.0,0.0
72905,0.0,0.0,0.0
72906,0.0,0.0,0.0
72907,0.0,0.0,0.0
72908,0.0,0.0,0.0
72909,0.0,0.0,0.0
72910,0.0,0.0,0.0
72911,0.0,0.0,0.0
72912,0.0,0.0,0.0
72913,0.0,0.0,0.0
72914,0.0,0.0,0.0
72915,0.0,0.0,0.0
72916,0.0,0.0,0.0
72917,0.0,0.0,0.0
72918,0.0,0.0,0.0
72919,0.0,0.0,0.0
72920,0.0,0.0,0.0
72921,0.0,0.0,0.0
72922,0.0,0.0,0.0
72923,0.0,0.0,0.0
72924,0.0,0.0,0.0
72925,0.0,0.0,0.0
72926,0.0,0.0,0.0
72927,0.0,0.0,0.0
72928,0.0,0.0,0.0
72929,0.0,0.0,0.0
72930,0.0,0.0,0.0
72931,0.0,0.0,0.0
72932,0.0,0.0,0.0
72933,0.0,0.0,0.0
72934,0.0,0.0,0.0
72935,0.0,0.0,0.0
72936,0.0,0.0,0.0
72937,0.0,0.0,0.0
72938,0.0,0.0,0.0
72939,0.0,0.0,0.0
72940,0.0,0.0,0.0
72941,0.0,0.0,0.0
72942,0.0,0.0,0.0
72943,0.0,0.0,0.0
72944,0.0,0.0,0.0
72945,0.0,0.0,0.0
72946,0.0,0.0,0.0
72947,0.0,0.0,0.0
72948,0.0,0.0,0.0
72949,0.0,0.0,0.0
72950,0.0,0.0,0.0
72951,0.0,0.0,0.0
72952,0.0,0.0,0.0
72953,0.0,0.0,0.0
72954,0.0,0.0,0.0
72955,0.0,0.0,0.0
72956,0.0,0.0,0.0
72957,0.0,0.0,0.0
72958,0.0,0.0,0.0
72959,0.0,0.0,0.0
72960,0.0,0.0,0.0
72961,0.0,0.0,0.0
72962,0.0,0.0,0.0
72963,0.0,0.0,0.0
72964,0.0,0.0,0.0
72965,0.0,0.0,0.0
72966,0.0,0.0,0.0
72967,0.0,0.0,0.0
72968,0.0,0.0,0.0
72969,0.0,0.0,0.0
72970,0.0,0.0,0.0
72971,0.0,0.0,0.0
72972,0.0,0.0,0.0
72973,0.0,0.0,0.0
72974,0.0,0.0,0.0
72975,0.0,0.0,0.0
72976,0.0,0.0,0.0
72977,0.0,0.0,0.0
72978,0.0,0.0,0.0
72979,0.0,0.0,0.0
72980,0.0,0.0,0.0
72981,0.0,0.0,0.0
72982,0.0,0.0,0.0
72983,0.0,0.0,0.0
72984,0.0,0.0,0.0
72985,0.0,0.0,0.0
72986,0.0,0.0,0.0
72987,0.0,0.0,0.0
72988,0.0,0.0,0.0
72989,0.0,0.0,0.0
72990,0.0,0.0,0.0
72991,0.0,0.0,0.0
72992,0.0,0.0,0.0
72993,0.0,0.0,0.0
72994,0.0,0.0,0.0
72995,0.0,0.0,0.0
72996,0.0,0.0,0.0
72997,0.0,0.0,0.0
72998,0.0,0.0,0.0
72999,0.0,0.0,0.0
73000,0.0,0.0,0.0
73001,0.0,0.0,0.0
73002,0.0,0.0,0.0
73003,0.0,0.0,0.0
73004,0.0,0.0,0.0
73005,0.0,0.0,0.0
73006,0.0,0.0,0.0
73007,0.0,0.0,0.0
73008,0.0,0.0,0.0
73009,0.0,0.0,0.0
73010,0.0,0.0,0.0
73011,0.0,0.0,0.0
73012,0.0,0.0,0.0
73013,0.0,0.0,0.0
73014,0.0,0.0,0.0
73015,0.0,0.0,0.0
73016,0.0,0.0,0.0
73017,0.0,0.0,0.0
73018,0.0,0.0,0.0
73019,0.0,0.0,0.0
73020,0.0,0.0,0.0
73021,0.0,0.0,0.0
73022,0.0,0.0,0.0
73023,0.0,0.0,0.0
73024,0.0,0.0,0.0
73025,0.0,0.0,0.0
73026,0.0,0.0,0.0
73027,0.0,0.0,0.0
73028,0.0,0.0,0.0
73029,0.0,0.0,0.0
73030,0.0,0.0,0.0
73031,0.0,0.0,0.0
73032,0.0,0.0,0.0
73033,0.0,0.0,0.0
73034,0.0,0.0,0.0
73035,0.0,0.0,0.0
73036,0.0,0.0,0.0
73037,0.0,0.0,0.0
73038,0.0,0.0,0.0
73039,0.0,0.0,0.0
73040,0.0,0.0,0.0
73041,0.0,0.0,0.0
73042,0.0,0.0,0.0
73043,0.0,0.0,0.0
73044,0.0,0.0,0.0
73045,0.0,0.0,0.0
73046,0.0,0.0,0.0
73047,0.0,0.0,0.0
73048,0.0,0.0,0.0
73049,0.0,0.0,0.0
73050,0.0,0.0,0.0
73051,0.0,0.0,0.0
73052,0.0,0.0,0.0
73053,0.0,0.0,0.0
73054,0.0,0.0,0.0
73055,0.0,0.0,0.0
73056,0.0,0.0,0.0
73057,0.0,0.0,0.0
73058,0.0,0.0,0.0
73059,0.0,0.0,0.0
73060,0.0,0.0,0.0
73061,0.0,0.0,0.0
73062,0.0,0.0,0.0
73063,0.0,0.0,0.0
73064,0.0,0.0,0.0
73065,0.0,0.0,0.0
73066,0.0,0.0,0.0
73067,0.0,0.0,0.0
73068,0.0,0.0,0.0
73069,0.0,0.0,0.0
73070,0.0,0.0,0.0
73071,0.0,0.0,0.0
73072,0.0,0.0,0.0
73073,0.0,0.0,0.0
73074,0.0,0.0,0.0
73075,0.0,0.0,0.0
73076,0.0,0.0,0.0
73077,0.0,0.0,0.0
73078,0.0,0.0,0.0
73079,0.0,0.0,0.0
73080,0.0,0.0,0.0
73081,0.0,0.0,0.0
73082,0.0,0.0,0.0
73083,0.0,0.0,0.0
73084,0.0,0.0,0.0
73085,0.0,0.0,0.0
73086,0.0,0.0,0.0
73087,0.0,0.0,0.0
73088,0.0,0.0,0.0
73089,0.0,0.0,0.0
73090,0.0,0.0,0.0
73091,0.0,0.0,0.0
73092,0.0,0.0,0.0
73093,0.0,0.0,0.0
73094,0.0,0.0,0.0
73095,0.0,0.0,0.0
73096,0.0,0.0,0.0
73097,0.0,0.0,0.0
73098,0.0,0.0,0.0
73099,0.0,0.0,0.0
73100,0.0,0.0,0.0
73101,0.0,0.0,0.0
73102,0.0,0.0,0.0
73103,0.0,0.0,0.0
73104,0.0,0.0,0.0
73105,0.0,0.0,0.0
73106,0.0,0.0,0.0
73107,0.0,0.0,0.0
73108,0.0,0.0,0.0
73109,0.0,0.0,0.0
73110,0.0,0.0,0.0
73111,0.0,0.0,0.0
73112,0.0,0.0,0.0
73113,0.0,0.0,0.0
73114,0.0,0.0,0.0
73115,0.0,0.0,0.0
73116,0.0,0.0,0.0
73117,0.0,0.0,0.0
73118,0.0,0.0,0.0
73119,0.0,0.0,0.0
73120,0.0,0.0,0.0
73121,0.0,0.0,0.0
73122,0.0,0.0,0.0
73123,0.0,0.0,0.0
73124,0.0,0.0,0.0
73125,0.0,0.0,0.0
73126,0.0,0.0,0.0
73127,0.0,0.0,0.0
73128,0.0,0.0,0.0
73129,0.0,0.0,0.0
73130,0.0,0.0,0.0
73131,0.0,0.0,0.0
73132,0.0,0.0,0.0
73133,0.0,0.0,0.0
73134,0.0,0.0,0.0
73135,0.0,0.0,0.0
73136,0.0,0.0,0.0
73137,0.0,0.0,0.0
73138,0.0,0.0,0.0
73139,0.0,0.0,0.0
73140,0.0,0.0,0.0
73141,0.0,0.0,0.0
73142,0.0,0.0,0.0
73143,0.0,0.0,0.0
73144,0.0,0.0,0.0
73145,0.0,0.0,0.0
73146,0.0,0.0,0.0
73147,0.0,0.0,0.0
73148,0.0,0.0,0.0
73149,0.0,0.0,0.0
73150,0.0,0.0,0.0
73151,0.0,0.0,0.0
73152,0.0,0.0,0.0
73153,0.0,0.0,0.0
73154,0.0,0.0,0.0
73155,0.0,0.0,0.0
73156,0.0,0.0,0.0
73157,0.0,0.0,0.0
73158,0.0,0.0,0.0
73159,0.0,0.0,0.0
73160,0.0,0.0,0.0
73161,0.0,0.0,0.0
73162,0.0,0.0,0.0
73163,0.0,0.0,0.0
73164,0.0,0.0,0.0
73165,0.0,0.0,0.0
73166,0.0,0.0,0.0
73167,0.0,0.0,0.0
73168,0.0,0.0,0.0
73169,0.0,0.0,0.0
73170,0.0,0.0,0.0
73171,0.0,0.0,0.0
73172,0.0,0.0,0.0
73173,0.0,0.0,0.0
73174,0.0,0.0,0.0
73175,0.0,0.0,0.0
73176,0.0,0.0,0.0
73177,0.0,0.0,0.0
73178,0.0,0.0,0.0
73179,0.0,0.0,0.0
73180,0.0,0.0,0.0
73181,0.0,0.0,0.0
73182,0.0,0.0,0.0
73183,0.0,0.0,0.0
73184,0.0,0.0,0.0
73185,0.0,0.0,0.0
73186,0.0,0.0,0.0
73187,0.0,0.0,0.0
73188,0.0,0.0,0.0
73189,0.0,0.0,0.0
73190,0.0,0.0,0.0
73191,0.0,0.0,0.0
73192,0.0,0.0,0.0
73193,0.0,0.0,0.0
73194,0.0,0.0,0.0
73195,0.0,0.0,0.0
73196,0.0,0.0,0.0
73197,0.0,0.0,0.0
73198,0.0,0.0,0.0
73199,0.0,0.0,0.0
73200,0.0,0.0,0.0
73201,0.0,0.0,0.0
73202,0.0,0.0,0.0
73203,0.0,0.0,0.0
73204,0.0,0.0,0.0
73205,0.0,0.0,0.0
73206,0.0,0.0,0.0
73207,0.0,0.0,0.0
73208,0.0,0.0,0.0
73209,0.0,0.0,0.0
73210,0.0,0.0,0.0
73211,0.0,0.0,0.0
73212,0.0,0.0,0.0
73213,0.0,0.0,0.0
73214,0.0,0.0,0.0
73215,0.0,0.0,0.0
73216,0.0,0.0,0.0
73217,0.0,0.0,0.0
73218,0.0,0.0,0.0
73219,0.0,0.0,0.0
73220,0.0,0.0,0.0
73221,0.0,0.0,0.0
73222,0.0,0.0,0.0
73223,0.0,0.0,0.0
73224,0.0,0.0,0.0
73225,0.0,0.0,0.0
73226,0.0,0.0,0.0
73227,0.0,0.0,0.0
73228,0.0,0.0,0.0
73229,0.0,0.0,0.0
73230,0.0,0.0,0.0
73231,0.0,0.0,0.0
73232,0.0,0.0,0.0
73233,0.0,0.0,0.0
73234,0.0,0.0,0.0
73235,0.0,0.0,0.0
73236,0.0,0.0,0.0
73237,0.0,0.0,0.0
73238,0.0,0.0,0.0
73239,0.0,0.0,0.0
73240,0.0,0.0,0.0
73241,0.0,0.0,0.0
73242,0.0,0.0,0.0
73243,0.0,0.0,0.0
73244,0.0,0.0,0.0
73245,0.0,0.0,0.0
73246,0.0,0.0,0.0
73247,0.0,0.0,0.0
73248,0.0,0.0,0.0
73249,0.0,0.0,0.0
73250,0.0,0.0,0.0
73251,0.0,0.0,0.0
73252,0.0,0.0,0.0
73253,0.0,0.0,0.0
73254,0.0,0.0,0.0
73255,0.0,0.0,0.0
73256,0.0,0.0,0.0
73257,0.0,0.0,0.0
73258,0.0,0.0,0.0
73259,0.0,0.0,0.0
73260,0.0,0.0,0.0
73261,0.0,0.0,0.0
73262,0.0,0.0,0.0
73263,0.0,0.0,0.0
73264,0.0,0.0,0.0
73265,0.0,0.0,0.0
73266,0.0,0.0,0.0
73267,0.0,0.0,0.0
73268,0.0,0.0,0.0
73269,0.0,0.0,0.0
73270,0.0,0.0,0.0
73271,0.0,0.0,0.0
73272,0.0,0.0,0.0
73273,0.0,0.0,0.0
73274,0.0,0.0,0.0
73275,0.0,0.0,0.0
73276,0.0,0.0,0.0
73277,0.0,0.0,0.0
73278,0.0,0.0,0.0
73279,0.0,0.0,0.0
73280,0.0,0.0,0.0
73281,0.0,0.0,0.0
73282,0.0,0.0,0.0
73283,0.0,0.0,0.0
73284,0.0,0.0,0.0
73285,0.0,0.0,0.0
73286,0.0,0.0,0.0
73287,0.0,0.0,0.0
73288,0.0,0.0,0.0
73289,0.0,0.0,0.0
73290,0.0,0.0,0.0
73291,0.0,0.0,0.0
73292,0.0,0.0,0.0
73293,0.0,0.0,0.0
73294,0.0,0.0,0.0
73295,0.0,0.0,0.0
73296,0.0,0.0,0.0
73297,0.0,0.0,0.0
73298,0.0,0.0,0.0
73299,0.0,0.0,0.0
73300,0.0,0.0,0.0
73301,0.0,0.0,0.0
73302,0.0,0.0,0.0
73303,0.0,0.0,0.0
73304,0.0,0.0,0.0
73305,0.0,0.0,0.0
73306,0.0,0.0,0.0
73307,0.0,0.0,0.0
73308,0.0,0.0,0.0
73309,0.0,0.0,0.0
73310,0.0,0.0,0.0
73311,0.0,0.0,0.0
73312,0.0,0.0,0.0
73313,0.0,0.0,0.0
73314,0.0,0.0,0.0
73315,0.0,0.0,0.0
73316,0.0,0.0,0.0
73317,0.0,0.0,0.0
73318,0.0,0.0,0.0
73319,0.0,0.0,0.0
73320,0.0,0.0,0.0
73321,0.0,0.0,0.0
73322,0.0,0.0,0.0
73323,0.0,0.0,0.0
73324,0.0,0.0,0.0
73325,0.0,0.0,0.0
73326,0.0,0.0,0.0
73327,0.0,0.0,0.0
73328,0.0,0.0,0.0
73329,0.0,0.0,0.0
73330,0.0,0.0,0.0
73331,0.0,0.0,0.0
73332,0.0,0.0,0.0
73333,0.0,0.0,0.0
73334,0.0,0.0,0.0
73335,0.0,0.0,0.0
73336,0.0,0.0,0.0
73337,0.0,0.0,0.0
73338,0.0,0.0,0.0
73339,0.0,0.0,0.0
73340,0.0,0.0,0.0
73341,0.0,0.0,0.0
73342,0.0,0.0,0.0
73343,0.0,0.0,0.0
73344,0.0,0.0,0.0
73345,0.0,0.0,0.0
73346,0.0,0.0,0.0
73347,0.0,0.0,0.0
73348,0.0,0.0,0.0
73349,0.0,0.0,0.0
73350,0.0,0.0,0.0
73351,0.0,0.0,0.0
73352,0.0,0.0,0.0
73353,0.0,0.0,0.0
73354,0.0,0.0,0.0
73355,0.0,0.0,0.0
73356,0.0,0.0,0.0
73357,0.0,0.0,0.0
73358,0.0,0.0,0.0
73359,0.0,0.0,0.0
73360,0.0,0.0,0.0
73361,0.0,0.0,0.0
73362,0.0,0.0,0.0
73363,0.0,0.0,0.0
73364,0.0,0.0,0.0
73365,0.0,0.0,0.0
73366,0.0,0.0,0.0
73367,0.0,0.0,0.0
73368,0.0,0.0,0.0
73369,0.0,0.0,0.0
73370,0.0,0.0,0.0
73371,0.0,0.0,0.0
73372,0.0,0.0,0.0
73373,0.0,0.0,0.0
73374,0.0,0.0,0.0
73375,0.0,0.0,0.0
73376,0.0,0.0,0.0
73377,0.0,0.0,0.0
73378,0.0,0.0,0.0
73379,0.0,0.0,0.0
73380,0.0,0.0,0.0
73381,0.0,0.0,0.0
73382,0.0,0.0,0.0
73383,0.0,0.0,0.0
73384,0.0,0.0,0.0
73385,0.0,0.0,0.0
73386,0.0,0.0,0.0
73387,0.0,0.0,0.0
73388,0.0,0.0,0.0
73389,0.0,0.0,0.0
73390,0.0,0.0,0.0
73391,0.0,0.0,0.0
73392,0.0,0.0,0.0
73393,0.0,0.0,0.0
73394,0.0,0.0,0.0
73395,0.0,0.0,0.0
73396,0.0,0.0,0.0
73397,0.0,0.0,0.0
73398,0.0,0.0,0.0
73399,0.0,0.0,0.0
73400,0.0,0.0,0.0
73401,0.0,0.0,0.0
73402,0.0,0.0,0.0
73403,0.0,0.0,0.0
73404,0.0,0.0,0.0
73405,0.0,0.0,0.0
73406,0.0,0.0,0.0
73407,0.0,0.0,0.0
73408,0.0,0.0,0.0
73409,0.0,0.0,0.0
73410,0.0,0.0,0.0
73411,0.0,0.0,0.0
73412,0.0,0.0,0.0
73413,0.0,0.0,0.0
73414,0.0,0.0,0.0
73415,0.0,0.0,0.0
73416,0.0,0.0,0.0
73417,0.0,0.0,0.0
73418,0.0,0.0,0.0
73419,0.0,0.0,0.0
73420,0.0,0.0,0.0
73421,0.0,0.0,0.0
73422,0.0,0.0,0.0
73423,0.0,0.0,0.0
73424,0.0,0.0,0.0
73425,0.0,0.0,0.0
73426,0.0,0.0,0.0
73427,0.0,0.0,0.0
73428,0.0,0.0,0.0
73429,0.0,0.0,0.0
73430,0.0,0.0,0.0
73431,0.0,0.0,0.0
73432,0.0,0.0,0.0
73433,0.0,0.0,0.0
73434,0.0,0.0,0.0
73435,0.0,0.0,0.0
73436,0.0,0.0,0.0
73437,0.0,0.0,0.0
73438,0.0,0.0,0.0
73439,0.0,0.0,0.0
73440,0.0,0.0,0.0
73441,0.0,0.0,0.0
73442,0.0,0.0,0.0
73443,0.0,0.0,0.0
73444,0.0,0.0,0.0
73445,0.0,0.0,0.0
73446,0.0,0.0,0.0
73447,0.0,0.0,0.0
73448,0.0,0.0,0.0
73449,0.0,0.0,0.0
73450,0.0,0.0,0.0
73451,0.0,0.0,0.0
73452,0.0,0.0,0.0
73453,0.0,0.0,0.0
73454,0.0,0.0,0.0
73455,0.0,0.0,0.0
73456,0.0,0.0,0.0
73457,0.0,0.0,0.0
73458,0.0,0.0,0.0
73459,0.0,0.0,0.0
73460,0.0,0.0,0.0
73461,0.0,0.0,0.0
73462,0.0,0.0,0.0
73463,0.0,0.0,0.0
73464,0.0,0.0,0.0
73465,0.0,0.0,0.0
73466,0.0,0.0,0.0
73467,0.0,0.0,0.0
73468,0.0,0.0,0.0
73469,0.0,0.0,0.0
73470,0.0,0.0,0.0
73471,0.0,0.0,0.0
73472,0.0,0.0,0.0
73473,0.0,0.0,0.0
73474,0.0,0.0,0.0
73475,0.0,0.0,0.0
73476,0.0,0.0,0.0
73477,0.0,0.0,0.0
73478,0.0,0.0,0.0
73479,0.0,0.0,0.0
73480,0.0,0.0,0.0
73481,0.0,0.0,0.0
73482,0.0,0.0,0.0
73483,0.0,0.0,0.0
73484,0.0,0.0,0.0
73485,0.0,0.0,0.0
73486,0.0,0.0,0.0
73487,0.0,0.0,0.0
73488,0.0,0.0,0.0
73489,0.0,0.0,0.0
73490,0.0,0.0,0.0
73491,0.0,0.0,0.0
73492,0.0,0.0,0.0
73493,0.0,0.0,0.0
73494,0.0,0.0,0.0
73495,0.0,0.0,0.0
73496,0.0,0.0,0.0
73497,0.0,0.0,0.0
73498,0.0,0.0,0.0
73499,0.0,0.0,0.0
73500,0.0,0.0,0.0
73501,0.0,0.0,0.0
73502,0.0,0.0,0.0
73503,0.0,0.0,0.0
73504,0.0,0.0,0.0
73505,0.0,0.0,0.0
73506,0.0,0.0,0.0
73507,0.0,0.0,0.0
73508,0.0,0.0,0.0
73509,0.0,0.0,0.0
73510,0.0,0.0,0.0
73511,0.0,0.0,0.0
73512,0.0,0.0,0.0
73513,0.0,0.0,0.0
73514,0.0,0.0,0.0
73515,0.0,0.0,0.0
73516,0.0,0.0,0.0
73517,0.0,0.0,0.0
73518,0.0,0.0,0.0
73519,0.0,0.0,0.0
73520,0.0,0.0,0.0
73521,0.0,0.0,0.0
73522,0.0,0.0,0.0
73523,0.0,0.0,0.0
73524,0.0,0.0,0.0
73525,0.0,0.0,0.0
73526,0.0,0.0,0.0
73527,0.0,0.0,0.0
73528,0.0,0.0,0.0
73529,0.0,0.0,0.0
73530,0.0,0.0,0.0
73531,0.0,0.0,0.0
73532,0.0,0.0,0.0
73533,0.0,0.0,0.0
73534,0.0,0.0,0.0
73535,0.0,0.0,0.0
73536,0.0,0.0,0.0
73537,0.0,0.0,0.0
73538,0.0,0.0,0.0
73539,0.0,0.0,0.0
73540,0.0,0.0,0.0
73541,0.0,0.0,0.0
73542,0.0,0.0,0.0
73543,0.0,0.0,0.0
73544,0.0,0.0,0.0
73545,0.0,0.0,0.0
73546,0.0,0.0,0.0
73547,0.0,0.0,0.0
73548,0.0,0.0,0.0
73549,0.0,0.0,0.0
73550,0.0,0.0,0.0
73551,0.0,0.0,0.0
73552,0.0,0.0,0.0
73553,0.0,0.0,0.0
73554,0.0,0.0,0.0
73555,0.0,0.0,0.0
73556,0.0,0.0,0.0
73557,0.0,0.0,0.0
73558,0.0,0.0,0.0
73559,0.0,0.0,0.0
73560,0.0,0.0,0.0
73561,0.0,0.0,0.0
73562,0.0,0.0,0.0
73563,0.0,0.0,0.0
73564,0.0,0.0,0.0
73565,0.0,0.0,0.0
73566,0.0,0.0,0.0
73567,0.0,0.0,0.0
73568,0.0,0.0,0.0
73569,0.0,0.0,0.0
73570,0.0,0.0,0.0
73571,0.0,0.0,0.0
73572,0.0,0.0,0.0
73573,0.0,0.0,0.0
73574,0.0,0.0,0.0
73575,0.0,0.0,0.0
73576,0.0,0.0,0.0
73577,0.0,0.0,0.0
73578,0.0,0.0,0.0
73579,0.0,0.0,0.0
73580,0.0,0.0,0.0
73581,0.0,0.0,0.0
73582,0.0,0.0,0.0
73583,0.0,0.0,0.0
73584,0.0,0.0,0.0
73585,0.0,0.0,0.0
73586,0.0,0.0,0.0
73587,0.0,0.0,0.0
73588,0.0,0.0,0.0
73589,0.0,0.0,0.0
73590,0.0,0.0,0.0
73591,0.0,0.0,0.0
73592,0.0,0.0,0.0
73593,0.0,0.0,0.0
73594,0.0,0.0,0.0
73595,0.0,0.0,0.0
73596,0.0,0.0,0.0
73597,0.0,0.0,0.0
73598,0.0,0.0,0.0
73599,0.0,0.0,0.0
73600,0.0,0.0,0.0
73601,0.0,0.0,0.0
73602,0.0,0.0,0.0
73603,0.0,0.0,0.0
73604,0.0,0.0,0.0
73605,0.0,0.0,0.0
73606,0.0,0.0,0.0
73607,0.0,0.0,0.0
73608,0.0,0.0,0.0
73609,0.0,0.0,0.0
73610,0.0,0.0,0.0
73611,0.0,0.0,0.0
73612,0.0,0.0,0.0
73613,0.0,0.0,0.0
73614,0.0,0.0,0.0
73615,0.0,0.0,0.0
73616,0.0,0.0,0.0
73617,0.0,0.0,0.0
73618,0.0,0.0,0.0
73619,0.0,0.0,0.0
73620,0.0,0.0,0.0
73621,0.0,0.0,0.0
73622,0.0,0.0,0.0
73623,0.0,0.0,0.0
73624,0.0,0.0,0.0
73625,0.0,0.0,0.0
73626,0.0,0.0,0.0
73627,0.0,0.0,0.0
73628,0.0,0.0,0.0
73629,0.0,0.0,0.0
73630,0.0,0.0,0.0
73631,0.0,0.0,0.0
73632,0.0,0.0,0.0
73633,0.0,0.0,0.0
73634,0.0,0.0,0.0
73635,0.0,0.0,0.0
73636,0.0,0.0,0.0
73637,0.0,0.0,0.0
73638,0.0,0.0,0.0
73639,0.0,0.0,0.0
73640,0.0,0.0,0.0
73641,0.0,0.0,0.0
73642,0.0,0.0,0.0
73643,0.0,0.0,0.0
73644,0.0,0.0,0.0
73645,0.0,0.0,0.0
73646,0.0,0.0,0.0
73647,0.0,0.0,0.0
73648,0.0,0.0,0.0
73649,0.0,0.0,0.0
73650,0.0,0.0,0.0
73651,0.0,0.0,0.0
73652,0.0,0.0,0.0
73653,0.0,0.0,0.0
73654,0.0,0.0,0.0
73655,0.0,0.0,0.0
73656,0.0,0.0,0.0
73657,0.0,0.0,0.0
73658,0.0,0.0,0.0
73659,0.0,0.0,0.0
73660,0.0,0.0,0.0
73661,0.0,0.0,0.0
73662,0.0,0.0,0.0
73663,0.0,0.0,0.0
73664,0.0,0.0,0.0
73665,0.0,0.0,0.0
73666,0.0,0.0,0.0
73667,0.0,0.0,0.0
73668,0.0,0.0,0.0
73669,0.0,0.0,0.0
73670,0.0,0.0,0.0
73671,0.0,0.0,0.0
73672,0.0,0.0,0.0
73673,0.0,0.0,0.0
73674,0.0,0.0,0.0
73675,0.0,0.0,0.0
73676,0.0,0.0,0.0
73677,0.0,0.0,0.0
73678,0.0,0.0,0.0
73679,0.0,0.0,0.0
73680,0.0,0.0,0.0
73681,0.0,0.0,0.0
73682,0.0,0.0,0.0
73683,0.0,0.0,0.0
73684,0.0,0.0,0.0
73685,0.0,0.0,0.0
73686,0.0,0.0,0.0
73687,0.0,0.0,0.0
73688,0.0,0.0,0.0
73689,0.0,0.0,0.0
73690,0.0,0.0,0.0
73691,0.0,0.0,0.0
73692,0.0,0.0,0.0
73693,0.0,0.0,0.0
73694,0.0,0.0,0.0
73695,0.0,0.0,0.0
73696,0.0,0.0,0.0
73697,0.0,0.0,0.0
73698,0.0,0.0,0.0
73699,0.0,0.0,0.0
73700,0.0,0.0,0.0
73701,0.0,0.0,0.0
73702,0.0,0.0,0.0
73703,0.0,0.0,0.0
73704,0.0,0.0,0.0
73705,0.0,0.0,0.0
73706,0.0,0.0,0.0
73707,0.0,0.0,0.0
73708,0.0,0.0,0.0
73709,0.0,0.0,0.0
73710,0.0,0.0,0.0
73711,0.0,0.0,0.0
73712,0.0,0.0,0.0
73713,0.0,0.0,0.0
73714,0.0,0.0,0.0
73715,0.0,0.0,0.0
73716,0.0,0.0,0.0
73717,0.0,0.0,0.0
73718,0.0,0.0,0.0
73719,0.0,0.0,0.0
73720,0.0,0.0,0.0
73721,0.0,0.0,0.0
73722,0.0,0.0,0.0
73723,0.0,0.0,0.0
73724,0.0,0.0,0.0
73725,0.0,0.0,0.0
73726,0.0,0.0,0.0
73727,0.0,0.0,0.0
73728,0.0,0.0,0.0
73729,0.0,0.0,0.0
73730,0.0,0.0,0.0
73731,0.0,0.0,0.0
73732,0.0,0.0,0.0
73733,0.0,0.0,0.0
73734,0.0,0.0,0.0
73735,0.0,0.0,0.0
73736,0.0,0.0,0.0
73737,0.0,0.0,0.0
73738,0.0,0.0,0.0
73739,0.0,0.0,0.0
73740,0.0,0.0,0.0
73741,0.0,0.0,0.0
73742,0.0,0.0,0.0
73743,0.0,0.0,0.0
73744,0.0,0.0,0.0
73745,0.0,0.0,0.0
73746,0.0,0.0,0.0
73747,0.0,0.0,0.0
73748,0.0,0.0,0.0
73749,0.0,0.0,0.0
73750,0.0,0.0,0.0
73751,0.0,0.0,0.0
73752,0.0,0.0,0.0
73753,0.0,0.0,0.0
73754,0.0,0.0,0.0
73755,0.0,0.0,0.0
73756,0.0,0.0,0.0
73757,0.0,0.0,0.0
73758,0.0,0.0,0.0
73759,0.0,0.0,0.0
73760,0.0,0.0,0.0
73761,0.0,0.0,0.0
73762,0.0,0.0,0.0
73763,0.0,0.0,0.0
73764,0.0,0.0,0.0
73765,0.0,0.0,0.0
73766,0.0,0.0,0.0
73767,0.0,0.0,0.0
73768,0.0,0.0,0.0
73769,0.0,0.0,0.0
73770,0.0,0.0,0.0
73771,0.0,0.0,0.0
73772,0.0,0.0,0.0
73773,0.0,0.0,0.0
73774,0.0,0.0,0.0
73775,0.0,0.0,0.0
73776,0.0,0.0,0.0
73777,0.0,0.0,0.0
73778,0.0,0.0,0.0
73779,0.0,0.0,0.0
73780,0.0,0.0,0.0
73781,0.0,0.0,0.0
73782,0.0,0.0,0.0
73783,0.0,0.0,0.0
73784,0.0,0.0,0.0
73785,0.0,0.0,0.0
73786,0.0,0.0,0.0
73787,0.0,0.0,0.0
73788,0.0,0.0,0.0
73789,0.0,0.0,0.0
73790,0.0,0.0,0.0
73791,0.0,0.0,0.0
73792,0.0,0.0,0.0
73793,0.0,0.0,0.0
73794,0.0,0.0,0.0
73795,0.0,0.0,0.0
73796,0.0,0.0,0.0
73797,0.0,0.0,0.0
73798,0.0,0.0,0.0
73799,0.0,0.0,0.0
73800,0.0,0.0,0.0
73801,0.0,0.0,0.0
73802,0.0,0.0,0.0
73803,0.0,0.0,0.0
73804,0.0,0.0,0.0
73805,0.0,0.0,0.0
73806,0.0,0.0,0.0
73807,0.0,0.0,0.0
73808,0.0,0.0,0.0
73809,0.0,0.0,0.0
73810,0.0,0.0,0.0
73811,0.0,0.0,0.0
73812,0.0,0.0,0.0
73813,0.0,0.0,0.0
73814,0.0,0.0,0.0
73815,0.0,0.0,0.0
73816,0.0,0.0,0.0
73817,0.0,0.0,0.0
73818,0.0,0.0,0.0
73819,0.0,0.0,0.0
73820,0.0,0.0,0.0
73821,0.0,0.0,0.0
73822,0.0,0.0,0.0
73823,0.0,0.0,0.0
73824,0.0,0.0,0.0
73825,0.0,0.0,0.0
73826,0.0,0.0,0.0
73827,0.0,0.0,0.0
73828,0.0,0.0,0.0
73829,0.0,0.0,0.0
73830,0.0,0.0,0.0
73831,0.0,0.0,0.0
73832,0.0,0.0,0.0
73833,0.0,0.0,0.0
73834,0.0,0.0,0.0
73835,0.0,0.0,0.0
73836,0.0,0.0,0.0
73837,0.0,0.0,0.0
73838,0.0,0.0,0.0
73839,0.0,0.0,0.0
73840,0.0,0.0,0.0
73841,0.0,0.0,0.0
73842,0.0,0.0,0.0
73843,0.0,0.0,0.0
73844,0.0,0.0,0.0
73845,0.0,0.0,0.0
73846,0.0,0.0,0.0
73847,0.0,0.0,0.0
73848,0.0,0.0,0.0
73849,0.0,0.0,0.0
73850,0.0,0.0,0.0
73851,0.0,0.0,0.0
73852,0.0,0.0,0.0
73853,0.0,0.0,0.0
73854,0.0,0.0,0.0
73855,0.0,0.0,0.0
73856,0.0,0.0,0.0
73857,0.0,0.0,0.0
73858,0.0,0.0,0.0
73859,0.0,0.0,0.0
73860,0.0,0.0,0.0
73861,0.0,0.0,0.0
73862,0.0,0.0,0.0
73863,0.0,0.0,0.0
73864,0.0,0.0,0.0
73865,0.0,0.0,0.0
73866,0.0,0.0,0.0
73867,0.0,0.0,0.0
73868,0.0,0.0,0.0
73869,0.0,0.0,0.0
73870,0.0,0.0,0.0
73871,0.0,0.0,0.0
73872,0.0,0.0,0.0
73873,0.0,0.0,0.0
73874,0.0,0.0,0.0
73875,0.0,0.0,0.0
73876,0.0,0.0,0.0
73877,0.0,0.0,0.0
73878,0.0,0.0,0.0
73879,0.0,0.0,0.0
73880,0.0,0.0,0.0
73881,0.0,0.0,0.0
73882,0.0,0.0,0.0
73883,0.0,0.0,0.0
73884,0.0,0.0,0.0
73885,0.0,0.0,0.0
73886,0.0,0.0,0.0
73887,0.0,0.0,0.0
73888,0.0,0.0,0.0
73889,0.0,0.0,0.0
73890,0.0,0.0,0.0
73891,0.0,0.0,0.0
73892,0.0,0.0,0.0
73893,0.0,0.0,0.0
73894,0.0,0.0,0.0
73895,0.0,0.0,0.0
73896,0.0,0.0,0.0
73897,0.0,0.0,0.0
73898,0.0,0.0,0.0
73899,0.0,0.0,0.0
73900,0.0,0.0,0.0
73901,0.0,0.0,0.0
73902,0.0,0.0,0.0
73903,0.0,0.0,0.0
73904,0.0,0.0,0.0
73905,0.0,0.0,0.0
73906,0.0,0.0,0.0
73907,0.0,0.0,0.0
73908,0.0,0.0,0.0
73909,0.0,0.0,0.0
73910,0.0,0.0,0.0
73911,0.0,0.0,0.0
73912,0.0,0.0,0.0
73913,0.0,0.0,0.0
73914,0.0,0.0,0.0
73915,0.0,0.0,0.0
73916,0.0,0.0,0.0
73917,0.0,0.0,0.0
73918,0.0,0.0,0.0
73919,0.0,0.0,0.0
73920,0.0,0.0,0.0
73921,0.0,0.0,0.0
73922,0.0,0.0,0.0
73923,0.0,0.0,0.0
73924,0.0,0.0,0.0
73925,0.0,0.0,0.0
73926,0.0,0.0,0.0
73927,0.0,0.0,0.0
73928,0.0,0.0,0.0
73929,0.0,0.0,0.0
73930,0.0,0.0,0.0
73931,0.0,0.0,0.0
73932,0.0,0.0,0.0
73933,0.0,0.0,0.0
73934,0.0,0.0,0.0
73935,0.0,0.0,0.0
73936,0.0,0.0,0.0
73937,0.0,0.0,0.0
73938,0.0,0.0,0.0
73939,0.0,0.0,0.0
73940,0.0,0.0,0.0
73941,0.0,0.0,0.0
73942,0.0,0.0,0.0
73943,0.0,0.0,0.0
73944,0.0,0.0,0.0
73945,0.0,0.0,0.0
73946,0.0,0.0,0.0
73947,0.0,0.0,0.0
73948,0.0,0.0,0.0
73949,0.0,0.0,0.0
73950,0.0,0.0,0.0
73951,0.0,0.0,0.0
73952,0.0,0.0,0.0
73953,0.0,0.0,0.0
73954,0.0,0.0,0.0
73955,0.0,0.0,0.0
73956,0.0,0.0,0.0
73957,0.0,0.0,0.0
73958,0.0,0.0,0.0
73959,0.0,0.0,0.0
73960,0.0,0.0,0.0
73961,0.0,0.0,0.0
73962,0.0,0.0,0.0
73963,0.0,0.0,0.0
73964,0.0,0.0,0.0
73965,0.0,0.0,0.0
73966,0.0,0.0,0.0
73967,0.0,0.0,0.0
73968,0.0,0.0,0.0
73969,0.0,0.0,0.0
73970,0.0,0.0,0.0
73971,0.0,0.0,0.0
73972,0.0,0.0,0.0
73973,0.0,0.0,0.0
73974,0.0,0.0,0.0
73975,0.0,0.0,0.0
73976,0.0,0.0,0.0
73977,0.0,0.0,0.0
73978,0.0,0.0,0.0
73979,0.0,0.0,0.0
73980,0.0,0.0,0.0
73981,0.0,0.0,0.0
73982,0.0,0.0,0.0
73983,0.0,0.0,0.0
73984,0.0,0.0,0.0
73985,0.0,0.0,0.0
73986,0.0,0.0,0.0
73987,0.0,0.0,0.0
73988,0.0,0.0,0.0
73989,0.0,0.0,0.0
73990,0.0,0.0,0.0
73991,0.0,0.0,0.0
73992,0.0,0.0,0.0
73993,0.0,0.0,0.0
73994,0.0,0.0,0.0
73995,0.0,0.0,0.0
73996,0.0,0.0,0.0
73997,0.0,0.0,0.0
73998,0.0,0.0,0.0
73999,0.0,0.0,0.0
74000,0.0,0.0,0.0
74001,0.0,0.0,0.0
74002,0.0,0.0,0.0
74003,0.0,0.0,0.0
74004,0.0,0.0,0.0
74005,0.0,0.0,0.0
74006,0.0,0.0,0.0
74007,0.0,0.0,0.0
74008,0.0,0.0,0.0
74009,0.0,0.0,0.0
74010,0.0,0.0,0.0
74011,0.0,0.0,0.0
74012,0.0,0.0,0.0
74013,0.0,0.0,0.0
74014,0.0,0.0,0.0
74015,0.0,0.0,0.0
74016,0.0,0.0,0.0
74017,0.0,0.0,0.0
74018,0.0,0.0,0.0
74019,0.0,0.0,0.0
74020,0.0,0.0,0.0
74021,0.0,0.0,0.0
74022,0.0,0.0,0.0
74023,0.0,0.0,0.0
74024,0.0,0.0,0.0
74025,0.0,0.0,0.0
74026,0.0,0.0,0.0
74027,0.0,0.0,0.0
74028,0.0,0.0,0.0
74029,0.0,0.0,0.0
74030,0.0,0.0,0.0
74031,0.0,0.0,0.0
74032,0.0,0.0,0.0
74033,0.0,0.0,0.0
74034,0.0,0.0,0.0
74035,0.0,0.0,0.0
74036,0.0,0.0,0.0
74037,0.0,0.0,0.0
74038,0.0,0.0,0.0
74039,0.0,0.0,0.0
74040,0.0,0.0,0.0
74041,0.0,0.0,0.0
74042,0.0,0.0,0.0
74043,0.0,0.0,0.0
74044,0.0,0.0,0.0
74045,0.0,0.0,0.0
74046,0.0,0.0,0.0
74047,0.0,0.0,0.0
74048,0.0,0.0,0.0
74049,0.0,0.0,0.0
74050,0.0,0.0,0.0
74051,0.0,0.0,0.0
74052,0.0,0.0,0.0
74053,0.0,0.0,0.0
74054,0.0,0.0,0.0
74055,0.0,0.0,0.0
74056,0.0,0.0,0.0
74057,0.0,0.0,0.0
74058,0.0,0.0,0.0
74059,0.0,0.0,0.0
74060,0.0,0.0,0.0
74061,0.0,0.0,0.0
74062,0.0,0.0,0.0
74063,0.0,0.0,0.0
74064,0.0,0.0,0.0
74065,0.0,0.0,0.0
74066,0.0,0.0,0.0
74067,0.0,0.0,0.0
74068,0.0,0.0,0.0
74069,0.0,0.0,0.0
74070,0.0,0.0,0.0
74071,0.0,0.0,0.0
74072,0.0,0.0,0.0
74073,0.0,0.0,0.0
74074,0.0,0.0,0.0
74075,0.0,0.0,0.0
74076,0.0,0.0,0.0
74077,0.0,0.0,0.0
74078,0.0,0.0,0.0
74079,0.0,0.0,0.0
74080,0.0,0.0,0.0
74081,0.0,0.0,0.0
74082,0.0,0.0,0.0
74083,0.0,0.0,0.0
74084,0.0,0.0,0.0
74085,0.0,0.0,0.0
74086,0.0,0.0,0.0
74087,0.0,0.0,0.0
74088,0.0,0.0,0.0
74089,0.0,0.0,0.0
74090,0.0,0.0,0.0
74091,0.0,0.0,0.0
74092,0.0,0.0,0.0
74093,0.0,0.0,0.0
74094,0.0,0.0,0.0
74095,0.0,0.0,0.0
74096,0.0,0.0,0.0
74097,0.0,0.0,0.0
74098,0.0,0.0,0.0
74099,0.0,0.0,0.0
74100,0.0,0.0,0.0
74101,0.0,0.0,0.0
74102,0.0,0.0,0.0
74103,0.0,0.0,0.0
74104,0.0,0.0,0.0
74105,0.0,0.0,0.0
74106,0.0,0.0,0.0
74107,0.0,0.0,0.0
74108,0.0,0.0,0.0
74109,0.0,0.0,0.0
74110,0.0,0.0,0.0
74111,0.0,0.0,0.0
74112,0.0,0.0,0.0
74113,0.0,0.0,0.0
74114,0.0,0.0,0.0
74115,0.0,0.0,0.0
74116,0.0,0.0,0.0
74117,0.0,0.0,0.0
74118,0.0,0.0,0.0
74119,0.0,0.0,0.0
74120,0.0,0.0,0.0
74121,0.0,0.0,0.0
74122,0.0,0.0,0.0
74123,0.0,0.0,0.0
74124,0.0,0.0,0.0
74125,0.0,0.0,0.0
74126,0.0,0.0,0.0
74127,0.0,0.0,0.0
74128,0.0,0.0,0.0
74129,0.0,0.0,0.0
74130,0.0,0.0,0.0
74131,0.0,0.0,0.0
74132,0.0,0.0,0.0
74133,0.0,0.0,0.0
74134,0.0,0.0,0.0
74135,0.0,0.0,0.0
74136,0.0,0.0,0.0
74137,0.0,0.0,0.0
74138,0.0,0.0,0.0
74139,0.0,0.0,0.0
74140,0.0,0.0,0.0
74141,0.0,0.0,0.0
74142,0.0,0.0,0.0
74143,0.0,0.0,0.0
74144,0.0,0.0,0.0
74145,0.0,0.0,0.0
74146,0.0,0.0,0.0
74147,0.0,0.0,0.0
74148,0.0,0.0,0.0
74149,0.0,0.0,0.0
74150,0.0,0.0,0.0
74151,0.0,0.0,0.0
74152,0.0,0.0,0.0
74153,0.0,0.0,0.0
74154,0.0,0.0,0.0
74155,0.0,0.0,0.0
74156,0.0,0.0,0.0
74157,0.0,0.0,0.0
74158,0.0,0.0,0.0
74159,0.0,0.0,0.0
74160,0.0,0.0,0.0
74161,0.0,0.0,0.0
74162,0.0,0.0,0.0
74163,0.0,0.0,0.0
74164,0.0,0.0,0.0
74165,0.0,0.0,0.0
74166,0.0,0.0,0.0
74167,0.0,0.0,0.0
74168,0.0,0.0,0.0
74169,0.0,0.0,0.0
74170,0.0,0.0,0.0
74171,0.0,0.0,0.0
74172,0.0,0.0,0.0
74173,0.0,0.0,0.0
74174,0.0,0.0,0.0
74175,0.0,0.0,0.0
74176,0.0,0.0,0.0
74177,0.0,0.0,0.0
74178,0.0,0.0,0.0
74179,0.0,0.0,0.0
74180,0.0,0.0,0.0
74181,0.0,0.0,0.0
74182,0.0,0.0,0.0
74183,0.0,0.0,0.0
74184,0.0,0.0,0.0
74185,0.0,0.0,0.0
74186,0.0,0.0,0.0
74187,0.0,0.0,0.0
74188,0.0,0.0,0.0
74189,0.0,0.0,0.0
74190,0.0,0.0,0.0
74191,0.0,0.0,0.0
74192,0.0,0.0,0.0
74193,0.0,0.0,0.0
74194,0.0,0.0,0.0
74195,0.0,0.0,0.0
74196,0.0,0.0,0.0
74197,0.0,0.0,0.0
74198,0.0,0.0,0.0
74199,0.0,0.0,0.0
74200,0.0,0.0,0.0
74201,0.0,0.0,0.0
74202,0.0,0.0,0.0
74203,0.0,0.0,0.0
74204,0.0,0.0,0.0
74205,0.0,0.0,0.0
74206,0.0,0.0,0.0
74207,0.0,0.0,0.0
74208,0.0,0.0,0.0
74209,0.0,0.0,0.0
74210,0.0,0.0,0.0
74211,0.0,0.0,0.0
74212,0.0,0.0,0.0
74213,0.0,0.0,0.0
74214,0.0,0.0,0.0
74215,0.0,0.0,0.0
74216,0.0,0.0,0.0
74217,0.0,0.0,0.0
74218,0.0,0.0,0.0
74219,0.0,0.0,0.0
74220,0.0,0.0,0.0
74221,0.0,0.0,0.0
74222,0.0,0.0,0.0
74223,0.0,0.0,0.0
74224,0.0,0.0,0.0
74225,0.0,0.0,0.0
74226,0.0,0.0,0.0
74227,0.0,0.0,0.0
74228,0.0,0.0,0.0
74229,0.0,0.0,0.0
74230,0.0,0.0,0.0
74231,0.0,0.0,0.0
74232,0.0,0.0,0.0
74233,0.0,0.0,0.0
74234,0.0,0.0,0.0
74235,0.0,0.0,0.0
74236,0.0,0.0,0.0
74237,0.0,0.0,0.0
74238,0.0,0.0,0.0
74239,0.0,0.0,0.0
74240,0.0,0.0,0.0
74241,0.0,0.0,0.0
74242,0.0,0.0,0.0
74243,0.0,0.0,0.0
74244,0.0,0.0,0.0
74245,0.0,0.0,0.0
74246,0.0,0.0,0.0
74247,0.0,0.0,0.0
74248,0.0,0.0,0.0
74249,0.0,0.0,0.0
74250,0.0,0.0,0.0
74251,0.0,0.0,0.0
74252,0.0,0.0,0.0
74253,0.0,0.0,0.0
74254,0.0,0.0,0.0
74255,0.0,0.0,0.0
74256,0.0,0.0,0.0
74257,0.0,0.0,0.0
74258,0.0,0.0,0.0
74259,0.0,0.0,0.0
74260,0.0,0.0,0.0
74261,0.0,0.0,0.0
74262,0.0,0.0,0.0
74263,0.0,0.0,0.0
74264,0.0,0.0,0.0
74265,0.0,0.0,0.0
74266,0.0,0.0,0.0
74267,0.0,0.0,0.0
74268,0.0,0.0,0.0
74269,0.0,0.0,0.0
74270,0.0,0.0,0.0
74271,0.0,0.0,0.0
74272,0.0,0.0,0.0
74273,0.0,0.0,0.0
74274,0.0,0.0,0.0
74275,0.0,0.0,0.0
74276,0.0,0.0,0.0
74277,0.0,0.0,0.0
74278,0.0,0.0,0.0
74279,0.0,0.0,0.0
74280,0.0,0.0,0.0
74281,0.0,0.0,0.0
74282,0.0,0.0,0.0
74283,0.0,0.0,0.0
74284,0.0,0.0,0.0
74285,0.0,0.0,0.0
74286,0.0,0.0,0.0
74287,0.0,0.0,0.0
74288,0.0,0.0,0.0
74289,0.0,0.0,0.0
74290,0.0,0.0,0.0
74291,0.0,0.0,0.0
74292,0.0,0.0,0.0
74293,0.0,0.0,0.0
74294,0.0,0.0,0.0
74295,0.0,0.0,0.0
74296,0.0,0.0,0.0
74297,0.0,0.0,0.0
74298,0.0,0.0,0.0
74299,0.0,0.0,0.0
74300,0.0,0.0,0.0
74301,0.0,0.0,0.0
74302,0.0,0.0,0.0
74303,0.0,0.0,0.0
74304,0.0,0.0,0.0
74305,0.0,0.0,0.0
74306,0.0,0.0,0.0
74307,0.0,0.0,0.0
74308,0.0,0.0,0.0
74309,0.0,0.0,0.0
74310,0.0,0.0,0.0
74311,0.0,0.0,0.0
74312,0.0,0.0,0.0
74313,0.0,0.0,0.0
74314,0.0,0.0,0.0
74315,0.0,0.0,0.0
74316,0.0,0.0,0.0
74317,0.0,0.0,0.0
74318,0.0,0.0,0.0
74319,0.0,0.0,0.0
74320,0.0,0.0,0.0
74321,0.0,0.0,0.0
74322,0.0,0.0,0.0
74323,0.0,0.0,0.0
74324,0.0,0.0,0.0
74325,0.0,0.0,0.0
74326,0.0,0.0,0.0
74327,0.0,0.0,0.0
74328,0.0,0.0,0.0
74329,0.0,0.0,0.0
74330,0.0,0.0,0.0
74331,0.0,0.0,0.0
74332,0.0,0.0,0.0
74333,0.0,0.0,0.0
74334,0.0,0.0,0.0
74335,0.0,0.0,0.0
74336,0.0,0.0,0.0
74337,0.0,0.0,0.0
74338,0.0,0.0,0.0
74339,0.0,0.0,0.0
74340,0.0,0.0,0.0
74341,0.0,0.0,0.0
74342,0.0,0.0,0.0
74343,0.0,0.0,0.0
74344,0.0,0.0,0.0
74345,0.0,0.0,0.0
74346,0.0,0.0,0.0
74347,0.0,0.0,0.0
74348,0.0,0.0,0.0
74349,0.0,0.0,0.0
74350,0.0,0.0,0.0
74351,0.0,0.0,0.0
74352,0.0,0.0,0.0
74353,0.0,0.0,0.0
74354,0.0,0.0,0.0
74355,0.0,0.0,0.0
74356,0.0,0.0,0.0
74357,0.0,0.0,0.0
74358,0.0,0.0,0.0
74359,0.0,0.0,0.0
74360,0.0,0.0,0.0
74361,0.0,0.0,0.0
74362,0.0,0.0,0.0
74363,0.0,0.0,0.0
74364,0.0,0.0,0.0
74365,0.0,0.0,0.0
74366,0.0,0.0,0.0
74367,0.0,0.0,0.0
74368,0.0,0.0,0.0
74369,0.0,0.0,0.0
74370,0.0,0.0,0.0
74371,0.0,0.0,0.0
74372,0.0,0.0,0.0
74373,0.0,0.0,0.0
74374,0.0,0.0,0.0
74375,0.0,0.0,0.0
74376,0.0,0.0,0.0
74377,0.0,0.0,0.0
74378,0.0,0.0,0.0
74379,0.0,0.0,0.0
74380,0.0,0.0,0.0
74381,0.0,0.0,0.0
74382,0.0,0.0,0.0
74383,0.0,0.0,0.0
74384,0.0,0.0,0.0
74385,0.0,0.0,0.0
74386,0.0,0.0,0.0
74387,0.0,0.0,0.0
74388,0.0,0.0,0.0
74389,0.0,0.0,0.0
74390,0.0,0.0,0.0
74391,0.0,0.0,0.0
74392,0.0,0.0,0.0
74393,0.0,0.0,0.0
74394,0.0,0.0,0.0
74395,0.0,0.0,0.0
74396,0.0,0.0,0.0
74397,0.0,0.0,0.0
74398,0.0,0.0,0.0
74399,0.0,0.0,0.0
74400,0.0,0.0,0.0
74401,0.0,0.0,0.0
74402,0.0,0.0,0.0
74403,0.0,0.0,0.0
74404,0.0,0.0,0.0
74405,0.0,0.0,0.0
74406,0.0,0.0,0.0
74407,0.0,0.0,0.0
74408,0.0,0.0,0.0
74409,0.0,0.0,0.0
74410,0.0,0.0,0.0
74411,0.0,0.0,0.0
74412,0.0,0.0,0.0
74413,0.0,0.0,0.0
74414,0.0,0.0,0.0
74415,0.0,0.0,0.0
74416,0.0,0.0,0.0
74417,0.0,0.0,0.0
74418,0.0,0.0,0.0
74419,0.0,0.0,0.0
74420,0.0,0.0,0.0
74421,0.0,0.0,0.0
74422,0.0,0.0,0.0
74423,0.0,0.0,0.0
74424,0.0,0.0,0.0
74425,0.0,0.0,0.0
74426,0.0,0.0,0.0
74427,0.0,0.0,0.0
74428,0.0,0.0,0.0
74429,0.0,0.0,0.0
74430,0.0,0.0,0.0
74431,0.0,0.0,0.0
74432,0.0,0.0,0.0
74433,0.0,0.0,0.0
74434,0.0,0.0,0.0
74435,0.0,0.0,0.0
74436,0.0,0.0,0.0
74437,0.0,0.0,0.0
74438,0.0,0.0,0.0
74439,0.0,0.0,0.0
74440,0.0,0.0,0.0
74441,0.0,0.0,0.0
74442,0.0,0.0,0.0
74443,0.0,0.0,0.0
74444,0.0,0.0,0.0
74445,0.0,0.0,0.0
74446,0.0,0.0,0.0
74447,0.0,0.0,0.0
74448,0.0,0.0,0.0
74449,0.0,0.0,0.0
74450,0.0,0.0,0.0
74451,0.0,0.0,0.0
74452,0.0,0.0,0.0
74453,0.0,0.0,0.0
74454,0.0,0.0,0.0
74455,0.0,0.0,0.0
74456,0.0,0.0,0.0
74457,0.0,0.0,0.0
74458,0.0,0.0,0.0
74459,0.0,0.0,0.0
74460,0.0,0.0,0.0
74461,0.0,0.0,0.0
74462,0.0,0.0,0.0
74463,0.0,0.0,0.0
74464,0.0,0.0,0.0
74465,0.0,0.0,0.0
74466,0.0,0.0,0.0
74467,0.0,0.0,0.0
74468,0.0,0.0,0.0
74469,0.0,0.0,0.0
74470,0.0,0.0,0.0
74471,0.0,0.0,0.0
74472,0.0,0.0,0.0
74473,0.0,0.0,0.0
74474,0.0,0.0,0.0
74475,0.0,0.0,0.0
74476,0.0,0.0,0.0
74477,0.0,0.0,0.0
74478,0.0,0.0,0.0
74479,0.0,0.0,0.0
74480,0.0,0.0,0.0
74481,0.0,0.0,0.0
74482,0.0,0.0,0.0
74483,0.0,0.0,0.0
74484,0.0,0.0,0.0
74485,0.0,0.0,0.0
74486,0.0,0.0,0.0
74487,0.0,0.0,0.0
74488,0.0,0.0,0.0
74489,0.0,0.0,0.0
74490,0.0,0.0,0.0
74491,0.0,0.0,0.0
74492,0.0,0.0,0.0
74493,0.0,0.0,0.0
74494,0.0,0.0,0.0
74495,0.0,0.0,0.0
74496,0.0,0.0,0.0
74497,0.0,0.0,0.0
74498,0.0,0.0,0.0
74499,0.0,0.0,0.0
74500,0.0,0.0,0.0
74501,0.0,0.0,0.0
74502,0.0,0.0,0.0
74503,0.0,0.0,0.0
74504,0.0,0.0,0.0
74505,0.0,0.0,0.0
74506,0.0,0.0,0.0
74507,0.0,0.0,0.0
74508,0.0,0.0,0.0
74509,0.0,0.0,0.0
74510,0.0,0.0,0.0
74511,0.0,0.0,0.0
74512,0.0,0.0,0.0
74513,0.0,0.0,0.0
74514,0.0,0.0,0.0
74515,0.0,0.0,0.0
74516,0.0,0.0,0.0
74517,0.0,0.0,0.0
74518,0.0,0.0,0.0
74519,0.0,0.0,0.0
74520,0.0,0.0,0.0
74521,0.0,0.0,0.0
74522,0.0,0.0,0.0
74523,0.0,0.0,0.0
74524,0.0,0.0,0.0
74525,0.0,0.0,0.0
74526,0.0,0.0,0.0
74527,0.0,0.0,0.0
74528,0.0,0.0,0.0
74529,0.0,0.0,0.0
74530,0.0,0.0,0.0
74531,0.0,0.0,0.0
74532,0.0,0.0,0.0
74533,0.0,0.0,0.0
74534,0.0,0.0,0.0
74535,0.0,0.0,0.0
74536,0.0,0.0,0.0
74537,0.0,0.0,0.0
74538,0.0,0.0,0.0
74539,0.0,0.0,0.0
74540,0.0,0.0,0.0
74541,0.0,0.0,0.0
74542,0.0,0.0,0.0
74543,0.0,0.0,0.0
74544,0.0,0.0,0.0
74545,0.0,0.0,0.0
74546,0.0,0.0,0.0
74547,0.0,0.0,0.0
74548,0.0,0.0,0.0
74549,0.0,0.0,0.0
74550,0.0,0.0,0.0
74551,0.0,0.0,0.0
74552,0.0,0.0,0.0
74553,0.0,0.0,0.0
74554,0.0,0.0,0.0
74555,0.0,0.0,0.0
74556,0.0,0.0,0.0
74557,0.0,0.0,0.0
74558,0.0,0.0,0.0
74559,0.0,0.0,0.0
74560,0.0,0.0,0.0
74561,0.0,0.0,0.0
74562,0.0,0.0,0.0
74563,0.0,0.0,0.0
74564,0.0,0.0,0.0
74565,0.0,0.0,0.0
74566,0.0,0.0,0.0
74567,0.0,0.0,0.0
74568,0.0,0.0,0.0
74569,0.0,0.0,0.0
74570,0.0,0.0,0.0
74571,0.0,0.0,0.0
74572,0.0,0.0,0.0
74573,0.0,0.0,0.0
74574,0.0,0.0,0.0
74575,0.0,0.0,0.0
74576,0.0,0.0,0.0
74577,0.0,0.0,0.0
74578,0.0,0.0,0.0
74579,0.0,0.0,0.0
74580,0.0,0.0,0.0
74581,0.0,0.0,0.0
74582,0.0,0.0,0.0
74583,0.0,0.0,0.0
74584,0.0,0.0,0.0
74585,0.0,0.0,0.0
74586,0.0,0.0,0.0
74587,0.0,0.0,0.0
74588,0.0,0.0,0.0
74589,0.0,0.0,0.0
74590,0.0,0.0,0.0
74591,0.0,0.0,0.0
74592,0.0,0.0,0.0
74593,0.0,0.0,0.0
74594,0.0,0.0,0.0
74595,0.0,0.0,0.0
74596,0.0,0.0,0.0
74597,0.0,0.0,0.0
74598,0.0,0.0,0.0
74599,0.0,0.0,0.0
74600,0.0,0.0,0.0
74601,0.0,0.0,0.0
74602,0.0,0.0,0.0
74603,0.0,0.0,0.0
74604,0.0,0.0,0.0
74605,0.0,0.0,0.0
74606,0.0,0.0,0.0
74607,0.0,0.0,0.0
74608,0.0,0.0,0.0
74609,0.0,0.0,0.0
74610,0.0,0.0,0.0
74611,0.0,0.0,0.0
74612,0.0,0.0,0.0
74613,0.0,0.0,0.0
74614,0.0,0.0,0.0
74615,0.0,0.0,0.0
74616,0.0,0.0,0.0
74617,0.0,0.0,0.0
74618,0.0,0.0,0.0
74619,0.0,0.0,0.0
74620,0.0,0.0,0.0
74621,0.0,0.0,0.0
74622,0.0,0.0,0.0
74623,0.0,0.0,0.0
74624,0.0,0.0,0.0
74625,0.0,0.0,0.0
74626,0.0,0.0,0.0
74627,0.0,0.0,0.0
74628,0.0,0.0,0.0
74629,0.0,0.0,0.0
74630,0.0,0.0,0.0
74631,0.0,0.0,0.0
74632,0.0,0.0,0.0
74633,0.0,0.0,0.0
74634,0.0,0.0,0.0
74635,0.0,0.0,0.0
74636,0.0,0.0,0.0
74637,0.0,0.0,0.0
74638,0.0,0.0,0.0
74639,0.0,0.0,0.0
74640,0.0,0.0,0.0
74641,0.0,0.0,0.0
74642,0.0,0.0,0.0
74643,0.0,0.0,0.0
74644,0.0,0.0,0.0
74645,0.0,0.0,0.0
74646,0.0,0.0,0.0
74647,0.0,0.0,0.0
74648,0.0,0.0,0.0
74649,0.0,0.0,0.0
74650,0.0,0.0,0.0
74651,0.0,0.0,0.0
74652,0.0,0.0,0.0
74653,0.0,0.0,0.0
74654,0.0,0.0,0.0
74655,0.0,0.0,0.0
74656,0.0,0.0,0.0
74657,0.0,0.0,0.0
74658,0.0,0.0,0.0
74659,0.0,0.0,0.0
74660,0.0,0.0,0.0
74661,0.0,0.0,0.0
74662,0.0,0.0,0.0
74663,0.0,0.0,0.0
74664,0.0,0.0,0.0
74665,0.0,0.0,0.0
74666,0.0,0.0,0.0
74667,0.0,0.0,0.0
74668,0.0,0.0,0.0
74669,0.0,0.0,0.0
74670,0.0,0.0,0.0
74671,0.0,0.0,0.0
74672,0.0,0.0,0.0
74673,0.0,0.0,0.0
74674,0.0,0.0,0.0
74675,0.0,0.0,0.0
74676,0.0,0.0,0.0
74677,0.0,0.0,0.0
74678,0.0,0.0,0.0
74679,0.0,0.0,0.0
74680,0.0,0.0,0.0
74681,0.0,0.0,0.0
74682,0.0,0.0,0.0
74683,0.0,0.0,0.0
74684,0.0,0.0,0.0
74685,0.0,0.0,0.0
74686,0.0,0.0,0.0
74687,0.0,0.0,0.0
74688,0.0,0.0,0.0
74689,0.0,0.0,0.0
74690,0.0,0.0,0.0
74691,0.0,0.0,0.0
74692,0.0,0.0,0.0
74693,0.0,0.0,0.0
74694,0.0,0.0,0.0
74695,0.0,0.0,0.0
74696,0.0,0.0,0.0
74697,0.0,0.0,0.0
74698,0.0,0.0,0.0
74699,0.0,0.0,0.0
74700,0.0,0.0,0.0
74701,0.0,0.0,0.0
74702,0.0,0.0,0.0
74703,0.0,0.0,0.0
74704,0.0,0.0,0.0
74705,0.0,0.0,0.0
74706,0.0,0.0,0.0
74707,0.0,0.0,0.0
74708,0.0,0.0,0.0
74709,0.0,0.0,0.0
74710,0.0,0.0,0.0
74711,0.0,0.0,0.0
74712,0.0,0.0,0.0
74713,0.0,0.0,0.0
74714,0.0,0.0,0.0
74715,0.0,0.0,0.0
74716,0.0,0.0,0.0
74717,0.0,0.0,0.0
74718,0.0,0.0,0.0
74719,0.0,0.0,0.0
74720,0.0,0.0,0.0
74721,0.0,0.0,0.0
74722,0.0,0.0,0.0
74723,0.0,0.0,0.0
74724,0.0,0.0,0.0
74725,0.0,0.0,0.0
74726,0.0,0.0,0.0
74727,0.0,0.0,0.0
74728,0.0,0.0,0.0
74729,0.0,0.0,0.0
74730,0.0,0.0,0.0
74731,0.0,0.0,0.0
74732,0.0,0.0,0.0
74733,0.0,0.0,0.0
74734,0.0,0.0,0.0
74735,0.0,0.0,0.0
74736,0.0,0.0,0.0
74737,0.0,0.0,0.0
74738,0.0,0.0,0.0
74739,0.0,0.0,0.0
74740,0.0,0.0,0.0
74741,0.0,0.0,0.0
74742,0.0,0.0,0.0
74743,0.0,0.0,0.0
74744,0.0,0.0,0.0
74745,0.0,0.0,0.0
74746,0.0,0.0,0.0
74747,0.0,0.0,0.0
74748,0.0,0.0,0.0
74749,0.0,0.0,0.0
74750,0.0,0.0,0.0
74751,0.0,0.0,0.0
74752,0.0,0.0,0.0
74753,0.0,0.0,0.0
74754,0.0,0.0,0.0
74755,0.0,0.0,0.0
74756,0.0,0.0,0.0
74757,0.0,0.0,0.0
74758,0.0,0.0,0.0
74759,0.0,0.0,0.0
74760,0.0,0.0,0.0
74761,0.0,0.0,0.0
74762,0.0,0.0,0.0
74763,0.0,0.0,0.0
74764,0.0,0.0,0.0
74765,0.0,0.0,0.0
74766,0.0,0.0,0.0
74767,0.0,0.0,0.0
74768,0.0,0.0,0.0
74769,0.0,0.0,0.0
74770,0.0,0.0,0.0
74771,0.0,0.0,0.0
74772,0.0,0.0,0.0
74773,0.0,0.0,0.0
74774,0.0,0.0,0.0
74775,0.0,0.0,0.0
74776,0.0,0.0,0.0
74777,0.0,0.0,0.0
74778,0.0,0.0,0.0
74779,0.0,0.0,0.0
74780,0.0,0.0,0.0
74781,0.0,0.0,0.0
74782,0.0,0.0,0.0
74783,0.0,0.0,0.0
74784,0.0,0.0,0.0
74785,0.0,0.0,0.0
74786,0.0,0.0,0.0
74787,0.0,0.0,0.0
74788,0.0,0.0,0.0
74789,0.0,0.0,0.0
74790,0.0,0.0,0.0
74791,0.0,0.0,0.0
74792,0.0,0.0,0.0
74793,0.0,0.0,0.0
74794,0.0,0.0,0.0
74795,0.0,0.0,0.0
74796,0.0,0.0,0.0
74797,0.0,0.0,0.0
74798,0.0,0.0,0.0
74799,0.0,0.0,0.0
74800,0.0,0.0,0.0
74801,0.0,0.0,0.0
74802,0.0,0.0,0.0
74803,0.0,0.0,0.0
74804,0.0,0.0,0.0
74805,0.0,0.0,0.0
74806,0.0,0.0,0.0
74807,0.0,0.0,0.0
74808,0.0,0.0,0.0
74809,0.0,0.0,0.0
74810,0.0,0.0,0.0
74811,0.0,0.0,0.0
74812,0.0,0.0,0.0
74813,0.0,0.0,0.0
74814,0.0,0.0,0.0
74815,0.0,0.0,0.0
74816,0.0,0.0,0.0
74817,0.0,0.0,0.0
74818,0.0,0.0,0.0
74819,0.0,0.0,0.0
74820,0.0,0.0,0.0
74821,0.0,0.0,0.0
74822,0.0,0.0,0.0
74823,0.0,0.0,0.0
74824,0.0,0.0,0.0
74825,0.0,0.0,0.0
74826,0.0,0.0,0.0
74827,0.0,0.0,0.0
74828,0.0,0.0,0.0
74829,0.0,0.0,0.0
74830,0.0,0.0,0.0
74831,0.0,0.0,0.0
74832,0.0,0.0,0.0
74833,0.0,0.0,0.0
74834,0.0,0.0,0.0
74835,0.0,0.0,0.0
74836,0.0,0.0,0.0
74837,0.0,0.0,0.0
74838,0.0,0.0,0.0
74839,0.0,0.0,0.0
74840,0.0,0.0,0.0
74841,0.0,0.0,0.0
74842,0.0,0.0,0.0
74843,0.0,0.0,0.0
74844,0.0,0.0,0.0
74845,0.0,0.0,0.0
74846,0.0,0.0,0.0
74847,0.0,0.0,0.0
74848,0.0,0.0,0.0
74849,0.0,0.0,0.0
74850,0.0,0.0,0.0
74851,0.0,0.0,0.0
74852,0.0,0.0,0.0
74853,0.0,0.0,0.0
74854,0.0,0.0,0.0
74855,0.0,0.0,0.0
74856,0.0,0.0,0.0
74857,0.0,0.0,0.0
74858,0.0,0.0,0.0
74859,0.0,0.0,0.0
74860,0.0,0.0,0.0
74861,0.0,0.0,0.0
74862,0.0,0.0,0.0
74863,0.0,0.0,0.0
74864,0.0,0.0,0.0
74865,0.0,0.0,0.0
74866,0.0,0.0,0.0
74867,0.0,0.0,0.0
74868,0.0,0.0,0.0
74869,0.0,0.0,0.0
74870,0.0,0.0,0.0
74871,0.0,0.0,0.0
74872,0.0,0.0,0.0
74873,0.0,0.0,0.0
74874,0.0,0.0,0.0
74875,0.0,0.0,0.0
74876,0.0,0.0,0.0
74877,0.0,0.0,0.0
74878,0.0,0.0,0.0
74879,0.0,0.0,0.0
74880,0.0,0.0,0.0
74881,0.0,0.0,0.0
74882,0.0,0.0,0.0
74883,0.0,0.0,0.0
74884,0.0,0.0,0.0
74885,0.0,0.0,0.0
74886,0.0,0.0,0.0
74887,0.0,0.0,0.0
74888,0.0,0.0,0.0
74889,0.0,0.0,0.0
74890,0.0,0.0,0.0
74891,0.0,0.0,0.0
74892,0.0,0.0,0.0
74893,0.0,0.0,0.0
74894,0.0,0.0,0.0
74895,0.0,0.0,0.0
74896,0.0,0.0,0.0
74897,0.0,0.0,0.0
74898,0.0,0.0,0.0
74899,0.0,0.0,0.0
74900,0.0,0.0,0.0
74901,0.0,0.0,0.0
74902,0.0,0.0,0.0
74903,0.0,0.0,0.0
74904,0.0,0.0,0.0
74905,0.0,0.0,0.0
74906,0.0,0.0,0.0
74907,0.0,0.0,0.0
74908,0.0,0.0,0.0
74909,0.0,0.0,0.0
74910,0.0,0.0,0.0
74911,0.0,0.0,0.0
74912,0.0,0.0,0.0
74913,0.0,0.0,0.0
74914,0.0,0.0,0.0
74915,0.0,0.0,0.0
74916,0.0,0.0,0.0
74917,0.0,0.0,0.0
74918,0.0,0.0,0.0
74919,0.0,0.0,0.0
74920,0.0,0.0,0.0
74921,0.0,0.0,0.0
74922,0.0,0.0,0.0
74923,0.0,0.0,0.0
74924,0.0,0.0,0.0
74925,0.0,0.0,0.0
74926,0.0,0.0,0.0
74927,0.0,0.0,0.0
74928,0.0,0.0,0.0
74929,0.0,0.0,0.0
74930,0.0,0.0,0.0
74931,0.0,0.0,0.0
74932,0.0,0.0,0.0
74933,0.0,0.0,0.0
74934,0.0,0.0,0.0
74935,0.0,0.0,0.0
74936,0.0,0.0,0.0
74937,0.0,0.0,0.0
74938,0.0,0.0,0.0
74939,0.0,0.0,0.0
74940,0.0,0.0,0.0
74941,0.0,0.0,0.0
74942,0.0,0.0,0.0
74943,0.0,0.0,0.0
74944,0.0,0.0,0.0
74945,0.0,0.0,0.0
74946,0.0,0.0,0.0
74947,0.0,0.0,0.0
74948,0.0,0.0,0.0
74949,0.0,0.0,0.0
74950,0.0,0.0,0.0
74951,0.0,0.0,0.0
74952,0.0,0.0,0.0
74953,0.0,0.0,0.0
74954,0.0,0.0,0.0
74955,0.0,0.0,0.0
74956,0.0,0.0,0.0
74957,0.0,0.0,0.0
74958,0.0,0.0,0.0
74959,0.0,0.0,0.0
74960,0.0,0.0,0.0
74961,0.0,0.0,0.0
74962,0.0,0.0,0.0
74963,0.0,0.0,0.0
74964,0.0,0.0,0.0
74965,0.0,0.0,0.0
74966,0.0,0.0,0.0
74967,0.0,0.0,0.0
74968,0.0,0.0,0.0
74969,0.0,0.0,0.0
74970,0.0,0.0,0.0
74971,0.0,0.0,0.0
74972,0.0,0.0,0.0
74973,0.0,0.0,0.0
74974,0.0,0.0,0.0
74975,0.0,0.0,0.0
74976,0.0,0.0,0.0
74977,0.0,0.0,0.0
74978,0.0,0.0,0.0
74979,0.0,0.0,0.0
74980,0.0,0.0,0.0
74981,0.0,0.0,0.0
74982,0.0,0.0,0.0
74983,0.0,0.0,0.0
74984,0.0,0.0,0.0
74985,0.0,0.0,0.0
74986,0.0,0.0,0.0
74987,0.0,0.0,0.0
74988,0.0,0.0,0.0
74989,0.0,0.0,0.0
74990,0.0,0.0,0.0
74991,0.0,0.0,0.0
74992,0.0,0.0,0.0
74993,0.0,0.0,0.0
74994,0.0,0.0,0.0
74995,0.0,0.0,0.0
74996,0.0,0.0,0.0
74997,0.0,0.0,0.0
74998,0.0,0.0,0.0
74999,0.0,0.0,0.0
75000,0.0,0.0,0.0
75001,0.0,0.0,0.0
75002,0.0,0.0,0.0
75003,0.0,0.0,0.0
75004,0.0,0.0,0.0
75005,0.0,0.0,0.0
75006,0.0,0.0,0.0
75007,0.0,0.0,0.0
75008,0.0,0.0,0.0
75009,0.0,0.0,0.0
75010,0.0,0.0,0.0
75011,0.0,0.0,0.0
75012,0.0,0.0,0.0
75013,0.0,0.0,0.0
75014,0.0,0.0,0.0
75015,0.0,0.0,0.0
75016,0.0,0.0,0.0
75017,0.0,0.0,0.0
75018,0.0,0.0,0.0
75019,0.0,0.0,0.0
75020,0.0,0.0,0.0
75021,0.0,0.0,0.0
75022,0.0,0.0,0.0
75023,0.0,0.0,0.0
75024,0.0,0.0,0.0
75025,0.0,0.0,0.0
75026,0.0,0.0,0.0
75027,0.0,0.0,0.0
75028,0.0,0.0,0.0
75029,0.0,0.0,0.0
75030,0.0,0.0,0.0
75031,0.0,0.0,0.0
75032,0.0,0.0,0.0
75033,0.0,0.0,0.0
75034,0.0,0.0,0.0
75035,0.0,0.0,0.0
75036,0.0,0.0,0.0
75037,0.0,0.0,0.0
75038,0.0,0.0,0.0
75039,0.0,0.0,0.0
75040,0.0,0.0,0.0
75041,0.0,0.0,0.0
75042,0.0,0.0,0.0
75043,0.0,0.0,0.0
75044,0.0,0.0,0.0
75045,0.0,0.0,0.0
75046,0.0,0.0,0.0
75047,0.0,0.0,0.0
75048,0.0,0.0,0.0
75049,0.0,0.0,0.0
75050,0.0,0.0,0.0
75051,0.0,0.0,0.0
75052,0.0,0.0,0.0
75053,0.0,0.0,0.0
75054,0.0,0.0,0.0
75055,0.0,0.0,0.0
75056,0.0,0.0,0.0
75057,0.0,0.0,0.0
75058,0.0,0.0,0.0
75059,0.0,0.0,0.0
75060,0.0,0.0,0.0
75061,0.0,0.0,0.0
75062,0.0,0.0,0.0
75063,0.0,0.0,0.0
75064,0.0,0.0,0.0
75065,0.0,0.0,0.0
75066,0.0,0.0,0.0
75067,0.0,0.0,0.0
75068,0.0,0.0,0.0
75069,0.0,0.0,0.0
75070,0.0,0.0,0.0
75071,0.0,0.0,0.0
75072,0.0,0.0,0.0
75073,0.0,0.0,0.0
75074,0.0,0.0,0.0
75075,0.0,0.0,0.0
75076,0.0,0.0,0.0
75077,0.0,0.0,0.0
75078,0.0,0.0,0.0
75079,0.0,0.0,0.0
75080,0.0,0.0,0.0
75081,0.0,0.0,0.0
75082,0.0,0.0,0.0
75083,0.0,0.0,0.0
75084,0.0,0.0,0.0
75085,0.0,0.0,0.0
75086,0.0,0.0,0.0
75087,0.0,0.0,0.0
75088,0.0,0.0,0.0
75089,0.0,0.0,0.0
75090,0.0,0.0,0.0
75091,0.0,0.0,0.0
75092,0.0,0.0,0.0
75093,0.0,0.0,0.0
75094,0.0,0.0,0.0
75095,0.0,0.0,0.0
75096,0.0,0.0,0.0
75097,0.0,0.0,0.0
75098,0.0,0.0,0.0
75099,0.0,0.0,0.0
75100,0.0,0.0,0.0
75101,0.0,0.0,0.0
75102,0.0,0.0,0.0
75103,0.0,0.0,0.0
75104,0.0,0.0,0.0
75105,0.0,0.0,0.0
75106,0.0,0.0,0.0
75107,0.0,0.0,0.0
75108,0.0,0.0,0.0
75109,0.0,0.0,0.0
75110,0.0,0.0,0.0
75111,0.0,0.0,0.0
75112,0.0,0.0,0.0
75113,0.0,0.0,0.0
75114,0.0,0.0,0.0
75115,0.0,0.0,0.0
75116,0.0,0.0,0.0
75117,0.0,0.0,0.0
75118,0.0,0.0,0.0
75119,0.0,0.0,0.0
75120,0.0,0.0,0.0
75121,0.0,0.0,0.0
75122,0.0,0.0,0.0
75123,0.0,0.0,0.0
75124,0.0,0.0,0.0
75125,0.0,0.0,0.0
75126,0.0,0.0,0.0
75127,0.0,0.0,0.0
75128,0.0,0.0,0.0
75129,0.0,0.0,0.0
75130,0.0,0.0,0.0
75131,0.0,0.0,0.0
75132,0.0,0.0,0.0
75133,0.0,0.0,0.0
75134,0.0,0.0,0.0
75135,0.0,0.0,0.0
75136,0.0,0.0,0.0
75137,0.0,0.0,0.0
75138,0.0,0.0,0.0
75139,0.0,0.0,0.0
75140,0.0,0.0,0.0
75141,0.0,0.0,0.0
75142,0.0,0.0,0.0
75143,0.0,0.0,0.0
75144,0.0,0.0,0.0
75145,0.0,0.0,0.0
75146,0.0,0.0,0.0
75147,0.0,0.0,0.0
75148,0.0,0.0,0.0
75149,0.0,0.0,0.0
75150,0.0,0.0,0.0
75151,0.0,0.0,0.0
75152,0.0,0.0,0.0
75153,0.0,0.0,0.0
75154,0.0,0.0,0.0
75155,0.0,0.0,0.0
75156,0.0,0.0,0.0
75157,0.0,0.0,0.0
75158,0.0,0.0,0.0
75159,0.0,0.0,0.0
75160,0.0,0.0,0.0
75161,0.0,0.0,0.0
75162,0.0,0.0,0.0
75163,0.0,0.0,0.0
75164,0.0,0.0,0.0
75165,0.0,0.0,0.0
75166,0.0,0.0,0.0
75167,0.0,0.0,0.0
75168,0.0,0.0,0.0
75169,0.0,0.0,0.0
75170,0.0,0.0,0.0
75171,0.0,0.0,0.0
75172,0.0,0.0,0.0
75173,0.0,0.0,0.0
75174,0.0,0.0,0.0
75175,0.0,0.0,0.0
75176,0.0,0.0,0.0
75177,0.0,0.0,0.0
75178,0.0,0.0,0.0
75179,0.0,0.0,0.0
75180,0.0,0.0,0.0
75181,0.0,0.0,0.0
75182,0.0,0.0,0.0
75183,0.0,0.0,0.0
75184,0.0,0.0,0.0
75185,0.0,0.0,0.0
75186,0.0,0.0,0.0
75187,0.0,0.0,0.0
75188,0.0,0.0,0.0
75189,0.0,0.0,0.0
75190,0.0,0.0,0.0
75191,0.0,0.0,0.0
75192,0.0,0.0,0.0
75193,0.0,0.0,0.0
75194,0.0,0.0,0.0
75195,0.0,0.0,0.0
75196,0.0,0.0,0.0
75197,0.0,0.0,0.0
75198,0.0,0.0,0.0
75199,0.0,0.0,0.0
75200,0.0,0.0,0.0
75201,0.0,0.0,0.0
75202,0.0,0.0,0.0
75203,0.0,0.0,0.0
75204,0.0,0.0,0.0
75205,0.0,0.0,0.0
75206,0.0,0.0,0.0
75207,0.0,0.0,0.0
75208,0.0,0.0,0.0
75209,0.0,0.0,0.0
75210,0.0,0.0,0.0
75211,0.0,0.0,0.0
75212,0.0,0.0,0.0
75213,0.0,0.0,0.0
75214,0.0,0.0,0.0
75215,0.0,0.0,0.0
75216,0.0,0.0,0.0
75217,0.0,0.0,0.0
75218,0.0,0.0,0.0
75219,0.0,0.0,0.0
75220,0.0,0.0,0.0
75221,0.0,0.0,0.0
75222,0.0,0.0,0.0
75223,0.0,0.0,0.0
75224,0.0,0.0,0.0
75225,0.0,0.0,0.0
75226,0.0,0.0,0.0
75227,0.0,0.0,0.0
75228,0.0,0.0,0.0
75229,0.0,0.0,0.0
75230,0.0,0.0,0.0
75231,0.0,0.0,0.0
75232,0.0,0.0,0.0
75233,0.0,0.0,0.0
75234,0.0,0.0,0.0
75235,0.0,0.0,0.0
75236,0.0,0.0,0.0
75237,0.0,0.0,0.0
75238,0.0,0.0,0.0
75239,0.0,0.0,0.0
75240,0.0,0.0,0.0
75241,0.0,0.0,0.0
75242,0.0,0.0,0.0
75243,0.0,0.0,0.0
75244,0.0,0.0,0.0
75245,0.0,0.0,0.0
75246,0.0,0.0,0.0
75247,0.0,0.0,0.0
75248,0.0,0.0,0.0
75249,0.0,0.0,0.0
75250,0.0,0.0,0.0
75251,0.0,0.0,0.0
75252,0.0,0.0,0.0
75253,0.0,0.0,0.0
75254,0.0,0.0,0.0
75255,0.0,0.0,0.0
75256,0.0,0.0,0.0
75257,0.0,0.0,0.0
75258,0.0,0.0,0.0
75259,0.0,0.0,0.0
75260,0.0,0.0,0.0
75261,0.0,0.0,0.0
75262,0.0,0.0,0.0
75263,0.0,0.0,0.0
75264,0.0,0.0,0.0
75265,0.0,0.0,0.0
75266,0.0,0.0,0.0
75267,0.0,0.0,0.0
75268,0.0,0.0,0.0
75269,0.0,0.0,0.0
75270,0.0,0.0,0.0
75271,0.0,0.0,0.0
75272,0.0,0.0,0.0
75273,0.0,0.0,0.0
75274,0.0,0.0,0.0
75275,0.0,0.0,0.0
75276,0.0,0.0,0.0
75277,0.0,0.0,0.0
75278,0.0,0.0,0.0
75279,0.0,0.0,0.0
75280,0.0,0.0,0.0
75281,0.0,0.0,0.0
75282,0.0,0.0,0.0
75283,0.0,0.0,0.0
75284,0.0,0.0,0.0
75285,0.0,0.0,0.0
75286,0.0,0.0,0.0
75287,0.0,0.0,0.0
75288,0.0,0.0,0.0
75289,0.0,0.0,0.0
75290,0.0,0.0,0.0
75291,0.0,0.0,0.0
75292,0.0,0.0,0.0
75293,0.0,0.0,0.0
75294,0.0,0.0,0.0
75295,0.0,0.0,0.0
75296,0.0,0.0,0.0
75297,0.0,0.0,0.0
75298,0.0,0.0,0.0
75299,0.0,0.0,0.0
75300,0.0,0.0,0.0
75301,0.0,0.0,0.0
75302,0.0,0.0,0.0
75303,0.0,0.0,0.0
75304,0.0,0.0,0.0
75305,0.0,0.0,0.0
75306,0.0,0.0,0.0
75307,0.0,0.0,0.0
75308,0.0,0.0,0.0
75309,0.0,0.0,0.0
75310,0.0,0.0,0.0
75311,0.0,0.0,0.0
75312,0.0,0.0,0.0
75313,0.0,0.0,0.0
75314,0.0,0.0,0.0
75315,0.0,0.0,0.0
75316,0.0,0.0,0.0
75317,0.0,0.0,0.0
75318,0.0,0.0,0.0
75319,0.0,0.0,0.0
75320,0.0,0.0,0.0
75321,0.0,0.0,0.0
75322,0.0,0.0,0.0
75323,0.0,0.0,0.0
75324,0.0,0.0,0.0
75325,0.0,0.0,0.0
75326,0.0,0.0,0.0
75327,0.0,0.0,0.0
75328,0.0,0.0,0.0
75329,0.0,0.0,0.0
75330,0.0,0.0,0.0
75331,0.0,0.0,0.0
75332,0.0,0.0,0.0
75333,0.0,0.0,0.0
75334,0.0,0.0,0.0
75335,0.0,0.0,0.0
75336,0.0,0.0,0.0
75337,0.0,0.0,0.0
75338,0.0,0.0,0.0
75339,0.0,0.0,0.0
75340,0.0,0.0,0.0
75341,0.0,0.0,0.0
75342,0.0,0.0,0.0
75343,0.0,0.0,0.0
75344,0.0,0.0,0.0
75345,0.0,0.0,0.0
75346,0.0,0.0,0.0
75347,0.0,0.0,0.0
75348,0.0,0.0,0.0
75349,0.0,0.0,0.0
75350,0.0,0.0,0.0
75351,0.0,0.0,0.0
75352,0.0,0.0,0.0
75353,0.0,0.0,0.0
75354,0.0,0.0,0.0
75355,0.0,0.0,0.0
75356,0.0,0.0,0.0
75357,0.0,0.0,0.0
75358,0.0,0.0,0.0
75359,0.0,0.0,0.0
75360,0.0,0.0,0.0
75361,0.0,0.0,0.0
75362,0.0,0.0,0.0
75363,0.0,0.0,0.0
75364,0.0,0.0,0.0
75365,0.0,0.0,0.0
75366,0.0,0.0,0.0
75367,0.0,0.0,0.0
75368,0.0,0.0,0.0
75369,0.0,0.0,0.0
75370,0.0,0.0,0.0
75371,0.0,0.0,0.0
75372,0.0,0.0,0.0
75373,0.0,0.0,0.0
75374,0.0,0.0,0.0
75375,0.0,0.0,0.0
75376,0.0,0.0,0.0
75377,0.0,0.0,0.0
75378,0.0,0.0,0.0
75379,0.0,0.0,0.0
75380,0.0,0.0,0.0
75381,0.0,0.0,0.0
75382,0.0,0.0,0.0
75383,0.0,0.0,0.0
75384,0.0,0.0,0.0
75385,0.0,0.0,0.0
75386,0.0,0.0,0.0
75387,0.0,0.0,0.0
75388,0.0,0.0,0.0
75389,0.0,0.0,0.0
75390,0.0,0.0,0.0
75391,0.0,0.0,0.0
75392,0.0,0.0,0.0
75393,0.0,0.0,0.0
75394,0.0,0.0,0.0
75395,0.0,0.0,0.0
75396,0.0,0.0,0.0
75397,0.0,0.0,0.0
75398,0.0,0.0,0.0
75399,0.0,0.0,0.0
75400,0.0,0.0,0.0
75401,0.0,0.0,0.0
75402,0.0,0.0,0.0
75403,0.0,0.0,0.0
75404,0.0,0.0,0.0
75405,0.0,0.0,0.0
75406,0.0,0.0,0.0
75407,0.0,0.0,0.0
75408,0.0,0.0,0.0
75409,0.0,0.0,0.0
75410,0.0,0.0,0.0
75411,0.0,0.0,0.0
75412,0.0,0.0,0.0
75413,0.0,0.0,0.0
75414,0.0,0.0,0.0
75415,0.0,0.0,0.0
75416,0.0,0.0,0.0
75417,0.0,0.0,0.0
75418,0.0,0.0,0.0
75419,0.0,0.0,0.0
75420,0.0,0.0,0.0
75421,0.0,0.0,0.0
75422,0.0,0.0,0.0
75423,0.0,0.0,0.0
75424,0.0,0.0,0.0
75425,0.0,0.0,0.0
75426,0.0,0.0,0.0
75427,0.0,0.0,0.0
75428,0.0,0.0,0.0
75429,0.0,0.0,0.0
75430,0.0,0.0,0.0
75431,0.0,0.0,0.0
75432,0.0,0.0,0.0
75433,0.0,0.0,0.0
75434,0.0,0.0,0.0
75435,0.0,0.0,0.0
75436,0.0,0.0,0.0
75437,0.0,0.0,0.0
75438,0.0,0.0,0.0
75439,0.0,0.0,0.0
75440,0.0,0.0,0.0
75441,0.0,0.0,0.0
75442,0.0,0.0,0.0
75443,0.0,0.0,0.0
75444,0.0,0.0,0.0
75445,0.0,0.0,0.0
75446,0.0,0.0,0.0
75447,0.0,0.0,0.0
75448,0.0,0.0,0.0
75449,0.0,0.0,0.0
75450,0.0,0.0,0.0
75451,0.0,0.0,0.0
75452,0.0,0.0,0.0
75453,0.0,0.0,0.0
75454,0.0,0.0,0.0
75455,0.0,0.0,0.0
75456,0.0,0.0,0.0
75457,0.0,0.0,0.0
75458,0.0,0.0,0.0
75459,0.0,0.0,0.0
75460,0.0,0.0,0.0
75461,0.0,0.0,0.0
75462,0.0,0.0,0.0
75463,0.0,0.0,0.0
75464,0.0,0.0,0.0
75465,0.0,0.0,0.0
75466,0.0,0.0,0.0
75467,0.0,0.0,0.0
75468,0.0,0.0,0.0
75469,0.0,0.0,0.0
75470,0.0,0.0,0.0
75471,0.0,0.0,0.0
75472,0.0,0.0,0.0
75473,0.0,0.0,0.0
75474,0.0,0.0,0.0
75475,0.0,0.0,0.0
75476,0.0,0.0,0.0
75477,0.0,0.0,0.0
75478,0.0,0.0,0.0
75479,0.0,0.0,0.0
75480,0.0,0.0,0.0
75481,0.0,0.0,0.0
75482,0.0,0.0,0.0
75483,0.0,0.0,0.0
75484,0.0,0.0,0.0
75485,0.0,0.0,0.0
75486,0.0,0.0,0.0
75487,0.0,0.0,0.0
75488,0.0,0.0,0.0
75489,0.0,0.0,0.0
75490,0.0,0.0,0.0
75491,0.0,0.0,0.0
75492,0.0,0.0,0.0
75493,0.0,0.0,0.0
75494,0.0,0.0,0.0
75495,0.0,0.0,0.0
75496,0.0,0.0,0.0
75497,0.0,0.0,0.0
75498,0.0,0.0,0.0
75499,0.0,0.0,0.0
75500,0.0,0.0,0.0
75501,0.0,0.0,0.0
75502,0.0,0.0,0.0
75503,0.0,0.0,0.0
75504,0.0,0.0,0.0
75505,0.0,0.0,0.0
75506,0.0,0.0,0.0
75507,0.0,0.0,0.0
75508,0.0,0.0,0.0
75509,0.0,0.0,0.0
75510,0.0,0.0,0.0
75511,0.0,0.0,0.0
75512,0.0,0.0,0.0
75513,0.0,0.0,0.0
75514,0.0,0.0,0.0
75515,0.0,0.0,0.0
75516,0.0,0.0,0.0
75517,0.0,0.0,0.0
75518,0.0,0.0,0.0
75519,0.0,0.0,0.0
75520,0.0,0.0,0.0
75521,0.0,0.0,0.0
75522,0.0,0.0,0.0
75523,0.0,0.0,0.0
75524,0.0,0.0,0.0
75525,0.0,0.0,0.0
75526,0.0,0.0,0.0
75527,0.0,0.0,0.0
75528,0.0,0.0,0.0
75529,0.0,0.0,0.0
75530,0.0,0.0,0.0
75531,0.0,0.0,0.0
75532,0.0,0.0,0.0
75533,0.0,0.0,0.0
75534,0.0,0.0,0.0
75535,0.0,0.0,0.0
75536,0.0,0.0,0.0
75537,0.0,0.0,0.0
75538,0.0,0.0,0.0
75539,0.0,0.0,0.0
75540,0.0,0.0,0.0
75541,0.0,0.0,0.0
75542,0.0,0.0,0.0
75543,0.0,0.0,0.0
75544,0.0,0.0,0.0
75545,0.0,0.0,0.0
75546,0.0,0.0,0.0
75547,0.0,0.0,0.0
75548,0.0,0.0,0.0
75549,0.0,0.0,0.0
75550,0.0,0.0,0.0
75551,0.0,0.0,0.0
75552,0.0,0.0,0.0
75553,0.0,0.0,0.0
75554,0.0,0.0,0.0
75555,0.0,0.0,0.0
75556,0.0,0.0,0.0
75557,0.0,0.0,0.0
75558,0.0,0.0,0.0
75559,0.0,0.0,0.0
75560,0.0,0.0,0.0
75561,0.0,0.0,0.0
75562,0.0,0.0,0.0
75563,0.0,0.0,0.0
75564,0.0,0.0,0.0
75565,0.0,0.0,0.0
75566,0.0,0.0,0.0
75567,0.0,0.0,0.0
75568,0.0,0.0,0.0
75569,0.0,0.0,0.0
75570,0.0,0.0,0.0
75571,0.0,0.0,0.0
75572,0.0,0.0,0.0
75573,0.0,0.0,0.0
75574,0.0,0.0,0.0
75575,0.0,0.0,0.0
75576,0.0,0.0,0.0
75577,0.0,0.0,0.0
75578,0.0,0.0,0.0
75579,0.0,0.0,0.0
75580,0.0,0.0,0.0
75581,0.0,0.0,0.0
75582,0.0,0.0,0.0
75583,0.0,0.0,0.0
75584,0.0,0.0,0.0
75585,0.0,0.0,0.0
75586,0.0,0.0,0.0
75587,0.0,0.0,0.0
75588,0.0,0.0,0.0
75589,0.0,0.0,0.0
75590,0.0,0.0,0.0
75591,0.0,0.0,0.0
75592,0.0,0.0,0.0
75593,0.0,0.0,0.0
75594,0.0,0.0,0.0
75595,0.0,0.0,0.0
75596,0.0,0.0,0.0
75597,0.0,0.0,0.0
75598,0.0,0.0,0.0
75599,0.0,0.0,0.0
75600,0.0,0.0,0.0
75601,0.0,0.0,0.0
75602,0.0,0.0,0.0
75603,0.0,0.0,0.0
75604,0.0,0.0,0.0
75605,0.0,0.0,0.0
75606,0.0,0.0,0.0
75607,0.0,0.0,0.0
75608,0.0,0.0,0.0
75609,0.0,0.0,0.0
75610,0.0,0.0,0.0
75611,0.0,0.0,0.0
75612,0.0,0.0,0.0
75613,0.0,0.0,0.0
75614,0.0,0.0,0.0
75615,0.0,0.0,0.0
75616,0.0,0.0,0.0
75617,0.0,0.0,0.0
75618,0.0,0.0,0.0
75619,0.0,0.0,0.0
75620,0.0,0.0,0.0
75621,0.0,0.0,0.0
75622,0.0,0.0,0.0
75623,0.0,0.0,0.0
75624,0.0,0.0,0.0
75625,0.0,0.0,0.0
75626,0.0,0.0,0.0
75627,0.0,0.0,0.0
75628,0.0,0.0,0.0
75629,0.0,0.0,0.0
75630,0.0,0.0,0.0
75631,0.0,0.0,0.0
75632,0.0,0.0,0.0
75633,0.0,0.0,0.0
75634,0.0,0.0,0.0
75635,0.0,0.0,0.0
75636,0.0,0.0,0.0
75637,0.0,0.0,0.0
75638,0.0,0.0,0.0
75639,0.0,0.0,0.0
75640,0.0,0.0,0.0
75641,0.0,0.0,0.0
75642,0.0,0.0,0.0
75643,0.0,0.0,0.0
75644,0.0,0.0,0.0
75645,0.0,0.0,0.0
75646,0.0,0.0,0.0
75647,0.0,0.0,0.0
75648,0.0,0.0,0.0
75649,0.0,0.0,0.0
75650,0.0,0.0,0.0
75651,0.0,0.0,0.0
75652,0.0,0.0,0.0
75653,0.0,0.0,0.0
75654,0.0,0.0,0.0
75655,0.0,0.0,0.0
75656,0.0,0.0,0.0
75657,0.0,0.0,0.0
75658,0.0,0.0,0.0
75659,0.0,0.0,0.0
75660,0.0,0.0,0.0
75661,0.0,0.0,0.0
75662,0.0,0.0,0.0
75663,0.0,0.0,0.0
75664,0.0,0.0,0.0
75665,0.0,0.0,0.0
75666,0.0,0.0,0.0
75667,0.0,0.0,0.0
75668,0.0,0.0,0.0
75669,0.0,0.0,0.0
75670,0.0,0.0,0.0
75671,0.0,0.0,0.0
75672,0.0,0.0,0.0
75673,0.0,0.0,0.0
75674,0.0,0.0,0.0
75675,0.0,0.0,0.0
75676,0.0,0.0,0.0
75677,0.0,0.0,0.0
75678,0.0,0.0,0.0
75679,0.0,0.0,0.0
75680,0.0,0.0,0.0
75681,0.0,0.0,0.0
75682,0.0,0.0,0.0
75683,0.0,0.0,0.0
75684,0.0,0.0,0.0
75685,0.0,0.0,0.0
75686,0.0,0.0,0.0
75687,0.0,0.0,0.0
75688,0.0,0.0,0.0
75689,0.0,0.0,0.0
75690,0.0,0.0,0.0
75691,0.0,0.0,0.0
75692,0.0,0.0,0.0
75693,0.0,0.0,0.0
75694,0.0,0.0,0.0
75695,0.0,0.0,0.0
75696,0.0,0.0,0.0
75697,0.0,0.0,0.0
75698,0.0,0.0,0.0
75699,0.0,0.0,0.0
75700,0.0,0.0,0.0
75701,0.0,0.0,0.0
75702,0.0,0.0,0.0
75703,0.0,0.0,0.0
75704,0.0,0.0,0.0
75705,0.0,0.0,0.0
75706,0.0,0.0,0.0
75707,0.0,0.0,0.0
75708,0.0,0.0,0.0
75709,0.0,0.0,0.0
75710,0.0,0.0,0.0
75711,0.0,0.0,0.0
75712,0.0,0.0,0.0
75713,0.0,0.0,0.0
75714,0.0,0.0,0.0
75715,0.0,0.0,0.0
75716,0.0,0.0,0.0
75717,0.0,0.0,0.0
75718,0.0,0.0,0.0
75719,0.0,0.0,0.0
75720,0.0,0.0,0.0
75721,0.0,0.0,0.0
75722,0.0,0.0,0.0
75723,0.0,0.0,0.0
75724,0.0,0.0,0.0
75725,0.0,0.0,0.0
75726,0.0,0.0,0.0
75727,0.0,0.0,0.0
75728,0.0,0.0,0.0
75729,0.0,0.0,0.0
75730,0.0,0.0,0.0
75731,0.0,0.0,0.0
75732,0.0,0.0,0.0
75733,0.0,0.0,0.0
75734,0.0,0.0,0.0
75735,0.0,0.0,0.0
75736,0.0,0.0,0.0
75737,0.0,0.0,0.0
75738,0.0,0.0,0.0
75739,0.0,0.0,0.0
75740,0.0,0.0,0.0
75741,0.0,0.0,0.0
75742,0.0,0.0,0.0
75743,0.0,0.0,0.0
75744,0.0,0.0,0.0
75745,0.0,0.0,0.0
75746,0.0,0.0,0.0
75747,0.0,0.0,0.0
75748,0.0,0.0,0.0
75749,0.0,0.0,0.0
75750,0.0,0.0,0.0
75751,0.0,0.0,0.0
75752,0.0,0.0,0.0
75753,0.0,0.0,0.0
75754,0.0,0.0,0.0
75755,0.0,0.0,0.0
75756,0.0,0.0,0.0
75757,0.0,0.0,0.0
75758,0.0,0.0,0.0
75759,0.0,0.0,0.0
75760,0.0,0.0,0.0
75761,0.0,0.0,0.0
75762,0.0,0.0,0.0
75763,0.0,0.0,0.0
75764,0.0,0.0,0.0
75765,0.0,0.0,0.0
75766,0.0,0.0,0.0
75767,0.0,0.0,0.0
75768,0.0,0.0,0.0
75769,0.0,0.0,0.0
75770,0.0,0.0,0.0
75771,0.0,0.0,0.0
75772,0.0,0.0,0.0
75773,0.0,0.0,0.0
75774,0.0,0.0,0.0
75775,0.0,0.0,0.0
75776,0.0,0.0,0.0
75777,0.0,0.0,0.0
75778,0.0,0.0,0.0
75779,0.0,0.0,0.0
75780,0.0,0.0,0.0
75781,0.0,0.0,0.0
75782,0.0,0.0,0.0
75783,0.0,0.0,0.0
75784,0.0,0.0,0.0
75785,0.0,0.0,0.0
75786,0.0,0.0,0.0
75787,0.0,0.0,0.0
75788,0.0,0.0,0.0
75789,0.0,0.0,0.0
75790,0.0,0.0,0.0
75791,0.0,0.0,0.0
75792,0.0,0.0,0.0
75793,0.0,0.0,0.0
75794,0.0,0.0,0.0
75795,0.0,0.0,0.0
75796,0.0,0.0,0.0
75797,0.0,0.0,0.0
75798,0.0,0.0,0.0
75799,0.0,0.0,0.0
75800,0.0,0.0,0.0
75801,0.0,0.0,0.0
75802,0.0,0.0,0.0
75803,0.0,0.0,0.0
75804,0.0,0.0,0.0
75805,0.0,0.0,0.0
75806,0.0,0.0,0.0
75807,0.0,0.0,0.0
75808,0.0,0.0,0.0
75809,0.0,0.0,0.0
75810,0.0,0.0,0.0
75811,0.0,0.0,0.0
75812,0.0,0.0,0.0
75813,0.0,0.0,0.0
75814,0.0,0.0,0.0
75815,0.0,0.0,0.0
75816,0.0,0.0,0.0
75817,0.0,0.0,0.0
75818,0.0,0.0,0.0
75819,0.0,0.0,0.0
75820,0.0,0.0,0.0
75821,0.0,0.0,0.0
75822,0.0,0.0,0.0
75823,0.0,0.0,0.0
75824,0.0,0.0,0.0
75825,0.0,0.0,0.0
75826,0.0,0.0,0.0
75827,0.0,0.0,0.0
75828,0.0,0.0,0.0
75829,0.0,0.0,0.0
75830,0.0,0.0,0.0
75831,0.0,0.0,0.0
75832,0.0,0.0,0.0
75833,0.0,0.0,0.0
75834,0.0,0.0,0.0
75835,0.0,0.0,0.0
75836,0.0,0.0,0.0
75837,0.0,0.0,0.0
75838,0.0,0.0,0.0
75839,0.0,0.0,0.0
75840,0.0,0.0,0.0
75841,0.0,0.0,0.0
75842,0.0,0.0,0.0
75843,0.0,0.0,0.0
75844,0.0,0.0,0.0
75845,0.0,0.0,0.0
75846,0.0,0.0,0.0
75847,0.0,0.0,0.0
75848,0.0,0.0,0.0
75849,0.0,0.0,0.0
75850,0.0,0.0,0.0
75851,0.0,0.0,0.0
75852,0.0,0.0,0.0
75853,0.0,0.0,0.0
75854,0.0,0.0,0.0
75855,0.0,0.0,0.0
75856,0.0,0.0,0.0
75857,0.0,0.0,0.0
75858,0.0,0.0,0.0
75859,0.0,0.0,0.0
75860,0.0,0.0,0.0
75861,0.0,0.0,0.0
75862,0.0,0.0,0.0
75863,0.0,0.0,0.0
75864,0.0,0.0,0.0
75865,0.0,0.0,0.0
75866,0.0,0.0,0.0
75867,0.0,0.0,0.0
75868,0.0,0.0,0.0
75869,0.0,0.0,0.0
75870,0.0,0.0,0.0
75871,0.0,0.0,0.0
75872,0.0,0.0,0.0
75873,0.0,0.0,0.0
75874,0.0,0.0,0.0
75875,0.0,0.0,0.0
75876,0.0,0.0,0.0
75877,0.0,0.0,0.0
75878,0.0,0.0,0.0
75879,0.0,0.0,0.0
75880,0.0,0.0,0.0
75881,0.0,0.0,0.0
75882,0.0,0.0,0.0
75883,0.0,0.0,0.0
75884,0.0,0.0,0.0
75885,0.0,0.0,0.0
75886,0.0,0.0,0.0
75887,0.0,0.0,0.0
75888,0.0,0.0,0.0
75889,0.0,0.0,0.0
75890,0.0,0.0,0.0
75891,0.0,0.0,0.0
75892,0.0,0.0,0.0
75893,0.0,0.0,0.0
75894,0.0,0.0,0.0
75895,0.0,0.0,0.0
75896,0.0,0.0,0.0
75897,0.0,0.0,0.0
75898,0.0,0.0,0.0
75899,0.0,0.0,0.0
75900,0.0,0.0,0.0
75901,0.0,0.0,0.0
75902,0.0,0.0,0.0
75903,0.0,0.0,0.0
75904,0.0,0.0,0.0
75905,0.0,0.0,0.0
75906,0.0,0.0,0.0
75907,0.0,0.0,0.0
75908,0.0,0.0,0.0
75909,0.0,0.0,0.0
75910,0.0,0.0,0.0
75911,0.0,0.0,0.0
75912,0.0,0.0,0.0
75913,0.0,0.0,0.0
75914,0.0,0.0,0.0
75915,0.0,0.0,0.0
75916,0.0,0.0,0.0
75917,0.0,0.0,0.0
75918,0.0,0.0,0.0
75919,0.0,0.0,0.0
75920,0.0,0.0,0.0
75921,0.0,0.0,0.0
75922,0.0,0.0,0.0
75923,0.0,0.0,0.0
75924,0.0,0.0,0.0
75925,0.0,0.0,0.0
75926,0.0,0.0,0.0
75927,0.0,0.0,0.0
75928,0.0,0.0,0.0
75929,0.0,0.0,0.0
75930,0.0,0.0,0.0
75931,0.0,0.0,0.0
75932,0.0,0.0,0.0
75933,0.0,0.0,0.0
75934,0.0,0.0,0.0
75935,0.0,0.0,0.0
75936,0.0,0.0,0.0
75937,0.0,0.0,0.0
75938,0.0,0.0,0.0
75939,0.0,0.0,0.0
75940,0.0,0.0,0.0
75941,0.0,0.0,0.0
75942,0.0,0.0,0.0
75943,0.0,0.0,0.0
75944,0.0,0.0,0.0
75945,0.0,0.0,0.0
75946,0.0,0.0,0.0
75947,0.0,0.0,0.0
75948,0.0,0.0,0.0
75949,0.0,0.0,0.0
75950,0.0,0.0,0.0
75951,0.0,0.0,0.0
75952,0.0,0.0,0.0
75953,0.0,0.0,0.0
75954,0.0,0.0,0.0
75955,0.0,0.0,0.0
75956,0.0,0.0,0.0
75957,0.0,0.0,0.0
75958,0.0,0.0,0.0
75959,0.0,0.0,0.0
75960,0.0,0.0,0.0
75961,0.0,0.0,0.0
75962,0.0,0.0,0.0
75963,0.0,0.0,0.0
75964,0.0,0.0,0.0
75965,0.0,0.0,0.0
75966,0.0,0.0,0.0
75967,0.0,0.0,0.0
75968,0.0,0.0,0.0
75969,0.0,0.0,0.0
75970,0.0,0.0,0.0
75971,0.0,0.0,0.0
75972,0.0,0.0,0.0
75973,0.0,0.0,0.0
75974,0.0,0.0,0.0
75975,0.0,0.0,0.0
75976,0.0,0.0,0.0
75977,0.0,0.0,0.0
75978,0.0,0.0,0.0
75979,0.0,0.0,0.0
75980,0.0,0.0,0.0
75981,0.0,0.0,0.0
75982,0.0,0.0,0.0
75983,0.0,0.0,0.0
75984,0.0,0.0,0.0
75985,0.0,0.0,0.0
75986,0.0,0.0,0.0
75987,0.0,0.0,0.0
75988,0.0,0.0,0.0
75989,0.0,0.0,0.0
75990,0.0,0.0,0.0
75991,0.0,0.0,0.0
75992,0.0,0.0,0.0
75993,0.0,0.0,0.0
75994,0.0,0.0,0.0
75995,0.0,0.0,0.0
75996,0.0,0.0,0.0
75997,0.0,0.0,0.0
75998,0.0,0.0,0.0
75999,0.0,0.0,0.0
76000,0.0,0.0,0.0
76001,0.0,0.0,0.0
76002,0.0,0.0,0.0
76003,0.0,0.0,0.0
76004,0.0,0.0,0.0
76005,0.0,0.0,0.0
76006,0.0,0.0,0.0
76007,0.0,0.0,0.0
76008,0.0,0.0,0.0
76009,0.0,0.0,0.0
76010,0.0,0.0,0.0
76011,0.0,0.0,0.0
76012,0.0,0.0,0.0
76013,0.0,0.0,0.0
76014,0.0,0.0,0.0
76015,0.0,0.0,0.0
76016,0.0,0.0,0.0
76017,0.0,0.0,0.0
76018,0.0,0.0,0.0
76019,0.0,0.0,0.0
76020,0.0,0.0,0.0
76021,0.0,0.0,0.0
76022,0.0,0.0,0.0
76023,0.0,0.0,0.0
76024,0.0,0.0,0.0
76025,0.0,0.0,0.0
76026,0.0,0.0,0.0
76027,0.0,0.0,0.0
76028,0.0,0.0,0.0
76029,0.0,0.0,0.0
76030,0.0,0.0,0.0
76031,0.0,0.0,0.0
76032,0.0,0.0,0.0
76033,0.0,0.0,0.0
76034,0.0,0.0,0.0
76035,0.0,0.0,0.0
76036,0.0,0.0,0.0
76037,0.0,0.0,0.0
76038,0.0,0.0,0.0
76039,0.0,0.0,0.0
76040,0.0,0.0,0.0
76041,0.0,0.0,0.0
76042,0.0,0.0,0.0
76043,0.0,0.0,0.0
76044,0.0,0.0,0.0
76045,0.0,0.0,0.0
76046,0.0,0.0,0.0
76047,0.0,0.0,0.0
76048,0.0,0.0,0.0
76049,0.0,0.0,0.0
76050,0.0,0.0,0.0
76051,0.0,0.0,0.0
76052,0.0,0.0,0.0
76053,0.0,0.0,0.0
76054,0.0,0.0,0.0
76055,0.0,0.0,0.0
76056,0.0,0.0,0.0
76057,0.0,0.0,0.0
76058,0.0,0.0,0.0
76059,0.0,0.0,0.0
76060,0.0,0.0,0.0
76061,0.0,0.0,0.0
76062,0.0,0.0,0.0
76063,0.0,0.0,0.0
76064,0.0,0.0,0.0
76065,0.0,0.0,0.0
76066,0.0,0.0,0.0
76067,0.0,0.0,0.0
76068,0.0,0.0,0.0
76069,0.0,0.0,0.0
76070,0.0,0.0,0.0
76071,0.0,0.0,0.0
76072,0.0,0.0,0.0
76073,0.0,0.0,0.0
76074,0.0,0.0,0.0
76075,0.0,0.0,0.0
76076,0.0,0.0,0.0
76077,0.0,0.0,0.0
76078,0.0,0.0,0.0
76079,0.0,0.0,0.0
76080,0.0,0.0,0.0
76081,0.0,0.0,0.0
76082,0.0,0.0,0.0
76083,0.0,0.0,0.0
76084,0.0,0.0,0.0
76085,0.0,0.0,0.0
76086,0.0,0.0,0.0
76087,0.0,0.0,0.0
76088,0.0,0.0,0.0
76089,0.0,0.0,0.0
76090,0.0,0.0,0.0
76091,0.0,0.0,0.0
76092,0.0,0.0,0.0
76093,0.0,0.0,0.0
76094,0.0,0.0,0.0
76095,0.0,0.0,0.0
76096,0.0,0.0,0.0
76097,0.0,0.0,0.0
76098,0.0,0.0,0.0
76099,0.0,0.0,0.0
76100,0.0,0.0,0.0
76101,0.0,0.0,0.0
76102,0.0,0.0,0.0
76103,0.0,0.0,0.0
76104,0.0,0.0,0.0
76105,0.0,0.0,0.0
76106,0.0,0.0,0.0
76107,0.0,0.0,0.0
76108,0.0,0.0,0.0
76109,0.0,0.0,0.0
76110,0.0,0.0,0.0
76111,0.0,0.0,0.0
76112,0.0,0.0,0.0
76113,0.0,0.0,0.0
76114,0.0,0.0,0.0
76115,0.0,0.0,0.0
76116,0.0,0.0,0.0
76117,0.0,0.0,0.0
76118,0.0,0.0,0.0
76119,0.0,0.0,0.0
76120,0.0,0.0,0.0
76121,0.0,0.0,0.0
76122,0.0,0.0,0.0
76123,0.0,0.0,0.0
76124,0.0,0.0,0.0
76125,0.0,0.0,0.0
76126,0.0,0.0,0.0
76127,0.0,0.0,0.0
76128,0.0,0.0,0.0
76129,0.0,0.0,0.0
76130,0.0,0.0,0.0
76131,0.0,0.0,0.0
76132,0.0,0.0,0.0
76133,0.0,0.0,0.0
76134,0.0,0.0,0.0
76135,0.0,0.0,0.0
76136,0.0,0.0,0.0
76137,0.0,0.0,0.0
76138,0.0,0.0,0.0
76139,0.0,0.0,0.0
76140,0.0,0.0,0.0
76141,0.0,0.0,0.0
76142,0.0,0.0,0.0
76143,0.0,0.0,0.0
76144,0.0,0.0,0.0
76145,0.0,0.0,0.0
76146,0.0,0.0,0.0
76147,0.0,0.0,0.0
76148,0.0,0.0,0.0
76149,0.0,0.0,0.0
76150,0.0,0.0,0.0
76151,0.0,0.0,0.0
76152,0.0,0.0,0.0
76153,0.0,0.0,0.0
76154,0.0,0.0,0.0
76155,0.0,0.0,0.0
76156,0.0,0.0,0.0
76157,0.0,0.0,0.0
76158,0.0,0.0,0.0
76159,0.0,0.0,0.0
76160,0.0,0.0,0.0
76161,0.0,0.0,0.0
76162,0.0,0.0,0.0
76163,0.0,0.0,0.0
76164,0.0,0.0,0.0
76165,0.0,0.0,0.0
76166,0.0,0.0,0.0
76167,0.0,0.0,0.0
76168,0.0,0.0,0.0
76169,0.0,0.0,0.0
76170,0.0,0.0,0.0
76171,0.0,0.0,0.0
76172,0.0,0.0,0.0
76173,0.0,0.0,0.0
76174,0.0,0.0,0.0
76175,0.0,0.0,0.0
76176,0.0,0.0,0.0
76177,0.0,0.0,0.0
76178,0.0,0.0,0.0
76179,0.0,0.0,0.0
76180,0.0,0.0,0.0
76181,0.0,0.0,0.0
76182,0.0,0.0,0.0
76183,0.0,0.0,0.0
76184,0.0,0.0,0.0
76185,0.0,0.0,0.0
76186,0.0,0.0,0.0
76187,0.0,0.0,0.0
76188,0.0,0.0,0.0
76189,0.0,0.0,0.0
76190,0.0,0.0,0.0
76191,0.0,0.0,0.0
76192,0.0,0.0,0.0
76193,0.0,0.0,0.0
76194,0.0,0.0,0.0
76195,0.0,0.0,0.0
76196,0.0,0.0,0.0
76197,0.0,0.0,0.0
76198,0.0,0.0,0.0
76199,0.0,0.0,0.0
76200,0.0,0.0,0.0
76201,0.0,0.0,0.0
76202,0.0,0.0,0.0
76203,0.0,0.0,0.0
76204,0.0,0.0,0.0
76205,0.0,0.0,0.0
76206,0.0,0.0,0.0
76207,0.0,0.0,0.0
76208,0.0,0.0,0.0
76209,0.0,0.0,0.0
76210,0.0,0.0,0.0
76211,0.0,0.0,0.0
76212,0.0,0.0,0.0
76213,0.0,0.0,0.0
76214,0.0,0.0,0.0
76215,0.0,0.0,0.0
76216,0.0,0.0,0.0
76217,0.0,0.0,0.0
76218,0.0,0.0,0.0
76219,0.0,0.0,0.0
76220,0.0,0.0,0.0
76221,0.0,0.0,0.0
76222,0.0,0.0,0.0
76223,0.0,0.0,0.0
76224,0.0,0.0,0.0
76225,0.0,0.0,0.0
76226,0.0,0.0,0.0
76227,0.0,0.0,0.0
76228,0.0,0.0,0.0
76229,0.0,0.0,0.0
76230,0.0,0.0,0.0
76231,0.0,0.0,0.0
76232,0.0,0.0,0.0
76233,0.0,0.0,0.0
76234,0.0,0.0,0.0
76235,0.0,0.0,0.0
76236,0.0,0.0,0.0
76237,0.0,0.0,0.0
76238,0.0,0.0,0.0
76239,0.0,0.0,0.0
76240,0.0,0.0,0.0
76241,0.0,0.0,0.0
76242,0.0,0.0,0.0
76243,0.0,0.0,0.0
76244,0.0,0.0,0.0
76245,0.0,0.0,0.0
76246,0.0,0.0,0.0
76247,0.0,0.0,0.0
76248,0.0,0.0,0.0
76249,0.0,0.0,0.0
76250,0.0,0.0,0.0
76251,0.0,0.0,0.0
76252,0.0,0.0,0.0
76253,0.0,0.0,0.0
76254,0.0,0.0,0.0
76255,0.0,0.0,0.0
76256,0.0,0.0,0.0
76257,0.0,0.0,0.0
76258,0.0,0.0,0.0
76259,0.0,0.0,0.0
76260,0.0,0.0,0.0
76261,0.0,0.0,0.0
76262,0.0,0.0,0.0
76263,0.0,0.0,0.0
76264,0.0,0.0,0.0
76265,0.0,0.0,0.0
76266,0.0,0.0,0.0
76267,0.0,0.0,0.0
76268,0.0,0.0,0.0
76269,0.0,0.0,0.0
76270,0.0,0.0,0.0
76271,0.0,0.0,0.0
76272,0.0,0.0,0.0
76273,0.0,0.0,0.0
76274,0.0,0.0,0.0
76275,0.0,0.0,0.0
76276,0.0,0.0,0.0
76277,0.0,0.0,0.0
76278,0.0,0.0,0.0
76279,0.0,0.0,0.0
76280,0.0,0.0,0.0
76281,0.0,0.0,0.0
76282,0.0,0.0,0.0
76283,0.0,0.0,0.0
76284,0.0,0.0,0.0
76285,0.0,0.0,0.0
76286,0.0,0.0,0.0
76287,0.0,0.0,0.0
76288,0.0,0.0,0.0
76289,0.0,0.0,0.0
76290,0.0,0.0,0.0
76291,0.0,0.0,0.0
76292,0.0,0.0,0.0
76293,0.0,0.0,0.0
76294,0.0,0.0,0.0
76295,0.0,0.0,0.0
76296,0.0,0.0,0.0
76297,0.0,0.0,0.0
76298,0.0,0.0,0.0
76299,0.0,0.0,0.0
76300,0.0,0.0,0.0
76301,0.0,0.0,0.0
76302,0.0,0.0,0.0
76303,0.0,0.0,0.0
76304,0.0,0.0,0.0
76305,0.0,0.0,0.0
76306,0.0,0.0,0.0
76307,0.0,0.0,0.0
76308,0.0,0.0,0.0
76309,0.0,0.0,0.0
76310,0.0,0.0,0.0
76311,0.0,0.0,0.0
76312,0.0,0.0,0.0
76313,0.0,0.0,0.0
76314,0.0,0.0,0.0
76315,0.0,0.0,0.0
76316,0.0,0.0,0.0
76317,0.0,0.0,0.0
76318,0.0,0.0,0.0
76319,0.0,0.0,0.0
76320,0.0,0.0,0.0
76321,0.0,0.0,0.0
76322,0.0,0.0,0.0
76323,0.0,0.0,0.0
76324,0.0,0.0,0.0
76325,0.0,0.0,0.0
76326,0.0,0.0,0.0
76327,0.0,0.0,0.0
76328,0.0,0.0,0.0
76329,0.0,0.0,0.0
76330,0.0,0.0,0.0
76331,0.0,0.0,0.0
76332,0.0,0.0,0.0
76333,0.0,0.0,0.0
76334,0.0,0.0,0.0
76335,0.0,0.0,0.0
76336,0.0,0.0,0.0
76337,0.0,0.0,0.0
76338,0.0,0.0,0.0
76339,0.0,0.0,0.0
76340,0.0,0.0,0.0
76341,0.0,0.0,0.0
76342,0.0,0.0,0.0
76343,0.0,0.0,0.0
76344,0.0,0.0,0.0
76345,0.0,0.0,0.0
76346,0.0,0.0,0.0
76347,0.0,0.0,0.0
76348,0.0,0.0,0.0
76349,0.0,0.0,0.0
76350,0.0,0.0,0.0
76351,0.0,0.0,0.0
76352,0.0,0.0,0.0
76353,0.0,0.0,0.0
76354,0.0,0.0,0.0
76355,0.0,0.0,0.0
76356,0.0,0.0,0.0
76357,0.0,0.0,0.0
76358,0.0,0.0,0.0
76359,0.0,0.0,0.0
76360,0.0,0.0,0.0
76361,0.0,0.0,0.0
76362,0.0,0.0,0.0
76363,0.0,0.0,0.0
76364,0.0,0.0,0.0
76365,0.0,0.0,0.0
76366,0.0,0.0,0.0
76367,0.0,0.0,0.0
76368,0.0,0.0,0.0
76369,0.0,0.0,0.0
76370,0.0,0.0,0.0
76371,0.0,0.0,0.0
76372,0.0,0.0,0.0
76373,0.0,0.0,0.0
76374,0.0,0.0,0.0
76375,0.0,0.0,0.0
76376,0.0,0.0,0.0
76377,0.0,0.0,0.0
76378,0.0,0.0,0.0
76379,0.0,0.0,0.0
76380,0.0,0.0,0.0
76381,0.0,0.0,0.0
76382,0.0,0.0,0.0
76383,0.0,0.0,0.0
76384,0.0,0.0,0.0
76385,0.0,0.0,0.0
76386,0.0,0.0,0.0
76387,0.0,0.0,0.0
76388,0.0,0.0,0.0
76389,0.0,0.0,0.0
76390,0.0,0.0,0.0
76391,0.0,0.0,0.0
76392,0.0,0.0,0.0
76393,0.0,0.0,0.0
76394,0.0,0.0,0.0
76395,0.0,0.0,0.0
76396,0.0,0.0,0.0
76397,0.0,0.0,0.0
76398,0.0,0.0,0.0
76399,0.0,0.0,0.0
76400,0.0,0.0,0.0
76401,0.0,0.0,0.0
76402,0.0,0.0,0.0
76403,0.0,0.0,0.0
76404,0.0,0.0,0.0
76405,0.0,0.0,0.0
76406,0.0,0.0,0.0
76407,0.0,0.0,0.0
76408,0.0,0.0,0.0
76409,0.0,0.0,0.0
76410,0.0,0.0,0.0
76411,0.0,0.0,0.0
76412,0.0,0.0,0.0
76413,0.0,0.0,0.0
76414,0.0,0.0,0.0
76415,0.0,0.0,0.0
76416,0.0,0.0,0.0
76417,0.0,0.0,0.0
76418,0.0,0.0,0.0
76419,0.0,0.0,0.0
76420,0.0,0.0,0.0
76421,0.0,0.0,0.0
76422,0.0,0.0,0.0
76423,0.0,0.0,0.0
76424,0.0,0.0,0.0
76425,0.0,0.0,0.0
76426,0.0,0.0,0.0
76427,0.0,0.0,0.0
76428,0.0,0.0,0.0
76429,0.0,0.0,0.0
76430,0.0,0.0,0.0
76431,0.0,0.0,0.0
76432,0.0,0.0,0.0
76433,0.0,0.0,0.0
76434,0.0,0.0,0.0
76435,0.0,0.0,0.0
76436,0.0,0.0,0.0
76437,0.0,0.0,0.0
76438,0.0,0.0,0.0
76439,0.0,0.0,0.0
76440,0.0,0.0,0.0
76441,0.0,0.0,0.0
76442,0.0,0.0,0.0
76443,0.0,0.0,0.0
76444,0.0,0.0,0.0
76445,0.0,0.0,0.0
76446,0.0,0.0,0.0
76447,0.0,0.0,0.0
76448,0.0,0.0,0.0
76449,0.0,0.0,0.0
76450,0.0,0.0,0.0
76451,0.0,0.0,0.0
76452,0.0,0.0,0.0
76453,0.0,0.0,0.0
76454,0.0,0.0,0.0
76455,0.0,0.0,0.0
76456,0.0,0.0,0.0
76457,0.0,0.0,0.0
76458,0.0,0.0,0.0
76459,0.0,0.0,0.0
76460,0.0,0.0,0.0
76461,0.0,0.0,0.0
76462,0.0,0.0,0.0
76463,0.0,0.0,0.0
76464,0.0,0.0,0.0
76465,0.0,0.0,0.0
76466,0.0,0.0,0.0
76467,0.0,0.0,0.0
76468,0.0,0.0,0.0
76469,0.0,0.0,0.0
76470,0.0,0.0,0.0
76471,0.0,0.0,0.0
76472,0.0,0.0,0.0
76473,0.0,0.0,0.0
76474,0.0,0.0,0.0
76475,0.0,0.0,0.0
76476,0.0,0.0,0.0
76477,0.0,0.0,0.0
76478,0.0,0.0,0.0
76479,0.0,0.0,0.0
76480,0.0,0.0,0.0
76481,0.0,0.0,0.0
76482,0.0,0.0,0.0
76483,0.0,0.0,0.0
76484,0.0,0.0,0.0
76485,0.0,0.0,0.0
76486,0.0,0.0,0.0
76487,0.0,0.0,0.0
76488,0.0,0.0,0.0
76489,0.0,0.0,0.0
76490,0.0,0.0,0.0
76491,0.0,0.0,0.0
76492,0.0,0.0,0.0
76493,0.0,0.0,0.0
76494,0.0,0.0,0.0
76495,0.0,0.0,0.0
76496,0.0,0.0,0.0
76497,0.0,0.0,0.0
76498,0.0,0.0,0.0
76499,0.0,0.0,0.0
76500,0.0,0.0,0.0
76501,0.0,0.0,0.0
76502,0.0,0.0,0.0
76503,0.0,0.0,0.0
76504,0.0,0.0,0.0
76505,0.0,0.0,0.0
76506,0.0,0.0,0.0
76507,0.0,0.0,0.0
76508,0.0,0.0,0.0
76509,0.0,0.0,0.0
76510,0.0,0.0,0.0
76511,0.0,0.0,0.0
76512,0.0,0.0,0.0
76513,0.0,0.0,0.0
76514,0.0,0.0,0.0
76515,0.0,0.0,0.0
76516,0.0,0.0,0.0
76517,0.0,0.0,0.0
76518,0.0,0.0,0.0
76519,0.0,0.0,0.0
76520,0.0,0.0,0.0
76521,0.0,0.0,0.0
76522,0.0,0.0,0.0
76523,0.0,0.0,0.0
76524,0.0,0.0,0.0
76525,0.0,0.0,0.0
76526,0.0,0.0,0.0
76527,0.0,0.0,0.0
76528,0.0,0.0,0.0
76529,0.0,0.0,0.0
76530,0.0,0.0,0.0
76531,0.0,0.0,0.0
76532,0.0,0.0,0.0
76533,0.0,0.0,0.0
76534,0.0,0.0,0.0
76535,0.0,0.0,0.0
76536,0.0,0.0,0.0
76537,0.0,0.0,0.0
76538,0.0,0.0,0.0
76539,0.0,0.0,0.0
76540,0.0,0.0,0.0
76541,0.0,0.0,0.0
76542,0.0,0.0,0.0
76543,0.0,0.0,0.0
76544,0.0,0.0,0.0
76545,0.0,0.0,0.0
76546,0.0,0.0,0.0
76547,0.0,0.0,0.0
76548,0.0,0.0,0.0
76549,0.0,0.0,0.0
76550,0.0,0.0,0.0
76551,0.0,0.0,0.0
76552,0.0,0.0,0.0
76553,0.0,0.0,0.0
76554,0.0,0.0,0.0
76555,0.0,0.0,0.0
76556,0.0,0.0,0.0
76557,0.0,0.0,0.0
76558,0.0,0.0,0.0
76559,0.0,0.0,0.0
76560,0.0,0.0,0.0
76561,0.0,0.0,0.0
76562,0.0,0.0,0.0
76563,0.0,0.0,0.0
76564,0.0,0.0,0.0
76565,0.0,0.0,0.0
76566,0.0,0.0,0.0
76567,0.0,0.0,0.0
76568,0.0,0.0,0.0
76569,0.0,0.0,0.0
76570,0.0,0.0,0.0
76571,0.0,0.0,0.0
76572,0.0,0.0,0.0
76573,0.0,0.0,0.0
76574,0.0,0.0,0.0
76575,0.0,0.0,0.0
76576,0.0,0.0,0.0
76577,0.0,0.0,0.0
76578,0.0,0.0,0.0
76579,0.0,0.0,0.0
76580,0.0,0.0,0.0
76581,0.0,0.0,0.0
76582,0.0,0.0,0.0
76583,0.0,0.0,0.0
76584,0.0,0.0,0.0
76585,0.0,0.0,0.0
76586,0.0,0.0,0.0
76587,0.0,0.0,0.0
76588,0.0,0.0,0.0
76589,0.0,0.0,0.0
76590,0.0,0.0,0.0
76591,0.0,0.0,0.0
76592,0.0,0.0,0.0
76593,0.0,0.0,0.0
76594,0.0,0.0,0.0
76595,0.0,0.0,0.0
76596,0.0,0.0,0.0
76597,0.0,0.0,0.0
76598,0.0,0.0,0.0
76599,0.0,0.0,0.0
76600,0.0,0.0,0.0
76601,0.0,0.0,0.0
76602,0.0,0.0,0.0
76603,0.0,0.0,0.0
76604,0.0,0.0,0.0
76605,0.0,0.0,0.0
76606,0.0,0.0,0.0
76607,0.0,0.0,0.0
76608,0.0,0.0,0.0
76609,0.0,0.0,0.0
76610,0.0,0.0,0.0
76611,0.0,0.0,0.0
76612,0.0,0.0,0.0
76613,0.0,0.0,0.0
76614,0.0,0.0,0.0
76615,0.0,0.0,0.0
76616,0.0,0.0,0.0
76617,0.0,0.0,0.0
76618,0.0,0.0,0.0
76619,0.0,0.0,0.0
76620,0.0,0.0,0.0
76621,0.0,0.0,0.0
76622,0.0,0.0,0.0
76623,0.0,0.0,0.0
76624,0.0,0.0,0.0
76625,0.0,0.0,0.0
76626,0.0,0.0,0.0
76627,0.0,0.0,0.0
76628,0.0,0.0,0.0
76629,0.0,0.0,0.0
76630,0.0,0.0,0.0
76631,0.0,0.0,0.0
76632,0.0,0.0,0.0
76633,0.0,0.0,0.0
76634,0.0,0.0,0.0
76635,0.0,0.0,0.0
76636,0.0,0.0,0.0
76637,0.0,0.0,0.0
76638,0.0,0.0,0.0
76639,0.0,0.0,0.0
76640,0.0,0.0,0.0
76641,0.0,0.0,0.0
76642,0.0,0.0,0.0
76643,0.0,0.0,0.0
76644,0.0,0.0,0.0
76645,0.0,0.0,0.0
76646,0.0,0.0,0.0
76647,0.0,0.0,0.0
76648,0.0,0.0,0.0
76649,0.0,0.0,0.0
76650,0.0,0.0,0.0
76651,0.0,0.0,0.0
76652,0.0,0.0,0.0
76653,0.0,0.0,0.0
76654,0.0,0.0,0.0
76655,0.0,0.0,0.0
76656,0.0,0.0,0.0
76657,0.0,0.0,0.0
76658,0.0,0.0,0.0
76659,0.0,0.0,0.0
76660,0.0,0.0,0.0
76661,0.0,0.0,0.0
76662,0.0,0.0,0.0
76663,0.0,0.0,0.0
76664,0.0,0.0,0.0
76665,0.0,0.0,0.0
76666,0.0,0.0,0.0
76667,0.0,0.0,0.0
76668,0.0,0.0,0.0
76669,0.0,0.0,0.0
76670,0.0,0.0,0.0
76671,0.0,0.0,0.0
76672,0.0,0.0,0.0
76673,0.0,0.0,0.0
76674,0.0,0.0,0.0
76675,0.0,0.0,0.0
76676,0.0,0.0,0.0
76677,0.0,0.0,0.0
76678,0.0,0.0,0.0
76679,0.0,0.0,0.0
76680,0.0,0.0,0.0
76681,0.0,0.0,0.0
76682,0.0,0.0,0.0
76683,0.0,0.0,0.0
76684,0.0,0.0,0.0
76685,0.0,0.0,0.0
76686,0.0,0.0,0.0
76687,0.0,0.0,0.0
76688,0.0,0.0,0.0
76689,0.0,0.0,0.0
76690,0.0,0.0,0.0
76691,0.0,0.0,0.0
76692,0.0,0.0,0.0
76693,0.0,0.0,0.0
76694,0.0,0.0,0.0
76695,0.0,0.0,0.0
76696,0.0,0.0,0.0
76697,0.0,0.0,0.0
76698,0.0,0.0,0.0
76699,0.0,0.0,0.0
76700,0.0,0.0,0.0
76701,0.0,0.0,0.0
76702,0.0,0.0,0.0
76703,0.0,0.0,0.0
76704,0.0,0.0,0.0
76705,0.0,0.0,0.0
76706,0.0,0.0,0.0
76707,0.0,0.0,0.0
76708,0.0,0.0,0.0
76709,0.0,0.0,0.0
76710,0.0,0.0,0.0
76711,0.0,0.0,0.0
76712,0.0,0.0,0.0
76713,0.0,0.0,0.0
76714,0.0,0.0,0.0
76715,0.0,0.0,0.0
76716,0.0,0.0,0.0
76717,0.0,0.0,0.0
76718,0.0,0.0,0.0
76719,0.0,0.0,0.0
76720,0.0,0.0,0.0
76721,0.0,0.0,0.0
76722,0.0,0.0,0.0
76723,0.0,0.0,0.0
76724,0.0,0.0,0.0
76725,0.0,0.0,0.0
76726,0.0,0.0,0.0
76727,0.0,0.0,0.0
76728,0.0,0.0,0.0
76729,0.0,0.0,0.0
76730,0.0,0.0,0.0
76731,0.0,0.0,0.0
76732,0.0,0.0,0.0
76733,0.0,0.0,0.0
76734,0.0,0.0,0.0
76735,0.0,0.0,0.0
76736,0.0,0.0,0.0
76737,0.0,0.0,0.0
76738,0.0,0.0,0.0
76739,0.0,0.0,0.0
76740,0.0,0.0,0.0
76741,0.0,0.0,0.0
76742,0.0,0.0,0.0
76743,0.0,0.0,0.0
76744,0.0,0.0,0.0
76745,0.0,0.0,0.0
76746,0.0,0.0,0.0
76747,0.0,0.0,0.0
76748,0.0,0.0,0.0
76749,0.0,0.0,0.0
76750,0.0,0.0,0.0
76751,0.0,0.0,0.0
76752,0.0,0.0,0.0
76753,0.0,0.0,0.0
76754,0.0,0.0,0.0
76755,0.0,0.0,0.0
76756,0.0,0.0,0.0
76757,0.0,0.0,0.0
76758,0.0,0.0,0.0
76759,0.0,0.0,0.0
76760,0.0,0.0,0.0
76761,0.0,0.0,0.0
76762,0.0,0.0,0.0
76763,0.0,0.0,0.0
76764,0.0,0.0,0.0
76765,0.0,0.0,0.0
76766,0.0,0.0,0.0
76767,0.0,0.0,0.0
76768,0.0,0.0,0.0
76769,0.0,0.0,0.0
76770,0.0,0.0,0.0
76771,0.0,0.0,0.0
76772,0.0,0.0,0.0
76773,0.0,0.0,0.0
76774,0.0,0.0,0.0
76775,0.0,0.0,0.0
76776,0.0,0.0,0.0
76777,0.0,0.0,0.0
76778,0.0,0.0,0.0
76779,0.0,0.0,0.0
76780,0.0,0.0,0.0
76781,0.0,0.0,0.0
76782,0.0,0.0,0.0
76783,0.0,0.0,0.0
76784,0.0,0.0,0.0
76785,0.0,0.0,0.0
76786,0.0,0.0,0.0
76787,0.0,0.0,0.0
76788,0.0,0.0,0.0
76789,0.0,0.0,0.0
76790,0.0,0.0,0.0
76791,0.0,0.0,0.0
76792,0.0,0.0,0.0
76793,0.0,0.0,0.0
76794,0.0,0.0,0.0
76795,0.0,0.0,0.0
76796,0.0,0.0,0.0
76797,0.0,0.0,0.0
76798,0.0,0.0,0.0
76799,0.0,0.0,0.0
76800,0.0,0.0,0.0
76801,0.0,0.0,0.0
76802,0.0,0.0,0.0
76803,0.0,0.0,0.0
76804,0.0,0.0,0.0
76805,0.0,0.0,0.0
76806,0.0,0.0,0.0
76807,0.0,0.0,0.0
76808,0.0,0.0,0.0
76809,0.0,0.0,0.0
76810,0.0,0.0,0.0
76811,0.0,0.0,0.0
76812,0.0,0.0,0.0
76813,0.0,0.0,0.0
76814,0.0,0.0,0.0
76815,0.0,0.0,0.0
76816,0.0,0.0,0.0
76817,0.0,0.0,0.0
76818,0.0,0.0,0.0
76819,0.0,0.0,0.0
76820,0.0,0.0,0.0
76821,0.0,0.0,0.0
76822,0.0,0.0,0.0
76823,0.0,0.0,0.0
76824,0.0,0.0,0.0
76825,0.0,0.0,0.0
76826,0.0,0.0,0.0
76827,0.0,0.0,0.0
76828,0.0,0.0,0.0
76829,0.0,0.0,0.0
76830,0.0,0.0,0.0
76831,0.0,0.0,0.0
76832,0.0,0.0,0.0
76833,0.0,0.0,0.0
76834,0.0,0.0,0.0
76835,0.0,0.0,0.0
76836,0.0,0.0,0.0
76837,0.0,0.0,0.0
76838,0.0,0.0,0.0
76839,0.0,0.0,0.0
76840,0.0,0.0,0.0
76841,0.0,0.0,0.0
76842,0.0,0.0,0.0
76843,0.0,0.0,0.0
76844,0.0,0.0,0.0
76845,0.0,0.0,0.0
76846,0.0,0.0,0.0
76847,0.0,0.0,0.0
76848,0.0,0.0,0.0
76849,0.0,0.0,0.0
76850,0.0,0.0,0.0
76851,0.0,0.0,0.0
76852,0.0,0.0,0.0
76853,0.0,0.0,0.0
76854,0.0,0.0,0.0
76855,0.0,0.0,0.0
76856,0.0,0.0,0.0
76857,0.0,0.0,0.0
76858,0.0,0.0,0.0
76859,0.0,0.0,0.0
76860,0.0,0.0,0.0
76861,0.0,0.0,0.0
76862,0.0,0.0,0.0
76863,0.0,0.0,0.0
76864,0.0,0.0,0.0
76865,0.0,0.0,0.0
76866,0.0,0.0,0.0
76867,0.0,0.0,0.0
76868,0.0,0.0,0.0
76869,0.0,0.0,0.0
76870,0.0,0.0,0.0
76871,0.0,0.0,0.0
76872,0.0,0.0,0.0
76873,0.0,0.0,0.0
76874,0.0,0.0,0.0
76875,0.0,0.0,0.0
76876,0.0,0.0,0.0
76877,0.0,0.0,0.0
76878,0.0,0.0,0.0
76879,0.0,0.0,0.0
76880,0.0,0.0,0.0
76881,0.0,0.0,0.0
76882,0.0,0.0,0.0
76883,0.0,0.0,0.0
76884,0.0,0.0,0.0
76885,0.0,0.0,0.0
76886,0.0,0.0,0.0
76887,0.0,0.0,0.0
76888,0.0,0.0,0.0
76889,0.0,0.0,0.0
76890,0.0,0.0,0.0
76891,0.0,0.0,0.0
76892,0.0,0.0,0.0
76893,0.0,0.0,0.0
76894,0.0,0.0,0.0
76895,0.0,0.0,0.0
76896,0.0,0.0,0.0
76897,0.0,0.0,0.0
76898,0.0,0.0,0.0
76899,0.0,0.0,0.0
76900,0.0,0.0,0.0
76901,0.0,0.0,0.0
76902,0.0,0.0,0.0
76903,0.0,0.0,0.0
76904,0.0,0.0,0.0
76905,0.0,0.0,0.0
76906,0.0,0.0,0.0
76907,0.0,0.0,0.0
76908,0.0,0.0,0.0
76909,0.0,0.0,0.0
76910,0.0,0.0,0.0
76911,0.0,0.0,0.0
76912,0.0,0.0,0.0
76913,0.0,0.0,0.0
76914,0.0,0.0,0.0
76915,0.0,0.0,0.0
76916,0.0,0.0,0.0
76917,0.0,0.0,0.0
76918,0.0,0.0,0.0
76919,0.0,0.0,0.0
76920,0.0,0.0,0.0
76921,0.0,0.0,0.0
76922,0.0,0.0,0.0
76923,0.0,0.0,0.0
76924,0.0,0.0,0.0
76925,0.0,0.0,0.0
76926,0.0,0.0,0.0
76927,0.0,0.0,0.0
76928,0.0,0.0,0.0
76929,0.0,0.0,0.0
76930,0.0,0.0,0.0
76931,0.0,0.0,0.0
76932,0.0,0.0,0.0
76933,0.0,0.0,0.0
76934,0.0,0.0,0.0
76935,0.0,0.0,0.0
76936,0.0,0.0,0.0
76937,0.0,0.0,0.0
76938,0.0,0.0,0.0
76939,0.0,0.0,0.0
76940,0.0,0.0,0.0
76941,0.0,0.0,0.0
76942,0.0,0.0,0.0
76943,0.0,0.0,0.0
76944,0.0,0.0,0.0
76945,0.0,0.0,0.0
76946,0.0,0.0,0.0
76947,0.0,0.0,0.0
76948,0.0,0.0,0.0
76949,0.0,0.0,0.0
76950,0.0,0.0,0.0
76951,0.0,0.0,0.0
76952,0.0,0.0,0.0
76953,0.0,0.0,0.0
76954,0.0,0.0,0.0
76955,0.0,0.0,0.0
76956,0.0,0.0,0.0
76957,0.0,0.0,0.0
76958,0.0,0.0,0.0
76959,0.0,0.0,0.0
76960,0.0,0.0,0.0
76961,0.0,0.0,0.0
76962,0.0,0.0,0.0
76963,0.0,0.0,0.0
76964,0.0,0.0,0.0
76965,0.0,0.0,0.0
76966,0.0,0.0,0.0
76967,0.0,0.0,0.0
76968,0.0,0.0,0.0
76969,0.0,0.0,0.0
76970,0.0,0.0,0.0
76971,0.0,0.0,0.0
76972,0.0,0.0,0.0
76973,0.0,0.0,0.0
76974,0.0,0.0,0.0
76975,0.0,0.0,0.0
76976,0.0,0.0,0.0
76977,0.0,0.0,0.0
76978,0.0,0.0,0.0
76979,0.0,0.0,0.0
76980,0.0,0.0,0.0
76981,0.0,0.0,0.0
76982,0.0,0.0,0.0
76983,0.0,0.0,0.0
76984,0.0,0.0,0.0
76985,0.0,0.0,0.0
76986,0.0,0.0,0.0
76987,0.0,0.0,0.0
76988,0.0,0.0,0.0
76989,0.0,0.0,0.0
76990,0.0,0.0,0.0
76991,0.0,0.0,0.0
76992,0.0,0.0,0.0
76993,0.0,0.0,0.0
76994,0.0,0.0,0.0
76995,0.0,0.0,0.0
76996,0.0,0.0,0.0
76997,0.0,0.0,0.0
76998,0.0,0.0,0.0
76999,0.0,0.0,0.0
77000,0.0,0.0,0.0
77001,0.0,0.0,0.0
77002,0.0,0.0,0.0
77003,0.0,0.0,0.0
77004,0.0,0.0,0.0
77005,0.0,0.0,0.0
77006,0.0,0.0,0.0
77007,0.0,0.0,0.0
77008,0.0,0.0,0.0
77009,0.0,0.0,0.0
77010,0.0,0.0,0.0
77011,0.0,0.0,0.0
77012,0.0,0.0,0.0
77013,0.0,0.0,0.0
77014,0.0,0.0,0.0
77015,0.0,0.0,0.0
77016,0.0,0.0,0.0
77017,0.0,0.0,0.0
77018,0.0,0.0,0.0
77019,0.0,0.0,0.0
77020,0.0,0.0,0.0
77021,0.0,0.0,0.0
77022,0.0,0.0,0.0
77023,0.0,0.0,0.0
77024,0.0,0.0,0.0
77025,0.0,0.0,0.0
77026,0.0,0.0,0.0
77027,0.0,0.0,0.0
77028,0.0,0.0,0.0
77029,0.0,0.0,0.0
77030,0.0,0.0,0.0
77031,0.0,0.0,0.0
77032,0.0,0.0,0.0
77033,0.0,0.0,0.0
77034,0.0,0.0,0.0
77035,0.0,0.0,0.0
77036,0.0,0.0,0.0
77037,0.0,0.0,0.0
77038,0.0,0.0,0.0
77039,0.0,0.0,0.0
77040,0.0,0.0,0.0
77041,0.0,0.0,0.0
77042,0.0,0.0,0.0
77043,0.0,0.0,0.0
77044,0.0,0.0,0.0
77045,0.0,0.0,0.0
77046,0.0,0.0,0.0
77047,0.0,0.0,0.0
77048,0.0,0.0,0.0
77049,0.0,0.0,0.0
77050,0.0,0.0,0.0
77051,0.0,0.0,0.0
77052,0.0,0.0,0.0
77053,0.0,0.0,0.0
77054,0.0,0.0,0.0
77055,0.0,0.0,0.0
77056,0.0,0.0,0.0
77057,0.0,0.0,0.0
77058,0.0,0.0,0.0
77059,0.0,0.0,0.0
77060,0.0,0.0,0.0
77061,0.0,0.0,0.0
77062,0.0,0.0,0.0
77063,0.0,0.0,0.0
77064,0.0,0.0,0.0
77065,0.0,0.0,0.0
77066,0.0,0.0,0.0
77067,0.0,0.0,0.0
77068,0.0,0.0,0.0
77069,0.0,0.0,0.0
77070,0.0,0.0,0.0
77071,0.0,0.0,0.0
77072,0.0,0.0,0.0
77073,0.0,0.0,0.0
77074,0.0,0.0,0.0
77075,0.0,0.0,0.0
77076,0.0,0.0,0.0
77077,0.0,0.0,0.0
77078,0.0,0.0,0.0
77079,0.0,0.0,0.0
77080,0.0,0.0,0.0
77081,0.0,0.0,0.0
77082,0.0,0.0,0.0
77083,0.0,0.0,0.0
77084,0.0,0.0,0.0
77085,0.0,0.0,0.0
77086,0.0,0.0,0.0
77087,0.0,0.0,0.0
77088,0.0,0.0,0.0
77089,0.0,0.0,0.0
77090,0.0,0.0,0.0
77091,0.0,0.0,0.0
77092,0.0,0.0,0.0
77093,0.0,0.0,0.0
77094,0.0,0.0,0.0
77095,0.0,0.0,0.0
77096,0.0,0.0,0.0
77097,0.0,0.0,0.0
77098,0.0,0.0,0.0
77099,0.0,0.0,0.0
77100,0.0,0.0,0.0
77101,0.0,0.0,0.0
77102,0.0,0.0,0.0
77103,0.0,0.0,0.0
77104,0.0,0.0,0.0
77105,0.0,0.0,0.0
77106,0.0,0.0,0.0
77107,0.0,0.0,0.0
77108,0.0,0.0,0.0
77109,0.0,0.0,0.0
77110,0.0,0.0,0.0
77111,0.0,0.0,0.0
77112,0.0,0.0,0.0
77113,0.0,0.0,0.0
77114,0.0,0.0,0.0
77115,0.0,0.0,0.0
77116,0.0,0.0,0.0
77117,0.0,0.0,0.0
77118,0.0,0.0,0.0
77119,0.0,0.0,0.0
77120,0.0,0.0,0.0
77121,0.0,0.0,0.0
77122,0.0,0.0,0.0
77123,0.0,0.0,0.0
77124,0.0,0.0,0.0
77125,0.0,0.0,0.0
77126,0.0,0.0,0.0
77127,0.0,0.0,0.0
77128,0.0,0.0,0.0
77129,0.0,0.0,0.0
77130,0.0,0.0,0.0
77131,0.0,0.0,0.0
77132,0.0,0.0,0.0
77133,0.0,0.0,0.0
77134,0.0,0.0,0.0
77135,0.0,0.0,0.0
77136,0.0,0.0,0.0
77137,0.0,0.0,0.0
77138,0.0,0.0,0.0
77139,0.0,0.0,0.0
77140,0.0,0.0,0.0
77141,0.0,0.0,0.0
77142,0.0,0.0,0.0
77143,0.0,0.0,0.0
77144,0.0,0.0,0.0
77145,0.0,0.0,0.0
77146,0.0,0.0,0.0
77147,0.0,0.0,0.0
77148,0.0,0.0,0.0
77149,0.0,0.0,0.0
77150,0.0,0.0,0.0
77151,0.0,0.0,0.0
77152,0.0,0.0,0.0
77153,0.0,0.0,0.0
77154,0.0,0.0,0.0
77155,0.0,0.0,0.0
77156,0.0,0.0,0.0
77157,0.0,0.0,0.0
77158,0.0,0.0,0.0
77159,0.0,0.0,0.0
77160,0.0,0.0,0.0
77161,0.0,0.0,0.0
77162,0.0,0.0,0.0
77163,0.0,0.0,0.0
77164,0.0,0.0,0.0
77165,0.0,0.0,0.0
77166,0.0,0.0,0.0
77167,0.0,0.0,0.0
77168,0.0,0.0,0.0
77169,0.0,0.0,0.0
77170,0.0,0.0,0.0
77171,0.0,0.0,0.0
77172,0.0,0.0,0.0
77173,0.0,0.0,0.0
77174,0.0,0.0,0.0
77175,0.0,0.0,0.0
77176,0.0,0.0,0.0
77177,0.0,0.0,0.0
77178,0.0,0.0,0.0
77179,0.0,0.0,0.0
77180,0.0,0.0,0.0
77181,0.0,0.0,0.0
77182,0.0,0.0,0.0
77183,0.0,0.0,0.0
77184,0.0,0.0,0.0
77185,0.0,0.0,0.0
77186,0.0,0.0,0.0
77187,0.0,0.0,0.0
77188,0.0,0.0,0.0
77189,0.0,0.0,0.0
77190,0.0,0.0,0.0
77191,0.0,0.0,0.0
77192,0.0,0.0,0.0
77193,0.0,0.0,0.0
77194,0.0,0.0,0.0
77195,0.0,0.0,0.0
77196,0.0,0.0,0.0
77197,0.0,0.0,0.0
77198,0.0,0.0,0.0
77199,0.0,0.0,0.0
77200,0.0,0.0,0.0
77201,0.0,0.0,0.0
77202,0.0,0.0,0.0
77203,0.0,0.0,0.0
77204,0.0,0.0,0.0
77205,0.0,0.0,0.0
77206,0.0,0.0,0.0
77207,0.0,0.0,0.0
77208,0.0,0.0,0.0
77209,0.0,0.0,0.0
77210,0.0,0.0,0.0
77211,0.0,0.0,0.0
77212,0.0,0.0,0.0
77213,0.0,0.0,0.0
77214,0.0,0.0,0.0
77215,0.0,0.0,0.0
77216,0.0,0.0,0.0
77217,0.0,0.0,0.0
77218,0.0,0.0,0.0
77219,0.0,0.0,0.0
77220,0.0,0.0,0.0
77221,0.0,0.0,0.0
77222,0.0,0.0,0.0
77223,0.0,0.0,0.0
77224,0.0,0.0,0.0
77225,0.0,0.0,0.0
77226,0.0,0.0,0.0
77227,0.0,0.0,0.0
77228,0.0,0.0,0.0
77229,0.0,0.0,0.0
77230,0.0,0.0,0.0
77231,0.0,0.0,0.0
77232,0.0,0.0,0.0
77233,0.0,0.0,0.0
77234,0.0,0.0,0.0
77235,0.0,0.0,0.0
77236,0.0,0.0,0.0
77237,0.0,0.0,0.0
77238,0.0,0.0,0.0
77239,0.0,0.0,0.0
77240,0.0,0.0,0.0
77241,0.0,0.0,0.0
77242,0.0,0.0,0.0
77243,0.0,0.0,0.0
77244,0.0,0.0,0.0
77245,0.0,0.0,0.0
77246,0.0,0.0,0.0
77247,0.0,0.0,0.0
77248,0.0,0.0,0.0
77249,0.0,0.0,0.0
77250,0.0,0.0,0.0
77251,0.0,0.0,0.0
77252,0.0,0.0,0.0
77253,0.0,0.0,0.0
77254,0.0,0.0,0.0
77255,0.0,0.0,0.0
77256,0.0,0.0,0.0
77257,0.0,0.0,0.0
77258,0.0,0.0,0.0
77259,0.0,0.0,0.0
77260,0.0,0.0,0.0
77261,0.0,0.0,0.0
77262,0.0,0.0,0.0
77263,0.0,0.0,0.0
77264,0.0,0.0,0.0
77265,0.0,0.0,0.0
77266,0.0,0.0,0.0
77267,0.0,0.0,0.0
77268,0.0,0.0,0.0
77269,0.0,0.0,0.0
77270,0.0,0.0,0.0
77271,0.0,0.0,0.0
77272,0.0,0.0,0.0
77273,0.0,0.0,0.0
77274,0.0,0.0,0.0
77275,0.0,0.0,0.0
77276,0.0,0.0,0.0
77277,0.0,0.0,0.0
77278,0.0,0.0,0.0
77279,0.0,0.0,0.0
77280,0.0,0.0,0.0
77281,0.0,0.0,0.0
77282,0.0,0.0,0.0
77283,0.0,0.0,0.0
77284,0.0,0.0,0.0
77285,0.0,0.0,0.0
77286,0.0,0.0,0.0
77287,0.0,0.0,0.0
77288,0.0,0.0,0.0
77289,0.0,0.0,0.0
77290,0.0,0.0,0.0
77291,0.0,0.0,0.0
77292,0.0,0.0,0.0
77293,0.0,0.0,0.0
77294,0.0,0.0,0.0
77295,0.0,0.0,0.0
77296,0.0,0.0,0.0
77297,0.0,0.0,0.0
77298,0.0,0.0,0.0
77299,0.0,0.0,0.0
77300,0.0,0.0,0.0
77301,0.0,0.0,0.0
77302,0.0,0.0,0.0
77303,0.0,0.0,0.0
77304,0.0,0.0,0.0
77305,0.0,0.0,0.0
77306,0.0,0.0,0.0
77307,0.0,0.0,0.0
77308,0.0,0.0,0.0
77309,0.0,0.0,0.0
77310,0.0,0.0,0.0
77311,0.0,0.0,0.0
77312,0.0,0.0,0.0
77313,0.0,0.0,0.0
77314,0.0,0.0,0.0
77315,0.0,0.0,0.0
77316,0.0,0.0,0.0
77317,0.0,0.0,0.0
77318,0.0,0.0,0.0
77319,0.0,0.0,0.0
77320,0.0,0.0,0.0
77321,0.0,0.0,0.0
77322,0.0,0.0,0.0
77323,0.0,0.0,0.0
77324,0.0,0.0,0.0
77325,0.0,0.0,0.0
77326,0.0,0.0,0.0
77327,0.0,0.0,0.0
77328,0.0,0.0,0.0
77329,0.0,0.0,0.0
77330,0.0,0.0,0.0
77331,0.0,0.0,0.0
77332,0.0,0.0,0.0
77333,0.0,0.0,0.0
77334,0.0,0.0,0.0
77335,0.0,0.0,0.0
77336,0.0,0.0,0.0
77337,0.0,0.0,0.0
77338,0.0,0.0,0.0
77339,0.0,0.0,0.0
77340,0.0,0.0,0.0
77341,0.0,0.0,0.0
77342,0.0,0.0,0.0
77343,0.0,0.0,0.0
77344,0.0,0.0,0.0
77345,0.0,0.0,0.0
77346,0.0,0.0,0.0
77347,0.0,0.0,0.0
77348,0.0,0.0,0.0
77349,0.0,0.0,0.0
77350,0.0,0.0,0.0
77351,0.0,0.0,0.0
77352,0.0,0.0,0.0
77353,0.0,0.0,0.0
77354,0.0,0.0,0.0
77355,0.0,0.0,0.0
77356,0.0,0.0,0.0
77357,0.0,0.0,0.0
77358,0.0,0.0,0.0
77359,0.0,0.0,0.0
77360,0.0,0.0,0.0
77361,0.0,0.0,0.0
77362,0.0,0.0,0.0
77363,0.0,0.0,0.0
77364,0.0,0.0,0.0
77365,0.0,0.0,0.0
77366,0.0,0.0,0.0
77367,0.0,0.0,0.0
77368,0.0,0.0,0.0
77369,0.0,0.0,0.0
77370,0.0,0.0,0.0
77371,0.0,0.0,0.0
77372,0.0,0.0,0.0
77373,0.0,0.0,0.0
77374,0.0,0.0,0.0
77375,0.0,0.0,0.0
77376,0.0,0.0,0.0
77377,0.0,0.0,0.0
77378,0.0,0.0,0.0
77379,0.0,0.0,0.0
77380,0.0,0.0,0.0
77381,0.0,0.0,0.0
77382,0.0,0.0,0.0
77383,0.0,0.0,0.0
77384,0.0,0.0,0.0
77385,0.0,0.0,0.0
77386,0.0,0.0,0.0
77387,0.0,0.0,0.0
77388,0.0,0.0,0.0
77389,0.0,0.0,0.0
77390,0.0,0.0,0.0
77391,0.0,0.0,0.0
77392,0.0,0.0,0.0
77393,0.0,0.0,0.0
77394,0.0,0.0,0.0
77395,0.0,0.0,0.0
77396,0.0,0.0,0.0
77397,0.0,0.0,0.0
77398,0.0,0.0,0.0
77399,0.0,0.0,0.0
77400,0.0,0.0,0.0
77401,0.0,0.0,0.0
77402,0.0,0.0,0.0
77403,0.0,0.0,0.0
77404,0.0,0.0,0.0
77405,0.0,0.0,0.0
77406,0.0,0.0,0.0
77407,0.0,0.0,0.0
77408,0.0,0.0,0.0
77409,0.0,0.0,0.0
77410,0.0,0.0,0.0
77411,0.0,0.0,0.0
77412,0.0,0.0,0.0
77413,0.0,0.0,0.0
77414,0.0,0.0,0.0
77415,0.0,0.0,0.0
77416,0.0,0.0,0.0
77417,0.0,0.0,0.0
77418,0.0,0.0,0.0
77419,0.0,0.0,0.0
77420,0.0,0.0,0.0
77421,0.0,0.0,0.0
77422,0.0,0.0,0.0
77423,0.0,0.0,0.0
77424,0.0,0.0,0.0
77425,0.0,0.0,0.0
77426,0.0,0.0,0.0
77427,0.0,0.0,0.0
77428,0.0,0.0,0.0
77429,0.0,0.0,0.0
77430,0.0,0.0,0.0
77431,0.0,0.0,0.0
77432,0.0,0.0,0.0
77433,0.0,0.0,0.0
77434,0.0,0.0,0.0
77435,0.0,0.0,0.0
77436,0.0,0.0,0.0
77437,0.0,0.0,0.0
77438,0.0,0.0,0.0
77439,0.0,0.0,0.0
77440,0.0,0.0,0.0
77441,0.0,0.0,0.0
77442,0.0,0.0,0.0
77443,0.0,0.0,0.0
77444,0.0,0.0,0.0
77445,0.0,0.0,0.0
77446,0.0,0.0,0.0
77447,0.0,0.0,0.0
77448,0.0,0.0,0.0
77449,0.0,0.0,0.0
77450,0.0,0.0,0.0
77451,0.0,0.0,0.0
77452,0.0,0.0,0.0
77453,0.0,0.0,0.0
77454,0.0,0.0,0.0
77455,0.0,0.0,0.0
77456,0.0,0.0,0.0
77457,0.0,0.0,0.0
77458,0.0,0.0,0.0
77459,0.0,0.0,0.0
77460,0.0,0.0,0.0
77461,0.0,0.0,0.0
77462,0.0,0.0,0.0
77463,0.0,0.0,0.0
77464,0.0,0.0,0.0
77465,0.0,0.0,0.0
77466,0.0,0.0,0.0
77467,0.0,0.0,0.0
77468,0.0,0.0,0.0
77469,0.0,0.0,0.0
77470,0.0,0.0,0.0
77471,0.0,0.0,0.0
77472,0.0,0.0,0.0
77473,0.0,0.0,0.0
77474,0.0,0.0,0.0
77475,0.0,0.0,0.0
77476,0.0,0.0,0.0
77477,0.0,0.0,0.0
77478,0.0,0.0,0.0
77479,0.0,0.0,0.0
77480,0.0,0.0,0.0
77481,0.0,0.0,0.0
77482,0.0,0.0,0.0
77483,0.0,0.0,0.0
77484,0.0,0.0,0.0
77485,0.0,0.0,0.0
77486,0.0,0.0,0.0
77487,0.0,0.0,0.0
77488,0.0,0.0,0.0
77489,0.0,0.0,0.0
77490,0.0,0.0,0.0
77491,0.0,0.0,0.0
77492,0.0,0.0,0.0
77493,0.0,0.0,0.0
77494,0.0,0.0,0.0
77495,0.0,0.0,0.0
77496,0.0,0.0,0.0
77497,0.0,0.0,0.0
77498,0.0,0.0,0.0
77499,0.0,0.0,0.0
77500,0.0,0.0,0.0
77501,0.0,0.0,0.0
77502,0.0,0.0,0.0
77503,0.0,0.0,0.0
77504,0.0,0.0,0.0
77505,0.0,0.0,0.0
77506,0.0,0.0,0.0
77507,0.0,0.0,0.0
77508,0.0,0.0,0.0
77509,0.0,0.0,0.0
77510,0.0,0.0,0.0
77511,0.0,0.0,0.0
77512,0.0,0.0,0.0
77513,0.0,0.0,0.0
77514,0.0,0.0,0.0
77515,0.0,0.0,0.0
77516,0.0,0.0,0.0
77517,0.0,0.0,0.0
77518,0.0,0.0,0.0
77519,0.0,0.0,0.0
77520,0.0,0.0,0.0
77521,0.0,0.0,0.0
77522,0.0,0.0,0.0
77523,0.0,0.0,0.0
77524,0.0,0.0,0.0
77525,0.0,0.0,0.0
77526,0.0,0.0,0.0
77527,0.0,0.0,0.0
77528,0.0,0.0,0.0
77529,0.0,0.0,0.0
77530,0.0,0.0,0.0
77531,0.0,0.0,0.0
77532,0.0,0.0,0.0
77533,0.0,0.0,0.0
77534,0.0,0.0,0.0
77535,0.0,0.0,0.0
77536,0.0,0.0,0.0
77537,0.0,0.0,0.0
77538,0.0,0.0,0.0
77539,0.0,0.0,0.0
77540,0.0,0.0,0.0
77541,0.0,0.0,0.0
77542,0.0,0.0,0.0
77543,0.0,0.0,0.0
77544,0.0,0.0,0.0
77545,0.0,0.0,0.0
77546,0.0,0.0,0.0
77547,0.0,0.0,0.0
77548,0.0,0.0,0.0
77549,0.0,0.0,0.0
77550,0.0,0.0,0.0
77551,0.0,0.0,0.0
77552,0.0,0.0,0.0
77553,0.0,0.0,0.0
77554,0.0,0.0,0.0
77555,0.0,0.0,0.0
77556,0.0,0.0,0.0
77557,0.0,0.0,0.0
77558,0.0,0.0,0.0
77559,0.0,0.0,0.0
77560,0.0,0.0,0.0
77561,0.0,0.0,0.0
77562,0.0,0.0,0.0
77563,0.0,0.0,0.0
77564,0.0,0.0,0.0
77565,0.0,0.0,0.0
77566,0.0,0.0,0.0
77567,0.0,0.0,0.0
77568,0.0,0.0,0.0
77569,0.0,0.0,0.0
77570,0.0,0.0,0.0
77571,0.0,0.0,0.0
77572,0.0,0.0,0.0
77573,0.0,0.0,0.0
77574,0.0,0.0,0.0
77575,0.0,0.0,0.0
77576,0.0,0.0,0.0
77577,0.0,0.0,0.0
77578,0.0,0.0,0.0
77579,0.0,0.0,0.0
77580,0.0,0.0,0.0
77581,0.0,0.0,0.0
77582,0.0,0.0,0.0
77583,0.0,0.0,0.0
77584,0.0,0.0,0.0
77585,0.0,0.0,0.0
77586,0.0,0.0,0.0
77587,0.0,0.0,0.0
77588,0.0,0.0,0.0
77589,0.0,0.0,0.0
77590,0.0,0.0,0.0
77591,0.0,0.0,0.0
77592,0.0,0.0,0.0
77593,0.0,0.0,0.0
77594,0.0,0.0,0.0
77595,0.0,0.0,0.0
77596,0.0,0.0,0.0
77597,0.0,0.0,0.0
77598,0.0,0.0,0.0
77599,0.0,0.0,0.0
77600,0.0,0.0,0.0
77601,0.0,0.0,0.0
77602,0.0,0.0,0.0
77603,0.0,0.0,0.0
77604,0.0,0.0,0.0
77605,0.0,0.0,0.0
77606,0.0,0.0,0.0
77607,0.0,0.0,0.0
77608,0.0,0.0,0.0
77609,0.0,0.0,0.0
77610,0.0,0.0,0.0
77611,0.0,0.0,0.0
77612,0.0,0.0,0.0
77613,0.0,0.0,0.0
77614,0.0,0.0,0.0
77615,0.0,0.0,0.0
77616,0.0,0.0,0.0
77617,0.0,0.0,0.0
77618,0.0,0.0,0.0
77619,0.0,0.0,0.0
77620,0.0,0.0,0.0
77621,0.0,0.0,0.0
77622,0.0,0.0,0.0
77623,0.0,0.0,0.0
77624,0.0,0.0,0.0
77625,0.0,0.0,0.0
77626,0.0,0.0,0.0
77627,0.0,0.0,0.0
77628,0.0,0.0,0.0
77629,0.0,0.0,0.0
77630,0.0,0.0,0.0
77631,0.0,0.0,0.0
77632,0.0,0.0,0.0
77633,0.0,0.0,0.0
77634,0.0,0.0,0.0
77635,0.0,0.0,0.0
77636,0.0,0.0,0.0
77637,0.0,0.0,0.0
77638,0.0,0.0,0.0
77639,0.0,0.0,0.0
77640,0.0,0.0,0.0
77641,0.0,0.0,0.0
77642,0.0,0.0,0.0
77643,0.0,0.0,0.0
77644,0.0,0.0,0.0
77645,0.0,0.0,0.0
77646,0.0,0.0,0.0
77647,0.0,0.0,0.0
77648,0.0,0.0,0.0
77649,0.0,0.0,0.0
77650,0.0,0.0,0.0
77651,0.0,0.0,0.0
77652,0.0,0.0,0.0
77653,0.0,0.0,0.0
77654,0.0,0.0,0.0
77655,0.0,0.0,0.0
77656,0.0,0.0,0.0
77657,0.0,0.0,0.0
77658,0.0,0.0,0.0
77659,0.0,0.0,0.0
77660,0.0,0.0,0.0
77661,0.0,0.0,0.0
77662,0.0,0.0,0.0
77663,0.0,0.0,0.0
77664,0.0,0.0,0.0
77665,0.0,0.0,0.0
77666,0.0,0.0,0.0
77667,0.0,0.0,0.0
77668,0.0,0.0,0.0
77669,0.0,0.0,0.0
77670,0.0,0.0,0.0
77671,0.0,0.0,0.0
77672,0.0,0.0,0.0
77673,0.0,0.0,0.0
77674,0.0,0.0,0.0
77675,0.0,0.0,0.0
77676,0.0,0.0,0.0
77677,0.0,0.0,0.0
77678,0.0,0.0,0.0
77679,0.0,0.0,0.0
77680,0.0,0.0,0.0
77681,0.0,0.0,0.0
77682,0.0,0.0,0.0
77683,0.0,0.0,0.0
77684,0.0,0.0,0.0
77685,0.0,0.0,0.0
77686,0.0,0.0,0.0
77687,0.0,0.0,0.0
77688,0.0,0.0,0.0
77689,0.0,0.0,0.0
77690,0.0,0.0,0.0
77691,0.0,0.0,0.0
77692,0.0,0.0,0.0
77693,0.0,0.0,0.0
77694,0.0,0.0,0.0
77695,0.0,0.0,0.0
77696,0.0,0.0,0.0
77697,0.0,0.0,0.0
77698,0.0,0.0,0.0
77699,0.0,0.0,0.0
77700,0.0,0.0,0.0
77701,0.0,0.0,0.0
77702,0.0,0.0,0.0
77703,0.0,0.0,0.0
77704,0.0,0.0,0.0
77705,0.0,0.0,0.0
77706,0.0,0.0,0.0
77707,0.0,0.0,0.0
77708,0.0,0.0,0.0
77709,0.0,0.0,0.0
77710,0.0,0.0,0.0
77711,0.0,0.0,0.0
77712,0.0,0.0,0.0
77713,0.0,0.0,0.0
77714,0.0,0.0,0.0
77715,0.0,0.0,0.0
77716,0.0,0.0,0.0
77717,0.0,0.0,0.0
77718,0.0,0.0,0.0
77719,0.0,0.0,0.0
77720,0.0,0.0,0.0
77721,0.0,0.0,0.0
77722,0.0,0.0,0.0
77723,0.0,0.0,0.0
77724,0.0,0.0,0.0
77725,0.0,0.0,0.0
77726,0.0,0.0,0.0
77727,0.0,0.0,0.0
77728,0.0,0.0,0.0
77729,0.0,0.0,0.0
77730,0.0,0.0,0.0
77731,0.0,0.0,0.0
77732,0.0,0.0,0.0
77733,0.0,0.0,0.0
77734,0.0,0.0,0.0
77735,0.0,0.0,0.0
77736,0.0,0.0,0.0
77737,0.0,0.0,0.0
77738,0.0,0.0,0.0
77739,0.0,0.0,0.0
77740,0.0,0.0,0.0
77741,0.0,0.0,0.0
77742,0.0,0.0,0.0
77743,0.0,0.0,0.0
77744,0.0,0.0,0.0
77745,0.0,0.0,0.0
77746,0.0,0.0,0.0
77747,0.0,0.0,0.0
77748,0.0,0.0,0.0
77749,0.0,0.0,0.0
77750,0.0,0.0,0.0
77751,0.0,0.0,0.0
77752,0.0,0.0,0.0
77753,0.0,0.0,0.0
77754,0.0,0.0,0.0
77755,0.0,0.0,0.0
77756,0.0,0.0,0.0
77757,0.0,0.0,0.0
77758,0.0,0.0,0.0
77759,0.0,0.0,0.0
77760,0.0,0.0,0.0
77761,0.0,0.0,0.0
77762,0.0,0.0,0.0
77763,0.0,0.0,0.0
77764,0.0,0.0,0.0
77765,0.0,0.0,0.0
77766,0.0,0.0,0.0
77767,0.0,0.0,0.0
77768,0.0,0.0,0.0
77769,0.0,0.0,0.0
77770,0.0,0.0,0.0
77771,0.0,0.0,0.0
77772,0.0,0.0,0.0
77773,0.0,0.0,0.0
77774,0.0,0.0,0.0
77775,0.0,0.0,0.0
77776,0.0,0.0,0.0
77777,0.0,0.0,0.0
77778,0.0,0.0,0.0
77779,0.0,0.0,0.0
77780,0.0,0.0,0.0
77781,0.0,0.0,0.0
77782,0.0,0.0,0.0
77783,0.0,0.0,0.0
77784,0.0,0.0,0.0
77785,0.0,0.0,0.0
77786,0.0,0.0,0.0
77787,0.0,0.0,0.0
77788,0.0,0.0,0.0
77789,0.0,0.0,0.0
77790,0.0,0.0,0.0
77791,0.0,0.0,0.0
77792,0.0,0.0,0.0
77793,0.0,0.0,0.0
77794,0.0,0.0,0.0
77795,0.0,0.0,0.0
77796,0.0,0.0,0.0
77797,0.0,0.0,0.0
77798,0.0,0.0,0.0
77799,0.0,0.0,0.0
77800,0.0,0.0,0.0
77801,0.0,0.0,0.0
77802,0.0,0.0,0.0
77803,0.0,0.0,0.0
77804,0.0,0.0,0.0
77805,0.0,0.0,0.0
77806,0.0,0.0,0.0
77807,0.0,0.0,0.0
77808,0.0,0.0,0.0
77809,0.0,0.0,0.0
77810,0.0,0.0,0.0
77811,0.0,0.0,0.0
77812,0.0,0.0,0.0
77813,0.0,0.0,0.0
77814,0.0,0.0,0.0
77815,0.0,0.0,0.0
77816,0.0,0.0,0.0
77817,0.0,0.0,0.0
77818,0.0,0.0,0.0
77819,0.0,0.0,0.0
77820,0.0,0.0,0.0
77821,0.0,0.0,0.0
77822,0.0,0.0,0.0
77823,0.0,0.0,0.0
77824,0.0,0.0,0.0
77825,0.0,0.0,0.0
77826,0.0,0.0,0.0
77827,0.0,0.0,0.0
77828,0.0,0.0,0.0
77829,0.0,0.0,0.0
77830,0.0,0.0,0.0
77831,0.0,0.0,0.0
77832,0.0,0.0,0.0
77833,0.0,0.0,0.0
77834,0.0,0.0,0.0
77835,0.0,0.0,0.0
77836,0.0,0.0,0.0
77837,0.0,0.0,0.0
77838,0.0,0.0,0.0
77839,0.0,0.0,0.0
77840,0.0,0.0,0.0
77841,0.0,0.0,0.0
77842,0.0,0.0,0.0
77843,0.0,0.0,0.0
77844,0.0,0.0,0.0
77845,0.0,0.0,0.0
77846,0.0,0.0,0.0
77847,0.0,0.0,0.0
77848,0.0,0.0,0.0
77849,0.0,0.0,0.0
77850,0.0,0.0,0.0
77851,0.0,0.0,0.0
77852,0.0,0.0,0.0
77853,0.0,0.0,0.0
77854,0.0,0.0,0.0
77855,0.0,0.0,0.0
77856,0.0,0.0,0.0
77857,0.0,0.0,0.0
77858,0.0,0.0,0.0
77859,0.0,0.0,0.0
77860,0.0,0.0,0.0
77861,0.0,0.0,0.0
77862,0.0,0.0,0.0
77863,0.0,0.0,0.0
77864,0.0,0.0,0.0
77865,0.0,0.0,0.0
77866,0.0,0.0,0.0
77867,0.0,0.0,0.0
77868,0.0,0.0,0.0
77869,0.0,0.0,0.0
77870,0.0,0.0,0.0
77871,0.0,0.0,0.0
77872,0.0,0.0,0.0
77873,0.0,0.0,0.0
77874,0.0,0.0,0.0
77875,0.0,0.0,0.0
77876,0.0,0.0,0.0
77877,0.0,0.0,0.0
77878,0.0,0.0,0.0
77879,0.0,0.0,0.0
77880,0.0,0.0,0.0
77881,0.0,0.0,0.0
77882,0.0,0.0,0.0
77883,0.0,0.0,0.0
77884,0.0,0.0,0.0
77885,0.0,0.0,0.0
77886,0.0,0.0,0.0
77887,0.0,0.0,0.0
77888,0.0,0.0,0.0
77889,0.0,0.0,0.0
77890,0.0,0.0,0.0
77891,0.0,0.0,0.0
77892,0.0,0.0,0.0
77893,0.0,0.0,0.0
77894,0.0,0.0,0.0
77895,0.0,0.0,0.0
77896,0.0,0.0,0.0
77897,0.0,0.0,0.0
77898,0.0,0.0,0.0
77899,0.0,0.0,0.0
77900,0.0,0.0,0.0
77901,0.0,0.0,0.0
77902,0.0,0.0,0.0
77903,0.0,0.0,0.0
77904,0.0,0.0,0.0
77905,0.0,0.0,0.0
77906,0.0,0.0,0.0
77907,0.0,0.0,0.0
77908,0.0,0.0,0.0
77909,0.0,0.0,0.0
77910,0.0,0.0,0.0
77911,0.0,0.0,0.0
77912,0.0,0.0,0.0
77913,0.0,0.0,0.0
77914,0.0,0.0,0.0
77915,0.0,0.0,0.0
77916,0.0,0.0,0.0
77917,0.0,0.0,0.0
77918,0.0,0.0,0.0
77919,0.0,0.0,0.0
77920,0.0,0.0,0.0
77921,0.0,0.0,0.0
77922,0.0,0.0,0.0
77923,0.0,0.0,0.0
77924,0.0,0.0,0.0
77925,0.0,0.0,0.0
77926,0.0,0.0,0.0
77927,0.0,0.0,0.0
77928,0.0,0.0,0.0
77929,0.0,0.0,0.0
77930,0.0,0.0,0.0
77931,0.0,0.0,0.0
77932,0.0,0.0,0.0
77933,0.0,0.0,0.0
77934,0.0,0.0,0.0
77935,0.0,0.0,0.0
77936,0.0,0.0,0.0
77937,0.0,0.0,0.0
77938,0.0,0.0,0.0
77939,0.0,0.0,0.0
77940,0.0,0.0,0.0
77941,0.0,0.0,0.0
77942,0.0,0.0,0.0
77943,0.0,0.0,0.0
77944,0.0,0.0,0.0
77945,0.0,0.0,0.0
77946,0.0,0.0,0.0
77947,0.0,0.0,0.0
77948,0.0,0.0,0.0
77949,0.0,0.0,0.0
77950,0.0,0.0,0.0
77951,0.0,0.0,0.0
77952,0.0,0.0,0.0
77953,0.0,0.0,0.0
77954,0.0,0.0,0.0
77955,0.0,0.0,0.0
77956,0.0,0.0,0.0
77957,0.0,0.0,0.0
77958,0.0,0.0,0.0
77959,0.0,0.0,0.0
77960,0.0,0.0,0.0
77961,0.0,0.0,0.0
77962,0.0,0.0,0.0
77963,0.0,0.0,0.0
77964,0.0,0.0,0.0
77965,0.0,0.0,0.0
77966,0.0,0.0,0.0
77967,0.0,0.0,0.0
77968,0.0,0.0,0.0
77969,0.0,0.0,0.0
77970,0.0,0.0,0.0
77971,0.0,0.0,0.0
77972,0.0,0.0,0.0
77973,0.0,0.0,0.0
77974,0.0,0.0,0.0
77975,0.0,0.0,0.0
77976,0.0,0.0,0.0
77977,0.0,0.0,0.0
77978,0.0,0.0,0.0
77979,0.0,0.0,0.0
77980,0.0,0.0,0.0
77981,0.0,0.0,0.0
77982,0.0,0.0,0.0
77983,0.0,0.0,0.0
77984,0.0,0.0,0.0
77985,0.0,0.0,0.0
77986,0.0,0.0,0.0
77987,0.0,0.0,0.0
77988,0.0,0.0,0.0
77989,0.0,0.0,0.0
77990,0.0,0.0,0.0
77991,0.0,0.0,0.0
77992,0.0,0.0,0.0
77993,0.0,0.0,0.0
77994,0.0,0.0,0.0
77995,0.0,0.0,0.0
77996,0.0,0.0,0.0
77997,0.0,0.0,0.0
77998,0.0,0.0,0.0
77999,0.0,0.0,0.0
78000,0.0,0.0,0.0
78001,0.0,0.0,0.0
78002,0.0,0.0,0.0
78003,0.0,0.0,0.0
78004,0.0,0.0,0.0
78005,0.0,0.0,0.0
78006,0.0,0.0,0.0
78007,0.0,0.0,0.0
78008,0.0,0.0,0.0
78009,0.0,0.0,0.0
78010,0.0,0.0,0.0
78011,0.0,0.0,0.0
78012,0.0,0.0,0.0
78013,0.0,0.0,0.0
78014,0.0,0.0,0.0
78015,0.0,0.0,0.0
78016,0.0,0.0,0.0
78017,0.0,0.0,0.0
78018,0.0,0.0,0.0
78019,0.0,0.0,0.0
78020,0.0,0.0,0.0
78021,0.0,0.0,0.0
78022,0.0,0.0,0.0
78023,0.0,0.0,0.0
78024,0.0,0.0,0.0
78025,0.0,0.0,0.0
78026,0.0,0.0,0.0
78027,0.0,0.0,0.0
78028,0.0,0.0,0.0
78029,0.0,0.0,0.0
78030,0.0,0.0,0.0
78031,0.0,0.0,0.0
78032,0.0,0.0,0.0
78033,0.0,0.0,0.0
78034,0.0,0.0,0.0
78035,0.0,0.0,0.0
78036,0.0,0.0,0.0
78037,0.0,0.0,0.0
78038,0.0,0.0,0.0
78039,0.0,0.0,0.0
78040,0.0,0.0,0.0
78041,0.0,0.0,0.0
78042,0.0,0.0,0.0
78043,0.0,0.0,0.0
78044,0.0,0.0,0.0
78045,0.0,0.0,0.0
78046,0.0,0.0,0.0
78047,0.0,0.0,0.0
78048,0.0,0.0,0.0
78049,0.0,0.0,0.0
78050,0.0,0.0,0.0
78051,0.0,0.0,0.0
78052,0.0,0.0,0.0
78053,0.0,0.0,0.0
78054,0.0,0.0,0.0
78055,0.0,0.0,0.0
78056,0.0,0.0,0.0
78057,0.0,0.0,0.0
78058,0.0,0.0,0.0
78059,0.0,0.0,0.0
78060,0.0,0.0,0.0
78061,0.0,0.0,0.0
78062,0.0,0.0,0.0
78063,0.0,0.0,0.0
78064,0.0,0.0,0.0
78065,0.0,0.0,0.0
78066,0.0,0.0,0.0
78067,0.0,0.0,0.0
78068,0.0,0.0,0.0
78069,0.0,0.0,0.0
78070,0.0,0.0,0.0
78071,0.0,0.0,0.0
78072,0.0,0.0,0.0
78073,0.0,0.0,0.0
78074,0.0,0.0,0.0
78075,0.0,0.0,0.0
78076,0.0,0.0,0.0
78077,0.0,0.0,0.0
78078,0.0,0.0,0.0
78079,0.0,0.0,0.0
78080,0.0,0.0,0.0
78081,0.0,0.0,0.0
78082,0.0,0.0,0.0
78083,0.0,0.0,0.0
78084,0.0,0.0,0.0
78085,0.0,0.0,0.0
78086,0.0,0.0,0.0
78087,0.0,0.0,0.0
78088,0.0,0.0,0.0
78089,0.0,0.0,0.0
78090,0.0,0.0,0.0
78091,0.0,0.0,0.0
78092,0.0,0.0,0.0
78093,0.0,0.0,0.0
78094,0.0,0.0,0.0
78095,0.0,0.0,0.0
78096,0.0,0.0,0.0
78097,0.0,0.0,0.0
78098,0.0,0.0,0.0
78099,0.0,0.0,0.0
78100,0.0,0.0,0.0
78101,0.0,0.0,0.0
78102,0.0,0.0,0.0
78103,0.0,0.0,0.0
78104,0.0,0.0,0.0
78105,0.0,0.0,0.0
78106,0.0,0.0,0.0
78107,0.0,0.0,0.0
78108,0.0,0.0,0.0
78109,0.0,0.0,0.0
78110,0.0,0.0,0.0
78111,0.0,0.0,0.0
78112,0.0,0.0,0.0
78113,0.0,0.0,0.0
78114,0.0,0.0,0.0
78115,0.0,0.0,0.0
78116,0.0,0.0,0.0
78117,0.0,0.0,0.0
78118,0.0,0.0,0.0
78119,0.0,0.0,0.0
78120,0.0,0.0,0.0
78121,0.0,0.0,0.0
78122,0.0,0.0,0.0
78123,0.0,0.0,0.0
78124,0.0,0.0,0.0
78125,0.0,0.0,0.0
78126,0.0,0.0,0.0
78127,0.0,0.0,0.0
78128,0.0,0.0,0.0
78129,0.0,0.0,0.0
78130,0.0,0.0,0.0
78131,0.0,0.0,0.0
78132,0.0,0.0,0.0
78133,0.0,0.0,0.0
78134,0.0,0.0,0.0
78135,0.0,0.0,0.0
78136,0.0,0.0,0.0
78137,0.0,0.0,0.0
78138,0.0,0.0,0.0
78139,0.0,0.0,0.0
78140,0.0,0.0,0.0
78141,0.0,0.0,0.0
78142,0.0,0.0,0.0
78143,0.0,0.0,0.0
78144,0.0,0.0,0.0
78145,0.0,0.0,0.0
78146,0.0,0.0,0.0
78147,0.0,0.0,0.0
78148,0.0,0.0,0.0
78149,0.0,0.0,0.0
78150,0.0,0.0,0.0
78151,0.0,0.0,0.0
78152,0.0,0.0,0.0
78153,0.0,0.0,0.0
78154,0.0,0.0,0.0
78155,0.0,0.0,0.0
78156,0.0,0.0,0.0
78157,0.0,0.0,0.0
78158,0.0,0.0,0.0
78159,0.0,0.0,0.0
78160,0.0,0.0,0.0
78161,0.0,0.0,0.0
78162,0.0,0.0,0.0
78163,0.0,0.0,0.0
78164,0.0,0.0,0.0
78165,0.0,0.0,0.0
78166,0.0,0.0,0.0
78167,0.0,0.0,0.0
78168,0.0,0.0,0.0
78169,0.0,0.0,0.0
78170,0.0,0.0,0.0
78171,0.0,0.0,0.0
78172,0.0,0.0,0.0
78173,0.0,0.0,0.0
78174,0.0,0.0,0.0
78175,0.0,0.0,0.0
78176,0.0,0.0,0.0
78177,0.0,0.0,0.0
78178,0.0,0.0,0.0
78179,0.0,0.0,0.0
78180,0.0,0.0,0.0
78181,0.0,0.0,0.0
78182,0.0,0.0,0.0
78183,0.0,0.0,0.0
78184,0.0,0.0,0.0
78185,0.0,0.0,0.0
78186,0.0,0.0,0.0
78187,0.0,0.0,0.0
78188,0.0,0.0,0.0
78189,0.0,0.0,0.0
78190,0.0,0.0,0.0
78191,0.0,0.0,0.0
78192,0.0,0.0,0.0
78193,0.0,0.0,0.0
78194,0.0,0.0,0.0
78195,0.0,0.0,0.0
78196,0.0,0.0,0.0
78197,0.0,0.0,0.0
78198,0.0,0.0,0.0
78199,0.0,0.0,0.0
78200,0.0,0.0,0.0
78201,0.0,0.0,0.0
78202,0.0,0.0,0.0
78203,0.0,0.0,0.0
78204,0.0,0.0,0.0
78205,0.0,0.0,0.0
78206,0.0,0.0,0.0
78207,0.0,0.0,0.0
78208,0.0,0.0,0.0
78209,0.0,0.0,0.0
78210,0.0,0.0,0.0
78211,0.0,0.0,0.0
78212,0.0,0.0,0.0
78213,0.0,0.0,0.0
78214,0.0,0.0,0.0
78215,0.0,0.0,0.0
78216,0.0,0.0,0.0
78217,0.0,0.0,0.0
78218,0.0,0.0,0.0
78219,0.0,0.0,0.0
78220,0.0,0.0,0.0
78221,0.0,0.0,0.0
78222,0.0,0.0,0.0
78223,0.0,0.0,0.0
78224,0.0,0.0,0.0
78225,0.0,0.0,0.0
78226,0.0,0.0,0.0
78227,0.0,0.0,0.0
78228,0.0,0.0,0.0
78229,0.0,0.0,0.0
78230,0.0,0.0,0.0
78231,0.0,0.0,0.0
78232,0.0,0.0,0.0
78233,0.0,0.0,0.0
78234,0.0,0.0,0.0
78235,0.0,0.0,0.0
78236,0.0,0.0,0.0
78237,0.0,0.0,0.0
78238,0.0,0.0,0.0
78239,0.0,0.0,0.0
78240,0.0,0.0,0.0
78241,0.0,0.0,0.0
78242,0.0,0.0,0.0
78243,0.0,0.0,0.0
78244,0.0,0.0,0.0
78245,0.0,0.0,0.0
78246,0.0,0.0,0.0
78247,0.0,0.0,0.0
78248,0.0,0.0,0.0
78249,0.0,0.0,0.0
78250,0.0,0.0,0.0
78251,0.0,0.0,0.0
78252,0.0,0.0,0.0
78253,0.0,0.0,0.0
78254,0.0,0.0,0.0
78255,0.0,0.0,0.0
78256,0.0,0.0,0.0
78257,0.0,0.0,0.0
78258,0.0,0.0,0.0
78259,0.0,0.0,0.0
78260,0.0,0.0,0.0
78261,0.0,0.0,0.0
78262,0.0,0.0,0.0
78263,0.0,0.0,0.0
78264,0.0,0.0,0.0
78265,0.0,0.0,0.0
78266,0.0,0.0,0.0
78267,0.0,0.0,0.0
78268,0.0,0.0,0.0
78269,0.0,0.0,0.0
78270,0.0,0.0,0.0
78271,0.0,0.0,0.0
78272,0.0,0.0,0.0
78273,0.0,0.0,0.0
78274,0.0,0.0,0.0
78275,0.0,0.0,0.0
78276,0.0,0.0,0.0
78277,0.0,0.0,0.0
78278,0.0,0.0,0.0
78279,0.0,0.0,0.0
78280,0.0,0.0,0.0
78281,0.0,0.0,0.0
78282,0.0,0.0,0.0
78283,0.0,0.0,0.0
78284,0.0,0.0,0.0
78285,0.0,0.0,0.0
78286,0.0,0.0,0.0
78287,0.0,0.0,0.0
78288,0.0,0.0,0.0
78289,0.0,0.0,0.0
78290,0.0,0.0,0.0
78291,0.0,0.0,0.0
78292,0.0,0.0,0.0
78293,0.0,0.0,0.0
78294,0.0,0.0,0.0
78295,0.0,0.0,0.0
78296,0.0,0.0,0.0
78297,0.0,0.0,0.0
78298,0.0,0.0,0.0
78299,0.0,0.0,0.0
78300,0.0,0.0,0.0
78301,0.0,0.0,0.0
78302,0.0,0.0,0.0
78303,0.0,0.0,0.0
78304,0.0,0.0,0.0
78305,0.0,0.0,0.0
78306,0.0,0.0,0.0
78307,0.0,0.0,0.0
78308,0.0,0.0,0.0
78309,0.0,0.0,0.0
78310,0.0,0.0,0.0
78311,0.0,0.0,0.0
78312,0.0,0.0,0.0
78313,0.0,0.0,0.0
78314,0.0,0.0,0.0
78315,0.0,0.0,0.0
78316,0.0,0.0,0.0
78317,0.0,0.0,0.0
78318,0.0,0.0,0.0
78319,0.0,0.0,0.0
78320,0.0,0.0,0.0
78321,0.0,0.0,0.0
78322,0.0,0.0,0.0
78323,0.0,0.0,0.0
78324,0.0,0.0,0.0
78325,0.0,0.0,0.0
78326,0.0,0.0,0.0
78327,0.0,0.0,0.0
78328,0.0,0.0,0.0
78329,0.0,0.0,0.0
78330,0.0,0.0,0.0
78331,0.0,0.0,0.0
78332,0.0,0.0,0.0
78333,0.0,0.0,0.0
78334,0.0,0.0,0.0
78335,0.0,0.0,0.0
78336,0.0,0.0,0.0
78337,0.0,0.0,0.0
78338,0.0,0.0,0.0
78339,0.0,0.0,0.0
78340,0.0,0.0,0.0
78341,0.0,0.0,0.0
78342,0.0,0.0,0.0
78343,0.0,0.0,0.0
78344,0.0,0.0,0.0
78345,0.0,0.0,0.0
78346,0.0,0.0,0.0
78347,0.0,0.0,0.0
78348,0.0,0.0,0.0
78349,0.0,0.0,0.0
78350,0.0,0.0,0.0
78351,0.0,0.0,0.0
78352,0.0,0.0,0.0
78353,0.0,0.0,0.0
78354,0.0,0.0,0.0
78355,0.0,0.0,0.0
78356,0.0,0.0,0.0
78357,0.0,0.0,0.0
78358,0.0,0.0,0.0
78359,0.0,0.0,0.0
78360,0.0,0.0,0.0
78361,0.0,0.0,0.0
78362,0.0,0.0,0.0
78363,0.0,0.0,0.0
78364,0.0,0.0,0.0
78365,0.0,0.0,0.0
78366,0.0,0.0,0.0
78367,0.0,0.0,0.0
78368,0.0,0.0,0.0
78369,0.0,0.0,0.0
78370,0.0,0.0,0.0
78371,0.0,0.0,0.0
78372,0.0,0.0,0.0
78373,0.0,0.0,0.0
78374,0.0,0.0,0.0
78375,0.0,0.0,0.0
78376,0.0,0.0,0.0
78377,0.0,0.0,0.0
78378,0.0,0.0,0.0
78379,0.0,0.0,0.0
78380,0.0,0.0,0.0
78381,0.0,0.0,0.0
78382,0.0,0.0,0.0
78383,0.0,0.0,0.0
78384,0.0,0.0,0.0
78385,0.0,0.0,0.0
78386,0.0,0.0,0.0
78387,0.0,0.0,0.0
78388,0.0,0.0,0.0
78389,0.0,0.0,0.0
78390,0.0,0.0,0.0
78391,0.0,0.0,0.0
78392,0.0,0.0,0.0
78393,0.0,0.0,0.0
78394,0.0,0.0,0.0
78395,0.0,0.0,0.0
78396,0.0,0.0,0.0
78397,0.0,0.0,0.0
78398,0.0,0.0,0.0
78399,0.0,0.0,0.0
78400,0.0,0.0,0.0
78401,0.0,0.0,0.0
78402,0.0,0.0,0.0
78403,0.0,0.0,0.0
78404,0.0,0.0,0.0
78405,0.0,0.0,0.0
78406,0.0,0.0,0.0
78407,0.0,0.0,0.0
78408,0.0,0.0,0.0
78409,0.0,0.0,0.0
78410,0.0,0.0,0.0
78411,0.0,0.0,0.0
78412,0.0,0.0,0.0
78413,0.0,0.0,0.0
78414,0.0,0.0,0.0
78415,0.0,0.0,0.0
78416,0.0,0.0,0.0
78417,0.0,0.0,0.0
78418,0.0,0.0,0.0
78419,0.0,0.0,0.0
78420,0.0,0.0,0.0
78421,0.0,0.0,0.0
78422,0.0,0.0,0.0
78423,0.0,0.0,0.0
78424,0.0,0.0,0.0
78425,0.0,0.0,0.0
78426,0.0,0.0,0.0
78427,0.0,0.0,0.0
78428,0.0,0.0,0.0
78429,0.0,0.0,0.0
78430,0.0,0.0,0.0
78431,0.0,0.0,0.0
78432,0.0,0.0,0.0
78433,0.0,0.0,0.0
78434,0.0,0.0,0.0
78435,0.0,0.0,0.0
78436,0.0,0.0,0.0
78437,0.0,0.0,0.0
78438,0.0,0.0,0.0
78439,0.0,0.0,0.0
78440,0.0,0.0,0.0
78441,0.0,0.0,0.0
78442,0.0,0.0,0.0
78443,0.0,0.0,0.0
78444,0.0,0.0,0.0
78445,0.0,0.0,0.0
78446,0.0,0.0,0.0
78447,0.0,0.0,0.0
78448,0.0,0.0,0.0
78449,0.0,0.0,0.0
78450,0.0,0.0,0.0
78451,0.0,0.0,0.0
78452,0.0,0.0,0.0
78453,0.0,0.0,0.0
78454,0.0,0.0,0.0
78455,0.0,0.0,0.0
78456,0.0,0.0,0.0
78457,0.0,0.0,0.0
78458,0.0,0.0,0.0
78459,0.0,0.0,0.0
78460,0.0,0.0,0.0
78461,0.0,0.0,0.0
78462,0.0,0.0,0.0
78463,0.0,0.0,0.0
78464,0.0,0.0,0.0
78465,0.0,0.0,0.0
78466,0.0,0.0,0.0
78467,0.0,0.0,0.0
78468,0.0,0.0,0.0
78469,0.0,0.0,0.0
78470,0.0,0.0,0.0
78471,0.0,0.0,0.0
78472,0.0,0.0,0.0
78473,0.0,0.0,0.0
78474,0.0,0.0,0.0
78475,0.0,0.0,0.0
78476,0.0,0.0,0.0
78477,0.0,0.0,0.0
78478,0.0,0.0,0.0
78479,0.0,0.0,0.0
78480,0.0,0.0,0.0
78481,0.0,0.0,0.0
78482,0.0,0.0,0.0
78483,0.0,0.0,0.0
78484,0.0,0.0,0.0
78485,0.0,0.0,0.0
78486,0.0,0.0,0.0
78487,0.0,0.0,0.0
78488,0.0,0.0,0.0
78489,0.0,0.0,0.0
78490,0.0,0.0,0.0
78491,0.0,0.0,0.0
78492,0.0,0.0,0.0
78493,0.0,0.0,0.0
78494,0.0,0.0,0.0
78495,0.0,0.0,0.0
78496,0.0,0.0,0.0
78497,0.0,0.0,0.0
78498,0.0,0.0,0.0
78499,0.0,0.0,0.0
78500,0.0,0.0,0.0
78501,0.0,0.0,0.0
78502,0.0,0.0,0.0
78503,0.0,0.0,0.0
78504,0.0,0.0,0.0
78505,0.0,0.0,0.0
78506,0.0,0.0,0.0
78507,0.0,0.0,0.0
78508,0.0,0.0,0.0
78509,0.0,0.0,0.0
78510,0.0,0.0,0.0
78511,0.0,0.0,0.0
78512,0.0,0.0,0.0
78513,0.0,0.0,0.0
78514,0.0,0.0,0.0
78515,0.0,0.0,0.0
78516,0.0,0.0,0.0
78517,0.0,0.0,0.0
78518,0.0,0.0,0.0
78519,0.0,0.0,0.0
78520,0.0,0.0,0.0
78521,0.0,0.0,0.0
78522,0.0,0.0,0.0
78523,0.0,0.0,0.0
78524,0.0,0.0,0.0
78525,0.0,0.0,0.0
78526,0.0,0.0,0.0
78527,0.0,0.0,0.0
78528,0.0,0.0,0.0
78529,0.0,0.0,0.0
78530,0.0,0.0,0.0
78531,0.0,0.0,0.0
78532,0.0,0.0,0.0
78533,0.0,0.0,0.0
78534,0.0,0.0,0.0
78535,0.0,0.0,0.0
78536,0.0,0.0,0.0
78537,0.0,0.0,0.0
78538,0.0,0.0,0.0
78539,0.0,0.0,0.0
78540,0.0,0.0,0.0
78541,0.0,0.0,0.0
78542,0.0,0.0,0.0
78543,0.0,0.0,0.0
78544,0.0,0.0,0.0
78545,0.0,0.0,0.0
78546,0.0,0.0,0.0
78547,0.0,0.0,0.0
78548,0.0,0.0,0.0
78549,0.0,0.0,0.0
78550,0.0,0.0,0.0
78551,0.0,0.0,0.0
78552,0.0,0.0,0.0
78553,0.0,0.0,0.0
78554,0.0,0.0,0.0
78555,0.0,0.0,0.0
78556,0.0,0.0,0.0
78557,0.0,0.0,0.0
78558,0.0,0.0,0.0
78559,0.0,0.0,0.0
78560,0.0,0.0,0.0
78561,0.0,0.0,0.0
78562,0.0,0.0,0.0
78563,0.0,0.0,0.0
78564,0.0,0.0,0.0
78565,0.0,0.0,0.0
78566,0.0,0.0,0.0
78567,0.0,0.0,0.0
78568,0.0,0.0,0.0
78569,0.0,0.0,0.0
78570,0.0,0.0,0.0
78571,0.0,0.0,0.0
78572,0.0,0.0,0.0
78573,0.0,0.0,0.0
78574,0.0,0.0,0.0
78575,0.0,0.0,0.0
78576,0.0,0.0,0.0
78577,0.0,0.0,0.0
78578,0.0,0.0,0.0
78579,0.0,0.0,0.0
78580,0.0,0.0,0.0
78581,0.0,0.0,0.0
78582,0.0,0.0,0.0
78583,0.0,0.0,0.0
78584,0.0,0.0,0.0
78585,0.0,0.0,0.0
78586,0.0,0.0,0.0
78587,0.0,0.0,0.0
78588,0.0,0.0,0.0
78589,0.0,0.0,0.0
78590,0.0,0.0,0.0
78591,0.0,0.0,0.0
78592,0.0,0.0,0.0
78593,0.0,0.0,0.0
78594,0.0,0.0,0.0
78595,0.0,0.0,0.0
78596,0.0,0.0,0.0
78597,0.0,0.0,0.0
78598,0.0,0.0,0.0
78599,0.0,0.0,0.0
78600,0.0,0.0,0.0
78601,0.0,0.0,0.0
78602,0.0,0.0,0.0
78603,0.0,0.0,0.0
78604,0.0,0.0,0.0
78605,0.0,0.0,0.0
78606,0.0,0.0,0.0
78607,0.0,0.0,0.0
78608,0.0,0.0,0.0
78609,0.0,0.0,0.0
78610,0.0,0.0,0.0
78611,0.0,0.0,0.0
78612,0.0,0.0,0.0
78613,0.0,0.0,0.0
78614,0.0,0.0,0.0
78615,0.0,0.0,0.0
78616,0.0,0.0,0.0
78617,0.0,0.0,0.0
78618,0.0,0.0,0.0
78619,0.0,0.0,0.0
78620,0.0,0.0,0.0
78621,0.0,0.0,0.0
78622,0.0,0.0,0.0
78623,0.0,0.0,0.0
78624,0.0,0.0,0.0
78625,0.0,0.0,0.0
78626,0.0,0.0,0.0
78627,0.0,0.0,0.0
78628,0.0,0.0,0.0
78629,0.0,0.0,0.0
78630,0.0,0.0,0.0
78631,0.0,0.0,0.0
78632,0.0,0.0,0.0
78633,0.0,0.0,0.0
78634,0.0,0.0,0.0
78635,0.0,0.0,0.0
78636,0.0,0.0,0.0
78637,0.0,0.0,0.0
78638,0.0,0.0,0.0
78639,0.0,0.0,0.0
78640,0.0,0.0,0.0
78641,0.0,0.0,0.0
78642,0.0,0.0,0.0
78643,0.0,0.0,0.0
78644,0.0,0.0,0.0
78645,0.0,0.0,0.0
78646,0.0,0.0,0.0
78647,0.0,0.0,0.0
78648,0.0,0.0,0.0
78649,0.0,0.0,0.0
78650,0.0,0.0,0.0
78651,0.0,0.0,0.0
78652,0.0,0.0,0.0
78653,0.0,0.0,0.0
78654,0.0,0.0,0.0
78655,0.0,0.0,0.0
78656,0.0,0.0,0.0
78657,0.0,0.0,0.0
78658,0.0,0.0,0.0
78659,0.0,0.0,0.0
78660,0.0,0.0,0.0
78661,0.0,0.0,0.0
78662,0.0,0.0,0.0
78663,0.0,0.0,0.0
78664,0.0,0.0,0.0
78665,0.0,0.0,0.0
78666,0.0,0.0,0.0
78667,0.0,0.0,0.0
78668,0.0,0.0,0.0
78669,0.0,0.0,0.0
78670,0.0,0.0,0.0
78671,0.0,0.0,0.0
78672,0.0,0.0,0.0
78673,0.0,0.0,0.0
78674,0.0,0.0,0.0
78675,0.0,0.0,0.0
78676,0.0,0.0,0.0
78677,0.0,0.0,0.0
78678,0.0,0.0,0.0
78679,0.0,0.0,0.0
78680,0.0,0.0,0.0
78681,0.0,0.0,0.0
78682,0.0,0.0,0.0
78683,0.0,0.0,0.0
78684,0.0,0.0,0.0
78685,0.0,0.0,0.0
78686,0.0,0.0,0.0
78687,0.0,0.0,0.0
78688,0.0,0.0,0.0
78689,0.0,0.0,0.0
78690,0.0,0.0,0.0
78691,0.0,0.0,0.0
78692,0.0,0.0,0.0
78693,0.0,0.0,0.0
78694,0.0,0.0,0.0
78695,0.0,0.0,0.0
78696,0.0,0.0,0.0
78697,0.0,0.0,0.0
78698,0.0,0.0,0.0
78699,0.0,0.0,0.0
78700,0.0,0.0,0.0
78701,0.0,0.0,0.0
78702,0.0,0.0,0.0
78703,0.0,0.0,0.0
78704,0.0,0.0,0.0
78705,0.0,0.0,0.0
78706,0.0,0.0,0.0
78707,0.0,0.0,0.0
78708,0.0,0.0,0.0
78709,0.0,0.0,0.0
78710,0.0,0.0,0.0
78711,0.0,0.0,0.0
78712,0.0,0.0,0.0
78713,0.0,0.0,0.0
78714,0.0,0.0,0.0
78715,0.0,0.0,0.0
78716,0.0,0.0,0.0
78717,0.0,0.0,0.0
78718,0.0,0.0,0.0
78719,0.0,0.0,0.0
78720,0.0,0.0,0.0
78721,0.0,0.0,0.0
78722,0.0,0.0,0.0
78723,0.0,0.0,0.0
78724,0.0,0.0,0.0
78725,0.0,0.0,0.0
78726,0.0,0.0,0.0
78727,0.0,0.0,0.0
78728,0.0,0.0,0.0
78729,0.0,0.0,0.0
78730,0.0,0.0,0.0
78731,0.0,0.0,0.0
78732,0.0,0.0,0.0
78733,0.0,0.0,0.0
78734,0.0,0.0,0.0
78735,0.0,0.0,0.0
78736,0.0,0.0,0.0
78737,0.0,0.0,0.0
78738,0.0,0.0,0.0
78739,0.0,0.0,0.0
78740,0.0,0.0,0.0
78741,0.0,0.0,0.0
78742,0.0,0.0,0.0
78743,0.0,0.0,0.0
78744,0.0,0.0,0.0
78745,0.0,0.0,0.0
78746,0.0,0.0,0.0
78747,0.0,0.0,0.0
78748,0.0,0.0,0.0
78749,0.0,0.0,0.0
78750,0.0,0.0,0.0
78751,0.0,0.0,0.0
78752,0.0,0.0,0.0
78753,0.0,0.0,0.0
78754,0.0,0.0,0.0
78755,0.0,0.0,0.0
78756,0.0,0.0,0.0
78757,0.0,0.0,0.0
78758,0.0,0.0,0.0
78759,0.0,0.0,0.0
78760,0.0,0.0,0.0
78761,0.0,0.0,0.0
78762,0.0,0.0,0.0
78763,0.0,0.0,0.0
78764,0.0,0.0,0.0
78765,0.0,0.0,0.0
78766,0.0,0.0,0.0
78767,0.0,0.0,0.0
78768,0.0,0.0,0.0
78769,0.0,0.0,0.0
78770,0.0,0.0,0.0
78771,0.0,0.0,0.0
78772,0.0,0.0,0.0
78773,0.0,0.0,0.0
78774,0.0,0.0,0.0
78775,0.0,0.0,0.0
78776,0.0,0.0,0.0
78777,0.0,0.0,0.0
78778,0.0,0.0,0.0
78779,0.0,0.0,0.0
78780,0.0,0.0,0.0
78781,0.0,0.0,0.0
78782,0.0,0.0,0.0
78783,0.0,0.0,0.0
78784,0.0,0.0,0.0
78785,0.0,0.0,0.0
78786,0.0,0.0,0.0
78787,0.0,0.0,0.0
78788,0.0,0.0,0.0
78789,0.0,0.0,0.0
78790,0.0,0.0,0.0
78791,0.0,0.0,0.0
78792,0.0,0.0,0.0
78793,0.0,0.0,0.0
78794,0.0,0.0,0.0
78795,0.0,0.0,0.0
78796,0.0,0.0,0.0
78797,0.0,0.0,0.0
78798,0.0,0.0,0.0
78799,0.0,0.0,0.0
78800,0.0,0.0,0.0
78801,0.0,0.0,0.0
78802,0.0,0.0,0.0
78803,0.0,0.0,0.0
78804,0.0,0.0,0.0
78805,0.0,0.0,0.0
78806,0.0,0.0,0.0
78807,0.0,0.0,0.0
78808,0.0,0.0,0.0
78809,0.0,0.0,0.0
78810,0.0,0.0,0.0
78811,0.0,0.0,0.0
78812,0.0,0.0,0.0
78813,0.0,0.0,0.0
78814,0.0,0.0,0.0
78815,0.0,0.0,0.0
78816,0.0,0.0,0.0
78817,0.0,0.0,0.0
78818,0.0,0.0,0.0
78819,0.0,0.0,0.0
78820,0.0,0.0,0.0
78821,0.0,0.0,0.0
78822,0.0,0.0,0.0
78823,0.0,0.0,0.0
78824,0.0,0.0,0.0
78825,0.0,0.0,0.0
78826,0.0,0.0,0.0
78827,0.0,0.0,0.0
78828,0.0,0.0,0.0
78829,0.0,0.0,0.0
78830,0.0,0.0,0.0
78831,0.0,0.0,0.0
78832,0.0,0.0,0.0
78833,0.0,0.0,0.0
78834,0.0,0.0,0.0
78835,0.0,0.0,0.0
78836,0.0,0.0,0.0
78837,0.0,0.0,0.0
78838,0.0,0.0,0.0
78839,0.0,0.0,0.0
78840,0.0,0.0,0.0
78841,0.0,0.0,0.0
78842,0.0,0.0,0.0
78843,0.0,0.0,0.0
78844,0.0,0.0,0.0
78845,0.0,0.0,0.0
78846,0.0,0.0,0.0
78847,0.0,0.0,0.0
78848,0.0,0.0,0.0
78849,0.0,0.0,0.0
78850,0.0,0.0,0.0
78851,0.0,0.0,0.0
78852,0.0,0.0,0.0
78853,0.0,0.0,0.0
78854,0.0,0.0,0.0
78855,0.0,0.0,0.0
78856,0.0,0.0,0.0
78857,0.0,0.0,0.0
78858,0.0,0.0,0.0
78859,0.0,0.0,0.0
78860,0.0,0.0,0.0
78861,0.0,0.0,0.0
78862,0.0,0.0,0.0
78863,0.0,0.0,0.0
78864,0.0,0.0,0.0
78865,0.0,0.0,0.0
78866,0.0,0.0,0.0
78867,0.0,0.0,0.0
78868,0.0,0.0,0.0
78869,0.0,0.0,0.0
78870,0.0,0.0,0.0
78871,0.0,0.0,0.0
78872,0.0,0.0,0.0
78873,0.0,0.0,0.0
78874,0.0,0.0,0.0
78875,0.0,0.0,0.0
78876,0.0,0.0,0.0
78877,0.0,0.0,0.0
78878,0.0,0.0,0.0
78879,0.0,0.0,0.0
78880,0.0,0.0,0.0
78881,0.0,0.0,0.0
78882,0.0,0.0,0.0
78883,0.0,0.0,0.0
78884,0.0,0.0,0.0
78885,0.0,0.0,0.0
78886,0.0,0.0,0.0
78887,0.0,0.0,0.0
78888,0.0,0.0,0.0
78889,0.0,0.0,0.0
78890,0.0,0.0,0.0
78891,0.0,0.0,0.0
78892,0.0,0.0,0.0
78893,0.0,0.0,0.0
78894,0.0,0.0,0.0
78895,0.0,0.0,0.0
78896,0.0,0.0,0.0
78897,0.0,0.0,0.0
78898,0.0,0.0,0.0
78899,0.0,0.0,0.0
78900,0.0,0.0,0.0
78901,0.0,0.0,0.0
78902,0.0,0.0,0.0
78903,0.0,0.0,0.0
78904,0.0,0.0,0.0
78905,0.0,0.0,0.0
78906,0.0,0.0,0.0
78907,0.0,0.0,0.0
78908,0.0,0.0,0.0
78909,0.0,0.0,0.0
78910,0.0,0.0,0.0
78911,0.0,0.0,0.0
78912,0.0,0.0,0.0
78913,0.0,0.0,0.0
78914,0.0,0.0,0.0
78915,0.0,0.0,0.0
78916,0.0,0.0,0.0
78917,0.0,0.0,0.0
78918,0.0,0.0,0.0
78919,0.0,0.0,0.0
78920,0.0,0.0,0.0
78921,0.0,0.0,0.0
78922,0.0,0.0,0.0
78923,0.0,0.0,0.0
78924,0.0,0.0,0.0
78925,0.0,0.0,0.0
78926,0.0,0.0,0.0
78927,0.0,0.0,0.0
78928,0.0,0.0,0.0
78929,0.0,0.0,0.0
78930,0.0,0.0,0.0
78931,0.0,0.0,0.0
78932,0.0,0.0,0.0
78933,0.0,0.0,0.0
78934,0.0,0.0,0.0
78935,0.0,0.0,0.0
78936,0.0,0.0,0.0
78937,0.0,0.0,0.0
78938,0.0,0.0,0.0
78939,0.0,0.0,0.0
78940,0.0,0.0,0.0
78941,0.0,0.0,0.0
78942,0.0,0.0,0.0
78943,0.0,0.0,0.0
78944,0.0,0.0,0.0
78945,0.0,0.0,0.0
78946,0.0,0.0,0.0
78947,0.0,0.0,0.0
78948,0.0,0.0,0.0
78949,0.0,0.0,0.0
78950,0.0,0.0,0.0
78951,0.0,0.0,0.0
78952,0.0,0.0,0.0
78953,0.0,0.0,0.0
78954,0.0,0.0,0.0
78955,0.0,0.0,0.0
78956,0.0,0.0,0.0
78957,0.0,0.0,0.0
78958,0.0,0.0,0.0
78959,0.0,0.0,0.0
78960,0.0,0.0,0.0
78961,0.0,0.0,0.0
78962,0.0,0.0,0.0
78963,0.0,0.0,0.0
78964,0.0,0.0,0.0
78965,0.0,0.0,0.0
78966,0.0,0.0,0.0
78967,0.0,0.0,0.0
78968,0.0,0.0,0.0
78969,0.0,0.0,0.0
78970,0.0,0.0,0.0
78971,0.0,0.0,0.0
78972,0.0,0.0,0.0
78973,0.0,0.0,0.0
78974,0.0,0.0,0.0
78975,0.0,0.0,0.0
78976,0.0,0.0,0.0
78977,0.0,0.0,0.0
78978,0.0,0.0,0.0
78979,0.0,0.0,0.0
78980,0.0,0.0,0.0
78981,0.0,0.0,0.0
78982,0.0,0.0,0.0
78983,0.0,0.0,0.0
78984,0.0,0.0,0.0
78985,0.0,0.0,0.0
78986,0.0,0.0,0.0
78987,0.0,0.0,0.0
78988,0.0,0.0,0.0
78989,0.0,0.0,0.0
78990,0.0,0.0,0.0
78991,0.0,0.0,0.0
78992,0.0,0.0,0.0
78993,0.0,0.0,0.0
78994,0.0,0.0,0.0
78995,0.0,0.0,0.0
78996,0.0,0.0,0.0
78997,0.0,0.0,0.0
78998,0.0,0.0,0.0
78999,0.0,0.0,0.0
79000,0.0,0.0,0.0
79001,0.0,0.0,0.0
79002,0.0,0.0,0.0
79003,0.0,0.0,0.0
79004,0.0,0.0,0.0
79005,0.0,0.0,0.0
79006,0.0,0.0,0.0
79007,0.0,0.0,0.0
79008,0.0,0.0,0.0
79009,0.0,0.0,0.0
79010,0.0,0.0,0.0
79011,0.0,0.0,0.0
79012,0.0,0.0,0.0
79013,0.0,0.0,0.0
79014,0.0,0.0,0.0
79015,0.0,0.0,0.0
79016,0.0,0.0,0.0
79017,0.0,0.0,0.0
79018,0.0,0.0,0.0
79019,0.0,0.0,0.0
79020,0.0,0.0,0.0
79021,0.0,0.0,0.0
79022,0.0,0.0,0.0
79023,0.0,0.0,0.0
79024,0.0,0.0,0.0
79025,0.0,0.0,0.0
79026,0.0,0.0,0.0
79027,0.0,0.0,0.0
79028,0.0,0.0,0.0
79029,0.0,0.0,0.0
79030,0.0,0.0,0.0
79031,0.0,0.0,0.0
79032,0.0,0.0,0.0
79033,0.0,0.0,0.0
79034,0.0,0.0,0.0
79035,0.0,0.0,0.0
79036,0.0,0.0,0.0
79037,0.0,0.0,0.0
79038,0.0,0.0,0.0
79039,0.0,0.0,0.0
79040,0.0,0.0,0.0
79041,0.0,0.0,0.0
79042,0.0,0.0,0.0
79043,0.0,0.0,0.0
79044,0.0,0.0,0.0
79045,0.0,0.0,0.0
79046,0.0,0.0,0.0
79047,0.0,0.0,0.0
79048,0.0,0.0,0.0
79049,0.0,0.0,0.0
79050,0.0,0.0,0.0
79051,0.0,0.0,0.0
79052,0.0,0.0,0.0
79053,0.0,0.0,0.0
79054,0.0,0.0,0.0
79055,0.0,0.0,0.0
79056,0.0,0.0,0.0
79057,0.0,0.0,0.0
79058,0.0,0.0,0.0
79059,0.0,0.0,0.0
79060,0.0,0.0,0.0
79061,0.0,0.0,0.0
79062,0.0,0.0,0.0
79063,0.0,0.0,0.0
79064,0.0,0.0,0.0
79065,0.0,0.0,0.0
79066,0.0,0.0,0.0
79067,0.0,0.0,0.0
79068,0.0,0.0,0.0
79069,0.0,0.0,0.0
79070,0.0,0.0,0.0
79071,0.0,0.0,0.0
79072,0.0,0.0,0.0
79073,0.0,0.0,0.0
79074,0.0,0.0,0.0
79075,0.0,0.0,0.0
79076,0.0,0.0,0.0
79077,0.0,0.0,0.0
79078,0.0,0.0,0.0
79079,0.0,0.0,0.0
79080,0.0,0.0,0.0
79081,0.0,0.0,0.0
79082,0.0,0.0,0.0
79083,0.0,0.0,0.0
79084,0.0,0.0,0.0
79085,0.0,0.0,0.0
79086,0.0,0.0,0.0
79087,0.0,0.0,0.0
79088,0.0,0.0,0.0
79089,0.0,0.0,0.0
79090,0.0,0.0,0.0
79091,0.0,0.0,0.0
79092,0.0,0.0,0.0
79093,0.0,0.0,0.0
79094,0.0,0.0,0.0
79095,0.0,0.0,0.0
79096,0.0,0.0,0.0
79097,0.0,0.0,0.0
79098,0.0,0.0,0.0
79099,0.0,0.0,0.0
79100,0.0,0.0,0.0
79101,0.0,0.0,0.0
79102,0.0,0.0,0.0
79103,0.0,0.0,0.0
79104,0.0,0.0,0.0
79105,0.0,0.0,0.0
79106,0.0,0.0,0.0
79107,0.0,0.0,0.0
79108,0.0,0.0,0.0
79109,0.0,0.0,0.0
79110,0.0,0.0,0.0
79111,0.0,0.0,0.0
79112,0.0,0.0,0.0
79113,0.0,0.0,0.0
79114,0.0,0.0,0.0
79115,0.0,0.0,0.0
79116,0.0,0.0,0.0
79117,0.0,0.0,0.0
79118,0.0,0.0,0.0
79119,0.0,0.0,0.0
79120,0.0,0.0,0.0
79121,0.0,0.0,0.0
79122,0.0,0.0,0.0
79123,0.0,0.0,0.0
79124,0.0,0.0,0.0
79125,0.0,0.0,0.0
79126,0.0,0.0,0.0
79127,0.0,0.0,0.0
79128,0.0,0.0,0.0
79129,0.0,0.0,0.0
79130,0.0,0.0,0.0
79131,0.0,0.0,0.0
79132,0.0,0.0,0.0
79133,0.0,0.0,0.0
79134,0.0,0.0,0.0
79135,0.0,0.0,0.0
79136,0.0,0.0,0.0
79137,0.0,0.0,0.0
79138,0.0,0.0,0.0
79139,0.0,0.0,0.0
79140,0.0,0.0,0.0
79141,0.0,0.0,0.0
79142,0.0,0.0,0.0
79143,0.0,0.0,0.0
79144,0.0,0.0,0.0
79145,0.0,0.0,0.0
79146,0.0,0.0,0.0
79147,0.0,0.0,0.0
79148,0.0,0.0,0.0
79149,0.0,0.0,0.0
79150,0.0,0.0,0.0
79151,0.0,0.0,0.0
79152,0.0,0.0,0.0
79153,0.0,0.0,0.0
79154,0.0,0.0,0.0
79155,0.0,0.0,0.0
79156,0.0,0.0,0.0
79157,0.0,0.0,0.0
79158,0.0,0.0,0.0
79159,0.0,0.0,0.0
79160,0.0,0.0,0.0
79161,0.0,0.0,0.0
79162,0.0,0.0,0.0
79163,0.0,0.0,0.0
79164,0.0,0.0,0.0
79165,0.0,0.0,0.0
79166,0.0,0.0,0.0
79167,0.0,0.0,0.0
79168,0.0,0.0,0.0
79169,0.0,0.0,0.0
79170,0.0,0.0,0.0
79171,0.0,0.0,0.0
79172,0.0,0.0,0.0
79173,0.0,0.0,0.0
79174,0.0,0.0,0.0
79175,0.0,0.0,0.0
79176,0.0,0.0,0.0
79177,0.0,0.0,0.0
79178,0.0,0.0,0.0
79179,0.0,0.0,0.0
79180,0.0,0.0,0.0
79181,0.0,0.0,0.0
79182,0.0,0.0,0.0
79183,0.0,0.0,0.0
79184,0.0,0.0,0.0
79185,0.0,0.0,0.0
79186,0.0,0.0,0.0
79187,0.0,0.0,0.0
79188,0.0,0.0,0.0
79189,0.0,0.0,0.0
79190,0.0,0.0,0.0
79191,0.0,0.0,0.0
79192,0.0,0.0,0.0
79193,0.0,0.0,0.0
79194,0.0,0.0,0.0
79195,0.0,0.0,0.0
79196,0.0,0.0,0.0
79197,0.0,0.0,0.0
79198,0.0,0.0,0.0
79199,0.0,0.0,0.0
79200,0.0,0.0,0.0
79201,0.0,0.0,0.0
79202,0.0,0.0,0.0
79203,0.0,0.0,0.0
79204,0.0,0.0,0.0
79205,0.0,0.0,0.0
79206,0.0,0.0,0.0
79207,0.0,0.0,0.0
79208,0.0,0.0,0.0
79209,0.0,0.0,0.0
79210,0.0,0.0,0.0
79211,0.0,0.0,0.0
79212,0.0,0.0,0.0
79213,0.0,0.0,0.0
79214,0.0,0.0,0.0
79215,0.0,0.0,0.0
79216,0.0,0.0,0.0
79217,0.0,0.0,0.0
79218,0.0,0.0,0.0
79219,0.0,0.0,0.0
79220,0.0,0.0,0.0
79221,0.0,0.0,0.0
79222,0.0,0.0,0.0
79223,0.0,0.0,0.0
79224,0.0,0.0,0.0
79225,0.0,0.0,0.0
79226,0.0,0.0,0.0
79227,0.0,0.0,0.0
79228,0.0,0.0,0.0
79229,0.0,0.0,0.0
79230,0.0,0.0,0.0
79231,0.0,0.0,0.0
79232,0.0,0.0,0.0
79233,0.0,0.0,0.0
79234,0.0,0.0,0.0
79235,0.0,0.0,0.0
79236,0.0,0.0,0.0
79237,0.0,0.0,0.0
79238,0.0,0.0,0.0
79239,0.0,0.0,0.0
79240,0.0,0.0,0.0
79241,0.0,0.0,0.0
79242,0.0,0.0,0.0
79243,0.0,0.0,0.0
79244,0.0,0.0,0.0
79245,0.0,0.0,0.0
79246,0.0,0.0,0.0
79247,0.0,0.0,0.0
79248,0.0,0.0,0.0
79249,0.0,0.0,0.0
79250,0.0,0.0,0.0
79251,0.0,0.0,0.0
79252,0.0,0.0,0.0
79253,0.0,0.0,0.0
79254,0.0,0.0,0.0
79255,0.0,0.0,0.0
79256,0.0,0.0,0.0
79257,0.0,0.0,0.0
79258,0.0,0.0,0.0
79259,0.0,0.0,0.0
79260,0.0,0.0,0.0
79261,0.0,0.0,0.0
79262,0.0,0.0,0.0
79263,0.0,0.0,0.0
79264,0.0,0.0,0.0
79265,0.0,0.0,0.0
79266,0.0,0.0,0.0
79267,0.0,0.0,0.0
79268,0.0,0.0,0.0
79269,0.0,0.0,0.0
79270,0.0,0.0,0.0
79271,0.0,0.0,0.0
79272,0.0,0.0,0.0
79273,0.0,0.0,0.0
79274,0.0,0.0,0.0
79275,0.0,0.0,0.0
79276,0.0,0.0,0.0
79277,0.0,0.0,0.0
79278,0.0,0.0,0.0
79279,0.0,0.0,0.0
79280,0.0,0.0,0.0
79281,0.0,0.0,0.0
79282,0.0,0.0,0.0
79283,0.0,0.0,0.0
79284,0.0,0.0,0.0
79285,0.0,0.0,0.0
79286,0.0,0.0,0.0
79287,0.0,0.0,0.0
79288,0.0,0.0,0.0
79289,0.0,0.0,0.0
79290,0.0,0.0,0.0
79291,0.0,0.0,0.0
79292,0.0,0.0,0.0
79293,0.0,0.0,0.0
79294,0.0,0.0,0.0
79295,0.0,0.0,0.0
79296,0.0,0.0,0.0
79297,0.0,0.0,0.0
79298,0.0,0.0,0.0
79299,0.0,0.0,0.0
79300,0.0,0.0,0.0
79301,0.0,0.0,0.0
79302,0.0,0.0,0.0
79303,0.0,0.0,0.0
79304,0.0,0.0,0.0
79305,0.0,0.0,0.0
79306,0.0,0.0,0.0
79307,0.0,0.0,0.0
79308,0.0,0.0,0.0
79309,0.0,0.0,0.0
79310,0.0,0.0,0.0
79311,0.0,0.0,0.0
79312,0.0,0.0,0.0
79313,0.0,0.0,0.0
79314,0.0,0.0,0.0
79315,0.0,0.0,0.0
79316,0.0,0.0,0.0
79317,0.0,0.0,0.0
79318,0.0,0.0,0.0
79319,0.0,0.0,0.0
79320,0.0,0.0,0.0
79321,0.0,0.0,0.0
79322,0.0,0.0,0.0
79323,0.0,0.0,0.0
79324,0.0,0.0,0.0
79325,0.0,0.0,0.0
79326,0.0,0.0,0.0
79327,0.0,0.0,0.0
79328,0.0,0.0,0.0
79329,0.0,0.0,0.0
79330,0.0,0.0,0.0
79331,0.0,0.0,0.0
79332,0.0,0.0,0.0
79333,0.0,0.0,0.0
79334,0.0,0.0,0.0
79335,0.0,0.0,0.0
79336,0.0,0.0,0.0
79337,0.0,0.0,0.0
79338,0.0,0.0,0.0
79339,0.0,0.0,0.0
79340,0.0,0.0,0.0
79341,0.0,0.0,0.0
79342,0.0,0.0,0.0
79343,0.0,0.0,0.0
79344,0.0,0.0,0.0
79345,0.0,0.0,0.0
79346,0.0,0.0,0.0
79347,0.0,0.0,0.0
79348,0.0,0.0,0.0
79349,0.0,0.0,0.0
79350,0.0,0.0,0.0
79351,0.0,0.0,0.0
79352,0.0,0.0,0.0
79353,0.0,0.0,0.0
79354,0.0,0.0,0.0
79355,0.0,0.0,0.0
79356,0.0,0.0,0.0
79357,0.0,0.0,0.0
79358,0.0,0.0,0.0
79359,0.0,0.0,0.0
79360,0.0,0.0,0.0
79361,0.0,0.0,0.0
79362,0.0,0.0,0.0
79363,0.0,0.0,0.0
79364,0.0,0.0,0.0
79365,0.0,0.0,0.0
79366,0.0,0.0,0.0
79367,0.0,0.0,0.0
79368,0.0,0.0,0.0
79369,0.0,0.0,0.0
79370,0.0,0.0,0.0
79371,0.0,0.0,0.0
79372,0.0,0.0,0.0
79373,0.0,0.0,0.0
79374,0.0,0.0,0.0
79375,0.0,0.0,0.0
79376,0.0,0.0,0.0
79377,0.0,0.0,0.0
79378,0.0,0.0,0.0
79379,0.0,0.0,0.0
79380,0.0,0.0,0.0
79381,0.0,0.0,0.0
79382,0.0,0.0,0.0
79383,0.0,0.0,0.0
79384,0.0,0.0,0.0
79385,0.0,0.0,0.0
79386,0.0,0.0,0.0
79387,0.0,0.0,0.0
79388,0.0,0.0,0.0
79389,0.0,0.0,0.0
79390,0.0,0.0,0.0
79391,0.0,0.0,0.0
79392,0.0,0.0,0.0
79393,0.0,0.0,0.0
79394,0.0,0.0,0.0
79395,0.0,0.0,0.0
79396,0.0,0.0,0.0
79397,0.0,0.0,0.0
79398,0.0,0.0,0.0
79399,0.0,0.0,0.0
79400,0.0,0.0,0.0
79401,0.0,0.0,0.0
79402,0.0,0.0,0.0
79403,0.0,0.0,0.0
79404,0.0,0.0,0.0
79405,0.0,0.0,0.0
79406,0.0,0.0,0.0
79407,0.0,0.0,0.0
79408,0.0,0.0,0.0
79409,0.0,0.0,0.0
79410,0.0,0.0,0.0
79411,0.0,0.0,0.0
79412,0.0,0.0,0.0
79413,0.0,0.0,0.0
79414,0.0,0.0,0.0
79415,0.0,0.0,0.0
79416,0.0,0.0,0.0
79417,0.0,0.0,0.0
79418,0.0,0.0,0.0
79419,0.0,0.0,0.0
79420,0.0,0.0,0.0
79421,0.0,0.0,0.0
79422,0.0,0.0,0.0
79423,0.0,0.0,0.0
79424,0.0,0.0,0.0
79425,0.0,0.0,0.0
79426,0.0,0.0,0.0
79427,0.0,0.0,0.0
79428,0.0,0.0,0.0
79429,0.0,0.0,0.0
79430,0.0,0.0,0.0
79431,0.0,0.0,0.0
79432,0.0,0.0,0.0
79433,0.0,0.0,0.0
79434,0.0,0.0,0.0
79435,0.0,0.0,0.0
79436,0.0,0.0,0.0
79437,0.0,0.0,0.0
79438,0.0,0.0,0.0
79439,0.0,0.0,0.0
79440,0.0,0.0,0.0
79441,0.0,0.0,0.0
79442,0.0,0.0,0.0
79443,0.0,0.0,0.0
79444,0.0,0.0,0.0
79445,0.0,0.0,0.0
79446,0.0,0.0,0.0
79447,0.0,0.0,0.0
79448,0.0,0.0,0.0
79449,0.0,0.0,0.0
79450,0.0,0.0,0.0
79451,0.0,0.0,0.0
79452,0.0,0.0,0.0
79453,0.0,0.0,0.0
79454,0.0,0.0,0.0
79455,0.0,0.0,0.0
79456,0.0,0.0,0.0
79457,0.0,0.0,0.0
79458,0.0,0.0,0.0
79459,0.0,0.0,0.0
79460,0.0,0.0,0.0
79461,0.0,0.0,0.0
79462,0.0,0.0,0.0
79463,0.0,0.0,0.0
79464,0.0,0.0,0.0
79465,0.0,0.0,0.0
79466,0.0,0.0,0.0
79467,0.0,0.0,0.0
79468,0.0,0.0,0.0
79469,0.0,0.0,0.0
79470,0.0,0.0,0.0
79471,0.0,0.0,0.0
79472,0.0,0.0,0.0
79473,0.0,0.0,0.0
79474,0.0,0.0,0.0
79475,0.0,0.0,0.0
79476,0.0,0.0,0.0
79477,0.0,0.0,0.0
79478,0.0,0.0,0.0
79479,0.0,0.0,0.0
79480,0.0,0.0,0.0
79481,0.0,0.0,0.0
79482,0.0,0.0,0.0
79483,0.0,0.0,0.0
79484,0.0,0.0,0.0
79485,0.0,0.0,0.0
79486,0.0,0.0,0.0
79487,0.0,0.0,0.0
79488,0.0,0.0,0.0
79489,0.0,0.0,0.0
79490,0.0,0.0,0.0
79491,0.0,0.0,0.0
79492,0.0,0.0,0.0
79493,0.0,0.0,0.0
79494,0.0,0.0,0.0
79495,0.0,0.0,0.0
79496,0.0,0.0,0.0
79497,0.0,0.0,0.0
79498,0.0,0.0,0.0
79499,0.0,0.0,0.0
79500,0.0,0.0,0.0
79501,0.0,0.0,0.0
79502,0.0,0.0,0.0
79503,0.0,0.0,0.0
79504,0.0,0.0,0.0
79505,0.0,0.0,0.0
79506,0.0,0.0,0.0
79507,0.0,0.0,0.0
79508,0.0,0.0,0.0
79509,0.0,0.0,0.0
79510,0.0,0.0,0.0
79511,0.0,0.0,0.0
79512,0.0,0.0,0.0
79513,0.0,0.0,0.0
79514,0.0,0.0,0.0
79515,0.0,0.0,0.0
79516,0.0,0.0,0.0
79517,0.0,0.0,0.0
79518,0.0,0.0,0.0
79519,0.0,0.0,0.0
79520,0.0,0.0,0.0
79521,0.0,0.0,0.0
79522,0.0,0.0,0.0
79523,0.0,0.0,0.0
79524,0.0,0.0,0.0
79525,0.0,0.0,0.0
79526,0.0,0.0,0.0
79527,0.0,0.0,0.0
79528,0.0,0.0,0.0
79529,0.0,0.0,0.0
79530,0.0,0.0,0.0
79531,0.0,0.0,0.0
79532,0.0,0.0,0.0
79533,0.0,0.0,0.0
79534,0.0,0.0,0.0
79535,0.0,0.0,0.0
79536,0.0,0.0,0.0
79537,0.0,0.0,0.0
79538,0.0,0.0,0.0
79539,0.0,0.0,0.0
79540,0.0,0.0,0.0
79541,0.0,0.0,0.0
79542,0.0,0.0,0.0
79543,0.0,0.0,0.0
79544,0.0,0.0,0.0
79545,0.0,0.0,0.0
79546,0.0,0.0,0.0
79547,0.0,0.0,0.0
79548,0.0,0.0,0.0
79549,0.0,0.0,0.0
79550,0.0,0.0,0.0
79551,0.0,0.0,0.0
79552,0.0,0.0,0.0
79553,0.0,0.0,0.0
79554,0.0,0.0,0.0
79555,0.0,0.0,0.0
79556,0.0,0.0,0.0
79557,0.0,0.0,0.0
79558,0.0,0.0,0.0
79559,0.0,0.0,0.0
79560,0.0,0.0,0.0
79561,0.0,0.0,0.0
79562,0.0,0.0,0.0
79563,0.0,0.0,0.0
79564,0.0,0.0,0.0
79565,0.0,0.0,0.0
79566,0.0,0.0,0.0
79567,0.0,0.0,0.0
79568,0.0,0.0,0.0
79569,0.0,0.0,0.0
79570,0.0,0.0,0.0
79571,0.0,0.0,0.0
79572,0.0,0.0,0.0
79573,0.0,0.0,0.0
79574,0.0,0.0,0.0
79575,0.0,0.0,0.0
79576,0.0,0.0,0.0
79577,0.0,0.0,0.0
79578,0.0,0.0,0.0
79579,0.0,0.0,0.0
79580,0.0,0.0,0.0
79581,0.0,0.0,0.0
79582,0.0,0.0,0.0
79583,0.0,0.0,0.0
79584,0.0,0.0,0.0
79585,0.0,0.0,0.0
79586,0.0,0.0,0.0
79587,0.0,0.0,0.0
79588,0.0,0.0,0.0
79589,0.0,0.0,0.0
79590,0.0,0.0,0.0
79591,0.0,0.0,0.0
79592,0.0,0.0,0.0
79593,0.0,0.0,0.0
79594,0.0,0.0,0.0
79595,0.0,0.0,0.0
79596,0.0,0.0,0.0
79597,0.0,0.0,0.0
79598,0.0,0.0,0.0
79599,0.0,0.0,0.0
79600,0.0,0.0,0.0
79601,0.0,0.0,0.0
79602,0.0,0.0,0.0
79603,0.0,0.0,0.0
79604,0.0,0.0,0.0
79605,0.0,0.0,0.0
79606,0.0,0.0,0.0
79607,0.0,0.0,0.0
79608,0.0,0.0,0.0
79609,0.0,0.0,0.0
79610,0.0,0.0,0.0
79611,0.0,0.0,0.0
79612,0.0,0.0,0.0
79613,0.0,0.0,0.0
79614,0.0,0.0,0.0
79615,0.0,0.0,0.0
79616,0.0,0.0,0.0
79617,0.0,0.0,0.0
79618,0.0,0.0,0.0
79619,0.0,0.0,0.0
79620,0.0,0.0,0.0
79621,0.0,0.0,0.0
79622,0.0,0.0,0.0
79623,0.0,0.0,0.0
79624,0.0,0.0,0.0
79625,0.0,0.0,0.0
79626,0.0,0.0,0.0
79627,0.0,0.0,0.0
79628,0.0,0.0,0.0
79629,0.0,0.0,0.0
79630,0.0,0.0,0.0
79631,0.0,0.0,0.0
79632,0.0,0.0,0.0
79633,0.0,0.0,0.0
79634,0.0,0.0,0.0
79635,0.0,0.0,0.0
79636,0.0,0.0,0.0
79637,0.0,0.0,0.0
79638,0.0,0.0,0.0
79639,0.0,0.0,0.0
79640,0.0,0.0,0.0
79641,0.0,0.0,0.0
79642,0.0,0.0,0.0
79643,0.0,0.0,0.0
79644,0.0,0.0,0.0
79645,0.0,0.0,0.0
79646,0.0,0.0,0.0
79647,0.0,0.0,0.0
79648,0.0,0.0,0.0
79649,0.0,0.0,0.0
79650,0.0,0.0,0.0
79651,0.0,0.0,0.0
79652,0.0,0.0,0.0
79653,0.0,0.0,0.0
79654,0.0,0.0,0.0
79655,0.0,0.0,0.0
79656,0.0,0.0,0.0
79657,0.0,0.0,0.0
79658,0.0,0.0,0.0
79659,0.0,0.0,0.0
79660,0.0,0.0,0.0
79661,0.0,0.0,0.0
79662,0.0,0.0,0.0
79663,0.0,0.0,0.0
79664,0.0,0.0,0.0
79665,0.0,0.0,0.0
79666,0.0,0.0,0.0
79667,0.0,0.0,0.0
79668,0.0,0.0,0.0
79669,0.0,0.0,0.0
79670,0.0,0.0,0.0
79671,0.0,0.0,0.0
79672,0.0,0.0,0.0
79673,0.0,0.0,0.0
79674,0.0,0.0,0.0
79675,0.0,0.0,0.0
79676,0.0,0.0,0.0
79677,0.0,0.0,0.0
79678,0.0,0.0,0.0
79679,0.0,0.0,0.0
79680,0.0,0.0,0.0
79681,0.0,0.0,0.0
79682,0.0,0.0,0.0
79683,0.0,0.0,0.0
79684,0.0,0.0,0.0
79685,0.0,0.0,0.0
79686,0.0,0.0,0.0
79687,0.0,0.0,0.0
79688,0.0,0.0,0.0
79689,0.0,0.0,0.0
79690,0.0,0.0,0.0
79691,0.0,0.0,0.0
79692,0.0,0.0,0.0
79693,0.0,0.0,0.0
79694,0.0,0.0,0.0
79695,0.0,0.0,0.0
79696,0.0,0.0,0.0
79697,0.0,0.0,0.0
79698,0.0,0.0,0.0
79699,0.0,0.0,0.0
79700,0.0,0.0,0.0
79701,0.0,0.0,0.0
79702,0.0,0.0,0.0
79703,0.0,0.0,0.0
79704,0.0,0.0,0.0
79705,0.0,0.0,0.0
79706,0.0,0.0,0.0
79707,0.0,0.0,0.0
79708,0.0,0.0,0.0
79709,0.0,0.0,0.0
79710,0.0,0.0,0.0
79711,0.0,0.0,0.0
79712,0.0,0.0,0.0
79713,0.0,0.0,0.0
79714,0.0,0.0,0.0
79715,0.0,0.0,0.0
79716,0.0,0.0,0.0
79717,0.0,0.0,0.0
79718,0.0,0.0,0.0
79719,0.0,0.0,0.0
79720,0.0,0.0,0.0
79721,0.0,0.0,0.0
79722,0.0,0.0,0.0
79723,0.0,0.0,0.0
79724,0.0,0.0,0.0
79725,0.0,0.0,0.0
79726,0.0,0.0,0.0
79727,0.0,0.0,0.0
79728,0.0,0.0,0.0
79729,0.0,0.0,0.0
79730,0.0,0.0,0.0
79731,0.0,0.0,0.0
79732,0.0,0.0,0.0
79733,0.0,0.0,0.0
79734,0.0,0.0,0.0
79735,0.0,0.0,0.0
79736,0.0,0.0,0.0
79737,0.0,0.0,0.0
79738,0.0,0.0,0.0
79739,0.0,0.0,0.0
79740,0.0,0.0,0.0
79741,0.0,0.0,0.0
79742,0.0,0.0,0.0
79743,0.0,0.0,0.0
79744,0.0,0.0,0.0
79745,0.0,0.0,0.0
79746,0.0,0.0,0.0
79747,0.0,0.0,0.0
79748,0.0,0.0,0.0
79749,0.0,0.0,0.0
79750,0.0,0.0,0.0
79751,0.0,0.0,0.0
79752,0.0,0.0,0.0
79753,0.0,0.0,0.0
79754,0.0,0.0,0.0
79755,0.0,0.0,0.0
79756,0.0,0.0,0.0
79757,0.0,0.0,0.0
79758,0.0,0.0,0.0
79759,0.0,0.0,0.0
79760,0.0,0.0,0.0
79761,0.0,0.0,0.0
79762,0.0,0.0,0.0
79763,0.0,0.0,0.0
79764,0.0,0.0,0.0
79765,0.0,0.0,0.0
79766,0.0,0.0,0.0
79767,0.0,0.0,0.0
79768,0.0,0.0,0.0
79769,0.0,0.0,0.0
79770,0.0,0.0,0.0
79771,0.0,0.0,0.0
79772,0.0,0.0,0.0
79773,0.0,0.0,0.0
79774,0.0,0.0,0.0
79775,0.0,0.0,0.0
79776,0.0,0.0,0.0
79777,0.0,0.0,0.0
79778,0.0,0.0,0.0
79779,0.0,0.0,0.0
79780,0.0,0.0,0.0
79781,0.0,0.0,0.0
79782,0.0,0.0,0.0
79783,0.0,0.0,0.0
79784,0.0,0.0,0.0
79785,0.0,0.0,0.0
79786,0.0,0.0,0.0
79787,0.0,0.0,0.0
79788,0.0,0.0,0.0
79789,0.0,0.0,0.0
79790,0.0,0.0,0.0
79791,0.0,0.0,0.0
79792,0.0,0.0,0.0
79793,0.0,0.0,0.0
79794,0.0,0.0,0.0
79795,0.0,0.0,0.0
79796,0.0,0.0,0.0
79797,0.0,0.0,0.0
79798,0.0,0.0,0.0
79799,0.0,0.0,0.0
79800,0.0,0.0,0.0
79801,0.0,0.0,0.0
79802,0.0,0.0,0.0
79803,0.0,0.0,0.0
79804,0.0,0.0,0.0
79805,0.0,0.0,0.0
79806,0.0,0.0,0.0
79807,0.0,0.0,0.0
79808,0.0,0.0,0.0
79809,0.0,0.0,0.0
79810,0.0,0.0,0.0
79811,0.0,0.0,0.0
79812,0.0,0.0,0.0
79813,0.0,0.0,0.0
79814,0.0,0.0,0.0
79815,0.0,0.0,0.0
79816,0.0,0.0,0.0
79817,0.0,0.0,0.0
79818,0.0,0.0,0.0
79819,0.0,0.0,0.0
79820,0.0,0.0,0.0
79821,0.0,0.0,0.0
79822,0.0,0.0,0.0
79823,0.0,0.0,0.0
79824,0.0,0.0,0.0
79825,0.0,0.0,0.0
79826,0.0,0.0,0.0
79827,0.0,0.0,0.0
79828,0.0,0.0,0.0
79829,0.0,0.0,0.0
79830,0.0,0.0,0.0
79831,0.0,0.0,0.0
79832,0.0,0.0,0.0
79833,0.0,0.0,0.0
79834,0.0,0.0,0.0
79835,0.0,0.0,0.0
79836,0.0,0.0,0.0
79837,0.0,0.0,0.0
79838,0.0,0.0,0.0
79839,0.0,0.0,0.0
79840,0.0,0.0,0.0
79841,0.0,0.0,0.0
79842,0.0,0.0,0.0
79843,0.0,0.0,0.0
79844,0.0,0.0,0.0
79845,0.0,0.0,0.0
79846,0.0,0.0,0.0
79847,0.0,0.0,0.0
79848,0.0,0.0,0.0
79849,0.0,0.0,0.0
79850,0.0,0.0,0.0
79851,0.0,0.0,0.0
79852,0.0,0.0,0.0
79853,0.0,0.0,0.0
79854,0.0,0.0,0.0
79855,0.0,0.0,0.0
79856,0.0,0.0,0.0
79857,0.0,0.0,0.0
79858,0.0,0.0,0.0
79859,0.0,0.0,0.0
79860,0.0,0.0,0.0
79861,0.0,0.0,0.0
79862,0.0,0.0,0.0
79863,0.0,0.0,0.0
79864,0.0,0.0,0.0
79865,0.0,0.0,0.0
79866,0.0,0.0,0.0
79867,0.0,0.0,0.0
79868,0.0,0.0,0.0
79869,0.0,0.0,0.0
79870,0.0,0.0,0.0
79871,0.0,0.0,0.0
79872,0.0,0.0,0.0
79873,0.0,0.0,0.0
79874,0.0,0.0,0.0
79875,0.0,0.0,0.0
79876,0.0,0.0,0.0
79877,0.0,0.0,0.0
79878,0.0,0.0,0.0
79879,0.0,0.0,0.0
79880,0.0,0.0,0.0
79881,0.0,0.0,0.0
79882,0.0,0.0,0.0
79883,0.0,0.0,0.0
79884,0.0,0.0,0.0
79885,0.0,0.0,0.0
79886,0.0,0.0,0.0
79887,0.0,0.0,0.0
79888,0.0,0.0,0.0
79889,0.0,0.0,0.0
79890,0.0,0.0,0.0
79891,0.0,0.0,0.0
79892,0.0,0.0,0.0
79893,0.0,0.0,0.0
79894,0.0,0.0,0.0
79895,0.0,0.0,0.0
79896,0.0,0.0,0.0
79897,0.0,0.0,0.0
79898,0.0,0.0,0.0
79899,0.0,0.0,0.0
79900,0.0,0.0,0.0
79901,0.0,0.0,0.0
79902,0.0,0.0,0.0
79903,0.0,0.0,0.0
79904,0.0,0.0,0.0
79905,0.0,0.0,0.0
79906,0.0,0.0,0.0
79907,0.0,0.0,0.0
79908,0.0,0.0,0.0
79909,0.0,0.0,0.0
79910,0.0,0.0,0.0
79911,0.0,0.0,0.0
79912,0.0,0.0,0.0
79913,0.0,0.0,0.0
79914,0.0,0.0,0.0
79915,0.0,0.0,0.0
79916,0.0,0.0,0.0
79917,0.0,0.0,0.0
79918,0.0,0.0,0.0
79919,0.0,0.0,0.0
79920,0.0,0.0,0.0
79921,0.0,0.0,0.0
79922,0.0,0.0,0.0
79923,0.0,0.0,0.0
79924,0.0,0.0,0.0
79925,0.0,0.0,0.0
79926,0.0,0.0,0.0
79927,0.0,0.0,0.0
79928,0.0,0.0,0.0
79929,0.0,0.0,0.0
79930,0.0,0.0,0.0
79931,0.0,0.0,0.0
79932,0.0,0.0,0.0
79933,0.0,0.0,0.0
79934,0.0,0.0,0.0
79935,0.0,0.0,0.0
79936,0.0,0.0,0.0
79937,0.0,0.0,0.0
79938,0.0,0.0,0.0
79939,0.0,0.0,0.0
79940,0.0,0.0,0.0
79941,0.0,0.0,0.0
79942,0.0,0.0,0.0
79943,0.0,0.0,0.0
79944,0.0,0.0,0.0
79945,0.0,0.0,0.0
79946,0.0,0.0,0.0
79947,0.0,0.0,0.0
79948,0.0,0.0,0.0
79949,0.0,0.0,0.0
79950,0.0,0.0,0.0
79951,0.0,0.0,0.0
79952,0.0,0.0,0.0
79953,0.0,0.0,0.0
79954,0.0,0.0,0.0
79955,0.0,0.0,0.0
79956,0.0,0.0,0.0
79957,0.0,0.0,0.0
79958,0.0,0.0,0.0
79959,0.0,0.0,0.0
79960,0.0,0.0,0.0
79961,0.0,0.0,0.0
79962,0.0,0.0,0.0
79963,0.0,0.0,0.0
79964,0.0,0.0,0.0
79965,0.0,0.0,0.0
79966,0.0,0.0,0.0
79967,0.0,0.0,0.0
79968,0.0,0.0,0.0
79969,0.0,0.0,0.0
79970,0.0,0.0,0.0
79971,0.0,0.0,0.0
79972,0.0,0.0,0.0
79973,0.0,0.0,0.0
79974,0.0,0.0,0.0
79975,0.0,0.0,0.0
79976,0.0,0.0,0.0
79977,0.0,0.0,0.0
79978,0.0,0.0,0.0
79979,0.0,0.0,0.0
79980,0.0,0.0,0.0
79981,0.0,0.0,0.0
79982,0.0,0.0,0.0
79983,0.0,0.0,0.0
79984,0.0,0.0,0.0
79985,0.0,0.0,0.0
79986,0.0,0.0,0.0
79987,0.0,0.0,0.0
79988,0.0,0.0,0.0
79989,0.0,0.0,0.0
79990,0.0,0.0,0.0
79991,0.0,0.0,0.0
79992,0.0,0.0,0.0
79993,0.0,0.0,0.0
79994,0.0,0.0,0.0
79995,0.0,0.0,0.0
79996,0.0,0.0,0.0
79997,0.0,0.0,0.0
79998,0.0,0.0,0.0
79999,0.0,0.0,0.0
80000,0.0,0.0,0.0
80001,0.0,0.0,0.0
80002,0.0,0.0,0.0
80003,0.0,0.0,0.0
80004,0.0,0.0,0.0
80005,0.0,0.0,0.0
80006,0.0,0.0,0.0
80007,0.0,0.0,0.0
80008,0.0,0.0,0.0
80009,0.0,0.0,0.0
80010,0.0,0.0,0.0
80011,0.0,0.0,0.0
80012,0.0,0.0,0.0
80013,0.0,0.0,0.0
80014,0.0,0.0,0.0
80015,0.0,0.0,0.0
80016,0.0,0.0,0.0
80017,0.0,0.0,0.0
80018,0.0,0.0,0.0
80019,0.0,0.0,0.0
80020,0.0,0.0,0.0
80021,0.0,0.0,0.0
80022,0.0,0.0,0.0
80023,0.0,0.0,0.0
80024,0.0,0.0,0.0
80025,0.0,0.0,0.0
80026,0.0,0.0,0.0
80027,0.0,0.0,0.0
80028,0.0,0.0,0.0
80029,0.0,0.0,0.0
80030,0.0,0.0,0.0
80031,0.0,0.0,0.0
80032,0.0,0.0,0.0
80033,0.0,0.0,0.0
80034,0.0,0.0,0.0
80035,0.0,0.0,0.0
80036,0.0,0.0,0.0
80037,0.0,0.0,0.0
80038,0.0,0.0,0.0
80039,0.0,0.0,0.0
80040,0.0,0.0,0.0
80041,0.0,0.0,0.0
80042,0.0,0.0,0.0
80043,0.0,0.0,0.0
80044,0.0,0.0,0.0
80045,0.0,0.0,0.0
80046,0.0,0.0,0.0
80047,0.0,0.0,0.0
80048,0.0,0.0,0.0
80049,0.0,0.0,0.0
80050,0.0,0.0,0.0
80051,0.0,0.0,0.0
80052,0.0,0.0,0.0
80053,0.0,0.0,0.0
80054,0.0,0.0,0.0
80055,0.0,0.0,0.0
80056,0.0,0.0,0.0
80057,0.0,0.0,0.0
80058,0.0,0.0,0.0
80059,0.0,0.0,0.0
80060,0.0,0.0,0.0
80061,0.0,0.0,0.0
80062,0.0,0.0,0.0
80063,0.0,0.0,0.0
80064,0.0,0.0,0.0
80065,0.0,0.0,0.0
80066,0.0,0.0,0.0
80067,0.0,0.0,0.0
80068,0.0,0.0,0.0
80069,0.0,0.0,0.0
80070,0.0,0.0,0.0
80071,0.0,0.0,0.0
80072,0.0,0.0,0.0
80073,0.0,0.0,0.0
80074,0.0,0.0,0.0
80075,0.0,0.0,0.0
80076,0.0,0.0,0.0
80077,0.0,0.0,0.0
80078,0.0,0.0,0.0
80079,0.0,0.0,0.0
80080,0.0,0.0,0.0
80081,0.0,0.0,0.0
80082,0.0,0.0,0.0
80083,0.0,0.0,0.0
80084,0.0,0.0,0.0
80085,0.0,0.0,0.0
80086,0.0,0.0,0.0
80087,0.0,0.0,0.0
80088,0.0,0.0,0.0
80089,0.0,0.0,0.0
80090,0.0,0.0,0.0
80091,0.0,0.0,0.0
80092,0.0,0.0,0.0
80093,0.0,0.0,0.0
80094,0.0,0.0,0.0
80095,0.0,0.0,0.0
80096,0.0,0.0,0.0
80097,0.0,0.0,0.0
80098,0.0,0.0,0.0
80099,0.0,0.0,0.0
80100,0.0,0.0,0.0
80101,0.0,0.0,0.0
80102,0.0,0.0,0.0
80103,0.0,0.0,0.0
80104,0.0,0.0,0.0
80105,0.0,0.0,0.0
80106,0.0,0.0,0.0
80107,0.0,0.0,0.0
80108,0.0,0.0,0.0
80109,0.0,0.0,0.0
80110,0.0,0.0,0.0
80111,0.0,0.0,0.0
80112,0.0,0.0,0.0
80113,0.0,0.0,0.0
80114,0.0,0.0,0.0
80115,0.0,0.0,0.0
80116,0.0,0.0,0.0
80117,0.0,0.0,0.0
80118,0.0,0.0,0.0
80119,0.0,0.0,0.0
80120,0.0,0.0,0.0
80121,0.0,0.0,0.0
80122,0.0,0.0,0.0
80123,0.0,0.0,0.0
80124,0.0,0.0,0.0
80125,0.0,0.0,0.0
80126,0.0,0.0,0.0
80127,0.0,0.0,0.0
80128,0.0,0.0,0.0
80129,0.0,0.0,0.0
80130,0.0,0.0,0.0
80131,0.0,0.0,0.0
80132,0.0,0.0,0.0
80133,0.0,0.0,0.0
80134,0.0,0.0,0.0
80135,0.0,0.0,0.0
80136,0.0,0.0,0.0
80137,0.0,0.0,0.0
80138,0.0,0.0,0.0
80139,0.0,0.0,0.0
80140,0.0,0.0,0.0
80141,0.0,0.0,0.0
80142,0.0,0.0,0.0
80143,0.0,0.0,0.0
80144,0.0,0.0,0.0
80145,0.0,0.0,0.0
80146,0.0,0.0,0.0
80147,0.0,0.0,0.0
80148,0.0,0.0,0.0
80149,0.0,0.0,0.0
80150,0.0,0.0,0.0
80151,0.0,0.0,0.0
80152,0.0,0.0,0.0
80153,0.0,0.0,0.0
80154,0.0,0.0,0.0
80155,0.0,0.0,0.0
80156,0.0,0.0,0.0
80157,0.0,0.0,0.0
80158,0.0,0.0,0.0
80159,0.0,0.0,0.0
80160,0.0,0.0,0.0
80161,0.0,0.0,0.0
80162,0.0,0.0,0.0
80163,0.0,0.0,0.0
80164,0.0,0.0,0.0
80165,0.0,0.0,0.0
80166,0.0,0.0,0.0
80167,0.0,0.0,0.0
80168,0.0,0.0,0.0
80169,0.0,0.0,0.0
80170,0.0,0.0,0.0
80171,0.0,0.0,0.0
80172,0.0,0.0,0.0
80173,0.0,0.0,0.0
80174,0.0,0.0,0.0
80175,0.0,0.0,0.0
80176,0.0,0.0,0.0
80177,0.0,0.0,0.0
80178,0.0,0.0,0.0
80179,0.0,0.0,0.0
80180,0.0,0.0,0.0
80181,0.0,0.0,0.0
80182,0.0,0.0,0.0
80183,0.0,0.0,0.0
80184,0.0,0.0,0.0
80185,0.0,0.0,0.0
80186,0.0,0.0,0.0
80187,0.0,0.0,0.0
80188,0.0,0.0,0.0
80189,0.0,0.0,0.0
80190,0.0,0.0,0.0
80191,0.0,0.0,0.0
80192,0.0,0.0,0.0
80193,0.0,0.0,0.0
80194,0.0,0.0,0.0
80195,0.0,0.0,0.0
80196,0.0,0.0,0.0
80197,0.0,0.0,0.0
80198,0.0,0.0,0.0
80199,0.0,0.0,0.0
80200,0.0,0.0,0.0
80201,0.0,0.0,0.0
80202,0.0,0.0,0.0
80203,0.0,0.0,0.0
80204,0.0,0.0,0.0
80205,0.0,0.0,0.0
80206,0.0,0.0,0.0
80207,0.0,0.0,0.0
80208,0.0,0.0,0.0
80209,0.0,0.0,0.0
80210,0.0,0.0,0.0
80211,0.0,0.0,0.0
80212,0.0,0.0,0.0
80213,0.0,0.0,0.0
80214,0.0,0.0,0.0
80215,0.0,0.0,0.0
80216,0.0,0.0,0.0
80217,0.0,0.0,0.0
80218,0.0,0.0,0.0
80219,0.0,0.0,0.0
80220,0.0,0.0,0.0
80221,0.0,0.0,0.0
80222,0.0,0.0,0.0
80223,0.0,0.0,0.0
80224,0.0,0.0,0.0
80225,0.0,0.0,0.0
80226,0.0,0.0,0.0
80227,0.0,0.0,0.0
80228,0.0,0.0,0.0
80229,0.0,0.0,0.0
80230,0.0,0.0,0.0
80231,0.0,0.0,0.0
80232,0.0,0.0,0.0
80233,0.0,0.0,0.0
80234,0.0,0.0,0.0
80235,0.0,0.0,0.0
80236,0.0,0.0,0.0
80237,0.0,0.0,0.0
80238,0.0,0.0,0.0
80239,0.0,0.0,0.0
80240,0.0,0.0,0.0
80241,0.0,0.0,0.0
80242,0.0,0.0,0.0
80243,0.0,0.0,0.0
80244,0.0,0.0,0.0
80245,0.0,0.0,0.0
80246,0.0,0.0,0.0
80247,0.0,0.0,0.0
80248,0.0,0.0,0.0
80249,0.0,0.0,0.0
80250,0.0,0.0,0.0
80251,0.0,0.0,0.0
80252,0.0,0.0,0.0
80253,0.0,0.0,0.0
80254,0.0,0.0,0.0
80255,0.0,0.0,0.0
80256,0.0,0.0,0.0
80257,0.0,0.0,0.0
80258,0.0,0.0,0.0
80259,0.0,0.0,0.0
80260,0.0,0.0,0.0
80261,0.0,0.0,0.0
80262,0.0,0.0,0.0
80263,0.0,0.0,0.0
80264,0.0,0.0,0.0
80265,0.0,0.0,0.0
80266,0.0,0.0,0.0
80267,0.0,0.0,0.0
80268,0.0,0.0,0.0
80269,0.0,0.0,0.0
80270,0.0,0.0,0.0
80271,0.0,0.0,0.0
80272,0.0,0.0,0.0
80273,0.0,0.0,0.0
80274,0.0,0.0,0.0
80275,0.0,0.0,0.0
80276,0.0,0.0,0.0
80277,0.0,0.0,0.0
80278,0.0,0.0,0.0
80279,0.0,0.0,0.0
80280,0.0,0.0,0.0
80281,0.0,0.0,0.0
80282,0.0,0.0,0.0
80283,0.0,0.0,0.0
80284,0.0,0.0,0.0
80285,0.0,0.0,0.0
80286,0.0,0.0,0.0
80287,0.0,0.0,0.0
80288,0.0,0.0,0.0
80289,0.0,0.0,0.0
80290,0.0,0.0,0.0
80291,0.0,0.0,0.0
80292,0.0,0.0,0.0
80293,0.0,0.0,0.0
80294,0.0,0.0,0.0
80295,0.0,0.0,0.0
80296,0.0,0.0,0.0
80297,0.0,0.0,0.0
80298,0.0,0.0,0.0
80299,0.0,0.0,0.0
80300,0.0,0.0,0.0
80301,0.0,0.0,0.0
80302,0.0,0.0,0.0
80303,0.0,0.0,0.0
80304,0.0,0.0,0.0
80305,0.0,0.0,0.0
80306,0.0,0.0,0.0
80307,0.0,0.0,0.0
80308,0.0,0.0,0.0
80309,0.0,0.0,0.0
80310,0.0,0.0,0.0
80311,0.0,0.0,0.0
80312,0.0,0.0,0.0
80313,0.0,0.0,0.0
80314,0.0,0.0,0.0
80315,0.0,0.0,0.0
80316,0.0,0.0,0.0
80317,0.0,0.0,0.0
80318,0.0,0.0,0.0
80319,0.0,0.0,0.0
80320,0.0,0.0,0.0
80321,0.0,0.0,0.0
80322,0.0,0.0,0.0
80323,0.0,0.0,0.0
80324,0.0,0.0,0.0
80325,0.0,0.0,0.0
80326,0.0,0.0,0.0
80327,0.0,0.0,0.0
80328,0.0,0.0,0.0
80329,0.0,0.0,0.0
80330,0.0,0.0,0.0
80331,0.0,0.0,0.0
80332,0.0,0.0,0.0
80333,0.0,0.0,0.0
80334,0.0,0.0,0.0
80335,0.0,0.0,0.0
80336,0.0,0.0,0.0
80337,0.0,0.0,0.0
80338,0.0,0.0,0.0
80339,0.0,0.0,0.0
80340,0.0,0.0,0.0
80341,0.0,0.0,0.0
80342,0.0,0.0,0.0
80343,0.0,0.0,0.0
80344,0.0,0.0,0.0
80345,0.0,0.0,0.0
80346,0.0,0.0,0.0
80347,0.0,0.0,0.0
80348,0.0,0.0,0.0
80349,0.0,0.0,0.0
80350,0.0,0.0,0.0
80351,0.0,0.0,0.0
80352,0.0,0.0,0.0
80353,0.0,0.0,0.0
80354,0.0,0.0,0.0
80355,0.0,0.0,0.0
80356,0.0,0.0,0.0
80357,0.0,0.0,0.0
80358,0.0,0.0,0.0
80359,0.0,0.0,0.0
80360,0.0,0.0,0.0
80361,0.0,0.0,0.0
80362,0.0,0.0,0.0
80363,0.0,0.0,0.0
80364,0.0,0.0,0.0
80365,0.0,0.0,0.0
80366,0.0,0.0,0.0
80367,0.0,0.0,0.0
80368,0.0,0.0,0.0
80369,0.0,0.0,0.0
80370,0.0,0.0,0.0
80371,0.0,0.0,0.0
80372,0.0,0.0,0.0
80373,0.0,0.0,0.0
80374,0.0,0.0,0.0
80375,0.0,0.0,0.0
80376,0.0,0.0,0.0
80377,0.0,0.0,0.0
80378,0.0,0.0,0.0
80379,0.0,0.0,0.0
80380,0.0,0.0,0.0
80381,0.0,0.0,0.0
80382,0.0,0.0,0.0
80383,0.0,0.0,0.0
80384,0.0,0.0,0.0
80385,0.0,0.0,0.0
80386,0.0,0.0,0.0
80387,0.0,0.0,0.0
80388,0.0,0.0,0.0
80389,0.0,0.0,0.0
80390,0.0,0.0,0.0
80391,0.0,0.0,0.0
80392,0.0,0.0,0.0
80393,0.0,0.0,0.0
80394,0.0,0.0,0.0
80395,0.0,0.0,0.0
80396,0.0,0.0,0.0
80397,0.0,0.0,0.0
80398,0.0,0.0,0.0
80399,0.0,0.0,0.0
80400,0.0,0.0,0.0
80401,0.0,0.0,0.0
80402,0.0,0.0,0.0
80403,0.0,0.0,0.0
80404,0.0,0.0,0.0
80405,0.0,0.0,0.0
80406,0.0,0.0,0.0
80407,0.0,0.0,0.0
80408,0.0,0.0,0.0
80409,0.0,0.0,0.0
80410,0.0,0.0,0.0
80411,0.0,0.0,0.0
80412,0.0,0.0,0.0
80413,0.0,0.0,0.0
80414,0.0,0.0,0.0
80415,0.0,0.0,0.0
80416,0.0,0.0,0.0
80417,0.0,0.0,0.0
80418,0.0,0.0,0.0
80419,0.0,0.0,0.0
80420,0.0,0.0,0.0
80421,0.0,0.0,0.0
80422,0.0,0.0,0.0
80423,0.0,0.0,0.0
80424,0.0,0.0,0.0
80425,0.0,0.0,0.0
80426,0.0,0.0,0.0
80427,0.0,0.0,0.0
80428,0.0,0.0,0.0
80429,0.0,0.0,0.0
80430,0.0,0.0,0.0
80431,0.0,0.0,0.0
80432,0.0,0.0,0.0
80433,0.0,0.0,0.0
80434,0.0,0.0,0.0
80435,0.0,0.0,0.0
80436,0.0,0.0,0.0
80437,0.0,0.0,0.0
80438,0.0,0.0,0.0
80439,0.0,0.0,0.0
80440,0.0,0.0,0.0
80441,0.0,0.0,0.0
80442,0.0,0.0,0.0
80443,0.0,0.0,0.0
80444,0.0,0.0,0.0
80445,0.0,0.0,0.0
80446,0.0,0.0,0.0
80447,0.0,0.0,0.0
80448,0.0,0.0,0.0
80449,0.0,0.0,0.0
80450,0.0,0.0,0.0
80451,0.0,0.0,0.0
80452,0.0,0.0,0.0
80453,0.0,0.0,0.0
80454,0.0,0.0,0.0
80455,0.0,0.0,0.0
80456,0.0,0.0,0.0
80457,0.0,0.0,0.0
80458,0.0,0.0,0.0
80459,0.0,0.0,0.0
80460,0.0,0.0,0.0
80461,0.0,0.0,0.0
80462,0.0,0.0,0.0
80463,0.0,0.0,0.0
80464,0.0,0.0,0.0
80465,0.0,0.0,0.0
80466,0.0,0.0,0.0
80467,0.0,0.0,0.0
80468,0.0,0.0,0.0
80469,0.0,0.0,0.0
80470,0.0,0.0,0.0
80471,0.0,0.0,0.0
80472,0.0,0.0,0.0
80473,0.0,0.0,0.0
80474,0.0,0.0,0.0
80475,0.0,0.0,0.0
80476,0.0,0.0,0.0
80477,0.0,0.0,0.0
80478,0.0,0.0,0.0
80479,0.0,0.0,0.0
80480,0.0,0.0,0.0
80481,0.0,0.0,0.0
80482,0.0,0.0,0.0
80483,0.0,0.0,0.0
80484,0.0,0.0,0.0
80485,0.0,0.0,0.0
80486,0.0,0.0,0.0
80487,0.0,0.0,0.0
80488,0.0,0.0,0.0
80489,0.0,0.0,0.0
80490,0.0,0.0,0.0
80491,0.0,0.0,0.0
80492,0.0,0.0,0.0
80493,0.0,0.0,0.0
80494,0.0,0.0,0.0
80495,0.0,0.0,0.0
80496,0.0,0.0,0.0
80497,0.0,0.0,0.0
80498,0.0,0.0,0.0
80499,0.0,0.0,0.0
80500,0.0,0.0,0.0
80501,0.0,0.0,0.0
80502,0.0,0.0,0.0
80503,0.0,0.0,0.0
80504,0.0,0.0,0.0
80505,0.0,0.0,0.0
80506,0.0,0.0,0.0
80507,0.0,0.0,0.0
80508,0.0,0.0,0.0
80509,0.0,0.0,0.0
80510,0.0,0.0,0.0
80511,0.0,0.0,0.0
80512,0.0,0.0,0.0
80513,0.0,0.0,0.0
80514,0.0,0.0,0.0
80515,0.0,0.0,0.0
80516,0.0,0.0,0.0
80517,0.0,0.0,0.0
80518,0.0,0.0,0.0
80519,0.0,0.0,0.0
80520,0.0,0.0,0.0
80521,0.0,0.0,0.0
80522,0.0,0.0,0.0
80523,0.0,0.0,0.0
80524,0.0,0.0,0.0
80525,0.0,0.0,0.0
80526,0.0,0.0,0.0
80527,0.0,0.0,0.0
80528,0.0,0.0,0.0
80529,0.0,0.0,0.0
80530,0.0,0.0,0.0
80531,0.0,0.0,0.0
80532,0.0,0.0,0.0
80533,0.0,0.0,0.0
80534,0.0,0.0,0.0
80535,0.0,0.0,0.0
80536,0.0,0.0,0.0
80537,0.0,0.0,0.0
80538,0.0,0.0,0.0
80539,0.0,0.0,0.0
80540,0.0,0.0,0.0
80541,0.0,0.0,0.0
80542,0.0,0.0,0.0
80543,0.0,0.0,0.0
80544,0.0,0.0,0.0
80545,0.0,0.0,0.0
80546,0.0,0.0,0.0
80547,0.0,0.0,0.0
80548,0.0,0.0,0.0
80549,0.0,0.0,0.0
80550,0.0,0.0,0.0
80551,0.0,0.0,0.0
80552,0.0,0.0,0.0
80553,0.0,0.0,0.0
80554,0.0,0.0,0.0
80555,0.0,0.0,0.0
80556,0.0,0.0,0.0
80557,0.0,0.0,0.0
80558,0.0,0.0,0.0
80559,0.0,0.0,0.0
80560,0.0,0.0,0.0
80561,0.0,0.0,0.0
80562,0.0,0.0,0.0
80563,0.0,0.0,0.0
80564,0.0,0.0,0.0
80565,0.0,0.0,0.0
80566,0.0,0.0,0.0
80567,0.0,0.0,0.0
80568,0.0,0.0,0.0
80569,0.0,0.0,0.0
80570,0.0,0.0,0.0
80571,0.0,0.0,0.0
80572,0.0,0.0,0.0
80573,0.0,0.0,0.0
80574,0.0,0.0,0.0
80575,0.0,0.0,0.0
80576,0.0,0.0,0.0
80577,0.0,0.0,0.0
80578,0.0,0.0,0.0
80579,0.0,0.0,0.0
80580,0.0,0.0,0.0
80581,0.0,0.0,0.0
80582,0.0,0.0,0.0
80583,0.0,0.0,0.0
80584,0.0,0.0,0.0
80585,0.0,0.0,0.0
80586,0.0,0.0,0.0
80587,0.0,0.0,0.0
80588,0.0,0.0,0.0
80589,0.0,0.0,0.0
80590,0.0,0.0,0.0
80591,0.0,0.0,0.0
80592,0.0,0.0,0.0
80593,0.0,0.0,0.0
80594,0.0,0.0,0.0
80595,0.0,0.0,0.0
80596,0.0,0.0,0.0
80597,0.0,0.0,0.0
80598,0.0,0.0,0.0
80599,0.0,0.0,0.0
80600,0.0,0.0,0.0
80601,0.0,0.0,0.0
80602,0.0,0.0,0.0
80603,0.0,0.0,0.0
80604,0.0,0.0,0.0
80605,0.0,0.0,0.0
80606,0.0,0.0,0.0
80607,0.0,0.0,0.0
80608,0.0,0.0,0.0
80609,0.0,0.0,0.0
80610,0.0,0.0,0.0
80611,0.0,0.0,0.0
80612,0.0,0.0,0.0
80613,0.0,0.0,0.0
80614,0.0,0.0,0.0
80615,0.0,0.0,0.0
80616,0.0,0.0,0.0
80617,0.0,0.0,0.0
80618,0.0,0.0,0.0
80619,0.0,0.0,0.0
80620,0.0,0.0,0.0
80621,0.0,0.0,0.0
80622,0.0,0.0,0.0
80623,0.0,0.0,0.0
80624,0.0,0.0,0.0
80625,0.0,0.0,0.0
80626,0.0,0.0,0.0
80627,0.0,0.0,0.0
80628,0.0,0.0,0.0
80629,0.0,0.0,0.0
80630,0.0,0.0,0.0
80631,0.0,0.0,0.0
80632,0.0,0.0,0.0
80633,0.0,0.0,0.0
80634,0.0,0.0,0.0
80635,0.0,0.0,0.0
80636,0.0,0.0,0.0
80637,0.0,0.0,0.0
80638,0.0,0.0,0.0
80639,0.0,0.0,0.0
80640,0.0,0.0,0.0
80641,0.0,0.0,0.0
80642,0.0,0.0,0.0
80643,0.0,0.0,0.0
80644,0.0,0.0,0.0
80645,0.0,0.0,0.0
80646,0.0,0.0,0.0
80647,0.0,0.0,0.0
80648,0.0,0.0,0.0
80649,0.0,0.0,0.0
80650,0.0,0.0,0.0
80651,0.0,0.0,0.0
80652,0.0,0.0,0.0
80653,0.0,0.0,0.0
80654,0.0,0.0,0.0
80655,0.0,0.0,0.0
80656,0.0,0.0,0.0
80657,0.0,0.0,0.0
80658,0.0,0.0,0.0
80659,0.0,0.0,0.0
80660,0.0,0.0,0.0
80661,0.0,0.0,0.0
80662,0.0,0.0,0.0
80663,0.0,0.0,0.0
80664,0.0,0.0,0.0
80665,0.0,0.0,0.0
80666,0.0,0.0,0.0
80667,0.0,0.0,0.0
80668,0.0,0.0,0.0
80669,0.0,0.0,0.0
80670,0.0,0.0,0.0
80671,0.0,0.0,0.0
80672,0.0,0.0,0.0
80673,0.0,0.0,0.0
80674,0.0,0.0,0.0
80675,0.0,0.0,0.0
80676,0.0,0.0,0.0
80677,0.0,0.0,0.0
80678,0.0,0.0,0.0
80679,0.0,0.0,0.0
80680,0.0,0.0,0.0
80681,0.0,0.0,0.0
80682,0.0,0.0,0.0
80683,0.0,0.0,0.0
80684,0.0,0.0,0.0
80685,0.0,0.0,0.0
80686,0.0,0.0,0.0
80687,0.0,0.0,0.0
80688,0.0,0.0,0.0
80689,0.0,0.0,0.0
80690,0.0,0.0,0.0
80691,0.0,0.0,0.0
80692,0.0,0.0,0.0
80693,0.0,0.0,0.0
80694,0.0,0.0,0.0
80695,0.0,0.0,0.0
80696,0.0,0.0,0.0
80697,0.0,0.0,0.0
80698,0.0,0.0,0.0
80699,0.0,0.0,0.0
80700,0.0,0.0,0.0
80701,0.0,0.0,0.0
80702,0.0,0.0,0.0
80703,0.0,0.0,0.0
80704,0.0,0.0,0.0
80705,0.0,0.0,0.0
80706,0.0,0.0,0.0
80707,0.0,0.0,0.0
80708,0.0,0.0,0.0
80709,0.0,0.0,0.0
80710,0.0,0.0,0.0
80711,0.0,0.0,0.0
80712,0.0,0.0,0.0
80713,0.0,0.0,0.0
80714,0.0,0.0,0.0
80715,0.0,0.0,0.0
80716,0.0,0.0,0.0
80717,0.0,0.0,0.0
80718,0.0,0.0,0.0
80719,0.0,0.0,0.0
80720,0.0,0.0,0.0
80721,0.0,0.0,0.0
80722,0.0,0.0,0.0
80723,0.0,0.0,0.0
80724,0.0,0.0,0.0
80725,0.0,0.0,0.0
80726,0.0,0.0,0.0
80727,0.0,0.0,0.0
80728,0.0,0.0,0.0
80729,0.0,0.0,0.0
80730,0.0,0.0,0.0
80731,0.0,0.0,0.0
80732,0.0,0.0,0.0
80733,0.0,0.0,0.0
80734,0.0,0.0,0.0
80735,0.0,0.0,0.0
80736,0.0,0.0,0.0
80737,0.0,0.0,0.0
80738,0.0,0.0,0.0
80739,0.0,0.0,0.0
80740,0.0,0.0,0.0
80741,0.0,0.0,0.0
80742,0.0,0.0,0.0
80743,0.0,0.0,0.0
80744,0.0,0.0,0.0
80745,0.0,0.0,0.0
80746,0.0,0.0,0.0
80747,0.0,0.0,0.0
80748,0.0,0.0,0.0
80749,0.0,0.0,0.0
80750,0.0,0.0,0.0
80751,0.0,0.0,0.0
80752,0.0,0.0,0.0
80753,0.0,0.0,0.0
80754,0.0,0.0,0.0
80755,0.0,0.0,0.0
80756,0.0,0.0,0.0
80757,0.0,0.0,0.0
80758,0.0,0.0,0.0
80759,0.0,0.0,0.0
80760,0.0,0.0,0.0
80761,0.0,0.0,0.0
80762,0.0,0.0,0.0
80763,0.0,0.0,0.0
80764,0.0,0.0,0.0
80765,0.0,0.0,0.0
80766,0.0,0.0,0.0
80767,0.0,0.0,0.0
80768,0.0,0.0,0.0
80769,0.0,0.0,0.0
80770,0.0,0.0,0.0
80771,0.0,0.0,0.0
80772,0.0,0.0,0.0
80773,0.0,0.0,0.0
80774,0.0,0.0,0.0
80775,0.0,0.0,0.0
80776,0.0,0.0,0.0
80777,0.0,0.0,0.0
80778,0.0,0.0,0.0
80779,0.0,0.0,0.0
80780,0.0,0.0,0.0
80781,0.0,0.0,0.0
80782,0.0,0.0,0.0
80783,0.0,0.0,0.0
80784,0.0,0.0,0.0
80785,0.0,0.0,0.0
80786,0.0,0.0,0.0
80787,0.0,0.0,0.0
80788,0.0,0.0,0.0
80789,0.0,0.0,0.0
80790,0.0,0.0,0.0
80791,0.0,0.0,0.0
80792,0.0,0.0,0.0
80793,0.0,0.0,0.0
80794,0.0,0.0,0.0
80795,0.0,0.0,0.0
80796,0.0,0.0,0.0
80797,0.0,0.0,0.0
80798,0.0,0.0,0.0
80799,0.0,0.0,0.0
80800,0.0,0.0,0.0
80801,0.0,0.0,0.0
80802,0.0,0.0,0.0
80803,0.0,0.0,0.0
80804,0.0,0.0,0.0
80805,0.0,0.0,0.0
80806,0.0,0.0,0.0
80807,0.0,0.0,0.0
80808,0.0,0.0,0.0
80809,0.0,0.0,0.0
80810,0.0,0.0,0.0
80811,0.0,0.0,0.0
80812,0.0,0.0,0.0
80813,0.0,0.0,0.0
80814,0.0,0.0,0.0
80815,0.0,0.0,0.0
80816,0.0,0.0,0.0
80817,0.0,0.0,0.0
80818,0.0,0.0,0.0
80819,0.0,0.0,0.0
80820,0.0,0.0,0.0
80821,0.0,0.0,0.0
80822,0.0,0.0,0.0
80823,0.0,0.0,0.0
80824,0.0,0.0,0.0
80825,0.0,0.0,0.0
80826,0.0,0.0,0.0
80827,0.0,0.0,0.0
80828,0.0,0.0,0.0
80829,0.0,0.0,0.0
80830,0.0,0.0,0.0
80831,0.0,0.0,0.0
80832,0.0,0.0,0.0
80833,0.0,0.0,0.0
80834,0.0,0.0,0.0
80835,0.0,0.0,0.0
80836,0.0,0.0,0.0
80837,0.0,0.0,0.0
80838,0.0,0.0,0.0
80839,0.0,0.0,0.0
80840,0.0,0.0,0.0
80841,0.0,0.0,0.0
80842,0.0,0.0,0.0
80843,0.0,0.0,0.0
80844,0.0,0.0,0.0
80845,0.0,0.0,0.0
80846,0.0,0.0,0.0
80847,0.0,0.0,0.0
80848,0.0,0.0,0.0
80849,0.0,0.0,0.0
80850,0.0,0.0,0.0
80851,0.0,0.0,0.0
80852,0.0,0.0,0.0
80853,0.0,0.0,0.0
80854,0.0,0.0,0.0
80855,0.0,0.0,0.0
80856,0.0,0.0,0.0
80857,0.0,0.0,0.0
80858,0.0,0.0,0.0
80859,0.0,0.0,0.0
80860,0.0,0.0,0.0
80861,0.0,0.0,0.0
80862,0.0,0.0,0.0
80863,0.0,0.0,0.0
80864,0.0,0.0,0.0
80865,0.0,0.0,0.0
80866,0.0,0.0,0.0
80867,0.0,0.0,0.0
80868,0.0,0.0,0.0
80869,0.0,0.0,0.0
80870,0.0,0.0,0.0
80871,0.0,0.0,0.0
80872,0.0,0.0,0.0
80873,0.0,0.0,0.0
80874,0.0,0.0,0.0
80875,0.0,0.0,0.0
80876,0.0,0.0,0.0
80877,0.0,0.0,0.0
80878,0.0,0.0,0.0
80879,0.0,0.0,0.0
80880,0.0,0.0,0.0
80881,0.0,0.0,0.0
80882,0.0,0.0,0.0
80883,0.0,0.0,0.0
80884,0.0,0.0,0.0
80885,0.0,0.0,0.0
80886,0.0,0.0,0.0
80887,0.0,0.0,0.0
80888,0.0,0.0,0.0
80889,0.0,0.0,0.0
80890,0.0,0.0,0.0
80891,0.0,0.0,0.0
80892,0.0,0.0,0.0
80893,0.0,0.0,0.0
80894,0.0,0.0,0.0
80895,0.0,0.0,0.0
80896,0.0,0.0,0.0
80897,0.0,0.0,0.0
80898,0.0,0.0,0.0
80899,0.0,0.0,0.0
80900,0.0,0.0,0.0
80901,0.0,0.0,0.0
80902,0.0,0.0,0.0
80903,0.0,0.0,0.0
80904,0.0,0.0,0.0
80905,0.0,0.0,0.0
80906,0.0,0.0,0.0
80907,0.0,0.0,0.0
80908,0.0,0.0,0.0
80909,0.0,0.0,0.0
80910,0.0,0.0,0.0
80911,0.0,0.0,0.0
80912,0.0,0.0,0.0
80913,0.0,0.0,0.0
80914,0.0,0.0,0.0
80915,0.0,0.0,0.0
80916,0.0,0.0,0.0
80917,0.0,0.0,0.0
80918,0.0,0.0,0.0
80919,0.0,0.0,0.0
80920,0.0,0.0,0.0
80921,0.0,0.0,0.0
80922,0.0,0.0,0.0
80923,0.0,0.0,0.0
80924,0.0,0.0,0.0
80925,0.0,0.0,0.0
80926,0.0,0.0,0.0
80927,0.0,0.0,0.0
80928,0.0,0.0,0.0
80929,0.0,0.0,0.0
80930,0.0,0.0,0.0
80931,0.0,0.0,0.0
80932,0.0,0.0,0.0
80933,0.0,0.0,0.0
80934,0.0,0.0,0.0
80935,0.0,0.0,0.0
80936,0.0,0.0,0.0
80937,0.0,0.0,0.0
80938,0.0,0.0,0.0
80939,0.0,0.0,0.0
80940,0.0,0.0,0.0
80941,0.0,0.0,0.0
80942,0.0,0.0,0.0
80943,0.0,0.0,0.0
80944,0.0,0.0,0.0
80945,0.0,0.0,0.0
80946,0.0,0.0,0.0
80947,0.0,0.0,0.0
80948,0.0,0.0,0.0
80949,0.0,0.0,0.0
80950,0.0,0.0,0.0
80951,0.0,0.0,0.0
80952,0.0,0.0,0.0
80953,0.0,0.0,0.0
80954,0.0,0.0,0.0
80955,0.0,0.0,0.0
80956,0.0,0.0,0.0
80957,0.0,0.0,0.0
80958,0.0,0.0,0.0
80959,0.0,0.0,0.0
80960,0.0,0.0,0.0
80961,0.0,0.0,0.0
80962,0.0,0.0,0.0
80963,0.0,0.0,0.0
80964,0.0,0.0,0.0
80965,0.0,0.0,0.0
80966,0.0,0.0,0.0
80967,0.0,0.0,0.0
80968,0.0,0.0,0.0
80969,0.0,0.0,0.0
80970,0.0,0.0,0.0
80971,0.0,0.0,0.0
80972,0.0,0.0,0.0
80973,0.0,0.0,0.0
80974,0.0,0.0,0.0
80975,0.0,0.0,0.0
80976,0.0,0.0,0.0
80977,0.0,0.0,0.0
80978,0.0,0.0,0.0
80979,0.0,0.0,0.0
80980,0.0,0.0,0.0
80981,0.0,0.0,0.0
80982,0.0,0.0,0.0
80983,0.0,0.0,0.0
80984,0.0,0.0,0.0
80985,0.0,0.0,0.0
80986,0.0,0.0,0.0
80987,0.0,0.0,0.0
80988,0.0,0.0,0.0
80989,0.0,0.0,0.0
80990,0.0,0.0,0.0
80991,0.0,0.0,0.0
80992,0.0,0.0,0.0
80993,0.0,0.0,0.0
80994,0.0,0.0,0.0
80995,0.0,0.0,0.0
80996,0.0,0.0,0.0
80997,0.0,0.0,0.0
80998,0.0,0.0,0.0
80999,0.0,0.0,0.0
81000,0.0,0.0,0.0
81001,0.0,0.0,0.0
81002,0.0,0.0,0.0
81003,0.0,0.0,0.0
81004,0.0,0.0,0.0
81005,0.0,0.0,0.0
81006,0.0,0.0,0.0
81007,0.0,0.0,0.0
81008,0.0,0.0,0.0
81009,0.0,0.0,0.0
81010,0.0,0.0,0.0
81011,0.0,0.0,0.0
81012,0.0,0.0,0.0
81013,0.0,0.0,0.0
81014,0.0,0.0,0.0
81015,0.0,0.0,0.0
81016,0.0,0.0,0.0
81017,0.0,0.0,0.0
81018,0.0,0.0,0.0
81019,0.0,0.0,0.0
81020,0.0,0.0,0.0
81021,0.0,0.0,0.0
81022,0.0,0.0,0.0
81023,0.0,0.0,0.0
81024,0.0,0.0,0.0
81025,0.0,0.0,0.0
81026,0.0,0.0,0.0
81027,0.0,0.0,0.0
81028,0.0,0.0,0.0
81029,0.0,0.0,0.0
81030,0.0,0.0,0.0
81031,0.0,0.0,0.0
81032,0.0,0.0,0.0
81033,0.0,0.0,0.0
81034,0.0,0.0,0.0
81035,0.0,0.0,0.0
81036,0.0,0.0,0.0
81037,0.0,0.0,0.0
81038,0.0,0.0,0.0
81039,0.0,0.0,0.0
81040,0.0,0.0,0.0
81041,0.0,0.0,0.0
81042,0.0,0.0,0.0
81043,0.0,0.0,0.0
81044,0.0,0.0,0.0
81045,0.0,0.0,0.0
81046,0.0,0.0,0.0
81047,0.0,0.0,0.0
81048,0.0,0.0,0.0
81049,0.0,0.0,0.0
81050,0.0,0.0,0.0
81051,0.0,0.0,0.0
81052,0.0,0.0,0.0
81053,0.0,0.0,0.0
81054,0.0,0.0,0.0
81055,0.0,0.0,0.0
81056,0.0,0.0,0.0
81057,0.0,0.0,0.0
81058,0.0,0.0,0.0
81059,0.0,0.0,0.0
81060,0.0,0.0,0.0
81061,0.0,0.0,0.0
81062,0.0,0.0,0.0
81063,0.0,0.0,0.0
81064,0.0,0.0,0.0
81065,0.0,0.0,0.0
81066,0.0,0.0,0.0
81067,0.0,0.0,0.0
81068,0.0,0.0,0.0
81069,0.0,0.0,0.0
81070,0.0,0.0,0.0
81071,0.0,0.0,0.0
81072,0.0,0.0,0.0
81073,0.0,0.0,0.0
81074,0.0,0.0,0.0
81075,0.0,0.0,0.0
81076,0.0,0.0,0.0
81077,0.0,0.0,0.0
81078,0.0,0.0,0.0
81079,0.0,0.0,0.0
81080,0.0,0.0,0.0
81081,0.0,0.0,0.0
81082,0.0,0.0,0.0
81083,0.0,0.0,0.0
81084,0.0,0.0,0.0
81085,0.0,0.0,0.0
81086,0.0,0.0,0.0
81087,0.0,0.0,0.0
81088,0.0,0.0,0.0
81089,0.0,0.0,0.0
81090,0.0,0.0,0.0
81091,0.0,0.0,0.0
81092,0.0,0.0,0.0
81093,0.0,0.0,0.0
81094,0.0,0.0,0.0
81095,0.0,0.0,0.0
81096,0.0,0.0,0.0
81097,0.0,0.0,0.0
81098,0.0,0.0,0.0
81099,0.0,0.0,0.0
81100,0.0,0.0,0.0
81101,0.0,0.0,0.0
81102,0.0,0.0,0.0
81103,0.0,0.0,0.0
81104,0.0,0.0,0.0
81105,0.0,0.0,0.0
81106,0.0,0.0,0.0
81107,0.0,0.0,0.0
81108,0.0,0.0,0.0
81109,0.0,0.0,0.0
81110,0.0,0.0,0.0
81111,0.0,0.0,0.0
81112,0.0,0.0,0.0
81113,0.0,0.0,0.0
81114,0.0,0.0,0.0
81115,0.0,0.0,0.0
81116,0.0,0.0,0.0
81117,0.0,0.0,0.0
81118,0.0,0.0,0.0
81119,0.0,0.0,0.0
81120,0.0,0.0,0.0
81121,0.0,0.0,0.0
81122,0.0,0.0,0.0
81123,0.0,0.0,0.0
81124,0.0,0.0,0.0
81125,0.0,0.0,0.0
81126,0.0,0.0,0.0
81127,0.0,0.0,0.0
81128,0.0,0.0,0.0
81129,0.0,0.0,0.0
81130,0.0,0.0,0.0
81131,0.0,0.0,0.0
81132,0.0,0.0,0.0
81133,0.0,0.0,0.0
81134,0.0,0.0,0.0
81135,0.0,0.0,0.0
81136,0.0,0.0,0.0
81137,0.0,0.0,0.0
81138,0.0,0.0,0.0
81139,0.0,0.0,0.0
81140,0.0,0.0,0.0
81141,0.0,0.0,0.0
81142,0.0,0.0,0.0
81143,0.0,0.0,0.0
81144,0.0,0.0,0.0
81145,0.0,0.0,0.0
81146,0.0,0.0,0.0
81147,0.0,0.0,0.0
81148,0.0,0.0,0.0
81149,0.0,0.0,0.0
81150,0.0,0.0,0.0
81151,0.0,0.0,0.0
81152,0.0,0.0,0.0
81153,0.0,0.0,0.0
81154,0.0,0.0,0.0
81155,0.0,0.0,0.0
81156,0.0,0.0,0.0
81157,0.0,0.0,0.0
81158,0.0,0.0,0.0
81159,0.0,0.0,0.0
81160,0.0,0.0,0.0
81161,0.0,0.0,0.0
81162,0.0,0.0,0.0
81163,0.0,0.0,0.0
81164,0.0,0.0,0.0
81165,0.0,0.0,0.0
81166,0.0,0.0,0.0
81167,0.0,0.0,0.0
81168,0.0,0.0,0.0
81169,0.0,0.0,0.0
81170,0.0,0.0,0.0
81171,0.0,0.0,0.0
81172,0.0,0.0,0.0
81173,0.0,0.0,0.0
81174,0.0,0.0,0.0
81175,0.0,0.0,0.0
81176,0.0,0.0,0.0
81177,0.0,0.0,0.0
81178,0.0,0.0,0.0
81179,0.0,0.0,0.0
81180,0.0,0.0,0.0
81181,0.0,0.0,0.0
81182,0.0,0.0,0.0
81183,0.0,0.0,0.0
81184,0.0,0.0,0.0
81185,0.0,0.0,0.0
81186,0.0,0.0,0.0
81187,0.0,0.0,0.0
81188,0.0,0.0,0.0
81189,0.0,0.0,0.0
81190,0.0,0.0,0.0
81191,0.0,0.0,0.0
81192,0.0,0.0,0.0
81193,0.0,0.0,0.0
81194,0.0,0.0,0.0
81195,0.0,0.0,0.0
81196,0.0,0.0,0.0
81197,0.0,0.0,0.0
81198,0.0,0.0,0.0
81199,0.0,0.0,0.0
81200,0.0,0.0,0.0
81201,0.0,0.0,0.0
81202,0.0,0.0,0.0
81203,0.0,0.0,0.0
81204,0.0,0.0,0.0
81205,0.0,0.0,0.0
81206,0.0,0.0,0.0
81207,0.0,0.0,0.0
81208,0.0,0.0,0.0
81209,0.0,0.0,0.0
81210,0.0,0.0,0.0
81211,0.0,0.0,0.0
81212,0.0,0.0,0.0
81213,0.0,0.0,0.0
81214,0.0,0.0,0.0
81215,0.0,0.0,0.0
81216,0.0,0.0,0.0
81217,0.0,0.0,0.0
81218,0.0,0.0,0.0
81219,0.0,0.0,0.0
81220,0.0,0.0,0.0
81221,0.0,0.0,0.0
81222,0.0,0.0,0.0
81223,0.0,0.0,0.0
81224,0.0,0.0,0.0
81225,0.0,0.0,0.0
81226,0.0,0.0,0.0
81227,0.0,0.0,0.0
81228,0.0,0.0,0.0
81229,0.0,0.0,0.0
81230,0.0,0.0,0.0
81231,0.0,0.0,0.0
81232,0.0,0.0,0.0
81233,0.0,0.0,0.0
81234,0.0,0.0,0.0
81235,0.0,0.0,0.0
81236,0.0,0.0,0.0
81237,0.0,0.0,0.0
81238,0.0,0.0,0.0
81239,0.0,0.0,0.0
81240,0.0,0.0,0.0
81241,0.0,0.0,0.0
81242,0.0,0.0,0.0
81243,0.0,0.0,0.0
81244,0.0,0.0,0.0
81245,0.0,0.0,0.0
81246,0.0,0.0,0.0
81247,0.0,0.0,0.0
81248,0.0,0.0,0.0
81249,0.0,0.0,0.0
81250,0.0,0.0,0.0
81251,0.0,0.0,0.0
81252,0.0,0.0,0.0
81253,0.0,0.0,0.0
81254,0.0,0.0,0.0
81255,0.0,0.0,0.0
81256,0.0,0.0,0.0
81257,0.0,0.0,0.0
81258,0.0,0.0,0.0
81259,0.0,0.0,0.0
81260,0.0,0.0,0.0
81261,0.0,0.0,0.0
81262,0.0,0.0,0.0
81263,0.0,0.0,0.0
81264,0.0,0.0,0.0
81265,0.0,0.0,0.0
81266,0.0,0.0,0.0
81267,0.0,0.0,0.0
81268,0.0,0.0,0.0
81269,0.0,0.0,0.0
81270,0.0,0.0,0.0
81271,0.0,0.0,0.0
81272,0.0,0.0,0.0
81273,0.0,0.0,0.0
81274,0.0,0.0,0.0
81275,0.0,0.0,0.0
81276,0.0,0.0,0.0
81277,0.0,0.0,0.0
81278,0.0,0.0,0.0
81279,0.0,0.0,0.0
81280,0.0,0.0,0.0
81281,0.0,0.0,0.0
81282,0.0,0.0,0.0
81283,0.0,0.0,0.0
81284,0.0,0.0,0.0
81285,0.0,0.0,0.0
81286,0.0,0.0,0.0
81287,0.0,0.0,0.0
81288,0.0,0.0,0.0
81289,0.0,0.0,0.0
81290,0.0,0.0,0.0
81291,0.0,0.0,0.0
81292,0.0,0.0,0.0
81293,0.0,0.0,0.0
81294,0.0,0.0,0.0
81295,0.0,0.0,0.0
81296,0.0,0.0,0.0
81297,0.0,0.0,0.0
81298,0.0,0.0,0.0
81299,0.0,0.0,0.0
81300,0.0,0.0,0.0
81301,0.0,0.0,0.0
81302,0.0,0.0,0.0
81303,0.0,0.0,0.0
81304,0.0,0.0,0.0
81305,0.0,0.0,0.0
81306,0.0,0.0,0.0
81307,0.0,0.0,0.0
81308,0.0,0.0,0.0
81309,0.0,0.0,0.0
81310,0.0,0.0,0.0
81311,0.0,0.0,0.0
81312,0.0,0.0,0.0
81313,0.0,0.0,0.0
81314,0.0,0.0,0.0
81315,0.0,0.0,0.0
81316,0.0,0.0,0.0
81317,0.0,0.0,0.0
81318,0.0,0.0,0.0
81319,0.0,0.0,0.0
81320,0.0,0.0,0.0
81321,0.0,0.0,0.0
81322,0.0,0.0,0.0
81323,0.0,0.0,0.0
81324,0.0,0.0,0.0
81325,0.0,0.0,0.0
81326,0.0,0.0,0.0
81327,0.0,0.0,0.0
81328,0.0,0.0,0.0
81329,0.0,0.0,0.0
81330,0.0,0.0,0.0
81331,0.0,0.0,0.0
81332,0.0,0.0,0.0
81333,0.0,0.0,0.0
81334,0.0,0.0,0.0
81335,0.0,0.0,0.0
81336,0.0,0.0,0.0
81337,0.0,0.0,0.0
81338,0.0,0.0,0.0
81339,0.0,0.0,0.0
81340,0.0,0.0,0.0
81341,0.0,0.0,0.0
81342,0.0,0.0,0.0
81343,0.0,0.0,0.0
81344,0.0,0.0,0.0
81345,0.0,0.0,0.0
81346,0.0,0.0,0.0
81347,0.0,0.0,0.0
81348,0.0,0.0,0.0
81349,0.0,0.0,0.0
81350,0.0,0.0,0.0
81351,0.0,0.0,0.0
81352,0.0,0.0,0.0
81353,0.0,0.0,0.0
81354,0.0,0.0,0.0
81355,0.0,0.0,0.0
81356,0.0,0.0,0.0
81357,0.0,0.0,0.0
81358,0.0,0.0,0.0
81359,0.0,0.0,0.0
81360,0.0,0.0,0.0
81361,0.0,0.0,0.0
81362,0.0,0.0,0.0
81363,0.0,0.0,0.0
81364,0.0,0.0,0.0
81365,0.0,0.0,0.0
81366,0.0,0.0,0.0
81367,0.0,0.0,0.0
81368,0.0,0.0,0.0
81369,0.0,0.0,0.0
81370,0.0,0.0,0.0
81371,0.0,0.0,0.0
81372,0.0,0.0,0.0
81373,0.0,0.0,0.0
81374,0.0,0.0,0.0
81375,0.0,0.0,0.0
81376,0.0,0.0,0.0
81377,0.0,0.0,0.0
81378,0.0,0.0,0.0
81379,0.0,0.0,0.0
81380,0.0,0.0,0.0
81381,0.0,0.0,0.0
81382,0.0,0.0,0.0
81383,0.0,0.0,0.0
81384,0.0,0.0,0.0
81385,0.0,0.0,0.0
81386,0.0,0.0,0.0
81387,0.0,0.0,0.0
81388,0.0,0.0,0.0
81389,0.0,0.0,0.0
81390,0.0,0.0,0.0
81391,0.0,0.0,0.0
81392,0.0,0.0,0.0
81393,0.0,0.0,0.0
81394,0.0,0.0,0.0
81395,0.0,0.0,0.0
81396,0.0,0.0,0.0
81397,0.0,0.0,0.0
81398,0.0,0.0,0.0
81399,0.0,0.0,0.0
81400,0.0,0.0,0.0
81401,0.0,0.0,0.0
81402,0.0,0.0,0.0
81403,0.0,0.0,0.0
81404,0.0,0.0,0.0
81405,0.0,0.0,0.0
81406,0.0,0.0,0.0
81407,0.0,0.0,0.0
81408,0.0,0.0,0.0
81409,0.0,0.0,0.0
81410,0.0,0.0,0.0
81411,0.0,0.0,0.0
81412,0.0,0.0,0.0
81413,0.0,0.0,0.0
81414,0.0,0.0,0.0
81415,0.0,0.0,0.0
81416,0.0,0.0,0.0
81417,0.0,0.0,0.0
81418,0.0,0.0,0.0
81419,0.0,0.0,0.0
81420,0.0,0.0,0.0
81421,0.0,0.0,0.0
81422,0.0,0.0,0.0
81423,0.0,0.0,0.0
81424,0.0,0.0,0.0
81425,0.0,0.0,0.0
81426,0.0,0.0,0.0
81427,0.0,0.0,0.0
81428,0.0,0.0,0.0
81429,0.0,0.0,0.0
81430,0.0,0.0,0.0
81431,0.0,0.0,0.0
81432,0.0,0.0,0.0
81433,0.0,0.0,0.0
81434,0.0,0.0,0.0
81435,0.0,0.0,0.0
81436,0.0,0.0,0.0
81437,0.0,0.0,0.0
81438,0.0,0.0,0.0
81439,0.0,0.0,0.0
81440,0.0,0.0,0.0
81441,0.0,0.0,0.0
81442,0.0,0.0,0.0
81443,0.0,0.0,0.0
81444,0.0,0.0,0.0
81445,0.0,0.0,0.0
81446,0.0,0.0,0.0
81447,0.0,0.0,0.0
81448,0.0,0.0,0.0
81449,0.0,0.0,0.0
81450,0.0,0.0,0.0
81451,0.0,0.0,0.0
81452,0.0,0.0,0.0
81453,0.0,0.0,0.0
81454,0.0,0.0,0.0
81455,0.0,0.0,0.0
81456,0.0,0.0,0.0
81457,0.0,0.0,0.0
81458,0.0,0.0,0.0
81459,0.0,0.0,0.0
81460,0.0,0.0,0.0
81461,0.0,0.0,0.0
81462,0.0,0.0,0.0
81463,0.0,0.0,0.0
81464,0.0,0.0,0.0
81465,0.0,0.0,0.0
81466,0.0,0.0,0.0
81467,0.0,0.0,0.0
81468,0.0,0.0,0.0
81469,0.0,0.0,0.0
81470,0.0,0.0,0.0
81471,0.0,0.0,0.0
81472,0.0,0.0,0.0
81473,0.0,0.0,0.0
81474,0.0,0.0,0.0
81475,0.0,0.0,0.0
81476,0.0,0.0,0.0
81477,0.0,0.0,0.0
81478,0.0,0.0,0.0
81479,0.0,0.0,0.0
81480,0.0,0.0,0.0
81481,0.0,0.0,0.0
81482,0.0,0.0,0.0
81483,0.0,0.0,0.0
81484,0.0,0.0,0.0
81485,0.0,0.0,0.0
81486,0.0,0.0,0.0
81487,0.0,0.0,0.0
81488,0.0,0.0,0.0
81489,0.0,0.0,0.0
81490,0.0,0.0,0.0
81491,0.0,0.0,0.0
81492,0.0,0.0,0.0
81493,0.0,0.0,0.0
81494,0.0,0.0,0.0
81495,0.0,0.0,0.0
81496,0.0,0.0,0.0
81497,0.0,0.0,0.0
81498,0.0,0.0,0.0
81499,0.0,0.0,0.0
81500,0.0,0.0,0.0
81501,0.0,0.0,0.0
81502,0.0,0.0,0.0
81503,0.0,0.0,0.0
81504,0.0,0.0,0.0
81505,0.0,0.0,0.0
81506,0.0,0.0,0.0
81507,0.0,0.0,0.0
81508,0.0,0.0,0.0
81509,0.0,0.0,0.0
81510,0.0,0.0,0.0
81511,0.0,0.0,0.0
81512,0.0,0.0,0.0
81513,0.0,0.0,0.0
81514,0.0,0.0,0.0
81515,0.0,0.0,0.0
81516,0.0,0.0,0.0
81517,0.0,0.0,0.0
81518,0.0,0.0,0.0
81519,0.0,0.0,0.0
81520,0.0,0.0,0.0
81521,0.0,0.0,0.0
81522,0.0,0.0,0.0
81523,0.0,0.0,0.0
81524,0.0,0.0,0.0
81525,0.0,0.0,0.0
81526,0.0,0.0,0.0
81527,0.0,0.0,0.0
81528,0.0,0.0,0.0
81529,0.0,0.0,0.0
81530,0.0,0.0,0.0
81531,0.0,0.0,0.0
81532,0.0,0.0,0.0
81533,0.0,0.0,0.0
81534,0.0,0.0,0.0
81535,0.0,0.0,0.0
81536,0.0,0.0,0.0
81537,0.0,0.0,0.0
81538,0.0,0.0,0.0
81539,0.0,0.0,0.0
81540,0.0,0.0,0.0
81541,0.0,0.0,0.0
81542,0.0,0.0,0.0
81543,0.0,0.0,0.0
81544,0.0,0.0,0.0
81545,0.0,0.0,0.0
81546,0.0,0.0,0.0
81547,0.0,0.0,0.0
81548,0.0,0.0,0.0
81549,0.0,0.0,0.0
81550,0.0,0.0,0.0
81551,0.0,0.0,0.0
81552,0.0,0.0,0.0
81553,0.0,0.0,0.0
81554,0.0,0.0,0.0
81555,0.0,0.0,0.0
81556,0.0,0.0,0.0
81557,0.0,0.0,0.0
81558,0.0,0.0,0.0
81559,0.0,0.0,0.0
81560,0.0,0.0,0.0
81561,0.0,0.0,0.0
81562,0.0,0.0,0.0
81563,0.0,0.0,0.0
81564,0.0,0.0,0.0
81565,0.0,0.0,0.0
81566,0.0,0.0,0.0
81567,0.0,0.0,0.0
81568,0.0,0.0,0.0
81569,0.0,0.0,0.0
81570,0.0,0.0,0.0
81571,0.0,0.0,0.0
81572,0.0,0.0,0.0
81573,0.0,0.0,0.0
81574,0.0,0.0,0.0
81575,0.0,0.0,0.0
81576,0.0,0.0,0.0
81577,0.0,0.0,0.0
81578,0.0,0.0,0.0
81579,0.0,0.0,0.0
81580,0.0,0.0,0.0
81581,0.0,0.0,0.0
81582,0.0,0.0,0.0
81583,0.0,0.0,0.0
81584,0.0,0.0,0.0
81585,0.0,0.0,0.0
81586,0.0,0.0,0.0
81587,0.0,0.0,0.0
81588,0.0,0.0,0.0
81589,0.0,0.0,0.0
81590,0.0,0.0,0.0
81591,0.0,0.0,0.0
81592,0.0,0.0,0.0
81593,0.0,0.0,0.0
81594,0.0,0.0,0.0
81595,0.0,0.0,0.0
81596,0.0,0.0,0.0
81597,0.0,0.0,0.0
81598,0.0,0.0,0.0
81599,0.0,0.0,0.0
81600,0.0,0.0,0.0
81601,0.0,0.0,0.0
81602,0.0,0.0,0.0
81603,0.0,0.0,0.0
81604,0.0,0.0,0.0
81605,0.0,0.0,0.0
81606,0.0,0.0,0.0
81607,0.0,0.0,0.0
81608,0.0,0.0,0.0
81609,0.0,0.0,0.0
81610,0.0,0.0,0.0
81611,0.0,0.0,0.0
81612,0.0,0.0,0.0
81613,0.0,0.0,0.0
81614,0.0,0.0,0.0
81615,0.0,0.0,0.0
81616,0.0,0.0,0.0
81617,0.0,0.0,0.0
81618,0.0,0.0,0.0
81619,0.0,0.0,0.0
81620,0.0,0.0,0.0
81621,0.0,0.0,0.0
81622,0.0,0.0,0.0
81623,0.0,0.0,0.0
81624,0.0,0.0,0.0
81625,0.0,0.0,0.0
81626,0.0,0.0,0.0
81627,0.0,0.0,0.0
81628,0.0,0.0,0.0
81629,0.0,0.0,0.0
81630,0.0,0.0,0.0
81631,0.0,0.0,0.0
81632,0.0,0.0,0.0
81633,0.0,0.0,0.0
81634,0.0,0.0,0.0
81635,0.0,0.0,0.0
81636,0.0,0.0,0.0
81637,0.0,0.0,0.0
81638,0.0,0.0,0.0
81639,0.0,0.0,0.0
81640,0.0,0.0,0.0
81641,0.0,0.0,0.0
81642,0.0,0.0,0.0
81643,0.0,0.0,0.0
81644,0.0,0.0,0.0
81645,0.0,0.0,0.0
81646,0.0,0.0,0.0
81647,0.0,0.0,0.0
81648,0.0,0.0,0.0
81649,0.0,0.0,0.0
81650,0.0,0.0,0.0
81651,0.0,0.0,0.0
81652,0.0,0.0,0.0
81653,0.0,0.0,0.0
81654,0.0,0.0,0.0
81655,0.0,0.0,0.0
81656,0.0,0.0,0.0
81657,0.0,0.0,0.0
81658,0.0,0.0,0.0
81659,0.0,0.0,0.0
81660,0.0,0.0,0.0
81661,0.0,0.0,0.0
81662,0.0,0.0,0.0
81663,0.0,0.0,0.0
81664,0.0,0.0,0.0
81665,0.0,0.0,0.0
81666,0.0,0.0,0.0
81667,0.0,0.0,0.0
81668,0.0,0.0,0.0
81669,0.0,0.0,0.0
81670,0.0,0.0,0.0
81671,0.0,0.0,0.0
81672,0.0,0.0,0.0
81673,0.0,0.0,0.0
81674,0.0,0.0,0.0
81675,0.0,0.0,0.0
81676,0.0,0.0,0.0
81677,0.0,0.0,0.0
81678,0.0,0.0,0.0
81679,0.0,0.0,0.0
81680,0.0,0.0,0.0
81681,0.0,0.0,0.0
81682,0.0,0.0,0.0
81683,0.0,0.0,0.0
81684,0.0,0.0,0.0
81685,0.0,0.0,0.0
81686,0.0,0.0,0.0
81687,0.0,0.0,0.0
81688,0.0,0.0,0.0
81689,0.0,0.0,0.0
81690,0.0,0.0,0.0
81691,0.0,0.0,0.0
81692,0.0,0.0,0.0
81693,0.0,0.0,0.0
81694,0.0,0.0,0.0
81695,0.0,0.0,0.0
81696,0.0,0.0,0.0
81697,0.0,0.0,0.0
81698,0.0,0.0,0.0
81699,0.0,0.0,0.0
81700,0.0,0.0,0.0
81701,0.0,0.0,0.0
81702,0.0,0.0,0.0
81703,0.0,0.0,0.0
81704,0.0,0.0,0.0
81705,0.0,0.0,0.0
81706,0.0,0.0,0.0
81707,0.0,0.0,0.0
81708,0.0,0.0,0.0
81709,0.0,0.0,0.0
81710,0.0,0.0,0.0
81711,0.0,0.0,0.0
81712,0.0,0.0,0.0
81713,0.0,0.0,0.0
81714,0.0,0.0,0.0
81715,0.0,0.0,0.0
81716,0.0,0.0,0.0
81717,0.0,0.0,0.0
81718,0.0,0.0,0.0
81719,0.0,0.0,0.0
81720,0.0,0.0,0.0
81721,0.0,0.0,0.0
81722,0.0,0.0,0.0
81723,0.0,0.0,0.0
81724,0.0,0.0,0.0
81725,0.0,0.0,0.0
81726,0.0,0.0,0.0
81727,0.0,0.0,0.0
81728,0.0,0.0,0.0
81729,0.0,0.0,0.0
81730,0.0,0.0,0.0
81731,0.0,0.0,0.0
81732,0.0,0.0,0.0
81733,0.0,0.0,0.0
81734,0.0,0.0,0.0
81735,0.0,0.0,0.0
81736,0.0,0.0,0.0
81737,0.0,0.0,0.0
81738,0.0,0.0,0.0
81739,0.0,0.0,0.0
81740,0.0,0.0,0.0
81741,0.0,0.0,0.0
81742,0.0,0.0,0.0
81743,0.0,0.0,0.0
81744,0.0,0.0,0.0
81745,0.0,0.0,0.0
81746,0.0,0.0,0.0
81747,0.0,0.0,0.0
81748,0.0,0.0,0.0
81749,0.0,0.0,0.0
81750,0.0,0.0,0.0
81751,0.0,0.0,0.0
81752,0.0,0.0,0.0
81753,0.0,0.0,0.0
81754,0.0,0.0,0.0
81755,0.0,0.0,0.0
81756,0.0,0.0,0.0
81757,0.0,0.0,0.0
81758,0.0,0.0,0.0
81759,0.0,0.0,0.0
81760,0.0,0.0,0.0
81761,0.0,0.0,0.0
81762,0.0,0.0,0.0
81763,0.0,0.0,0.0
81764,0.0,0.0,0.0
81765,0.0,0.0,0.0
81766,0.0,0.0,0.0
81767,0.0,0.0,0.0
81768,0.0,0.0,0.0
81769,0.0,0.0,0.0
81770,0.0,0.0,0.0
81771,0.0,0.0,0.0
81772,0.0,0.0,0.0
81773,0.0,0.0,0.0
81774,0.0,0.0,0.0
81775,0.0,0.0,0.0
81776,0.0,0.0,0.0
81777,0.0,0.0,0.0
81778,0.0,0.0,0.0
81779,0.0,0.0,0.0
81780,0.0,0.0,0.0
81781,0.0,0.0,0.0
81782,0.0,0.0,0.0
81783,0.0,0.0,0.0
81784,0.0,0.0,0.0
81785,0.0,0.0,0.0
81786,0.0,0.0,0.0
81787,0.0,0.0,0.0
81788,0.0,0.0,0.0
81789,0.0,0.0,0.0
81790,0.0,0.0,0.0
81791,0.0,0.0,0.0
81792,0.0,0.0,0.0
81793,0.0,0.0,0.0
81794,0.0,0.0,0.0
81795,0.0,0.0,0.0
81796,0.0,0.0,0.0
81797,0.0,0.0,0.0
81798,0.0,0.0,0.0
81799,0.0,0.0,0.0
81800,0.0,0.0,0.0
81801,0.0,0.0,0.0
81802,0.0,0.0,0.0
81803,0.0,0.0,0.0
81804,0.0,0.0,0.0
81805,0.0,0.0,0.0
81806,0.0,0.0,0.0
81807,0.0,0.0,0.0
81808,0.0,0.0,0.0
81809,0.0,0.0,0.0
81810,0.0,0.0,0.0
81811,0.0,0.0,0.0
81812,0.0,0.0,0.0
81813,0.0,0.0,0.0
81814,0.0,0.0,0.0
81815,0.0,0.0,0.0
81816,0.0,0.0,0.0
81817,0.0,0.0,0.0
81818,0.0,0.0,0.0
81819,0.0,0.0,0.0
81820,0.0,0.0,0.0
81821,0.0,0.0,0.0
81822,0.0,0.0,0.0
81823,0.0,0.0,0.0
81824,0.0,0.0,0.0
81825,0.0,0.0,0.0
81826,0.0,0.0,0.0
81827,0.0,0.0,0.0
81828,0.0,0.0,0.0
81829,0.0,0.0,0.0
81830,0.0,0.0,0.0
81831,0.0,0.0,0.0
81832,0.0,0.0,0.0
81833,0.0,0.0,0.0
81834,0.0,0.0,0.0
81835,0.0,0.0,0.0
81836,0.0,0.0,0.0
81837,0.0,0.0,0.0
81838,0.0,0.0,0.0
81839,0.0,0.0,0.0
81840,0.0,0.0,0.0
81841,0.0,0.0,0.0
81842,0.0,0.0,0.0
81843,0.0,0.0,0.0
81844,0.0,0.0,0.0
81845,0.0,0.0,0.0
81846,0.0,0.0,0.0
81847,0.0,0.0,0.0
81848,0.0,0.0,0.0
81849,0.0,0.0,0.0
81850,0.0,0.0,0.0
81851,0.0,0.0,0.0
81852,0.0,0.0,0.0
81853,0.0,0.0,0.0
81854,0.0,0.0,0.0
81855,0.0,0.0,0.0
81856,0.0,0.0,0.0
81857,0.0,0.0,0.0
81858,0.0,0.0,0.0
81859,0.0,0.0,0.0
81860,0.0,0.0,0.0
81861,0.0,0.0,0.0
81862,0.0,0.0,0.0
81863,0.0,0.0,0.0
81864,0.0,0.0,0.0
81865,0.0,0.0,0.0
81866,0.0,0.0,0.0
81867,0.0,0.0,0.0
81868,0.0,0.0,0.0
81869,0.0,0.0,0.0
81870,0.0,0.0,0.0
81871,0.0,0.0,0.0
81872,0.0,0.0,0.0
81873,0.0,0.0,0.0
81874,0.0,0.0,0.0
81875,0.0,0.0,0.0
81876,0.0,0.0,0.0
81877,0.0,0.0,0.0
81878,0.0,0.0,0.0
81879,0.0,0.0,0.0
81880,0.0,0.0,0.0
81881,0.0,0.0,0.0
81882,0.0,0.0,0.0
81883,0.0,0.0,0.0
81884,0.0,0.0,0.0
81885,0.0,0.0,0.0
81886,0.0,0.0,0.0
81887,0.0,0.0,0.0
81888,0.0,0.0,0.0
81889,0.0,0.0,0.0
81890,0.0,0.0,0.0
81891,0.0,0.0,0.0
81892,0.0,0.0,0.0
81893,0.0,0.0,0.0
81894,0.0,0.0,0.0
81895,0.0,0.0,0.0
81896,0.0,0.0,0.0
81897,0.0,0.0,0.0
81898,0.0,0.0,0.0
81899,0.0,0.0,0.0
81900,0.0,0.0,0.0
81901,0.0,0.0,0.0
81902,0.0,0.0,0.0
81903,0.0,0.0,0.0
81904,0.0,0.0,0.0
81905,0.0,0.0,0.0
81906,0.0,0.0,0.0
81907,0.0,0.0,0.0
81908,0.0,0.0,0.0
81909,0.0,0.0,0.0
81910,0.0,0.0,0.0
81911,0.0,0.0,0.0
81912,0.0,0.0,0.0
81913,0.0,0.0,0.0
81914,0.0,0.0,0.0
81915,0.0,0.0,0.0
81916,0.0,0.0,0.0
81917,0.0,0.0,0.0
81918,0.0,0.0,0.0
81919,0.0,0.0,0.0
81920,0.0,0.0,0.0
81921,0.0,0.0,0.0
81922,0.0,0.0,0.0
81923,0.0,0.0,0.0
81924,0.0,0.0,0.0
81925,0.0,0.0,0.0
81926,0.0,0.0,0.0
81927,0.0,0.0,0.0
81928,0.0,0.0,0.0
81929,0.0,0.0,0.0
81930,0.0,0.0,0.0
81931,0.0,0.0,0.0
81932,0.0,0.0,0.0
81933,0.0,0.0,0.0
81934,0.0,0.0,0.0
81935,0.0,0.0,0.0
81936,0.0,0.0,0.0
81937,0.0,0.0,0.0
81938,0.0,0.0,0.0
81939,0.0,0.0,0.0
81940,0.0,0.0,0.0
81941,0.0,0.0,0.0
81942,0.0,0.0,0.0
81943,0.0,0.0,0.0
81944,0.0,0.0,0.0
81945,0.0,0.0,0.0
81946,0.0,0.0,0.0
81947,0.0,0.0,0.0
81948,0.0,0.0,0.0
81949,0.0,0.0,0.0
81950,0.0,0.0,0.0
81951,0.0,0.0,0.0
81952,0.0,0.0,0.0
81953,0.0,0.0,0.0
81954,0.0,0.0,0.0
81955,0.0,0.0,0.0
81956,0.0,0.0,0.0
81957,0.0,0.0,0.0
81958,0.0,0.0,0.0
81959,0.0,0.0,0.0
81960,0.0,0.0,0.0
81961,0.0,0.0,0.0
81962,0.0,0.0,0.0
81963,0.0,0.0,0.0
81964,0.0,0.0,0.0
81965,0.0,0.0,0.0
81966,0.0,0.0,0.0
81967,0.0,0.0,0.0
81968,0.0,0.0,0.0
81969,0.0,0.0,0.0
81970,0.0,0.0,0.0
81971,0.0,0.0,0.0
81972,0.0,0.0,0.0
81973,0.0,0.0,0.0
81974,0.0,0.0,0.0
81975,0.0,0.0,0.0
81976,0.0,0.0,0.0
81977,0.0,0.0,0.0
81978,0.0,0.0,0.0
81979,0.0,0.0,0.0
81980,0.0,0.0,0.0
81981,0.0,0.0,0.0
81982,0.0,0.0,0.0
81983,0.0,0.0,0.0
81984,0.0,0.0,0.0
81985,0.0,0.0,0.0
81986,0.0,0.0,0.0
81987,0.0,0.0,0.0
81988,0.0,0.0,0.0
81989,0.0,0.0,0.0
81990,0.0,0.0,0.0
81991,0.0,0.0,0.0
81992,0.0,0.0,0.0
81993,0.0,0.0,0.0
81994,0.0,0.0,0.0
81995,0.0,0.0,0.0
81996,0.0,0.0,0.0
81997,0.0,0.0,0.0
81998,0.0,0.0,0.0
81999,0.0,0.0,0.0
82000,0.0,0.0,0.0
82001,0.0,0.0,0.0
82002,0.0,0.0,0.0
82003,0.0,0.0,0.0
82004,0.0,0.0,0.0
82005,0.0,0.0,0.0
82006,0.0,0.0,0.0
82007,0.0,0.0,0.0
82008,0.0,0.0,0.0
82009,0.0,0.0,0.0
82010,0.0,0.0,0.0
82011,0.0,0.0,0.0
82012,0.0,0.0,0.0
82013,0.0,0.0,0.0
82014,0.0,0.0,0.0
82015,0.0,0.0,0.0
82016,0.0,0.0,0.0
82017,0.0,0.0,0.0
82018,0.0,0.0,0.0
82019,0.0,0.0,0.0
82020,0.0,0.0,0.0
82021,0.0,0.0,0.0
82022,0.0,0.0,0.0
82023,0.0,0.0,0.0
82024,0.0,0.0,0.0
82025,0.0,0.0,0.0
82026,0.0,0.0,0.0
82027,0.0,0.0,0.0
82028,0.0,0.0,0.0
82029,0.0,0.0,0.0
82030,0.0,0.0,0.0
82031,0.0,0.0,0.0
82032,0.0,0.0,0.0
82033,0.0,0.0,0.0
82034,0.0,0.0,0.0
82035,0.0,0.0,0.0
82036,0.0,0.0,0.0
82037,0.0,0.0,0.0
82038,0.0,0.0,0.0
82039,0.0,0.0,0.0
82040,0.0,0.0,0.0
82041,0.0,0.0,0.0
82042,0.0,0.0,0.0
82043,0.0,0.0,0.0
82044,0.0,0.0,0.0
82045,0.0,0.0,0.0
82046,0.0,0.0,0.0
82047,0.0,0.0,0.0
82048,0.0,0.0,0.0
82049,0.0,0.0,0.0
82050,0.0,0.0,0.0
82051,0.0,0.0,0.0
82052,0.0,0.0,0.0
82053,0.0,0.0,0.0
82054,0.0,0.0,0.0
82055,0.0,0.0,0.0
82056,0.0,0.0,0.0
82057,0.0,0.0,0.0
82058,0.0,0.0,0.0
82059,0.0,0.0,0.0
82060,0.0,0.0,0.0
82061,0.0,0.0,0.0
82062,0.0,0.0,0.0
82063,0.0,0.0,0.0
82064,0.0,0.0,0.0
82065,0.0,0.0,0.0
82066,0.0,0.0,0.0
82067,0.0,0.0,0.0
82068,0.0,0.0,0.0
82069,0.0,0.0,0.0
82070,0.0,0.0,0.0
82071,0.0,0.0,0.0
82072,0.0,0.0,0.0
82073,0.0,0.0,0.0
82074,0.0,0.0,0.0
82075,0.0,0.0,0.0
82076,0.0,0.0,0.0
82077,0.0,0.0,0.0
82078,0.0,0.0,0.0
82079,0.0,0.0,0.0
82080,0.0,0.0,0.0
82081,0.0,0.0,0.0
82082,0.0,0.0,0.0
82083,0.0,0.0,0.0
82084,0.0,0.0,0.0
82085,0.0,0.0,0.0
82086,0.0,0.0,0.0
82087,0.0,0.0,0.0
82088,0.0,0.0,0.0
82089,0.0,0.0,0.0
82090,0.0,0.0,0.0
82091,0.0,0.0,0.0
82092,0.0,0.0,0.0
82093,0.0,0.0,0.0
82094,0.0,0.0,0.0
82095,0.0,0.0,0.0
82096,0.0,0.0,0.0
82097,0.0,0.0,0.0
82098,0.0,0.0,0.0
82099,0.0,0.0,0.0
82100,0.0,0.0,0.0
82101,0.0,0.0,0.0
82102,0.0,0.0,0.0
82103,0.0,0.0,0.0
82104,0.0,0.0,0.0
82105,0.0,0.0,0.0
82106,0.0,0.0,0.0
82107,0.0,0.0,0.0
82108,0.0,0.0,0.0
82109,0.0,0.0,0.0
82110,0.0,0.0,0.0
82111,0.0,0.0,0.0
82112,0.0,0.0,0.0
82113,0.0,0.0,0.0
82114,0.0,0.0,0.0
82115,0.0,0.0,0.0
82116,0.0,0.0,0.0
82117,0.0,0.0,0.0
82118,0.0,0.0,0.0
82119,0.0,0.0,0.0
82120,0.0,0.0,0.0
82121,0.0,0.0,0.0
82122,0.0,0.0,0.0
82123,0.0,0.0,0.0
82124,0.0,0.0,0.0
82125,0.0,0.0,0.0
82126,0.0,0.0,0.0
82127,0.0,0.0,0.0
82128,0.0,0.0,0.0
82129,0.0,0.0,0.0
82130,0.0,0.0,0.0
82131,0.0,0.0,0.0
82132,0.0,0.0,0.0
82133,0.0,0.0,0.0
82134,0.0,0.0,0.0
82135,0.0,0.0,0.0
82136,0.0,0.0,0.0
82137,0.0,0.0,0.0
82138,0.0,0.0,0.0
82139,0.0,0.0,0.0
82140,0.0,0.0,0.0
82141,0.0,0.0,0.0
82142,0.0,0.0,0.0
82143,0.0,0.0,0.0
82144,0.0,0.0,0.0
82145,0.0,0.0,0.0
82146,0.0,0.0,0.0
82147,0.0,0.0,0.0
82148,0.0,0.0,0.0
82149,0.0,0.0,0.0
82150,0.0,0.0,0.0
82151,0.0,0.0,0.0
82152,0.0,0.0,0.0
82153,0.0,0.0,0.0
82154,0.0,0.0,0.0
82155,0.0,0.0,0.0
82156,0.0,0.0,0.0
82157,0.0,0.0,0.0
82158,0.0,0.0,0.0
82159,0.0,0.0,0.0
82160,0.0,0.0,0.0
82161,0.0,0.0,0.0
82162,0.0,0.0,0.0
82163,0.0,0.0,0.0
82164,0.0,0.0,0.0
82165,0.0,0.0,0.0
82166,0.0,0.0,0.0
82167,0.0,0.0,0.0
82168,0.0,0.0,0.0
82169,0.0,0.0,0.0
82170,0.0,0.0,0.0
82171,0.0,0.0,0.0
82172,0.0,0.0,0.0
82173,0.0,0.0,0.0
82174,0.0,0.0,0.0
82175,0.0,0.0,0.0
82176,0.0,0.0,0.0
82177,0.0,0.0,0.0
82178,0.0,0.0,0.0
82179,0.0,0.0,0.0
82180,0.0,0.0,0.0
82181,0.0,0.0,0.0
82182,0.0,0.0,0.0
82183,0.0,0.0,0.0
82184,0.0,0.0,0.0
82185,0.0,0.0,0.0
82186,0.0,0.0,0.0
82187,0.0,0.0,0.0
82188,0.0,0.0,0.0
82189,0.0,0.0,0.0
82190,0.0,0.0,0.0
82191,0.0,0.0,0.0
82192,0.0,0.0,0.0
82193,0.0,0.0,0.0
82194,0.0,0.0,0.0
82195,0.0,0.0,0.0
82196,0.0,0.0,0.0
82197,0.0,0.0,0.0
82198,0.0,0.0,0.0
82199,0.0,0.0,0.0
82200,0.0,0.0,0.0
82201,0.0,0.0,0.0
82202,0.0,0.0,0.0
82203,0.0,0.0,0.0
82204,0.0,0.0,0.0
82205,0.0,0.0,0.0
82206,0.0,0.0,0.0
82207,0.0,0.0,0.0
82208,0.0,0.0,0.0
82209,0.0,0.0,0.0
82210,0.0,0.0,0.0
82211,0.0,0.0,0.0
82212,0.0,0.0,0.0
82213,0.0,0.0,0.0
82214,0.0,0.0,0.0
82215,0.0,0.0,0.0
82216,0.0,0.0,0.0
82217,0.0,0.0,0.0
82218,0.0,0.0,0.0
82219,0.0,0.0,0.0
82220,0.0,0.0,0.0
82221,0.0,0.0,0.0
82222,0.0,0.0,0.0
82223,0.0,0.0,0.0
82224,0.0,0.0,0.0
82225,0.0,0.0,0.0
82226,0.0,0.0,0.0
82227,0.0,0.0,0.0
82228,0.0,0.0,0.0
82229,0.0,0.0,0.0
82230,0.0,0.0,0.0
82231,0.0,0.0,0.0
82232,0.0,0.0,0.0
82233,0.0,0.0,0.0
82234,0.0,0.0,0.0
82235,0.0,0.0,0.0
82236,0.0,0.0,0.0
82237,0.0,0.0,0.0
82238,0.0,0.0,0.0
82239,0.0,0.0,0.0
82240,0.0,0.0,0.0
82241,0.0,0.0,0.0
82242,0.0,0.0,0.0
82243,0.0,0.0,0.0
82244,0.0,0.0,0.0
82245,0.0,0.0,0.0
82246,0.0,0.0,0.0
82247,0.0,0.0,0.0
82248,0.0,0.0,0.0
82249,0.0,0.0,0.0
82250,0.0,0.0,0.0
82251,0.0,0.0,0.0
82252,0.0,0.0,0.0
82253,0.0,0.0,0.0
82254,0.0,0.0,0.0
82255,0.0,0.0,0.0
82256,0.0,0.0,0.0
82257,0.0,0.0,0.0
82258,0.0,0.0,0.0
82259,0.0,0.0,0.0
82260,0.0,0.0,0.0
82261,0.0,0.0,0.0
82262,0.0,0.0,0.0
82263,0.0,0.0,0.0
82264,0.0,0.0,0.0
82265,0.0,0.0,0.0
82266,0.0,0.0,0.0
82267,0.0,0.0,0.0
82268,0.0,0.0,0.0
82269,0.0,0.0,0.0
82270,0.0,0.0,0.0
82271,0.0,0.0,0.0
82272,0.0,0.0,0.0
82273,0.0,0.0,0.0
82274,0.0,0.0,0.0
82275,0.0,0.0,0.0
82276,0.0,0.0,0.0
82277,0.0,0.0,0.0
82278,0.0,0.0,0.0
82279,0.0,0.0,0.0
82280,0.0,0.0,0.0
82281,0.0,0.0,0.0
82282,0.0,0.0,0.0
82283,0.0,0.0,0.0
82284,0.0,0.0,0.0
82285,0.0,0.0,0.0
82286,0.0,0.0,0.0
82287,0.0,0.0,0.0
82288,0.0,0.0,0.0
82289,0.0,0.0,0.0
82290,0.0,0.0,0.0
82291,0.0,0.0,0.0
82292,0.0,0.0,0.0
82293,0.0,0.0,0.0
82294,0.0,0.0,0.0
82295,0.0,0.0,0.0
82296,0.0,0.0,0.0
82297,0.0,0.0,0.0
82298,0.0,0.0,0.0
82299,0.0,0.0,0.0
82300,0.0,0.0,0.0
82301,0.0,0.0,0.0
82302,0.0,0.0,0.0
82303,0.0,0.0,0.0
82304,0.0,0.0,0.0
82305,0.0,0.0,0.0
82306,0.0,0.0,0.0
82307,0.0,0.0,0.0
82308,0.0,0.0,0.0
82309,0.0,0.0,0.0
82310,0.0,0.0,0.0
82311,0.0,0.0,0.0
82312,0.0,0.0,0.0
82313,0.0,0.0,0.0
82314,0.0,0.0,0.0
82315,0.0,0.0,0.0
82316,0.0,0.0,0.0
82317,0.0,0.0,0.0
82318,0.0,0.0,0.0
82319,0.0,0.0,0.0
82320,0.0,0.0,0.0
82321,0.0,0.0,0.0
82322,0.0,0.0,0.0
82323,0.0,0.0,0.0
82324,0.0,0.0,0.0
82325,0.0,0.0,0.0
82326,0.0,0.0,0.0
82327,0.0,0.0,0.0
82328,0.0,0.0,0.0
82329,0.0,0.0,0.0
82330,0.0,0.0,0.0
82331,0.0,0.0,0.0
82332,0.0,0.0,0.0
82333,0.0,0.0,0.0
82334,0.0,0.0,0.0
82335,0.0,0.0,0.0
82336,0.0,0.0,0.0
82337,0.0,0.0,0.0
82338,0.0,0.0,0.0
82339,0.0,0.0,0.0
82340,0.0,0.0,0.0
82341,0.0,0.0,0.0
82342,0.0,0.0,0.0
82343,0.0,0.0,0.0
82344,0.0,0.0,0.0
82345,0.0,0.0,0.0
82346,0.0,0.0,0.0
82347,0.0,0.0,0.0
82348,0.0,0.0,0.0
82349,0.0,0.0,0.0
82350,0.0,0.0,0.0
82351,0.0,0.0,0.0
82352,0.0,0.0,0.0
82353,0.0,0.0,0.0
82354,0.0,0.0,0.0
82355,0.0,0.0,0.0
82356,0.0,0.0,0.0
82357,0.0,0.0,0.0
82358,0.0,0.0,0.0
82359,0.0,0.0,0.0
82360,0.0,0.0,0.0
82361,0.0,0.0,0.0
82362,0.0,0.0,0.0
82363,0.0,0.0,0.0
82364,0.0,0.0,0.0
82365,0.0,0.0,0.0
82366,0.0,0.0,0.0
82367,0.0,0.0,0.0
82368,0.0,0.0,0.0
82369,0.0,0.0,0.0
82370,0.0,0.0,0.0
82371,0.0,0.0,0.0
82372,0.0,0.0,0.0
82373,0.0,0.0,0.0
82374,0.0,0.0,0.0
82375,0.0,0.0,0.0
82376,0.0,0.0,0.0
82377,0.0,0.0,0.0
82378,0.0,0.0,0.0
82379,0.0,0.0,0.0
82380,0.0,0.0,0.0
82381,0.0,0.0,0.0
82382,0.0,0.0,0.0
82383,0.0,0.0,0.0
82384,0.0,0.0,0.0
82385,0.0,0.0,0.0
82386,0.0,0.0,0.0
82387,0.0,0.0,0.0
82388,0.0,0.0,0.0
82389,0.0,0.0,0.0
82390,0.0,0.0,0.0
82391,0.0,0.0,0.0
82392,0.0,0.0,0.0
82393,0.0,0.0,0.0
82394,0.0,0.0,0.0
82395,0.0,0.0,0.0
82396,0.0,0.0,0.0
82397,0.0,0.0,0.0
82398,0.0,0.0,0.0
82399,0.0,0.0,0.0
82400,0.0,0.0,0.0
82401,0.0,0.0,0.0
82402,0.0,0.0,0.0
82403,0.0,0.0,0.0
82404,0.0,0.0,0.0
82405,0.0,0.0,0.0
82406,0.0,0.0,0.0
82407,0.0,0.0,0.0
82408,0.0,0.0,0.0
82409,0.0,0.0,0.0
82410,0.0,0.0,0.0
82411,0.0,0.0,0.0
82412,0.0,0.0,0.0
82413,0.0,0.0,0.0
82414,0.0,0.0,0.0
82415,0.0,0.0,0.0
82416,0.0,0.0,0.0
82417,0.0,0.0,0.0
82418,0.0,0.0,0.0
82419,0.0,0.0,0.0
82420,0.0,0.0,0.0
82421,0.0,0.0,0.0
82422,0.0,0.0,0.0
82423,0.0,0.0,0.0
82424,0.0,0.0,0.0
82425,0.0,0.0,0.0
82426,0.0,0.0,0.0
82427,0.0,0.0,0.0
82428,0.0,0.0,0.0
82429,0.0,0.0,0.0
82430,0.0,0.0,0.0
82431,0.0,0.0,0.0
82432,0.0,0.0,0.0
82433,0.0,0.0,0.0
82434,0.0,0.0,0.0
82435,0.0,0.0,0.0
82436,0.0,0.0,0.0
82437,0.0,0.0,0.0
82438,0.0,0.0,0.0
82439,0.0,0.0,0.0
82440,0.0,0.0,0.0
82441,0.0,0.0,0.0
82442,0.0,0.0,0.0
82443,0.0,0.0,0.0
82444,0.0,0.0,0.0
82445,0.0,0.0,0.0
82446,0.0,0.0,0.0
82447,0.0,0.0,0.0
82448,0.0,0.0,0.0
82449,0.0,0.0,0.0
82450,0.0,0.0,0.0
82451,0.0,0.0,0.0
82452,0.0,0.0,0.0
82453,0.0,0.0,0.0
82454,0.0,0.0,0.0
82455,0.0,0.0,0.0
82456,0.0,0.0,0.0
82457,0.0,0.0,0.0
82458,0.0,0.0,0.0
82459,0.0,0.0,0.0
82460,0.0,0.0,0.0
82461,0.0,0.0,0.0
82462,0.0,0.0,0.0
82463,0.0,0.0,0.0
82464,0.0,0.0,0.0
82465,0.0,0.0,0.0
82466,0.0,0.0,0.0
82467,0.0,0.0,0.0
82468,0.0,0.0,0.0
82469,0.0,0.0,0.0
82470,0.0,0.0,0.0
82471,0.0,0.0,0.0
82472,0.0,0.0,0.0
82473,0.0,0.0,0.0
82474,0.0,0.0,0.0
82475,0.0,0.0,0.0
82476,0.0,0.0,0.0
82477,0.0,0.0,0.0
82478,0.0,0.0,0.0
82479,0.0,0.0,0.0
82480,0.0,0.0,0.0
82481,0.0,0.0,0.0
82482,0.0,0.0,0.0
82483,0.0,0.0,0.0
82484,0.0,0.0,0.0
82485,0.0,0.0,0.0
82486,0.0,0.0,0.0
82487,0.0,0.0,0.0
82488,0.0,0.0,0.0
82489,0.0,0.0,0.0
82490,0.0,0.0,0.0
82491,0.0,0.0,0.0
82492,0.0,0.0,0.0
82493,0.0,0.0,0.0
82494,0.0,0.0,0.0
82495,0.0,0.0,0.0
82496,0.0,0.0,0.0
82497,0.0,0.0,0.0
82498,0.0,0.0,0.0
82499,0.0,0.0,0.0
82500,0.0,0.0,0.0
82501,0.0,0.0,0.0
82502,0.0,0.0,0.0
82503,0.0,0.0,0.0
82504,0.0,0.0,0.0
82505,0.0,0.0,0.0
82506,0.0,0.0,0.0
82507,0.0,0.0,0.0
82508,0.0,0.0,0.0
82509,0.0,0.0,0.0
82510,0.0,0.0,0.0
82511,0.0,0.0,0.0
82512,0.0,0.0,0.0
82513,0.0,0.0,0.0
82514,0.0,0.0,0.0
82515,0.0,0.0,0.0
82516,0.0,0.0,0.0
82517,0.0,0.0,0.0
82518,0.0,0.0,0.0
82519,0.0,0.0,0.0
82520,0.0,0.0,0.0
82521,0.0,0.0,0.0
82522,0.0,0.0,0.0
82523,0.0,0.0,0.0
82524,0.0,0.0,0.0
82525,0.0,0.0,0.0
82526,0.0,0.0,0.0
82527,0.0,0.0,0.0
82528,0.0,0.0,0.0
82529,0.0,0.0,0.0
82530,0.0,0.0,0.0
82531,0.0,0.0,0.0
82532,0.0,0.0,0.0
82533,0.0,0.0,0.0
82534,0.0,0.0,0.0
82535,0.0,0.0,0.0
82536,0.0,0.0,0.0
82537,0.0,0.0,0.0
82538,0.0,0.0,0.0
82539,0.0,0.0,0.0
82540,0.0,0.0,0.0
82541,0.0,0.0,0.0
82542,0.0,0.0,0.0
82543,0.0,0.0,0.0
82544,0.0,0.0,0.0
82545,0.0,0.0,0.0
82546,0.0,0.0,0.0
82547,0.0,0.0,0.0
82548,0.0,0.0,0.0
82549,0.0,0.0,0.0
82550,0.0,0.0,0.0
82551,0.0,0.0,0.0
82552,0.0,0.0,0.0
82553,0.0,0.0,0.0
82554,0.0,0.0,0.0
82555,0.0,0.0,0.0
82556,0.0,0.0,0.0
82557,0.0,0.0,0.0
82558,0.0,0.0,0.0
82559,0.0,0.0,0.0
82560,0.0,0.0,0.0
82561,0.0,0.0,0.0
82562,0.0,0.0,0.0
82563,0.0,0.0,0.0
82564,0.0,0.0,0.0
82565,0.0,0.0,0.0
82566,0.0,0.0,0.0
82567,0.0,0.0,0.0
82568,0.0,0.0,0.0
82569,0.0,0.0,0.0
82570,0.0,0.0,0.0
82571,0.0,0.0,0.0
82572,0.0,0.0,0.0
82573,0.0,0.0,0.0
82574,0.0,0.0,0.0
82575,0.0,0.0,0.0
82576,0.0,0.0,0.0
82577,0.0,0.0,0.0
82578,0.0,0.0,0.0
82579,0.0,0.0,0.0
82580,0.0,0.0,0.0
82581,0.0,0.0,0.0
82582,0.0,0.0,0.0
82583,0.0,0.0,0.0
82584,0.0,0.0,0.0
82585,0.0,0.0,0.0
82586,0.0,0.0,0.0
82587,0.0,0.0,0.0
82588,0.0,0.0,0.0
82589,0.0,0.0,0.0
82590,0.0,0.0,0.0
82591,0.0,0.0,0.0
82592,0.0,0.0,0.0
82593,0.0,0.0,0.0
82594,0.0,0.0,0.0
82595,0.0,0.0,0.0
82596,0.0,0.0,0.0
82597,0.0,0.0,0.0
82598,0.0,0.0,0.0
82599,0.0,0.0,0.0
82600,0.0,0.0,0.0
82601,0.0,0.0,0.0
82602,0.0,0.0,0.0
82603,0.0,0.0,0.0
82604,0.0,0.0,0.0
82605,0.0,0.0,0.0
82606,0.0,0.0,0.0
82607,0.0,0.0,0.0
82608,0.0,0.0,0.0
82609,0.0,0.0,0.0
82610,0.0,0.0,0.0
82611,0.0,0.0,0.0
82612,0.0,0.0,0.0
82613,0.0,0.0,0.0
82614,0.0,0.0,0.0
82615,0.0,0.0,0.0
82616,0.0,0.0,0.0
82617,0.0,0.0,0.0
82618,0.0,0.0,0.0
82619,0.0,0.0,0.0
82620,0.0,0.0,0.0
82621,0.0,0.0,0.0
82622,0.0,0.0,0.0
82623,0.0,0.0,0.0
82624,0.0,0.0,0.0
82625,0.0,0.0,0.0
82626,0.0,0.0,0.0
82627,0.0,0.0,0.0
82628,0.0,0.0,0.0
82629,0.0,0.0,0.0
82630,0.0,0.0,0.0
82631,0.0,0.0,0.0
82632,0.0,0.0,0.0
82633,0.0,0.0,0.0
82634,0.0,0.0,0.0
82635,0.0,0.0,0.0
82636,0.0,0.0,0.0
82637,0.0,0.0,0.0
82638,0.0,0.0,0.0
82639,0.0,0.0,0.0
82640,0.0,0.0,0.0
82641,0.0,0.0,0.0
82642,0.0,0.0,0.0
82643,0.0,0.0,0.0
82644,0.0,0.0,0.0
82645,0.0,0.0,0.0
82646,0.0,0.0,0.0
82647,0.0,0.0,0.0
82648,0.0,0.0,0.0
82649,0.0,0.0,0.0
82650,0.0,0.0,0.0
82651,0.0,0.0,0.0
82652,0.0,0.0,0.0
82653,0.0,0.0,0.0
82654,0.0,0.0,0.0
82655,0.0,0.0,0.0
82656,0.0,0.0,0.0
82657,0.0,0.0,0.0
82658,0.0,0.0,0.0
82659,0.0,0.0,0.0
82660,0.0,0.0,0.0
82661,0.0,0.0,0.0
82662,0.0,0.0,0.0
82663,0.0,0.0,0.0
82664,0.0,0.0,0.0
82665,0.0,0.0,0.0
82666,0.0,0.0,0.0
82667,0.0,0.0,0.0
82668,0.0,0.0,0.0
82669,0.0,0.0,0.0
82670,0.0,0.0,0.0
82671,0.0,0.0,0.0
82672,0.0,0.0,0.0
82673,0.0,0.0,0.0
82674,0.0,0.0,0.0
82675,0.0,0.0,0.0
82676,0.0,0.0,0.0
82677,0.0,0.0,0.0
82678,0.0,0.0,0.0
82679,0.0,0.0,0.0
82680,0.0,0.0,0.0
82681,0.0,0.0,0.0
82682,0.0,0.0,0.0
82683,0.0,0.0,0.0
82684,0.0,0.0,0.0
82685,0.0,0.0,0.0
82686,0.0,0.0,0.0
82687,0.0,0.0,0.0
82688,0.0,0.0,0.0
82689,0.0,0.0,0.0
82690,0.0,0.0,0.0
82691,0.0,0.0,0.0
82692,0.0,0.0,0.0
82693,0.0,0.0,0.0
82694,0.0,0.0,0.0
82695,0.0,0.0,0.0
82696,0.0,0.0,0.0
82697,0.0,0.0,0.0
82698,0.0,0.0,0.0
82699,0.0,0.0,0.0
82700,0.0,0.0,0.0
82701,0.0,0.0,0.0
82702,0.0,0.0,0.0
82703,0.0,0.0,0.0
82704,0.0,0.0,0.0
82705,0.0,0.0,0.0
82706,0.0,0.0,0.0
82707,0.0,0.0,0.0
82708,0.0,0.0,0.0
82709,0.0,0.0,0.0
82710,0.0,0.0,0.0
82711,0.0,0.0,0.0
82712,0.0,0.0,0.0
82713,0.0,0.0,0.0
82714,0.0,0.0,0.0
82715,0.0,0.0,0.0
82716,0.0,0.0,0.0
82717,0.0,0.0,0.0
82718,0.0,0.0,0.0
82719,0.0,0.0,0.0
82720,0.0,0.0,0.0
82721,0.0,0.0,0.0
82722,0.0,0.0,0.0
82723,0.0,0.0,0.0
82724,0.0,0.0,0.0
82725,0.0,0.0,0.0
82726,0.0,0.0,0.0
82727,0.0,0.0,0.0
82728,0.0,0.0,0.0
82729,0.0,0.0,0.0
82730,0.0,0.0,0.0
82731,0.0,0.0,0.0
82732,0.0,0.0,0.0
82733,0.0,0.0,0.0
82734,0.0,0.0,0.0
82735,0.0,0.0,0.0
82736,0.0,0.0,0.0
82737,0.0,0.0,0.0
82738,0.0,0.0,0.0
82739,0.0,0.0,0.0
82740,0.0,0.0,0.0
82741,0.0,0.0,0.0
82742,0.0,0.0,0.0
82743,0.0,0.0,0.0
82744,0.0,0.0,0.0
82745,0.0,0.0,0.0
82746,0.0,0.0,0.0
82747,0.0,0.0,0.0
82748,0.0,0.0,0.0
82749,0.0,0.0,0.0
82750,0.0,0.0,0.0
82751,0.0,0.0,0.0
82752,0.0,0.0,0.0
82753,0.0,0.0,0.0
82754,0.0,0.0,0.0
82755,0.0,0.0,0.0
82756,0.0,0.0,0.0
82757,0.0,0.0,0.0
82758,0.0,0.0,0.0
82759,0.0,0.0,0.0
82760,0.0,0.0,0.0
82761,0.0,0.0,0.0
82762,0.0,0.0,0.0
82763,0.0,0.0,0.0
82764,0.0,0.0,0.0
82765,0.0,0.0,0.0
82766,0.0,0.0,0.0
82767,0.0,0.0,0.0
82768,0.0,0.0,0.0
82769,0.0,0.0,0.0
82770,0.0,0.0,0.0
82771,0.0,0.0,0.0
82772,0.0,0.0,0.0
82773,0.0,0.0,0.0
82774,0.0,0.0,0.0
82775,0.0,0.0,0.0
82776,0.0,0.0,0.0
82777,0.0,0.0,0.0
82778,0.0,0.0,0.0
82779,0.0,0.0,0.0
82780,0.0,0.0,0.0
82781,0.0,0.0,0.0
82782,0.0,0.0,0.0
82783,0.0,0.0,0.0
82784,0.0,0.0,0.0
82785,0.0,0.0,0.0
82786,0.0,0.0,0.0
82787,0.0,0.0,0.0
82788,0.0,0.0,0.0
82789,0.0,0.0,0.0
82790,0.0,0.0,0.0
82791,0.0,0.0,0.0
82792,0.0,0.0,0.0
82793,0.0,0.0,0.0
82794,0.0,0.0,0.0
82795,0.0,0.0,0.0
82796,0.0,0.0,0.0
82797,0.0,0.0,0.0
82798,0.0,0.0,0.0
82799,0.0,0.0,0.0
82800,0.0,0.0,0.0
82801,0.0,0.0,0.0
82802,0.0,0.0,0.0
82803,0.0,0.0,0.0
82804,0.0,0.0,0.0
82805,0.0,0.0,0.0
82806,0.0,0.0,0.0
82807,0.0,0.0,0.0
82808,0.0,0.0,0.0
82809,0.0,0.0,0.0
82810,0.0,0.0,0.0
82811,0.0,0.0,0.0
82812,0.0,0.0,0.0
82813,0.0,0.0,0.0
82814,0.0,0.0,0.0
82815,0.0,0.0,0.0
82816,0.0,0.0,0.0
82817,0.0,0.0,0.0
82818,0.0,0.0,0.0
82819,0.0,0.0,0.0
82820,0.0,0.0,0.0
82821,0.0,0.0,0.0
82822,0.0,0.0,0.0
82823,0.0,0.0,0.0
82824,0.0,0.0,0.0
82825,0.0,0.0,0.0
82826,0.0,0.0,0.0
82827,0.0,0.0,0.0
82828,0.0,0.0,0.0
82829,0.0,0.0,0.0
82830,0.0,0.0,0.0
82831,0.0,0.0,0.0
82832,0.0,0.0,0.0
82833,0.0,0.0,0.0
82834,0.0,0.0,0.0
82835,0.0,0.0,0.0
82836,0.0,0.0,0.0
82837,0.0,0.0,0.0
82838,0.0,0.0,0.0
82839,0.0,0.0,0.0
82840,0.0,0.0,0.0
82841,0.0,0.0,0.0
82842,0.0,0.0,0.0
82843,0.0,0.0,0.0
82844,0.0,0.0,0.0
82845,0.0,0.0,0.0
82846,0.0,0.0,0.0
82847,0.0,0.0,0.0
82848,0.0,0.0,0.0
82849,0.0,0.0,0.0
82850,0.0,0.0,0.0
82851,0.0,0.0,0.0
82852,0.0,0.0,0.0
82853,0.0,0.0,0.0
82854,0.0,0.0,0.0
82855,0.0,0.0,0.0
82856,0.0,0.0,0.0
82857,0.0,0.0,0.0
82858,0.0,0.0,0.0
82859,0.0,0.0,0.0
82860,0.0,0.0,0.0
82861,0.0,0.0,0.0
82862,0.0,0.0,0.0
82863,0.0,0.0,0.0
82864,0.0,0.0,0.0
82865,0.0,0.0,0.0
82866,0.0,0.0,0.0
82867,0.0,0.0,0.0
82868,0.0,0.0,0.0
82869,0.0,0.0,0.0
82870,0.0,0.0,0.0
82871,0.0,0.0,0.0
82872,0.0,0.0,0.0
82873,0.0,0.0,0.0
82874,0.0,0.0,0.0
82875,0.0,0.0,0.0
82876,0.0,0.0,0.0
82877,0.0,0.0,0.0
82878,0.0,0.0,0.0
82879,0.0,0.0,0.0
82880,0.0,0.0,0.0
82881,0.0,0.0,0.0
82882,0.0,0.0,0.0
82883,0.0,0.0,0.0
82884,0.0,0.0,0.0
82885,0.0,0.0,0.0
82886,0.0,0.0,0.0
82887,0.0,0.0,0.0
82888,0.0,0.0,0.0
82889,0.0,0.0,0.0
82890,0.0,0.0,0.0
82891,0.0,0.0,0.0
82892,0.0,0.0,0.0
82893,0.0,0.0,0.0
82894,0.0,0.0,0.0
82895,0.0,0.0,0.0
82896,0.0,0.0,0.0
82897,0.0,0.0,0.0
82898,0.0,0.0,0.0
82899,0.0,0.0,0.0
82900,0.0,0.0,0.0
82901,0.0,0.0,0.0
82902,0.0,0.0,0.0
82903,0.0,0.0,0.0
82904,0.0,0.0,0.0
82905,0.0,0.0,0.0
82906,0.0,0.0,0.0
82907,0.0,0.0,0.0
82908,0.0,0.0,0.0
82909,0.0,0.0,0.0
82910,0.0,0.0,0.0
82911,0.0,0.0,0.0
82912,0.0,0.0,0.0
82913,0.0,0.0,0.0
82914,0.0,0.0,0.0
82915,0.0,0.0,0.0
82916,0.0,0.0,0.0
82917,0.0,0.0,0.0
82918,0.0,0.0,0.0
82919,0.0,0.0,0.0
82920,0.0,0.0,0.0
82921,0.0,0.0,0.0
82922,0.0,0.0,0.0
82923,0.0,0.0,0.0
82924,0.0,0.0,0.0
82925,0.0,0.0,0.0
82926,0.0,0.0,0.0
82927,0.0,0.0,0.0
82928,0.0,0.0,0.0
82929,0.0,0.0,0.0
82930,0.0,0.0,0.0
82931,0.0,0.0,0.0
82932,0.0,0.0,0.0
82933,0.0,0.0,0.0
82934,0.0,0.0,0.0
82935,0.0,0.0,0.0
82936,0.0,0.0,0.0
82937,0.0,0.0,0.0
82938,0.0,0.0,0.0
82939,0.0,0.0,0.0
82940,0.0,0.0,0.0
82941,0.0,0.0,0.0
82942,0.0,0.0,0.0
82943,0.0,0.0,0.0
82944,0.0,0.0,0.0
82945,0.0,0.0,0.0
82946,0.0,0.0,0.0
82947,0.0,0.0,0.0
82948,0.0,0.0,0.0
82949,0.0,0.0,0.0
82950,0.0,0.0,0.0
82951,0.0,0.0,0.0
82952,0.0,0.0,0.0
82953,0.0,0.0,0.0
82954,0.0,0.0,0.0
82955,0.0,0.0,0.0
82956,0.0,0.0,0.0
82957,0.0,0.0,0.0
82958,0.0,0.0,0.0
82959,0.0,0.0,0.0
82960,0.0,0.0,0.0
82961,0.0,0.0,0.0
82962,0.0,0.0,0.0
82963,0.0,0.0,0.0
82964,0.0,0.0,0.0
82965,0.0,0.0,0.0
82966,0.0,0.0,0.0
82967,0.0,0.0,0.0
82968,0.0,0.0,0.0
82969,0.0,0.0,0.0
82970,0.0,0.0,0.0
82971,0.0,0.0,0.0
82972,0.0,0.0,0.0
82973,0.0,0.0,0.0
82974,0.0,0.0,0.0
82975,0.0,0.0,0.0
82976,0.0,0.0,0.0
82977,0.0,0.0,0.0
82978,0.0,0.0,0.0
82979,0.0,0.0,0.0
82980,0.0,0.0,0.0
82981,0.0,0.0,0.0
82982,0.0,0.0,0.0
82983,0.0,0.0,0.0
82984,0.0,0.0,0.0
82985,0.0,0.0,0.0
82986,0.0,0.0,0.0
82987,0.0,0.0,0.0
82988,0.0,0.0,0.0
82989,0.0,0.0,0.0
82990,0.0,0.0,0.0
82991,0.0,0.0,0.0
82992,0.0,0.0,0.0
82993,0.0,0.0,0.0
82994,0.0,0.0,0.0
82995,0.0,0.0,0.0
82996,0.0,0.0,0.0
82997,0.0,0.0,0.0
82998,0.0,0.0,0.0
82999,0.0,0.0,0.0
83000,0.0,0.0,0.0
83001,0.0,0.0,0.0
83002,0.0,0.0,0.0
83003,0.0,0.0,0.0
83004,0.0,0.0,0.0
83005,0.0,0.0,0.0
83006,0.0,0.0,0.0
83007,0.0,0.0,0.0
83008,0.0,0.0,0.0
83009,0.0,0.0,0.0
83010,0.0,0.0,0.0
83011,0.0,0.0,0.0
83012,0.0,0.0,0.0
83013,0.0,0.0,0.0
83014,0.0,0.0,0.0
83015,0.0,0.0,0.0
83016,0.0,0.0,0.0
83017,0.0,0.0,0.0
83018,0.0,0.0,0.0
83019,0.0,0.0,0.0
83020,0.0,0.0,0.0
83021,0.0,0.0,0.0
83022,0.0,0.0,0.0
83023,0.0,0.0,0.0
83024,0.0,0.0,0.0
83025,0.0,0.0,0.0
83026,0.0,0.0,0.0
83027,0.0,0.0,0.0
83028,0.0,0.0,0.0
83029,0.0,0.0,0.0
83030,0.0,0.0,0.0
83031,0.0,0.0,0.0
83032,0.0,0.0,0.0
83033,0.0,0.0,0.0
83034,0.0,0.0,0.0
83035,0.0,0.0,0.0
83036,0.0,0.0,0.0
83037,0.0,0.0,0.0
83038,0.0,0.0,0.0
83039,0.0,0.0,0.0
83040,0.0,0.0,0.0
83041,0.0,0.0,0.0
83042,0.0,0.0,0.0
83043,0.0,0.0,0.0
83044,0.0,0.0,0.0
83045,0.0,0.0,0.0
83046,0.0,0.0,0.0
83047,0.0,0.0,0.0
83048,0.0,0.0,0.0
83049,0.0,0.0,0.0
83050,0.0,0.0,0.0
83051,0.0,0.0,0.0
83052,0.0,0.0,0.0
83053,0.0,0.0,0.0
83054,0.0,0.0,0.0
83055,0.0,0.0,0.0
83056,0.0,0.0,0.0
83057,0.0,0.0,0.0
83058,0.0,0.0,0.0
83059,0.0,0.0,0.0
83060,0.0,0.0,0.0
83061,0.0,0.0,0.0
83062,0.0,0.0,0.0
83063,0.0,0.0,0.0
83064,0.0,0.0,0.0
83065,0.0,0.0,0.0
83066,0.0,0.0,0.0
83067,0.0,0.0,0.0
83068,0.0,0.0,0.0
83069,0.0,0.0,0.0
83070,0.0,0.0,0.0
83071,0.0,0.0,0.0
83072,0.0,0.0,0.0
83073,0.0,0.0,0.0
83074,0.0,0.0,0.0
83075,0.0,0.0,0.0
83076,0.0,0.0,0.0
83077,0.0,0.0,0.0
83078,0.0,0.0,0.0
83079,0.0,0.0,0.0
83080,0.0,0.0,0.0
83081,0.0,0.0,0.0
83082,0.0,0.0,0.0
83083,0.0,0.0,0.0
83084,0.0,0.0,0.0
83085,0.0,0.0,0.0
83086,0.0,0.0,0.0
83087,0.0,0.0,0.0
83088,0.0,0.0,0.0
83089,0.0,0.0,0.0
83090,0.0,0.0,0.0
83091,0.0,0.0,0.0
83092,0.0,0.0,0.0
83093,0.0,0.0,0.0
83094,0.0,0.0,0.0
83095,0.0,0.0,0.0
83096,0.0,0.0,0.0
83097,0.0,0.0,0.0
83098,0.0,0.0,0.0
83099,0.0,0.0,0.0
83100,0.0,0.0,0.0
83101,0.0,0.0,0.0
83102,0.0,0.0,0.0
83103,0.0,0.0,0.0
83104,0.0,0.0,0.0
83105,0.0,0.0,0.0
83106,0.0,0.0,0.0
83107,0.0,0.0,0.0
83108,0.0,0.0,0.0
83109,0.0,0.0,0.0
83110,0.0,0.0,0.0
83111,0.0,0.0,0.0
83112,0.0,0.0,0.0
83113,0.0,0.0,0.0
83114,0.0,0.0,0.0
83115,0.0,0.0,0.0
83116,0.0,0.0,0.0
83117,0.0,0.0,0.0
83118,0.0,0.0,0.0
83119,0.0,0.0,0.0
83120,0.0,0.0,0.0
83121,0.0,0.0,0.0
83122,0.0,0.0,0.0
83123,0.0,0.0,0.0
83124,0.0,0.0,0.0
83125,0.0,0.0,0.0
83126,0.0,0.0,0.0
83127,0.0,0.0,0.0
83128,0.0,0.0,0.0
83129,0.0,0.0,0.0
83130,0.0,0.0,0.0
83131,0.0,0.0,0.0
83132,0.0,0.0,0.0
83133,0.0,0.0,0.0
83134,0.0,0.0,0.0
83135,0.0,0.0,0.0
83136,0.0,0.0,0.0
83137,0.0,0.0,0.0
83138,0.0,0.0,0.0
83139,0.0,0.0,0.0
83140,0.0,0.0,0.0
83141,0.0,0.0,0.0
83142,0.0,0.0,0.0
83143,0.0,0.0,0.0
83144,0.0,0.0,0.0
83145,0.0,0.0,0.0
83146,0.0,0.0,0.0
83147,0.0,0.0,0.0
83148,0.0,0.0,0.0
83149,0.0,0.0,0.0
83150,0.0,0.0,0.0
83151,0.0,0.0,0.0
83152,0.0,0.0,0.0
83153,0.0,0.0,0.0
83154,0.0,0.0,0.0
83155,0.0,0.0,0.0
83156,0.0,0.0,0.0
83157,0.0,0.0,0.0
83158,0.0,0.0,0.0
83159,0.0,0.0,0.0
83160,0.0,0.0,0.0
83161,0.0,0.0,0.0
83162,0.0,0.0,0.0
83163,0.0,0.0,0.0
83164,0.0,0.0,0.0
83165,0.0,0.0,0.0
83166,0.0,0.0,0.0
83167,0.0,0.0,0.0
83168,0.0,0.0,0.0
83169,0.0,0.0,0.0
83170,0.0,0.0,0.0
83171,0.0,0.0,0.0
83172,0.0,0.0,0.0
83173,0.0,0.0,0.0
83174,0.0,0.0,0.0
83175,0.0,0.0,0.0
83176,0.0,0.0,0.0
83177,0.0,0.0,0.0
83178,0.0,0.0,0.0
83179,0.0,0.0,0.0
83180,0.0,0.0,0.0
83181,0.0,0.0,0.0
83182,0.0,0.0,0.0
83183,0.0,0.0,0.0
83184,0.0,0.0,0.0
83185,0.0,0.0,0.0
83186,0.0,0.0,0.0
83187,0.0,0.0,0.0
83188,0.0,0.0,0.0
83189,0.0,0.0,0.0
83190,0.0,0.0,0.0
83191,0.0,0.0,0.0
83192,0.0,0.0,0.0
83193,0.0,0.0,0.0
83194,0.0,0.0,0.0
83195,0.0,0.0,0.0
83196,0.0,0.0,0.0
83197,0.0,0.0,0.0
83198,0.0,0.0,0.0
83199,0.0,0.0,0.0
83200,0.0,0.0,0.0
83201,0.0,0.0,0.0
83202,0.0,0.0,0.0
83203,0.0,0.0,0.0
83204,0.0,0.0,0.0
83205,0.0,0.0,0.0
83206,0.0,0.0,0.0
83207,0.0,0.0,0.0
83208,0.0,0.0,0.0
83209,0.0,0.0,0.0
83210,0.0,0.0,0.0
83211,0.0,0.0,0.0
83212,0.0,0.0,0.0
83213,0.0,0.0,0.0
83214,0.0,0.0,0.0
83215,0.0,0.0,0.0
83216,0.0,0.0,0.0
83217,0.0,0.0,0.0
83218,0.0,0.0,0.0
83219,0.0,0.0,0.0
83220,0.0,0.0,0.0
83221,0.0,0.0,0.0
83222,0.0,0.0,0.0
83223,0.0,0.0,0.0
83224,0.0,0.0,0.0
83225,0.0,0.0,0.0
83226,0.0,0.0,0.0
83227,0.0,0.0,0.0
83228,0.0,0.0,0.0
83229,0.0,0.0,0.0
83230,0.0,0.0,0.0
83231,0.0,0.0,0.0
83232,0.0,0.0,0.0
83233,0.0,0.0,0.0
83234,0.0,0.0,0.0
83235,0.0,0.0,0.0
83236,0.0,0.0,0.0
83237,0.0,0.0,0.0
83238,0.0,0.0,0.0
83239,0.0,0.0,0.0
83240,0.0,0.0,0.0
83241,0.0,0.0,0.0
83242,0.0,0.0,0.0
83243,0.0,0.0,0.0
83244,0.0,0.0,0.0
83245,0.0,0.0,0.0
83246,0.0,0.0,0.0
83247,0.0,0.0,0.0
83248,0.0,0.0,0.0
83249,0.0,0.0,0.0
83250,0.0,0.0,0.0
83251,0.0,0.0,0.0
83252,0.0,0.0,0.0
83253,0.0,0.0,0.0
83254,0.0,0.0,0.0
83255,0.0,0.0,0.0
83256,0.0,0.0,0.0
83257,0.0,0.0,0.0
83258,0.0,0.0,0.0
83259,0.0,0.0,0.0
83260,0.0,0.0,0.0
83261,0.0,0.0,0.0
83262,0.0,0.0,0.0
83263,0.0,0.0,0.0
83264,0.0,0.0,0.0
83265,0.0,0.0,0.0
83266,0.0,0.0,0.0
83267,0.0,0.0,0.0
83268,0.0,0.0,0.0
83269,0.0,0.0,0.0
83270,0.0,0.0,0.0
83271,0.0,0.0,0.0
83272,0.0,0.0,0.0
83273,0.0,0.0,0.0
83274,0.0,0.0,0.0
83275,0.0,0.0,0.0
83276,0.0,0.0,0.0
83277,0.0,0.0,0.0
83278,0.0,0.0,0.0
83279,0.0,0.0,0.0
83280,0.0,0.0,0.0
83281,0.0,0.0,0.0
83282,0.0,0.0,0.0
83283,0.0,0.0,0.0
83284,0.0,0.0,0.0
83285,0.0,0.0,0.0
83286,0.0,0.0,0.0
83287,0.0,0.0,0.0
83288,0.0,0.0,0.0
83289,0.0,0.0,0.0
83290,0.0,0.0,0.0
83291,0.0,0.0,0.0
83292,0.0,0.0,0.0
83293,0.0,0.0,0.0
83294,0.0,0.0,0.0
83295,0.0,0.0,0.0
83296,0.0,0.0,0.0
83297,0.0,0.0,0.0
83298,0.0,0.0,0.0
83299,0.0,0.0,0.0
83300,0.0,0.0,0.0
83301,0.0,0.0,0.0
83302,0.0,0.0,0.0
83303,0.0,0.0,0.0
83304,0.0,0.0,0.0
83305,0.0,0.0,0.0
83306,0.0,0.0,0.0
83307,0.0,0.0,0.0
83308,0.0,0.0,0.0
83309,0.0,0.0,0.0
83310,0.0,0.0,0.0
83311,0.0,0.0,0.0
83312,0.0,0.0,0.0
83313,0.0,0.0,0.0
83314,0.0,0.0,0.0
83315,0.0,0.0,0.0
83316,0.0,0.0,0.0
83317,0.0,0.0,0.0
83318,0.0,0.0,0.0
83319,0.0,0.0,0.0
83320,0.0,0.0,0.0
83321,0.0,0.0,0.0
83322,0.0,0.0,0.0
83323,0.0,0.0,0.0
83324,0.0,0.0,0.0
83325,0.0,0.0,0.0
83326,0.0,0.0,0.0
83327,0.0,0.0,0.0
83328,0.0,0.0,0.0
83329,0.0,0.0,0.0
83330,0.0,0.0,0.0
83331,0.0,0.0,0.0
83332,0.0,0.0,0.0
83333,0.0,0.0,0.0
83334,0.0,0.0,0.0
83335,0.0,0.0,0.0
83336,0.0,0.0,0.0
83337,0.0,0.0,0.0
83338,0.0,0.0,0.0
83339,0.0,0.0,0.0
83340,0.0,0.0,0.0
83341,0.0,0.0,0.0
83342,0.0,0.0,0.0
83343,0.0,0.0,0.0
83344,0.0,0.0,0.0
83345,0.0,0.0,0.0
83346,0.0,0.0,0.0
83347,0.0,0.0,0.0
83348,0.0,0.0,0.0
83349,0.0,0.0,0.0
83350,0.0,0.0,0.0
83351,0.0,0.0,0.0
83352,0.0,0.0,0.0
83353,0.0,0.0,0.0
83354,0.0,0.0,0.0
83355,0.0,0.0,0.0
83356,0.0,0.0,0.0
83357,0.0,0.0,0.0
83358,0.0,0.0,0.0
83359,0.0,0.0,0.0
83360,0.0,0.0,0.0
83361,0.0,0.0,0.0
83362,0.0,0.0,0.0
83363,0.0,0.0,0.0
83364,0.0,0.0,0.0
83365,0.0,0.0,0.0
83366,0.0,0.0,0.0
83367,0.0,0.0,0.0
83368,0.0,0.0,0.0
83369,0.0,0.0,0.0
83370,0.0,0.0,0.0
83371,0.0,0.0,0.0
83372,0.0,0.0,0.0
83373,0.0,0.0,0.0
83374,0.0,0.0,0.0
83375,0.0,0.0,0.0
83376,0.0,0.0,0.0
83377,0.0,0.0,0.0
83378,0.0,0.0,0.0
83379,0.0,0.0,0.0
83380,0.0,0.0,0.0
83381,0.0,0.0,0.0
83382,0.0,0.0,0.0
83383,0.0,0.0,0.0
83384,0.0,0.0,0.0
83385,0.0,0.0,0.0
83386,0.0,0.0,0.0
83387,0.0,0.0,0.0
83388,0.0,0.0,0.0
83389,0.0,0.0,0.0
83390,0.0,0.0,0.0
83391,0.0,0.0,0.0
83392,0.0,0.0,0.0
83393,0.0,0.0,0.0
83394,0.0,0.0,0.0
83395,0.0,0.0,0.0
83396,0.0,0.0,0.0
83397,0.0,0.0,0.0
83398,0.0,0.0,0.0
83399,0.0,0.0,0.0
83400,0.0,0.0,0.0
83401,0.0,0.0,0.0
83402,0.0,0.0,0.0
83403,0.0,0.0,0.0
83404,0.0,0.0,0.0
83405,0.0,0.0,0.0
83406,0.0,0.0,0.0
83407,0.0,0.0,0.0
83408,0.0,0.0,0.0
83409,0.0,0.0,0.0
83410,0.0,0.0,0.0
83411,0.0,0.0,0.0
83412,0.0,0.0,0.0
83413,0.0,0.0,0.0
83414,0.0,0.0,0.0
83415,0.0,0.0,0.0
83416,0.0,0.0,0.0
83417,0.0,0.0,0.0
83418,0.0,0.0,0.0
83419,0.0,0.0,0.0
83420,0.0,0.0,0.0
83421,0.0,0.0,0.0
83422,0.0,0.0,0.0
83423,0.0,0.0,0.0
83424,0.0,0.0,0.0
83425,0.0,0.0,0.0
83426,0.0,0.0,0.0
83427,0.0,0.0,0.0
83428,0.0,0.0,0.0
83429,0.0,0.0,0.0
83430,0.0,0.0,0.0
83431,0.0,0.0,0.0
83432,0.0,0.0,0.0
83433,0.0,0.0,0.0
83434,0.0,0.0,0.0
83435,0.0,0.0,0.0
83436,0.0,0.0,0.0
83437,0.0,0.0,0.0
83438,0.0,0.0,0.0
83439,0.0,0.0,0.0
83440,0.0,0.0,0.0
83441,0.0,0.0,0.0
83442,0.0,0.0,0.0
83443,0.0,0.0,0.0
83444,0.0,0.0,0.0
83445,0.0,0.0,0.0
83446,0.0,0.0,0.0
83447,0.0,0.0,0.0
83448,0.0,0.0,0.0
83449,0.0,0.0,0.0
83450,0.0,0.0,0.0
83451,0.0,0.0,0.0
83452,0.0,0.0,0.0
83453,0.0,0.0,0.0
83454,0.0,0.0,0.0
83455,0.0,0.0,0.0
83456,0.0,0.0,0.0
83457,0.0,0.0,0.0
83458,0.0,0.0,0.0
83459,0.0,0.0,0.0
83460,0.0,0.0,0.0
83461,0.0,0.0,0.0
83462,0.0,0.0,0.0
83463,0.0,0.0,0.0
83464,0.0,0.0,0.0
83465,0.0,0.0,0.0
83466,0.0,0.0,0.0
83467,0.0,0.0,0.0
83468,0.0,0.0,0.0
83469,0.0,0.0,0.0
83470,0.0,0.0,0.0
83471,0.0,0.0,0.0
83472,0.0,0.0,0.0
83473,0.0,0.0,0.0
83474,0.0,0.0,0.0
83475,0.0,0.0,0.0
83476,0.0,0.0,0.0
83477,0.0,0.0,0.0
83478,0.0,0.0,0.0
83479,0.0,0.0,0.0
83480,0.0,0.0,0.0
83481,0.0,0.0,0.0
83482,0.0,0.0,0.0
83483,0.0,0.0,0.0
83484,0.0,0.0,0.0
83485,0.0,0.0,0.0
83486,0.0,0.0,0.0
83487,0.0,0.0,0.0
83488,0.0,0.0,0.0
83489,0.0,0.0,0.0
83490,0.0,0.0,0.0
83491,0.0,0.0,0.0
83492,0.0,0.0,0.0
83493,0.0,0.0,0.0
83494,0.0,0.0,0.0
83495,0.0,0.0,0.0
83496,0.0,0.0,0.0
83497,0.0,0.0,0.0
83498,0.0,0.0,0.0
83499,0.0,0.0,0.0
83500,0.0,0.0,0.0
83501,0.0,0.0,0.0
83502,0.0,0.0,0.0
83503,0.0,0.0,0.0
83504,0.0,0.0,0.0
83505,0.0,0.0,0.0
83506,0.0,0.0,0.0
83507,0.0,0.0,0.0
83508,0.0,0.0,0.0
83509,0.0,0.0,0.0
83510,0.0,0.0,0.0
83511,0.0,0.0,0.0
83512,0.0,0.0,0.0
83513,0.0,0.0,0.0
83514,0.0,0.0,0.0
83515,0.0,0.0,0.0
83516,0.0,0.0,0.0
83517,0.0,0.0,0.0
83518,0.0,0.0,0.0
83519,0.0,0.0,0.0
83520,0.0,0.0,0.0
83521,0.0,0.0,0.0
83522,0.0,0.0,0.0
83523,0.0,0.0,0.0
83524,0.0,0.0,0.0
83525,0.0,0.0,0.0
83526,0.0,0.0,0.0
83527,0.0,0.0,0.0
83528,0.0,0.0,0.0
83529,0.0,0.0,0.0
83530,0.0,0.0,0.0
83531,0.0,0.0,0.0
83532,0.0,0.0,0.0
83533,0.0,0.0,0.0
83534,0.0,0.0,0.0
83535,0.0,0.0,0.0
83536,0.0,0.0,0.0
83537,0.0,0.0,0.0
83538,0.0,0.0,0.0
83539,0.0,0.0,0.0
83540,0.0,0.0,0.0
83541,0.0,0.0,0.0
83542,0.0,0.0,0.0
83543,0.0,0.0,0.0
83544,0.0,0.0,0.0
83545,0.0,0.0,0.0
83546,0.0,0.0,0.0
83547,0.0,0.0,0.0
83548,0.0,0.0,0.0
83549,0.0,0.0,0.0
83550,0.0,0.0,0.0
83551,0.0,0.0,0.0
83552,0.0,0.0,0.0
83553,0.0,0.0,0.0
83554,0.0,0.0,0.0
83555,0.0,0.0,0.0
83556,0.0,0.0,0.0
83557,0.0,0.0,0.0
83558,0.0,0.0,0.0
83559,0.0,0.0,0.0
83560,0.0,0.0,0.0
83561,0.0,0.0,0.0
83562,0.0,0.0,0.0
83563,0.0,0.0,0.0
83564,0.0,0.0,0.0
83565,0.0,0.0,0.0
83566,0.0,0.0,0.0
83567,0.0,0.0,0.0
83568,0.0,0.0,0.0
83569,0.0,0.0,0.0
83570,0.0,0.0,0.0
83571,0.0,0.0,0.0
83572,0.0,0.0,0.0
83573,0.0,0.0,0.0
83574,0.0,0.0,0.0
83575,0.0,0.0,0.0
83576,0.0,0.0,0.0
83577,0.0,0.0,0.0
83578,0.0,0.0,0.0
83579,0.0,0.0,0.0
83580,0.0,0.0,0.0
83581,0.0,0.0,0.0
83582,0.0,0.0,0.0
83583,0.0,0.0,0.0
83584,0.0,0.0,0.0
83585,0.0,0.0,0.0
83586,0.0,0.0,0.0
83587,0.0,0.0,0.0
83588,0.0,0.0,0.0
83589,0.0,0.0,0.0
83590,0.0,0.0,0.0
83591,0.0,0.0,0.0
83592,0.0,0.0,0.0
83593,0.0,0.0,0.0
83594,0.0,0.0,0.0
83595,0.0,0.0,0.0
83596,0.0,0.0,0.0
83597,0.0,0.0,0.0
83598,0.0,0.0,0.0
83599,0.0,0.0,0.0
83600,0.0,0.0,0.0
83601,0.0,0.0,0.0
83602,0.0,0.0,0.0
83603,0.0,0.0,0.0
83604,0.0,0.0,0.0
83605,0.0,0.0,0.0
83606,0.0,0.0,0.0
83607,0.0,0.0,0.0
83608,0.0,0.0,0.0
83609,0.0,0.0,0.0
83610,0.0,0.0,0.0
83611,0.0,0.0,0.0
83612,0.0,0.0,0.0
83613,0.0,0.0,0.0
83614,0.0,0.0,0.0
83615,0.0,0.0,0.0
83616,0.0,0.0,0.0
83617,0.0,0.0,0.0
83618,0.0,0.0,0.0
83619,0.0,0.0,0.0
83620,0.0,0.0,0.0
83621,0.0,0.0,0.0
83622,0.0,0.0,0.0
83623,0.0,0.0,0.0
83624,0.0,0.0,0.0
83625,0.0,0.0,0.0
83626,0.0,0.0,0.0
83627,0.0,0.0,0.0
83628,0.0,0.0,0.0
83629,0.0,0.0,0.0
83630,0.0,0.0,0.0
83631,0.0,0.0,0.0
83632,0.0,0.0,0.0
83633,0.0,0.0,0.0
83634,0.0,0.0,0.0
83635,0.0,0.0,0.0
83636,0.0,0.0,0.0
83637,0.0,0.0,0.0
83638,0.0,0.0,0.0
83639,0.0,0.0,0.0
83640,0.0,0.0,0.0
83641,0.0,0.0,0.0
83642,0.0,0.0,0.0
83643,0.0,0.0,0.0
83644,0.0,0.0,0.0
83645,0.0,0.0,0.0
83646,0.0,0.0,0.0
83647,0.0,0.0,0.0
83648,0.0,0.0,0.0
83649,0.0,0.0,0.0
83650,0.0,0.0,0.0
83651,0.0,0.0,0.0
83652,0.0,0.0,0.0
83653,0.0,0.0,0.0
83654,0.0,0.0,0.0
83655,0.0,0.0,0.0
83656,0.0,0.0,0.0
83657,0.0,0.0,0.0
83658,0.0,0.0,0.0
83659,0.0,0.0,0.0
83660,0.0,0.0,0.0
83661,0.0,0.0,0.0
83662,0.0,0.0,0.0
83663,0.0,0.0,0.0
83664,0.0,0.0,0.0
83665,0.0,0.0,0.0
83666,0.0,0.0,0.0
83667,0.0,0.0,0.0
83668,0.0,0.0,0.0
83669,0.0,0.0,0.0
83670,0.0,0.0,0.0
83671,0.0,0.0,0.0
83672,0.0,0.0,0.0
83673,0.0,0.0,0.0
83674,0.0,0.0,0.0
83675,0.0,0.0,0.0
83676,0.0,0.0,0.0
83677,0.0,0.0,0.0
83678,0.0,0.0,0.0
83679,0.0,0.0,0.0
83680,0.0,0.0,0.0
83681,0.0,0.0,0.0
83682,0.0,0.0,0.0
83683,0.0,0.0,0.0
83684,0.0,0.0,0.0
83685,0.0,0.0,0.0
83686,0.0,0.0,0.0
83687,0.0,0.0,0.0
83688,0.0,0.0,0.0
83689,0.0,0.0,0.0
83690,0.0,0.0,0.0
83691,0.0,0.0,0.0
83692,0.0,0.0,0.0
83693,0.0,0.0,0.0
83694,0.0,0.0,0.0
83695,0.0,0.0,0.0
83696,0.0,0.0,0.0
83697,0.0,0.0,0.0
83698,0.0,0.0,0.0
83699,0.0,0.0,0.0
83700,0.0,0.0,0.0
83701,0.0,0.0,0.0
83702,0.0,0.0,0.0
83703,0.0,0.0,0.0
83704,0.0,0.0,0.0
83705,0.0,0.0,0.0
83706,0.0,0.0,0.0
83707,0.0,0.0,0.0
83708,0.0,0.0,0.0
83709,0.0,0.0,0.0
83710,0.0,0.0,0.0
83711,0.0,0.0,0.0
83712,0.0,0.0,0.0
83713,0.0,0.0,0.0
83714,0.0,0.0,0.0
83715,0.0,0.0,0.0
83716,0.0,0.0,0.0
83717,0.0,0.0,0.0
83718,0.0,0.0,0.0
83719,0.0,0.0,0.0
83720,0.0,0.0,0.0
83721,0.0,0.0,0.0
83722,0.0,0.0,0.0
83723,0.0,0.0,0.0
83724,0.0,0.0,0.0
83725,0.0,0.0,0.0
83726,0.0,0.0,0.0
83727,0.0,0.0,0.0
83728,0.0,0.0,0.0
83729,0.0,0.0,0.0
83730,0.0,0.0,0.0
83731,0.0,0.0,0.0
83732,0.0,0.0,0.0
83733,0.0,0.0,0.0
83734,0.0,0.0,0.0
83735,0.0,0.0,0.0
83736,0.0,0.0,0.0
83737,0.0,0.0,0.0
83738,0.0,0.0,0.0
83739,0.0,0.0,0.0
83740,0.0,0.0,0.0
83741,0.0,0.0,0.0
83742,0.0,0.0,0.0
83743,0.0,0.0,0.0
83744,0.0,0.0,0.0
83745,0.0,0.0,0.0
83746,0.0,0.0,0.0
83747,0.0,0.0,0.0
83748,0.0,0.0,0.0
83749,0.0,0.0,0.0
83750,0.0,0.0,0.0
83751,0.0,0.0,0.0
83752,0.0,0.0,0.0
83753,0.0,0.0,0.0
83754,0.0,0.0,0.0
83755,0.0,0.0,0.0
83756,0.0,0.0,0.0
83757,0.0,0.0,0.0
83758,0.0,0.0,0.0
83759,0.0,0.0,0.0
83760,0.0,0.0,0.0
83761,0.0,0.0,0.0
83762,0.0,0.0,0.0
83763,0.0,0.0,0.0
83764,0.0,0.0,0.0
83765,0.0,0.0,0.0
83766,0.0,0.0,0.0
83767,0.0,0.0,0.0
83768,0.0,0.0,0.0
83769,0.0,0.0,0.0
83770,0.0,0.0,0.0
83771,0.0,0.0,0.0
83772,0.0,0.0,0.0
83773,0.0,0.0,0.0
83774,0.0,0.0,0.0
83775,0.0,0.0,0.0
83776,0.0,0.0,0.0
83777,0.0,0.0,0.0
83778,0.0,0.0,0.0
83779,0.0,0.0,0.0
83780,0.0,0.0,0.0
83781,0.0,0.0,0.0
83782,0.0,0.0,0.0
83783,0.0,0.0,0.0
83784,0.0,0.0,0.0
83785,0.0,0.0,0.0
83786,0.0,0.0,0.0
83787,0.0,0.0,0.0
83788,0.0,0.0,0.0
83789,0.0,0.0,0.0
83790,0.0,0.0,0.0
83791,0.0,0.0,0.0
83792,0.0,0.0,0.0
83793,0.0,0.0,0.0
83794,0.0,0.0,0.0
83795,0.0,0.0,0.0
83796,0.0,0.0,0.0
83797,0.0,0.0,0.0
83798,0.0,0.0,0.0
83799,0.0,0.0,0.0
83800,0.0,0.0,0.0
83801,0.0,0.0,0.0
83802,0.0,0.0,0.0
83803,0.0,0.0,0.0
83804,0.0,0.0,0.0
83805,0.0,0.0,0.0
83806,0.0,0.0,0.0
83807,0.0,0.0,0.0
83808,0.0,0.0,0.0
83809,0.0,0.0,0.0
83810,0.0,0.0,0.0
83811,0.0,0.0,0.0
83812,0.0,0.0,0.0
83813,0.0,0.0,0.0
83814,0.0,0.0,0.0
83815,0.0,0.0,0.0
83816,0.0,0.0,0.0
83817,0.0,0.0,0.0
83818,0.0,0.0,0.0
83819,0.0,0.0,0.0
83820,0.0,0.0,0.0
83821,0.0,0.0,0.0
83822,0.0,0.0,0.0
83823,0.0,0.0,0.0
83824,0.0,0.0,0.0
83825,0.0,0.0,0.0
83826,0.0,0.0,0.0
83827,0.0,0.0,0.0
83828,0.0,0.0,0.0
83829,0.0,0.0,0.0
83830,0.0,0.0,0.0
83831,0.0,0.0,0.0
83832,0.0,0.0,0.0
83833,0.0,0.0,0.0
83834,0.0,0.0,0.0
83835,0.0,0.0,0.0
83836,0.0,0.0,0.0
83837,0.0,0.0,0.0
83838,0.0,0.0,0.0
83839,0.0,0.0,0.0
83840,0.0,0.0,0.0
83841,0.0,0.0,0.0
83842,0.0,0.0,0.0
83843,0.0,0.0,0.0
83844,0.0,0.0,0.0
83845,0.0,0.0,0.0
83846,0.0,0.0,0.0
83847,0.0,0.0,0.0
83848,0.0,0.0,0.0
83849,0.0,0.0,0.0
83850,0.0,0.0,0.0
83851,0.0,0.0,0.0
83852,0.0,0.0,0.0
83853,0.0,0.0,0.0
83854,0.0,0.0,0.0
83855,0.0,0.0,0.0
83856,0.0,0.0,0.0
83857,0.0,0.0,0.0
83858,0.0,0.0,0.0
83859,0.0,0.0,0.0
83860,0.0,0.0,0.0
83861,0.0,0.0,0.0
83862,0.0,0.0,0.0
83863,0.0,0.0,0.0
83864,0.0,0.0,0.0
83865,0.0,0.0,0.0
83866,0.0,0.0,0.0
83867,0.0,0.0,0.0
83868,0.0,0.0,0.0
83869,0.0,0.0,0.0
83870,0.0,0.0,0.0
83871,0.0,0.0,0.0
83872,0.0,0.0,0.0
83873,0.0,0.0,0.0
83874,0.0,0.0,0.0
83875,0.0,0.0,0.0
83876,0.0,0.0,0.0
83877,0.0,0.0,0.0
83878,0.0,0.0,0.0
83879,0.0,0.0,0.0
83880,0.0,0.0,0.0
83881,0.0,0.0,0.0
83882,0.0,0.0,0.0
83883,0.0,0.0,0.0
83884,0.0,0.0,0.0
83885,0.0,0.0,0.0
83886,0.0,0.0,0.0
83887,0.0,0.0,0.0
83888,0.0,0.0,0.0
83889,0.0,0.0,0.0
83890,0.0,0.0,0.0
83891,0.0,0.0,0.0
83892,0.0,0.0,0.0
83893,0.0,0.0,0.0
83894,0.0,0.0,0.0
83895,0.0,0.0,0.0
83896,0.0,0.0,0.0
83897,0.0,0.0,0.0
83898,0.0,0.0,0.0
83899,0.0,0.0,0.0
83900,0.0,0.0,0.0
83901,0.0,0.0,0.0
83902,0.0,0.0,0.0
83903,0.0,0.0,0.0
83904,0.0,0.0,0.0
83905,0.0,0.0,0.0
83906,0.0,0.0,0.0
83907,0.0,0.0,0.0
83908,0.0,0.0,0.0
83909,0.0,0.0,0.0
83910,0.0,0.0,0.0
83911,0.0,0.0,0.0
83912,0.0,0.0,0.0
83913,0.0,0.0,0.0
83914,0.0,0.0,0.0
83915,0.0,0.0,0.0
83916,0.0,0.0,0.0
83917,0.0,0.0,0.0
83918,0.0,0.0,0.0
83919,0.0,0.0,0.0
83920,0.0,0.0,0.0
83921,0.0,0.0,0.0
83922,0.0,0.0,0.0
83923,0.0,0.0,0.0
83924,0.0,0.0,0.0
83925,0.0,0.0,0.0
83926,0.0,0.0,0.0
83927,0.0,0.0,0.0
83928,0.0,0.0,0.0
83929,0.0,0.0,0.0
83930,0.0,0.0,0.0
83931,0.0,0.0,0.0
83932,0.0,0.0,0.0
83933,0.0,0.0,0.0
83934,0.0,0.0,0.0
83935,0.0,0.0,0.0
83936,0.0,0.0,0.0
83937,0.0,0.0,0.0
83938,0.0,0.0,0.0
83939,0.0,0.0,0.0
83940,0.0,0.0,0.0
83941,0.0,0.0,0.0
83942,0.0,0.0,0.0
83943,0.0,0.0,0.0
83944,0.0,0.0,0.0
83945,0.0,0.0,0.0
83946,0.0,0.0,0.0
83947,0.0,0.0,0.0
83948,0.0,0.0,0.0
83949,0.0,0.0,0.0
83950,0.0,0.0,0.0
83951,0.0,0.0,0.0
83952,0.0,0.0,0.0
83953,0.0,0.0,0.0
83954,0.0,0.0,0.0
83955,0.0,0.0,0.0
83956,0.0,0.0,0.0
83957,0.0,0.0,0.0
83958,0.0,0.0,0.0
83959,0.0,0.0,0.0
83960,0.0,0.0,0.0
83961,0.0,0.0,0.0
83962,0.0,0.0,0.0
83963,0.0,0.0,0.0
83964,0.0,0.0,0.0
83965,0.0,0.0,0.0
83966,0.0,0.0,0.0
83967,0.0,0.0,0.0
83968,0.0,0.0,0.0
83969,0.0,0.0,0.0
83970,0.0,0.0,0.0
83971,0.0,0.0,0.0
83972,0.0,0.0,0.0
83973,0.0,0.0,0.0
83974,0.0,0.0,0.0
83975,0.0,0.0,0.0
83976,0.0,0.0,0.0
83977,0.0,0.0,0.0
83978,0.0,0.0,0.0
83979,0.0,0.0,0.0
83980,0.0,0.0,0.0
83981,0.0,0.0,0.0
83982,0.0,0.0,0.0
83983,0.0,0.0,0.0
83984,0.0,0.0,0.0
83985,0.0,0.0,0.0
83986,0.0,0.0,0.0
83987,0.0,0.0,0.0
83988,0.0,0.0,0.0
83989,0.0,0.0,0.0
83990,0.0,0.0,0.0
83991,0.0,0.0,0.0
83992,0.0,0.0,0.0
83993,0.0,0.0,0.0
83994,0.0,0.0,0.0
83995,0.0,0.0,0.0
83996,0.0,0.0,0.0
83997,0.0,0.0,0.0
83998,0.0,0.0,0.0
83999,0.0,0.0,0.0
84000,0.0,0.0,0.0
84001,0.0,0.0,0.0
84002,0.0,0.0,0.0
84003,0.0,0.0,0.0
84004,0.0,0.0,0.0
84005,0.0,0.0,0.0
84006,0.0,0.0,0.0
84007,0.0,0.0,0.0
84008,0.0,0.0,0.0
84009,0.0,0.0,0.0
84010,0.0,0.0,0.0
84011,0.0,0.0,0.0
84012,0.0,0.0,0.0
84013,0.0,0.0,0.0
84014,0.0,0.0,0.0
84015,0.0,0.0,0.0
84016,0.0,0.0,0.0
84017,0.0,0.0,0.0
84018,0.0,0.0,0.0
84019,0.0,0.0,0.0
84020,0.0,0.0,0.0
84021,0.0,0.0,0.0
84022,0.0,0.0,0.0
84023,0.0,0.0,0.0
84024,0.0,0.0,0.0
84025,0.0,0.0,0.0
84026,0.0,0.0,0.0
84027,0.0,0.0,0.0
84028,0.0,0.0,0.0
84029,0.0,0.0,0.0
84030,0.0,0.0,0.0
84031,0.0,0.0,0.0
84032,0.0,0.0,0.0
84033,0.0,0.0,0.0
84034,0.0,0.0,0.0
84035,0.0,0.0,0.0
84036,0.0,0.0,0.0
84037,0.0,0.0,0.0
84038,0.0,0.0,0.0
84039,0.0,0.0,0.0
84040,0.0,0.0,0.0
84041,0.0,0.0,0.0
84042,0.0,0.0,0.0
84043,0.0,0.0,0.0
84044,0.0,0.0,0.0
84045,0.0,0.0,0.0
84046,0.0,0.0,0.0
84047,0.0,0.0,0.0
84048,0.0,0.0,0.0
84049,0.0,0.0,0.0
84050,0.0,0.0,0.0
84051,0.0,0.0,0.0
84052,0.0,0.0,0.0
84053,0.0,0.0,0.0
84054,0.0,0.0,0.0
84055,0.0,0.0,0.0
84056,0.0,0.0,0.0
84057,0.0,0.0,0.0
84058,0.0,0.0,0.0
84059,0.0,0.0,0.0
84060,0.0,0.0,0.0
84061,0.0,0.0,0.0
84062,0.0,0.0,0.0
84063,0.0,0.0,0.0
84064,0.0,0.0,0.0
84065,0.0,0.0,0.0
84066,0.0,0.0,0.0
84067,0.0,0.0,0.0
84068,0.0,0.0,0.0
84069,0.0,0.0,0.0
84070,0.0,0.0,0.0
84071,0.0,0.0,0.0
84072,0.0,0.0,0.0
84073,0.0,0.0,0.0
84074,0.0,0.0,0.0
84075,0.0,0.0,0.0
84076,0.0,0.0,0.0
84077,0.0,0.0,0.0
84078,0.0,0.0,0.0
84079,0.0,0.0,0.0
84080,0.0,0.0,0.0
84081,0.0,0.0,0.0
84082,0.0,0.0,0.0
84083,0.0,0.0,0.0
84084,0.0,0.0,0.0
84085,0.0,0.0,0.0
84086,0.0,0.0,0.0
84087,0.0,0.0,0.0
84088,0.0,0.0,0.0
84089,0.0,0.0,0.0
84090,0.0,0.0,0.0
84091,0.0,0.0,0.0
84092,0.0,0.0,0.0
84093,0.0,0.0,0.0
84094,0.0,0.0,0.0
84095,0.0,0.0,0.0
84096,0.0,0.0,0.0
84097,0.0,0.0,0.0
84098,0.0,0.0,0.0
84099,0.0,0.0,0.0
84100,0.0,0.0,0.0
84101,0.0,0.0,0.0
84102,0.0,0.0,0.0
84103,0.0,0.0,0.0
84104,0.0,0.0,0.0
84105,0.0,0.0,0.0
84106,0.0,0.0,0.0
84107,0.0,0.0,0.0
84108,0.0,0.0,0.0
84109,0.0,0.0,0.0
84110,0.0,0.0,0.0
84111,0.0,0.0,0.0
84112,0.0,0.0,0.0
84113,0.0,0.0,0.0
84114,0.0,0.0,0.0
84115,0.0,0.0,0.0
84116,0.0,0.0,0.0
84117,0.0,0.0,0.0
84118,0.0,0.0,0.0
84119,0.0,0.0,0.0
84120,0.0,0.0,0.0
84121,0.0,0.0,0.0
84122,0.0,0.0,0.0
84123,0.0,0.0,0.0
84124,0.0,0.0,0.0
84125,0.0,0.0,0.0
84126,0.0,0.0,0.0
84127,0.0,0.0,0.0
84128,0.0,0.0,0.0
84129,0.0,0.0,0.0
84130,0.0,0.0,0.0
84131,0.0,0.0,0.0
84132,0.0,0.0,0.0
84133,0.0,0.0,0.0
84134,0.0,0.0,0.0
84135,0.0,0.0,0.0
84136,0.0,0.0,0.0
84137,0.0,0.0,0.0
84138,0.0,0.0,0.0
84139,0.0,0.0,0.0
84140,0.0,0.0,0.0
84141,0.0,0.0,0.0
84142,0.0,0.0,0.0
84143,0.0,0.0,0.0
84144,0.0,0.0,0.0
84145,0.0,0.0,0.0
84146,0.0,0.0,0.0
84147,0.0,0.0,0.0
84148,0.0,0.0,0.0
84149,0.0,0.0,0.0
84150,0.0,0.0,0.0
84151,0.0,0.0,0.0
84152,0.0,0.0,0.0
84153,0.0,0.0,0.0
84154,0.0,0.0,0.0
84155,0.0,0.0,0.0
84156,0.0,0.0,0.0
84157,0.0,0.0,0.0
84158,0.0,0.0,0.0
84159,0.0,0.0,0.0
84160,0.0,0.0,0.0
84161,0.0,0.0,0.0
84162,0.0,0.0,0.0
84163,0.0,0.0,0.0
84164,0.0,0.0,0.0
84165,0.0,0.0,0.0
84166,0.0,0.0,0.0
84167,0.0,0.0,0.0
84168,0.0,0.0,0.0
84169,0.0,0.0,0.0
84170,0.0,0.0,0.0
84171,0.0,0.0,0.0
84172,0.0,0.0,0.0
84173,0.0,0.0,0.0
84174,0.0,0.0,0.0
84175,0.0,0.0,0.0
84176,0.0,0.0,0.0
84177,0.0,0.0,0.0
84178,0.0,0.0,0.0
84179,0.0,0.0,0.0
84180,0.0,0.0,0.0
84181,0.0,0.0,0.0
84182,0.0,0.0,0.0
84183,0.0,0.0,0.0
84184,0.0,0.0,0.0
84185,0.0,0.0,0.0
84186,0.0,0.0,0.0
84187,0.0,0.0,0.0
84188,0.0,0.0,0.0
84189,0.0,0.0,0.0
84190,0.0,0.0,0.0
84191,0.0,0.0,0.0
84192,0.0,0.0,0.0
84193,0.0,0.0,0.0
84194,0.0,0.0,0.0
84195,0.0,0.0,0.0
84196,0.0,0.0,0.0
84197,0.0,0.0,0.0
84198,0.0,0.0,0.0
84199,0.0,0.0,0.0
84200,0.0,0.0,0.0
84201,0.0,0.0,0.0
84202,0.0,0.0,0.0
84203,0.0,0.0,0.0
84204,0.0,0.0,0.0
84205,0.0,0.0,0.0
84206,0.0,0.0,0.0
84207,0.0,0.0,0.0
84208,0.0,0.0,0.0
84209,0.0,0.0,0.0
84210,0.0,0.0,0.0
84211,0.0,0.0,0.0
84212,0.0,0.0,0.0
84213,0.0,0.0,0.0
84214,0.0,0.0,0.0
84215,0.0,0.0,0.0
84216,0.0,0.0,0.0
84217,0.0,0.0,0.0
84218,0.0,0.0,0.0
84219,0.0,0.0,0.0
84220,0.0,0.0,0.0
84221,0.0,0.0,0.0
84222,0.0,0.0,0.0
84223,0.0,0.0,0.0
84224,0.0,0.0,0.0
84225,0.0,0.0,0.0
84226,0.0,0.0,0.0
84227,0.0,0.0,0.0
84228,0.0,0.0,0.0
84229,0.0,0.0,0.0
84230,0.0,0.0,0.0
84231,0.0,0.0,0.0
84232,0.0,0.0,0.0
84233,0.0,0.0,0.0
84234,0.0,0.0,0.0
84235,0.0,0.0,0.0
84236,0.0,0.0,0.0
84237,0.0,0.0,0.0
84238,0.0,0.0,0.0
84239,0.0,0.0,0.0
84240,0.0,0.0,0.0
84241,0.0,0.0,0.0
84242,0.0,0.0,0.0
84243,0.0,0.0,0.0
84244,0.0,0.0,0.0
84245,0.0,0.0,0.0
84246,0.0,0.0,0.0
84247,0.0,0.0,0.0
84248,0.0,0.0,0.0
84249,0.0,0.0,0.0
84250,0.0,0.0,0.0
84251,0.0,0.0,0.0
84252,0.0,0.0,0.0
84253,0.0,0.0,0.0
84254,0.0,0.0,0.0
84255,0.0,0.0,0.0
84256,0.0,0.0,0.0
84257,0.0,0.0,0.0
84258,0.0,0.0,0.0
84259,0.0,0.0,0.0
84260,0.0,0.0,0.0
84261,0.0,0.0,0.0
84262,0.0,0.0,0.0
84263,0.0,0.0,0.0
84264,0.0,0.0,0.0
84265,0.0,0.0,0.0
84266,0.0,0.0,0.0
84267,0.0,0.0,0.0
84268,0.0,0.0,0.0
84269,0.0,0.0,0.0
84270,0.0,0.0,0.0
84271,0.0,0.0,0.0
84272,0.0,0.0,0.0
84273,0.0,0.0,0.0
84274,0.0,0.0,0.0
84275,0.0,0.0,0.0
84276,0.0,0.0,0.0
84277,0.0,0.0,0.0
84278,0.0,0.0,0.0
84279,0.0,0.0,0.0
84280,0.0,0.0,0.0
84281,0.0,0.0,0.0
84282,0.0,0.0,0.0
84283,0.0,0.0,0.0
84284,0.0,0.0,0.0
84285,0.0,0.0,0.0
84286,0.0,0.0,0.0
84287,0.0,0.0,0.0
84288,0.0,0.0,0.0
84289,0.0,0.0,0.0
84290,0.0,0.0,0.0
84291,0.0,0.0,0.0
84292,0.0,0.0,0.0
84293,0.0,0.0,0.0
84294,0.0,0.0,0.0
84295,0.0,0.0,0.0
84296,0.0,0.0,0.0
84297,0.0,0.0,0.0
84298,0.0,0.0,0.0
84299,0.0,0.0,0.0
84300,0.0,0.0,0.0
84301,0.0,0.0,0.0
84302,0.0,0.0,0.0
84303,0.0,0.0,0.0
84304,0.0,0.0,0.0
84305,0.0,0.0,0.0
84306,0.0,0.0,0.0
84307,0.0,0.0,0.0
84308,0.0,0.0,0.0
84309,0.0,0.0,0.0
84310,0.0,0.0,0.0
84311,0.0,0.0,0.0
84312,0.0,0.0,0.0
84313,0.0,0.0,0.0
84314,0.0,0.0,0.0
84315,0.0,0.0,0.0
84316,0.0,0.0,0.0
84317,0.0,0.0,0.0
84318,0.0,0.0,0.0
84319,0.0,0.0,0.0
84320,0.0,0.0,0.0
84321,0.0,0.0,0.0
84322,0.0,0.0,0.0
84323,0.0,0.0,0.0
84324,0.0,0.0,0.0
84325,0.0,0.0,0.0
84326,0.0,0.0,0.0
84327,0.0,0.0,0.0
84328,0.0,0.0,0.0
84329,0.0,0.0,0.0
84330,0.0,0.0,0.0
84331,0.0,0.0,0.0
84332,0.0,0.0,0.0
84333,0.0,0.0,0.0
84334,0.0,0.0,0.0
84335,0.0,0.0,0.0
84336,0.0,0.0,0.0
84337,0.0,0.0,0.0
84338,0.0,0.0,0.0
84339,0.0,0.0,0.0
84340,0.0,0.0,0.0
84341,0.0,0.0,0.0
84342,0.0,0.0,0.0
84343,0.0,0.0,0.0
84344,0.0,0.0,0.0
84345,0.0,0.0,0.0
84346,0.0,0.0,0.0
84347,0.0,0.0,0.0
84348,0.0,0.0,0.0
84349,0.0,0.0,0.0
84350,0.0,0.0,0.0
84351,0.0,0.0,0.0
84352,0.0,0.0,0.0
84353,0.0,0.0,0.0
84354,0.0,0.0,0.0
84355,0.0,0.0,0.0
84356,0.0,0.0,0.0
84357,0.0,0.0,0.0
84358,0.0,0.0,0.0
84359,0.0,0.0,0.0
84360,0.0,0.0,0.0
84361,0.0,0.0,0.0
84362,0.0,0.0,0.0
84363,0.0,0.0,0.0
84364,0.0,0.0,0.0
84365,0.0,0.0,0.0
84366,0.0,0.0,0.0
84367,0.0,0.0,0.0
84368,0.0,0.0,0.0
84369,0.0,0.0,0.0
84370,0.0,0.0,0.0
84371,0.0,0.0,0.0
84372,0.0,0.0,0.0
84373,0.0,0.0,0.0
84374,0.0,0.0,0.0
84375,0.0,0.0,0.0
84376,0.0,0.0,0.0
84377,0.0,0.0,0.0
84378,0.0,0.0,0.0
84379,0.0,0.0,0.0
84380,0.0,0.0,0.0
84381,0.0,0.0,0.0
84382,0.0,0.0,0.0
84383,0.0,0.0,0.0
84384,0.0,0.0,0.0
84385,0.0,0.0,0.0
84386,0.0,0.0,0.0
84387,0.0,0.0,0.0
84388,0.0,0.0,0.0
84389,0.0,0.0,0.0
84390,0.0,0.0,0.0
84391,0.0,0.0,0.0
84392,0.0,0.0,0.0
84393,0.0,0.0,0.0
84394,0.0,0.0,0.0
84395,0.0,0.0,0.0
84396,0.0,0.0,0.0
84397,0.0,0.0,0.0
84398,0.0,0.0,0.0
84399,0.0,0.0,0.0
84400,0.0,0.0,0.0
84401,0.0,0.0,0.0
84402,0.0,0.0,0.0
84403,0.0,0.0,0.0
84404,0.0,0.0,0.0
84405,0.0,0.0,0.0
84406,0.0,0.0,0.0
84407,0.0,0.0,0.0
84408,0.0,0.0,0.0
84409,0.0,0.0,0.0
84410,0.0,0.0,0.0
84411,0.0,0.0,0.0
84412,0.0,0.0,0.0
84413,0.0,0.0,0.0
84414,0.0,0.0,0.0
84415,0.0,0.0,0.0
84416,0.0,0.0,0.0
84417,0.0,0.0,0.0
84418,0.0,0.0,0.0
84419,0.0,0.0,0.0
84420,0.0,0.0,0.0
84421,0.0,0.0,0.0
84422,0.0,0.0,0.0
84423,0.0,0.0,0.0
84424,0.0,0.0,0.0
84425,0.0,0.0,0.0
84426,0.0,0.0,0.0
84427,0.0,0.0,0.0
84428,0.0,0.0,0.0
84429,0.0,0.0,0.0
84430,0.0,0.0,0.0
84431,0.0,0.0,0.0
84432,0.0,0.0,0.0
84433,0.0,0.0,0.0
84434,0.0,0.0,0.0
84435,0.0,0.0,0.0
84436,0.0,0.0,0.0
84437,0.0,0.0,0.0
84438,0.0,0.0,0.0
84439,0.0,0.0,0.0
84440,0.0,0.0,0.0
84441,0.0,0.0,0.0
84442,0.0,0.0,0.0
84443,0.0,0.0,0.0
84444,0.0,0.0,0.0
84445,0.0,0.0,0.0
84446,0.0,0.0,0.0
84447,0.0,0.0,0.0
84448,0.0,0.0,0.0
84449,0.0,0.0,0.0
84450,0.0,0.0,0.0
84451,0.0,0.0,0.0
84452,0.0,0.0,0.0
84453,0.0,0.0,0.0
84454,0.0,0.0,0.0
84455,0.0,0.0,0.0
84456,0.0,0.0,0.0
84457,0.0,0.0,0.0
84458,0.0,0.0,0.0
84459,0.0,0.0,0.0
84460,0.0,0.0,0.0
84461,0.0,0.0,0.0
84462,0.0,0.0,0.0
84463,0.0,0.0,0.0
84464,0.0,0.0,0.0
84465,0.0,0.0,0.0
84466,0.0,0.0,0.0
84467,0.0,0.0,0.0
84468,0.0,0.0,0.0
84469,0.0,0.0,0.0
84470,0.0,0.0,0.0
84471,0.0,0.0,0.0
84472,0.0,0.0,0.0
84473,0.0,0.0,0.0
84474,0.0,0.0,0.0
84475,0.0,0.0,0.0
84476,0.0,0.0,0.0
84477,0.0,0.0,0.0
84478,0.0,0.0,0.0
84479,0.0,0.0,0.0
84480,0.0,0.0,0.0
84481,0.0,0.0,0.0
84482,0.0,0.0,0.0
84483,0.0,0.0,0.0
84484,0.0,0.0,0.0
84485,0.0,0.0,0.0
84486,0.0,0.0,0.0
84487,0.0,0.0,0.0
84488,0.0,0.0,0.0
84489,0.0,0.0,0.0
84490,0.0,0.0,0.0
84491,0.0,0.0,0.0
84492,0.0,0.0,0.0
84493,0.0,0.0,0.0
84494,0.0,0.0,0.0
84495,0.0,0.0,0.0
84496,0.0,0.0,0.0
84497,0.0,0.0,0.0
84498,0.0,0.0,0.0
84499,0.0,0.0,0.0
84500,0.0,0.0,0.0
84501,0.0,0.0,0.0
84502,0.0,0.0,0.0
84503,0.0,0.0,0.0
84504,0.0,0.0,0.0
84505,0.0,0.0,0.0
84506,0.0,0.0,0.0
84507,0.0,0.0,0.0
84508,0.0,0.0,0.0
84509,0.0,0.0,0.0
84510,0.0,0.0,0.0
84511,0.0,0.0,0.0
84512,0.0,0.0,0.0
84513,0.0,0.0,0.0
84514,0.0,0.0,0.0
84515,0.0,0.0,0.0
84516,0.0,0.0,0.0
84517,0.0,0.0,0.0
84518,0.0,0.0,0.0
84519,0.0,0.0,0.0
84520,0.0,0.0,0.0
84521,0.0,0.0,0.0
84522,0.0,0.0,0.0
84523,0.0,0.0,0.0
84524,0.0,0.0,0.0
84525,0.0,0.0,0.0
84526,0.0,0.0,0.0
84527,0.0,0.0,0.0
84528,0.0,0.0,0.0
84529,0.0,0.0,0.0
84530,0.0,0.0,0.0
84531,0.0,0.0,0.0
84532,0.0,0.0,0.0
84533,0.0,0.0,0.0
84534,0.0,0.0,0.0
84535,0.0,0.0,0.0
84536,0.0,0.0,0.0
84537,0.0,0.0,0.0
84538,0.0,0.0,0.0
84539,0.0,0.0,0.0
84540,0.0,0.0,0.0
84541,0.0,0.0,0.0
84542,0.0,0.0,0.0
84543,0.0,0.0,0.0
84544,0.0,0.0,0.0
84545,0.0,0.0,0.0
84546,0.0,0.0,0.0
84547,0.0,0.0,0.0
84548,0.0,0.0,0.0
84549,0.0,0.0,0.0
84550,0.0,0.0,0.0
84551,0.0,0.0,0.0
84552,0.0,0.0,0.0
84553,0.0,0.0,0.0
84554,0.0,0.0,0.0
84555,0.0,0.0,0.0
84556,0.0,0.0,0.0
84557,0.0,0.0,0.0
84558,0.0,0.0,0.0
84559,0.0,0.0,0.0
84560,0.0,0.0,0.0
84561,0.0,0.0,0.0
84562,0.0,0.0,0.0
84563,0.0,0.0,0.0
84564,0.0,0.0,0.0
84565,0.0,0.0,0.0
84566,0.0,0.0,0.0
84567,0.0,0.0,0.0
84568,0.0,0.0,0.0
84569,0.0,0.0,0.0
84570,0.0,0.0,0.0
84571,0.0,0.0,0.0
84572,0.0,0.0,0.0
84573,0.0,0.0,0.0
84574,0.0,0.0,0.0
84575,0.0,0.0,0.0
84576,0.0,0.0,0.0
84577,0.0,0.0,0.0
84578,0.0,0.0,0.0
84579,0.0,0.0,0.0
84580,0.0,0.0,0.0
84581,0.0,0.0,0.0
84582,0.0,0.0,0.0
84583,0.0,0.0,0.0
84584,0.0,0.0,0.0
84585,0.0,0.0,0.0
84586,0.0,0.0,0.0
84587,0.0,0.0,0.0
84588,0.0,0.0,0.0
84589,0.0,0.0,0.0
84590,0.0,0.0,0.0
84591,0.0,0.0,0.0
84592,0.0,0.0,0.0
84593,0.0,0.0,0.0
84594,0.0,0.0,0.0
84595,0.0,0.0,0.0
84596,0.0,0.0,0.0
84597,0.0,0.0,0.0
84598,0.0,0.0,0.0
84599,0.0,0.0,0.0
84600,0.0,0.0,0.0
84601,0.0,0.0,0.0
84602,0.0,0.0,0.0
84603,0.0,0.0,0.0
84604,0.0,0.0,0.0
84605,0.0,0.0,0.0
84606,0.0,0.0,0.0
84607,0.0,0.0,0.0
84608,0.0,0.0,0.0
84609,0.0,0.0,0.0
84610,0.0,0.0,0.0
84611,0.0,0.0,0.0
84612,0.0,0.0,0.0
84613,0.0,0.0,0.0
84614,0.0,0.0,0.0
84615,0.0,0.0,0.0
84616,0.0,0.0,0.0
84617,0.0,0.0,0.0
84618,0.0,0.0,0.0
84619,0.0,0.0,0.0
84620,0.0,0.0,0.0
84621,0.0,0.0,0.0
84622,0.0,0.0,0.0
84623,0.0,0.0,0.0
84624,0.0,0.0,0.0
84625,0.0,0.0,0.0
84626,0.0,0.0,0.0
84627,0.0,0.0,0.0
84628,0.0,0.0,0.0
84629,0.0,0.0,0.0
84630,0.0,0.0,0.0
84631,0.0,0.0,0.0
84632,0.0,0.0,0.0
84633,0.0,0.0,0.0
84634,0.0,0.0,0.0
84635,0.0,0.0,0.0
84636,0.0,0.0,0.0
84637,0.0,0.0,0.0
84638,0.0,0.0,0.0
84639,0.0,0.0,0.0
84640,0.0,0.0,0.0
84641,0.0,0.0,0.0
84642,0.0,0.0,0.0
84643,0.0,0.0,0.0
84644,0.0,0.0,0.0
84645,0.0,0.0,0.0
84646,0.0,0.0,0.0
84647,0.0,0.0,0.0
84648,0.0,0.0,0.0
84649,0.0,0.0,0.0
84650,0.0,0.0,0.0
84651,0.0,0.0,0.0
84652,0.0,0.0,0.0
84653,0.0,0.0,0.0
84654,0.0,0.0,0.0
84655,0.0,0.0,0.0
84656,0.0,0.0,0.0
84657,0.0,0.0,0.0
84658,0.0,0.0,0.0
84659,0.0,0.0,0.0
84660,0.0,0.0,0.0
84661,0.0,0.0,0.0
84662,0.0,0.0,0.0
84663,0.0,0.0,0.0
84664,0.0,0.0,0.0
84665,0.0,0.0,0.0
84666,0.0,0.0,0.0
84667,0.0,0.0,0.0
84668,0.0,0.0,0.0
84669,0.0,0.0,0.0
84670,0.0,0.0,0.0
84671,0.0,0.0,0.0
84672,0.0,0.0,0.0
84673,0.0,0.0,0.0
84674,0.0,0.0,0.0
84675,0.0,0.0,0.0
84676,0.0,0.0,0.0
84677,0.0,0.0,0.0
84678,0.0,0.0,0.0
84679,0.0,0.0,0.0
84680,0.0,0.0,0.0
84681,0.0,0.0,0.0
84682,0.0,0.0,0.0
84683,0.0,0.0,0.0
84684,0.0,0.0,0.0
84685,0.0,0.0,0.0
84686,0.0,0.0,0.0
84687,0.0,0.0,0.0
84688,0.0,0.0,0.0
84689,0.0,0.0,0.0
84690,0.0,0.0,0.0
84691,0.0,0.0,0.0
84692,0.0,0.0,0.0
84693,0.0,0.0,0.0
84694,0.0,0.0,0.0
84695,0.0,0.0,0.0
84696,0.0,0.0,0.0
84697,0.0,0.0,0.0
84698,0.0,0.0,0.0
84699,0.0,0.0,0.0
84700,0.0,0.0,0.0
84701,0.0,0.0,0.0
84702,0.0,0.0,0.0
84703,0.0,0.0,0.0
84704,0.0,0.0,0.0
84705,0.0,0.0,0.0
84706,0.0,0.0,0.0
84707,0.0,0.0,0.0
84708,0.0,0.0,0.0
84709,0.0,0.0,0.0
84710,0.0,0.0,0.0
84711,0.0,0.0,0.0
84712,0.0,0.0,0.0
84713,0.0,0.0,0.0
84714,0.0,0.0,0.0
84715,0.0,0.0,0.0
84716,0.0,0.0,0.0
84717,0.0,0.0,0.0
84718,0.0,0.0,0.0
84719,0.0,0.0,0.0
84720,0.0,0.0,0.0
84721,0.0,0.0,0.0
84722,0.0,0.0,0.0
84723,0.0,0.0,0.0
84724,0.0,0.0,0.0
84725,0.0,0.0,0.0
84726,0.0,0.0,0.0
84727,0.0,0.0,0.0
84728,0.0,0.0,0.0
84729,0.0,0.0,0.0
84730,0.0,0.0,0.0
84731,0.0,0.0,0.0
84732,0.0,0.0,0.0
84733,0.0,0.0,0.0
84734,0.0,0.0,0.0
84735,0.0,0.0,0.0
84736,0.0,0.0,0.0
84737,0.0,0.0,0.0
84738,0.0,0.0,0.0
84739,0.0,0.0,0.0
84740,0.0,0.0,0.0
84741,0.0,0.0,0.0
84742,0.0,0.0,0.0
84743,0.0,0.0,0.0
84744,0.0,0.0,0.0
84745,0.0,0.0,0.0
84746,0.0,0.0,0.0
84747,0.0,0.0,0.0
84748,0.0,0.0,0.0
84749,0.0,0.0,0.0
84750,0.0,0.0,0.0
84751,0.0,0.0,0.0
84752,0.0,0.0,0.0
84753,0.0,0.0,0.0
84754,0.0,0.0,0.0
84755,0.0,0.0,0.0
84756,0.0,0.0,0.0
84757,0.0,0.0,0.0
84758,0.0,0.0,0.0
84759,0.0,0.0,0.0
84760,0.0,0.0,0.0
84761,0.0,0.0,0.0
84762,0.0,0.0,0.0
84763,0.0,0.0,0.0
84764,0.0,0.0,0.0
84765,0.0,0.0,0.0
84766,0.0,0.0,0.0
84767,0.0,0.0,0.0
84768,0.0,0.0,0.0
84769,0.0,0.0,0.0
84770,0.0,0.0,0.0
84771,0.0,0.0,0.0
84772,0.0,0.0,0.0
84773,0.0,0.0,0.0
84774,0.0,0.0,0.0
84775,0.0,0.0,0.0
84776,0.0,0.0,0.0
84777,0.0,0.0,0.0
84778,0.0,0.0,0.0
84779,0.0,0.0,0.0
84780,0.0,0.0,0.0
84781,0.0,0.0,0.0
84782,0.0,0.0,0.0
84783,0.0,0.0,0.0
84784,0.0,0.0,0.0
84785,0.0,0.0,0.0
84786,0.0,0.0,0.0
84787,0.0,0.0,0.0
84788,0.0,0.0,0.0
84789,0.0,0.0,0.0
84790,0.0,0.0,0.0
84791,0.0,0.0,0.0
84792,0.0,0.0,0.0
84793,0.0,0.0,0.0
84794,0.0,0.0,0.0
84795,0.0,0.0,0.0
84796,0.0,0.0,0.0
84797,0.0,0.0,0.0
84798,0.0,0.0,0.0
84799,0.0,0.0,0.0
84800,0.0,0.0,0.0
84801,0.0,0.0,0.0
84802,0.0,0.0,0.0
84803,0.0,0.0,0.0
84804,0.0,0.0,0.0
84805,0.0,0.0,0.0
84806,0.0,0.0,0.0
84807,0.0,0.0,0.0
84808,0.0,0.0,0.0
84809,0.0,0.0,0.0
84810,0.0,0.0,0.0
84811,0.0,0.0,0.0
84812,0.0,0.0,0.0
84813,0.0,0.0,0.0
84814,0.0,0.0,0.0
84815,0.0,0.0,0.0
84816,0.0,0.0,0.0
84817,0.0,0.0,0.0
84818,0.0,0.0,0.0
84819,0.0,0.0,0.0
84820,0.0,0.0,0.0
84821,0.0,0.0,0.0
84822,0.0,0.0,0.0
84823,0.0,0.0,0.0
84824,0.0,0.0,0.0
84825,0.0,0.0,0.0
84826,0.0,0.0,0.0
84827,0.0,0.0,0.0
84828,0.0,0.0,0.0
84829,0.0,0.0,0.0
84830,0.0,0.0,0.0
84831,0.0,0.0,0.0
84832,0.0,0.0,0.0
84833,0.0,0.0,0.0
84834,0.0,0.0,0.0
84835,0.0,0.0,0.0
84836,0.0,0.0,0.0
84837,0.0,0.0,0.0
84838,0.0,0.0,0.0
84839,0.0,0.0,0.0
84840,0.0,0.0,0.0
84841,0.0,0.0,0.0
84842,0.0,0.0,0.0
84843,0.0,0.0,0.0
84844,0.0,0.0,0.0
84845,0.0,0.0,0.0
84846,0.0,0.0,0.0
84847,0.0,0.0,0.0
84848,0.0,0.0,0.0
84849,0.0,0.0,0.0
84850,0.0,0.0,0.0
84851,0.0,0.0,0.0
84852,0.0,0.0,0.0
84853,0.0,0.0,0.0
84854,0.0,0.0,0.0
84855,0.0,0.0,0.0
84856,0.0,0.0,0.0
84857,0.0,0.0,0.0
84858,0.0,0.0,0.0
84859,0.0,0.0,0.0
84860,0.0,0.0,0.0
84861,0.0,0.0,0.0
84862,0.0,0.0,0.0
84863,0.0,0.0,0.0
84864,0.0,0.0,0.0
84865,0.0,0.0,0.0
84866,0.0,0.0,0.0
84867,0.0,0.0,0.0
84868,0.0,0.0,0.0
84869,0.0,0.0,0.0
84870,0.0,0.0,0.0
84871,0.0,0.0,0.0
84872,0.0,0.0,0.0
84873,0.0,0.0,0.0
84874,0.0,0.0,0.0
84875,0.0,0.0,0.0
84876,0.0,0.0,0.0
84877,0.0,0.0,0.0
84878,0.0,0.0,0.0
84879,0.0,0.0,0.0
84880,0.0,0.0,0.0
84881,0.0,0.0,0.0
84882,0.0,0.0,0.0
84883,0.0,0.0,0.0
84884,0.0,0.0,0.0
84885,0.0,0.0,0.0
84886,0.0,0.0,0.0
84887,0.0,0.0,0.0
84888,0.0,0.0,0.0
84889,0.0,0.0,0.0
84890,0.0,0.0,0.0
84891,0.0,0.0,0.0
84892,0.0,0.0,0.0
84893,0.0,0.0,0.0
84894,0.0,0.0,0.0
84895,0.0,0.0,0.0
84896,0.0,0.0,0.0
84897,0.0,0.0,0.0
84898,0.0,0.0,0.0
84899,0.0,0.0,0.0
84900,0.0,0.0,0.0
84901,0.0,0.0,0.0
84902,0.0,0.0,0.0
84903,0.0,0.0,0.0
84904,0.0,0.0,0.0
84905,0.0,0.0,0.0
84906,0.0,0.0,0.0
84907,0.0,0.0,0.0
84908,0.0,0.0,0.0
84909,0.0,0.0,0.0
84910,0.0,0.0,0.0
84911,0.0,0.0,0.0
84912,0.0,0.0,0.0
84913,0.0,0.0,0.0
84914,0.0,0.0,0.0
84915,0.0,0.0,0.0
84916,0.0,0.0,0.0
84917,0.0,0.0,0.0
84918,0.0,0.0,0.0
84919,0.0,0.0,0.0
84920,0.0,0.0,0.0
84921,0.0,0.0,0.0
84922,0.0,0.0,0.0
84923,0.0,0.0,0.0
84924,0.0,0.0,0.0
84925,0.0,0.0,0.0
84926,0.0,0.0,0.0
84927,0.0,0.0,0.0
84928,0.0,0.0,0.0
84929,0.0,0.0,0.0
84930,0.0,0.0,0.0
84931,0.0,0.0,0.0
84932,0.0,0.0,0.0
84933,0.0,0.0,0.0
84934,0.0,0.0,0.0
84935,0.0,0.0,0.0
84936,0.0,0.0,0.0
84937,0.0,0.0,0.0
84938,0.0,0.0,0.0
84939,0.0,0.0,0.0
84940,0.0,0.0,0.0
84941,0.0,0.0,0.0
84942,0.0,0.0,0.0
84943,0.0,0.0,0.0
84944,0.0,0.0,0.0
84945,0.0,0.0,0.0
84946,0.0,0.0,0.0
84947,0.0,0.0,0.0
84948,0.0,0.0,0.0
84949,0.0,0.0,0.0
84950,0.0,0.0,0.0
84951,0.0,0.0,0.0
84952,0.0,0.0,0.0
84953,0.0,0.0,0.0
84954,0.0,0.0,0.0
84955,0.0,0.0,0.0
84956,0.0,0.0,0.0
84957,0.0,0.0,0.0
84958,0.0,0.0,0.0
84959,0.0,0.0,0.0
84960,0.0,0.0,0.0
84961,0.0,0.0,0.0
84962,0.0,0.0,0.0
84963,0.0,0.0,0.0
84964,0.0,0.0,0.0
84965,0.0,0.0,0.0
84966,0.0,0.0,0.0
84967,0.0,0.0,0.0
84968,0.0,0.0,0.0
84969,0.0,0.0,0.0
84970,0.0,0.0,0.0
84971,0.0,0.0,0.0
84972,0.0,0.0,0.0
84973,0.0,0.0,0.0
84974,0.0,0.0,0.0
84975,0.0,0.0,0.0
84976,0.0,0.0,0.0
84977,0.0,0.0,0.0
84978,0.0,0.0,0.0
84979,0.0,0.0,0.0
84980,0.0,0.0,0.0
84981,0.0,0.0,0.0
84982,0.0,0.0,0.0
84983,0.0,0.0,0.0
84984,0.0,0.0,0.0
84985,0.0,0.0,0.0
84986,0.0,0.0,0.0
84987,0.0,0.0,0.0
84988,0.0,0.0,0.0
84989,0.0,0.0,0.0
84990,0.0,0.0,0.0
84991,0.0,0.0,0.0
84992,0.0,0.0,0.0
84993,0.0,0.0,0.0
84994,0.0,0.0,0.0
84995,0.0,0.0,0.0
84996,0.0,0.0,0.0
84997,0.0,0.0,0.0
84998,0.0,0.0,0.0
84999,0.0,0.0,0.0
85000,0.0,0.0,0.0
85001,0.0,0.0,0.0
85002,0.0,0.0,0.0
85003,0.0,0.0,0.0
85004,0.0,0.0,0.0
85005,0.0,0.0,0.0
85006,0.0,0.0,0.0
85007,0.0,0.0,0.0
85008,0.0,0.0,0.0
85009,0.0,0.0,0.0
85010,0.0,0.0,0.0
85011,0.0,0.0,0.0
85012,0.0,0.0,0.0
85013,0.0,0.0,0.0
85014,0.0,0.0,0.0
85015,0.0,0.0,0.0
85016,0.0,0.0,0.0
85017,0.0,0.0,0.0
85018,0.0,0.0,0.0
85019,0.0,0.0,0.0
85020,0.0,0.0,0.0
85021,0.0,0.0,0.0
85022,0.0,0.0,0.0
85023,0.0,0.0,0.0
85024,0.0,0.0,0.0
85025,0.0,0.0,0.0
85026,0.0,0.0,0.0
85027,0.0,0.0,0.0
85028,0.0,0.0,0.0
85029,0.0,0.0,0.0
85030,0.0,0.0,0.0
85031,0.0,0.0,0.0
85032,0.0,0.0,0.0
85033,0.0,0.0,0.0
85034,0.0,0.0,0.0
85035,0.0,0.0,0.0
85036,0.0,0.0,0.0
85037,0.0,0.0,0.0
85038,0.0,0.0,0.0
85039,0.0,0.0,0.0
85040,0.0,0.0,0.0
85041,0.0,0.0,0.0
85042,0.0,0.0,0.0
85043,0.0,0.0,0.0
85044,0.0,0.0,0.0
85045,0.0,0.0,0.0
85046,0.0,0.0,0.0
85047,0.0,0.0,0.0
85048,0.0,0.0,0.0
85049,0.0,0.0,0.0
85050,0.0,0.0,0.0
85051,0.0,0.0,0.0
85052,0.0,0.0,0.0
85053,0.0,0.0,0.0
85054,0.0,0.0,0.0
85055,0.0,0.0,0.0
85056,0.0,0.0,0.0
85057,0.0,0.0,0.0
85058,0.0,0.0,0.0
85059,0.0,0.0,0.0
85060,0.0,0.0,0.0
85061,0.0,0.0,0.0
85062,0.0,0.0,0.0
85063,0.0,0.0,0.0
85064,0.0,0.0,0.0
85065,0.0,0.0,0.0
85066,0.0,0.0,0.0
85067,0.0,0.0,0.0
85068,0.0,0.0,0.0
85069,0.0,0.0,0.0
85070,0.0,0.0,0.0
85071,0.0,0.0,0.0
85072,0.0,0.0,0.0
85073,0.0,0.0,0.0
85074,0.0,0.0,0.0
85075,0.0,0.0,0.0
85076,0.0,0.0,0.0
85077,0.0,0.0,0.0
85078,0.0,0.0,0.0
85079,0.0,0.0,0.0
85080,0.0,0.0,0.0
85081,0.0,0.0,0.0
85082,0.0,0.0,0.0
85083,0.0,0.0,0.0
85084,0.0,0.0,0.0
85085,0.0,0.0,0.0
85086,0.0,0.0,0.0
85087,0.0,0.0,0.0
85088,0.0,0.0,0.0
85089,0.0,0.0,0.0
85090,0.0,0.0,0.0
85091,0.0,0.0,0.0
85092,0.0,0.0,0.0
85093,0.0,0.0,0.0
85094,0.0,0.0,0.0
85095,0.0,0.0,0.0
85096,0.0,0.0,0.0
85097,0.0,0.0,0.0
85098,0.0,0.0,0.0
85099,0.0,0.0,0.0
85100,0.0,0.0,0.0
85101,0.0,0.0,0.0
85102,0.0,0.0,0.0
85103,0.0,0.0,0.0
85104,0.0,0.0,0.0
85105,0.0,0.0,0.0
85106,0.0,0.0,0.0
85107,0.0,0.0,0.0
85108,0.0,0.0,0.0
85109,0.0,0.0,0.0
85110,0.0,0.0,0.0
85111,0.0,0.0,0.0
85112,0.0,0.0,0.0
85113,0.0,0.0,0.0
85114,0.0,0.0,0.0
85115,0.0,0.0,0.0
85116,0.0,0.0,0.0
85117,0.0,0.0,0.0
85118,0.0,0.0,0.0
85119,0.0,0.0,0.0
85120,0.0,0.0,0.0
85121,0.0,0.0,0.0
85122,0.0,0.0,0.0
85123,0.0,0.0,0.0
85124,0.0,0.0,0.0
85125,0.0,0.0,0.0
85126,0.0,0.0,0.0
85127,0.0,0.0,0.0
85128,0.0,0.0,0.0
85129,0.0,0.0,0.0
85130,0.0,0.0,0.0
85131,0.0,0.0,0.0
85132,0.0,0.0,0.0
85133,0.0,0.0,0.0
85134,0.0,0.0,0.0
85135,0.0,0.0,0.0
85136,0.0,0.0,0.0
85137,0.0,0.0,0.0
85138,0.0,0.0,0.0
85139,0.0,0.0,0.0
85140,0.0,0.0,0.0
85141,0.0,0.0,0.0
85142,0.0,0.0,0.0
85143,0.0,0.0,0.0
85144,0.0,0.0,0.0
85145,0.0,0.0,0.0
85146,0.0,0.0,0.0
85147,0.0,0.0,0.0
85148,0.0,0.0,0.0
85149,0.0,0.0,0.0
85150,0.0,0.0,0.0
85151,0.0,0.0,0.0
85152,0.0,0.0,0.0
85153,0.0,0.0,0.0
85154,0.0,0.0,0.0
85155,0.0,0.0,0.0
85156,0.0,0.0,0.0
85157,0.0,0.0,0.0
85158,0.0,0.0,0.0
85159,0.0,0.0,0.0
85160,0.0,0.0,0.0
85161,0.0,0.0,0.0
85162,0.0,0.0,0.0
85163,0.0,0.0,0.0
85164,0.0,0.0,0.0
85165,0.0,0.0,0.0
85166,0.0,0.0,0.0
85167,0.0,0.0,0.0
85168,0.0,0.0,0.0
85169,0.0,0.0,0.0
85170,0.0,0.0,0.0
85171,0.0,0.0,0.0
85172,0.0,0.0,0.0
85173,0.0,0.0,0.0
85174,0.0,0.0,0.0
85175,0.0,0.0,0.0
85176,0.0,0.0,0.0
85177,0.0,0.0,0.0
85178,0.0,0.0,0.0
85179,0.0,0.0,0.0
85180,0.0,0.0,0.0
85181,0.0,0.0,0.0
85182,0.0,0.0,0.0
85183,0.0,0.0,0.0
85184,0.0,0.0,0.0
85185,0.0,0.0,0.0
85186,0.0,0.0,0.0
85187,0.0,0.0,0.0
85188,0.0,0.0,0.0
85189,0.0,0.0,0.0
85190,0.0,0.0,0.0
85191,0.0,0.0,0.0
85192,0.0,0.0,0.0
85193,0.0,0.0,0.0
85194,0.0,0.0,0.0
85195,0.0,0.0,0.0
85196,0.0,0.0,0.0
85197,0.0,0.0,0.0
85198,0.0,0.0,0.0
85199,0.0,0.0,0.0
85200,0.0,0.0,0.0
85201,0.0,0.0,0.0
85202,0.0,0.0,0.0
85203,0.0,0.0,0.0
85204,0.0,0.0,0.0
85205,0.0,0.0,0.0
85206,0.0,0.0,0.0
85207,0.0,0.0,0.0
85208,0.0,0.0,0.0
85209,0.0,0.0,0.0
85210,0.0,0.0,0.0
85211,0.0,0.0,0.0
85212,0.0,0.0,0.0
85213,0.0,0.0,0.0
85214,0.0,0.0,0.0
85215,0.0,0.0,0.0
85216,0.0,0.0,0.0
85217,0.0,0.0,0.0
85218,0.0,0.0,0.0
85219,0.0,0.0,0.0
85220,0.0,0.0,0.0
85221,0.0,0.0,0.0
85222,0.0,0.0,0.0
85223,0.0,0.0,0.0
85224,0.0,0.0,0.0
85225,0.0,0.0,0.0
85226,0.0,0.0,0.0
85227,0.0,0.0,0.0
85228,0.0,0.0,0.0
85229,0.0,0.0,0.0
85230,0.0,0.0,0.0
85231,0.0,0.0,0.0
85232,0.0,0.0,0.0
85233,0.0,0.0,0.0
85234,0.0,0.0,0.0
85235,0.0,0.0,0.0
85236,0.0,0.0,0.0
85237,0.0,0.0,0.0
85238,0.0,0.0,0.0
85239,0.0,0.0,0.0
85240,0.0,0.0,0.0
85241,0.0,0.0,0.0
85242,0.0,0.0,0.0
85243,0.0,0.0,0.0
85244,0.0,0.0,0.0
85245,0.0,0.0,0.0
85246,0.0,0.0,0.0
85247,0.0,0.0,0.0
85248,0.0,0.0,0.0
85249,0.0,0.0,0.0
85250,0.0,0.0,0.0
85251,0.0,0.0,0.0
85252,0.0,0.0,0.0
85253,0.0,0.0,0.0
85254,0.0,0.0,0.0
85255,0.0,0.0,0.0
85256,0.0,0.0,0.0
85257,0.0,0.0,0.0
85258,0.0,0.0,0.0
85259,0.0,0.0,0.0
85260,0.0,0.0,0.0
85261,0.0,0.0,0.0
85262,0.0,0.0,0.0
85263,0.0,0.0,0.0
85264,0.0,0.0,0.0
85265,0.0,0.0,0.0
85266,0.0,0.0,0.0
85267,0.0,0.0,0.0
85268,0.0,0.0,0.0
85269,0.0,0.0,0.0
85270,0.0,0.0,0.0
85271,0.0,0.0,0.0
85272,0.0,0.0,0.0
85273,0.0,0.0,0.0
85274,0.0,0.0,0.0
85275,0.0,0.0,0.0
85276,0.0,0.0,0.0
85277,0.0,0.0,0.0
85278,0.0,0.0,0.0
85279,0.0,0.0,0.0
85280,0.0,0.0,0.0
85281,0.0,0.0,0.0
85282,0.0,0.0,0.0
85283,0.0,0.0,0.0
85284,0.0,0.0,0.0
85285,0.0,0.0,0.0
85286,0.0,0.0,0.0
85287,0.0,0.0,0.0
85288,0.0,0.0,0.0
85289,0.0,0.0,0.0
85290,0.0,0.0,0.0
85291,0.0,0.0,0.0
85292,0.0,0.0,0.0
85293,0.0,0.0,0.0
85294,0.0,0.0,0.0
85295,0.0,0.0,0.0
85296,0.0,0.0,0.0
85297,0.0,0.0,0.0
85298,0.0,0.0,0.0
85299,0.0,0.0,0.0
85300,0.0,0.0,0.0
85301,0.0,0.0,0.0
85302,0.0,0.0,0.0
85303,0.0,0.0,0.0
85304,0.0,0.0,0.0
85305,0.0,0.0,0.0
85306,0.0,0.0,0.0
85307,0.0,0.0,0.0
85308,0.0,0.0,0.0
85309,0.0,0.0,0.0
85310,0.0,0.0,0.0
85311,0.0,0.0,0.0
85312,0.0,0.0,0.0
85313,0.0,0.0,0.0
85314,0.0,0.0,0.0
85315,0.0,0.0,0.0
85316,0.0,0.0,0.0
85317,0.0,0.0,0.0
85318,0.0,0.0,0.0
85319,0.0,0.0,0.0
85320,0.0,0.0,0.0
85321,0.0,0.0,0.0
85322,0.0,0.0,0.0
85323,0.0,0.0,0.0
85324,0.0,0.0,0.0
85325,0.0,0.0,0.0
85326,0.0,0.0,0.0
85327,0.0,0.0,0.0
85328,0.0,0.0,0.0
85329,0.0,0.0,0.0
85330,0.0,0.0,0.0
85331,0.0,0.0,0.0
85332,0.0,0.0,0.0
85333,0.0,0.0,0.0
85334,0.0,0.0,0.0
85335,0.0,0.0,0.0
85336,0.0,0.0,0.0
85337,0.0,0.0,0.0
85338,0.0,0.0,0.0
85339,0.0,0.0,0.0
85340,0.0,0.0,0.0
85341,0.0,0.0,0.0
85342,0.0,0.0,0.0
85343,0.0,0.0,0.0
85344,0.0,0.0,0.0
85345,0.0,0.0,0.0
85346,0.0,0.0,0.0
85347,0.0,0.0,0.0
85348,0.0,0.0,0.0
85349,0.0,0.0,0.0
85350,0.0,0.0,0.0
85351,0.0,0.0,0.0
85352,0.0,0.0,0.0
85353,0.0,0.0,0.0
85354,0.0,0.0,0.0
85355,0.0,0.0,0.0
85356,0.0,0.0,0.0
85357,0.0,0.0,0.0
85358,0.0,0.0,0.0
85359,0.0,0.0,0.0
85360,0.0,0.0,0.0
85361,0.0,0.0,0.0
85362,0.0,0.0,0.0
85363,0.0,0.0,0.0
85364,0.0,0.0,0.0
85365,0.0,0.0,0.0
85366,0.0,0.0,0.0
85367,0.0,0.0,0.0
85368,0.0,0.0,0.0
85369,0.0,0.0,0.0
85370,0.0,0.0,0.0
85371,0.0,0.0,0.0
85372,0.0,0.0,0.0
85373,0.0,0.0,0.0
85374,0.0,0.0,0.0
85375,0.0,0.0,0.0
85376,0.0,0.0,0.0
85377,0.0,0.0,0.0
85378,0.0,0.0,0.0
85379,0.0,0.0,0.0
85380,0.0,0.0,0.0
85381,0.0,0.0,0.0
85382,0.0,0.0,0.0
85383,0.0,0.0,0.0
85384,0.0,0.0,0.0
85385,0.0,0.0,0.0
85386,0.0,0.0,0.0
85387,0.0,0.0,0.0
85388,0.0,0.0,0.0
85389,0.0,0.0,0.0
85390,0.0,0.0,0.0
85391,0.0,0.0,0.0
85392,0.0,0.0,0.0
85393,0.0,0.0,0.0
85394,0.0,0.0,0.0
85395,0.0,0.0,0.0
85396,0.0,0.0,0.0
85397,0.0,0.0,0.0
85398,0.0,0.0,0.0
85399,0.0,0.0,0.0
85400,0.0,0.0,0.0
85401,0.0,0.0,0.0
85402,0.0,0.0,0.0
85403,0.0,0.0,0.0
85404,0.0,0.0,0.0
85405,0.0,0.0,0.0
85406,0.0,0.0,0.0
85407,0.0,0.0,0.0
85408,0.0,0.0,0.0
85409,0.0,0.0,0.0
85410,0.0,0.0,0.0
85411,0.0,0.0,0.0
85412,0.0,0.0,0.0
85413,0.0,0.0,0.0
85414,0.0,0.0,0.0
85415,0.0,0.0,0.0
85416,0.0,0.0,0.0
85417,0.0,0.0,0.0
85418,0.0,0.0,0.0
85419,0.0,0.0,0.0
85420,0.0,0.0,0.0
85421,0.0,0.0,0.0
85422,0.0,0.0,0.0
85423,0.0,0.0,0.0
85424,0.0,0.0,0.0
85425,0.0,0.0,0.0
85426,0.0,0.0,0.0
85427,0.0,0.0,0.0
85428,0.0,0.0,0.0
85429,0.0,0.0,0.0
85430,0.0,0.0,0.0
85431,0.0,0.0,0.0
85432,0.0,0.0,0.0
85433,0.0,0.0,0.0
85434,0.0,0.0,0.0
85435,0.0,0.0,0.0
85436,0.0,0.0,0.0
85437,0.0,0.0,0.0
85438,0.0,0.0,0.0
85439,0.0,0.0,0.0
85440,0.0,0.0,0.0
85441,0.0,0.0,0.0
85442,0.0,0.0,0.0
85443,0.0,0.0,0.0
85444,0.0,0.0,0.0
85445,0.0,0.0,0.0
85446,0.0,0.0,0.0
85447,0.0,0.0,0.0
85448,0.0,0.0,0.0
85449,0.0,0.0,0.0
85450,0.0,0.0,0.0
85451,0.0,0.0,0.0
85452,0.0,0.0,0.0
85453,0.0,0.0,0.0
85454,0.0,0.0,0.0
85455,0.0,0.0,0.0
85456,0.0,0.0,0.0
85457,0.0,0.0,0.0
85458,0.0,0.0,0.0
85459,0.0,0.0,0.0
85460,0.0,0.0,0.0
85461,0.0,0.0,0.0
85462,0.0,0.0,0.0
85463,0.0,0.0,0.0
85464,0.0,0.0,0.0
85465,0.0,0.0,0.0
85466,0.0,0.0,0.0
85467,0.0,0.0,0.0
85468,0.0,0.0,0.0
85469,0.0,0.0,0.0
85470,0.0,0.0,0.0
85471,0.0,0.0,0.0
85472,0.0,0.0,0.0
85473,0.0,0.0,0.0
85474,0.0,0.0,0.0
85475,0.0,0.0,0.0
85476,0.0,0.0,0.0
85477,0.0,0.0,0.0
85478,0.0,0.0,0.0
85479,0.0,0.0,0.0
85480,0.0,0.0,0.0
85481,0.0,0.0,0.0
85482,0.0,0.0,0.0
85483,0.0,0.0,0.0
85484,0.0,0.0,0.0
85485,0.0,0.0,0.0
85486,0.0,0.0,0.0
85487,0.0,0.0,0.0
85488,0.0,0.0,0.0
85489,0.0,0.0,0.0
85490,0.0,0.0,0.0
85491,0.0,0.0,0.0
85492,0.0,0.0,0.0
85493,0.0,0.0,0.0
85494,0.0,0.0,0.0
85495,0.0,0.0,0.0
85496,0.0,0.0,0.0
85497,0.0,0.0,0.0
85498,0.0,0.0,0.0
85499,0.0,0.0,0.0
85500,0.0,0.0,0.0
85501,0.0,0.0,0.0
85502,0.0,0.0,0.0
85503,0.0,0.0,0.0
85504,0.0,0.0,0.0
85505,0.0,0.0,0.0
85506,0.0,0.0,0.0
85507,0.0,0.0,0.0
85508,0.0,0.0,0.0
85509,0.0,0.0,0.0
85510,0.0,0.0,0.0
85511,0.0,0.0,0.0
85512,0.0,0.0,0.0
85513,0.0,0.0,0.0
85514,0.0,0.0,0.0
85515,0.0,0.0,0.0
85516,0.0,0.0,0.0
85517,0.0,0.0,0.0
85518,0.0,0.0,0.0
85519,0.0,0.0,0.0
85520,0.0,0.0,0.0
85521,0.0,0.0,0.0
85522,0.0,0.0,0.0
85523,0.0,0.0,0.0
85524,0.0,0.0,0.0
85525,0.0,0.0,0.0
85526,0.0,0.0,0.0
85527,0.0,0.0,0.0
85528,0.0,0.0,0.0
85529,0.0,0.0,0.0
85530,0.0,0.0,0.0
85531,0.0,0.0,0.0
85532,0.0,0.0,0.0
85533,0.0,0.0,0.0
85534,0.0,0.0,0.0
85535,0.0,0.0,0.0
85536,0.0,0.0,0.0
85537,0.0,0.0,0.0
85538,0.0,0.0,0.0
85539,0.0,0.0,0.0
85540,0.0,0.0,0.0
85541,0.0,0.0,0.0
85542,0.0,0.0,0.0
85543,0.0,0.0,0.0
85544,0.0,0.0,0.0
85545,0.0,0.0,0.0
85546,0.0,0.0,0.0
85547,0.0,0.0,0.0
85548,0.0,0.0,0.0
85549,0.0,0.0,0.0
85550,0.0,0.0,0.0
85551,0.0,0.0,0.0
85552,0.0,0.0,0.0
85553,0.0,0.0,0.0
85554,0.0,0.0,0.0
85555,0.0,0.0,0.0
85556,0.0,0.0,0.0
85557,0.0,0.0,0.0
85558,0.0,0.0,0.0
85559,0.0,0.0,0.0
85560,0.0,0.0,0.0
85561,0.0,0.0,0.0
85562,0.0,0.0,0.0
85563,0.0,0.0,0.0
85564,0.0,0.0,0.0
85565,0.0,0.0,0.0
85566,0.0,0.0,0.0
85567,0.0,0.0,0.0
85568,0.0,0.0,0.0
85569,0.0,0.0,0.0
85570,0.0,0.0,0.0
85571,0.0,0.0,0.0
85572,0.0,0.0,0.0
85573,0.0,0.0,0.0
85574,0.0,0.0,0.0
85575,0.0,0.0,0.0
85576,0.0,0.0,0.0
85577,0.0,0.0,0.0
85578,0.0,0.0,0.0
85579,0.0,0.0,0.0
85580,0.0,0.0,0.0
85581,0.0,0.0,0.0
85582,0.0,0.0,0.0
85583,0.0,0.0,0.0
85584,0.0,0.0,0.0
85585,0.0,0.0,0.0
85586,0.0,0.0,0.0
85587,0.0,0.0,0.0
85588,0.0,0.0,0.0
85589,0.0,0.0,0.0
85590,0.0,0.0,0.0
85591,0.0,0.0,0.0
85592,0.0,0.0,0.0
85593,0.0,0.0,0.0
85594,0.0,0.0,0.0
85595,0.0,0.0,0.0
85596,0.0,0.0,0.0
85597,0.0,0.0,0.0
85598,0.0,0.0,0.0
85599,0.0,0.0,0.0
85600,0.0,0.0,0.0
85601,0.0,0.0,0.0
85602,0.0,0.0,0.0
85603,0.0,0.0,0.0
85604,0.0,0.0,0.0
85605,0.0,0.0,0.0
85606,0.0,0.0,0.0
85607,0.0,0.0,0.0
85608,0.0,0.0,0.0
85609,0.0,0.0,0.0
85610,0.0,0.0,0.0
85611,0.0,0.0,0.0
85612,0.0,0.0,0.0
85613,0.0,0.0,0.0
85614,0.0,0.0,0.0
85615,0.0,0.0,0.0
85616,0.0,0.0,0.0
85617,0.0,0.0,0.0
85618,0.0,0.0,0.0
85619,0.0,0.0,0.0
85620,0.0,0.0,0.0
85621,0.0,0.0,0.0
85622,0.0,0.0,0.0
85623,0.0,0.0,0.0
85624,0.0,0.0,0.0
85625,0.0,0.0,0.0
85626,0.0,0.0,0.0
85627,0.0,0.0,0.0
85628,0.0,0.0,0.0
85629,0.0,0.0,0.0
85630,0.0,0.0,0.0
85631,0.0,0.0,0.0
85632,0.0,0.0,0.0
85633,0.0,0.0,0.0
85634,0.0,0.0,0.0
85635,0.0,0.0,0.0
85636,0.0,0.0,0.0
85637,0.0,0.0,0.0
85638,0.0,0.0,0.0
85639,0.0,0.0,0.0
85640,0.0,0.0,0.0
85641,0.0,0.0,0.0
85642,0.0,0.0,0.0
85643,0.0,0.0,0.0
85644,0.0,0.0,0.0
85645,0.0,0.0,0.0
85646,0.0,0.0,0.0
85647,0.0,0.0,0.0
85648,0.0,0.0,0.0
85649,0.0,0.0,0.0
85650,0.0,0.0,0.0
85651,0.0,0.0,0.0
85652,0.0,0.0,0.0
85653,0.0,0.0,0.0
85654,0.0,0.0,0.0
85655,0.0,0.0,0.0
85656,0.0,0.0,0.0
85657,0.0,0.0,0.0
85658,0.0,0.0,0.0
85659,0.0,0.0,0.0
85660,0.0,0.0,0.0
85661,0.0,0.0,0.0
85662,0.0,0.0,0.0
85663,0.0,0.0,0.0
85664,0.0,0.0,0.0
85665,0.0,0.0,0.0
85666,0.0,0.0,0.0
85667,0.0,0.0,0.0
85668,0.0,0.0,0.0
85669,0.0,0.0,0.0
85670,0.0,0.0,0.0
85671,0.0,0.0,0.0
85672,0.0,0.0,0.0
85673,0.0,0.0,0.0
85674,0.0,0.0,0.0
85675,0.0,0.0,0.0
85676,0.0,0.0,0.0
85677,0.0,0.0,0.0
85678,0.0,0.0,0.0
85679,0.0,0.0,0.0
85680,0.0,0.0,0.0
85681,0.0,0.0,0.0
85682,0.0,0.0,0.0
85683,0.0,0.0,0.0
85684,0.0,0.0,0.0
85685,0.0,0.0,0.0
85686,0.0,0.0,0.0
85687,0.0,0.0,0.0
85688,0.0,0.0,0.0
85689,0.0,0.0,0.0
85690,0.0,0.0,0.0
85691,0.0,0.0,0.0
85692,0.0,0.0,0.0
85693,0.0,0.0,0.0
85694,0.0,0.0,0.0
85695,0.0,0.0,0.0
85696,0.0,0.0,0.0
85697,0.0,0.0,0.0
85698,0.0,0.0,0.0
85699,0.0,0.0,0.0
85700,0.0,0.0,0.0
85701,0.0,0.0,0.0
85702,0.0,0.0,0.0
85703,0.0,0.0,0.0
85704,0.0,0.0,0.0
85705,0.0,0.0,0.0
85706,0.0,0.0,0.0
85707,0.0,0.0,0.0
85708,0.0,0.0,0.0
85709,0.0,0.0,0.0
85710,0.0,0.0,0.0
85711,0.0,0.0,0.0
85712,0.0,0.0,0.0
85713,0.0,0.0,0.0
85714,0.0,0.0,0.0
85715,0.0,0.0,0.0
85716,0.0,0.0,0.0
85717,0.0,0.0,0.0
85718,0.0,0.0,0.0
85719,0.0,0.0,0.0
85720,0.0,0.0,0.0
85721,0.0,0.0,0.0
85722,0.0,0.0,0.0
85723,0.0,0.0,0.0
85724,0.0,0.0,0.0
85725,0.0,0.0,0.0
85726,0.0,0.0,0.0
85727,0.0,0.0,0.0
85728,0.0,0.0,0.0
85729,0.0,0.0,0.0
85730,0.0,0.0,0.0
85731,0.0,0.0,0.0
85732,0.0,0.0,0.0
85733,0.0,0.0,0.0
85734,0.0,0.0,0.0
85735,0.0,0.0,0.0
85736,0.0,0.0,0.0
85737,0.0,0.0,0.0
85738,0.0,0.0,0.0
85739,0.0,0.0,0.0
85740,0.0,0.0,0.0
85741,0.0,0.0,0.0
85742,0.0,0.0,0.0
85743,0.0,0.0,0.0
85744,0.0,0.0,0.0
85745,0.0,0.0,0.0
85746,0.0,0.0,0.0
85747,0.0,0.0,0.0
85748,0.0,0.0,0.0
85749,0.0,0.0,0.0
85750,0.0,0.0,0.0
85751,0.0,0.0,0.0
85752,0.0,0.0,0.0
85753,0.0,0.0,0.0
85754,0.0,0.0,0.0
85755,0.0,0.0,0.0
85756,0.0,0.0,0.0
85757,0.0,0.0,0.0
85758,0.0,0.0,0.0
85759,0.0,0.0,0.0
85760,0.0,0.0,0.0
85761,0.0,0.0,0.0
85762,0.0,0.0,0.0
85763,0.0,0.0,0.0
85764,0.0,0.0,0.0
85765,0.0,0.0,0.0
85766,0.0,0.0,0.0
85767,0.0,0.0,0.0
85768,0.0,0.0,0.0
85769,0.0,0.0,0.0
85770,0.0,0.0,0.0
85771,0.0,0.0,0.0
85772,0.0,0.0,0.0
85773,0.0,0.0,0.0
85774,0.0,0.0,0.0
85775,0.0,0.0,0.0
85776,0.0,0.0,0.0
85777,0.0,0.0,0.0
85778,0.0,0.0,0.0
85779,0.0,0.0,0.0
85780,0.0,0.0,0.0
85781,0.0,0.0,0.0
85782,0.0,0.0,0.0
85783,0.0,0.0,0.0
85784,0.0,0.0,0.0
85785,0.0,0.0,0.0
85786,0.0,0.0,0.0
85787,0.0,0.0,0.0
85788,0.0,0.0,0.0
85789,0.0,0.0,0.0
85790,0.0,0.0,0.0
85791,0.0,0.0,0.0
85792,0.0,0.0,0.0
85793,0.0,0.0,0.0
85794,0.0,0.0,0.0
85795,0.0,0.0,0.0
85796,0.0,0.0,0.0
85797,0.0,0.0,0.0
85798,0.0,0.0,0.0
85799,0.0,0.0,0.0
85800,0.0,0.0,0.0
85801,0.0,0.0,0.0
85802,0.0,0.0,0.0
85803,0.0,0.0,0.0
85804,0.0,0.0,0.0
85805,0.0,0.0,0.0
85806,0.0,0.0,0.0
85807,0.0,0.0,0.0
85808,0.0,0.0,0.0
85809,0.0,0.0,0.0
85810,0.0,0.0,0.0
85811,0.0,0.0,0.0
85812,0.0,0.0,0.0
85813,0.0,0.0,0.0
85814,0.0,0.0,0.0
85815,0.0,0.0,0.0
85816,0.0,0.0,0.0
85817,0.0,0.0,0.0
85818,0.0,0.0,0.0
85819,0.0,0.0,0.0
85820,0.0,0.0,0.0
85821,0.0,0.0,0.0
85822,0.0,0.0,0.0
85823,0.0,0.0,0.0
85824,0.0,0.0,0.0
85825,0.0,0.0,0.0
85826,0.0,0.0,0.0
85827,0.0,0.0,0.0
85828,0.0,0.0,0.0
85829,0.0,0.0,0.0
85830,0.0,0.0,0.0
85831,0.0,0.0,0.0
85832,0.0,0.0,0.0
85833,0.0,0.0,0.0
85834,0.0,0.0,0.0
85835,0.0,0.0,0.0
85836,0.0,0.0,0.0
85837,0.0,0.0,0.0
85838,0.0,0.0,0.0
85839,0.0,0.0,0.0
85840,0.0,0.0,0.0
85841,0.0,0.0,0.0
85842,0.0,0.0,0.0
85843,0.0,0.0,0.0
85844,0.0,0.0,0.0
85845,0.0,0.0,0.0
85846,0.0,0.0,0.0
85847,0.0,0.0,0.0
85848,0.0,0.0,0.0
85849,0.0,0.0,0.0
85850,0.0,0.0,0.0
85851,0.0,0.0,0.0
85852,0.0,0.0,0.0
85853,0.0,0.0,0.0
85854,0.0,0.0,0.0
85855,0.0,0.0,0.0
85856,0.0,0.0,0.0
85857,0.0,0.0,0.0
85858,0.0,0.0,0.0
85859,0.0,0.0,0.0
85860,0.0,0.0,0.0
85861,0.0,0.0,0.0
85862,0.0,0.0,0.0
85863,0.0,0.0,0.0
85864,0.0,0.0,0.0
85865,0.0,0.0,0.0
85866,0.0,0.0,0.0
85867,0.0,0.0,0.0
85868,0.0,0.0,0.0
85869,0.0,0.0,0.0
85870,0.0,0.0,0.0
85871,0.0,0.0,0.0
85872,0.0,0.0,0.0
85873,0.0,0.0,0.0
85874,0.0,0.0,0.0
85875,0.0,0.0,0.0
85876,0.0,0.0,0.0
85877,0.0,0.0,0.0
85878,0.0,0.0,0.0
85879,0.0,0.0,0.0
85880,0.0,0.0,0.0
85881,0.0,0.0,0.0
85882,0.0,0.0,0.0
85883,0.0,0.0,0.0
85884,0.0,0.0,0.0
85885,0.0,0.0,0.0
85886,0.0,0.0,0.0
85887,0.0,0.0,0.0
85888,0.0,0.0,0.0
85889,0.0,0.0,0.0
85890,0.0,0.0,0.0
85891,0.0,0.0,0.0
85892,0.0,0.0,0.0
85893,0.0,0.0,0.0
85894,0.0,0.0,0.0
85895,0.0,0.0,0.0
85896,0.0,0.0,0.0
85897,0.0,0.0,0.0
85898,0.0,0.0,0.0
85899,0.0,0.0,0.0
85900,0.0,0.0,0.0
85901,0.0,0.0,0.0
85902,0.0,0.0,0.0
85903,0.0,0.0,0.0
85904,0.0,0.0,0.0
85905,0.0,0.0,0.0
85906,0.0,0.0,0.0
85907,0.0,0.0,0.0
85908,0.0,0.0,0.0
85909,0.0,0.0,0.0
85910,0.0,0.0,0.0
85911,0.0,0.0,0.0
85912,0.0,0.0,0.0
85913,0.0,0.0,0.0
85914,0.0,0.0,0.0
85915,0.0,0.0,0.0
85916,0.0,0.0,0.0
85917,0.0,0.0,0.0
85918,0.0,0.0,0.0
85919,0.0,0.0,0.0
85920,0.0,0.0,0.0
85921,0.0,0.0,0.0
85922,0.0,0.0,0.0
85923,0.0,0.0,0.0
85924,0.0,0.0,0.0
85925,0.0,0.0,0.0
85926,0.0,0.0,0.0
85927,0.0,0.0,0.0
85928,0.0,0.0,0.0
85929,0.0,0.0,0.0
85930,0.0,0.0,0.0
85931,0.0,0.0,0.0
85932,0.0,0.0,0.0
85933,0.0,0.0,0.0
85934,0.0,0.0,0.0
85935,0.0,0.0,0.0
85936,0.0,0.0,0.0
85937,0.0,0.0,0.0
85938,0.0,0.0,0.0
85939,0.0,0.0,0.0
85940,0.0,0.0,0.0
85941,0.0,0.0,0.0
85942,0.0,0.0,0.0
85943,0.0,0.0,0.0
85944,0.0,0.0,0.0
85945,0.0,0.0,0.0
85946,0.0,0.0,0.0
85947,0.0,0.0,0.0
85948,0.0,0.0,0.0
85949,0.0,0.0,0.0
85950,0.0,0.0,0.0
85951,0.0,0.0,0.0
85952,0.0,0.0,0.0
85953,0.0,0.0,0.0
85954,0.0,0.0,0.0
85955,0.0,0.0,0.0
85956,0.0,0.0,0.0
85957,0.0,0.0,0.0
85958,0.0,0.0,0.0
85959,0.0,0.0,0.0
85960,0.0,0.0,0.0
85961,0.0,0.0,0.0
85962,0.0,0.0,0.0
85963,0.0,0.0,0.0
85964,0.0,0.0,0.0
85965,0.0,0.0,0.0
85966,0.0,0.0,0.0
85967,0.0,0.0,0.0
85968,0.0,0.0,0.0
85969,0.0,0.0,0.0
85970,0.0,0.0,0.0
85971,0.0,0.0,0.0
85972,0.0,0.0,0.0
85973,0.0,0.0,0.0
85974,0.0,0.0,0.0
85975,0.0,0.0,0.0
85976,0.0,0.0,0.0
85977,0.0,0.0,0.0
85978,0.0,0.0,0.0
85979,0.0,0.0,0.0
85980,0.0,0.0,0.0
85981,0.0,0.0,0.0
85982,0.0,0.0,0.0
85983,0.0,0.0,0.0
85984,0.0,0.0,0.0
85985,0.0,0.0,0.0
85986,0.0,0.0,0.0
85987,0.0,0.0,0.0
85988,0.0,0.0,0.0
85989,0.0,0.0,0.0
85990,0.0,0.0,0.0
85991,0.0,0.0,0.0
85992,0.0,0.0,0.0
85993,0.0,0.0,0.0
85994,0.0,0.0,0.0
85995,0.0,0.0,0.0
85996,0.0,0.0,0.0
85997,0.0,0.0,0.0
85998,0.0,0.0,0.0
85999,0.0,0.0,0.0
86000,0.0,0.0,0.0
86001,0.0,0.0,0.0
86002,0.0,0.0,0.0
86003,0.0,0.0,0.0
86004,0.0,0.0,0.0
86005,0.0,0.0,0.0
86006,0.0,0.0,0.0
86007,0.0,0.0,0.0
86008,0.0,0.0,0.0
86009,0.0,0.0,0.0
86010,0.0,0.0,0.0
86011,0.0,0.0,0.0
86012,0.0,0.0,0.0
86013,0.0,0.0,0.0
86014,0.0,0.0,0.0
86015,0.0,0.0,0.0
86016,0.0,0.0,0.0
86017,0.0,0.0,0.0
86018,0.0,0.0,0.0
86019,0.0,0.0,0.0
86020,0.0,0.0,0.0
86021,0.0,0.0,0.0
86022,0.0,0.0,0.0
86023,0.0,0.0,0.0
86024,0.0,0.0,0.0
86025,0.0,0.0,0.0
86026,0.0,0.0,0.0
86027,0.0,0.0,0.0
86028,0.0,0.0,0.0
86029,0.0,0.0,0.0
86030,0.0,0.0,0.0
86031,0.0,0.0,0.0
86032,0.0,0.0,0.0
86033,0.0,0.0,0.0
86034,0.0,0.0,0.0
86035,0.0,0.0,0.0
86036,0.0,0.0,0.0
86037,0.0,0.0,0.0
86038,0.0,0.0,0.0
86039,0.0,0.0,0.0
86040,0.0,0.0,0.0
86041,0.0,0.0,0.0
86042,0.0,0.0,0.0
86043,0.0,0.0,0.0
86044,0.0,0.0,0.0
86045,0.0,0.0,0.0
86046,0.0,0.0,0.0
86047,0.0,0.0,0.0
86048,0.0,0.0,0.0
86049,0.0,0.0,0.0
86050,0.0,0.0,0.0
86051,0.0,0.0,0.0
86052,0.0,0.0,0.0
86053,0.0,0.0,0.0
86054,0.0,0.0,0.0
86055,0.0,0.0,0.0
86056,0.0,0.0,0.0
86057,0.0,0.0,0.0
86058,0.0,0.0,0.0
86059,0.0,0.0,0.0
86060,0.0,0.0,0.0
86061,0.0,0.0,0.0
86062,0.0,0.0,0.0
86063,0.0,0.0,0.0
86064,0.0,0.0,0.0
86065,0.0,0.0,0.0
86066,0.0,0.0,0.0
86067,0.0,0.0,0.0
86068,0.0,0.0,0.0
86069,0.0,0.0,0.0
86070,0.0,0.0,0.0
86071,0.0,0.0,0.0
86072,0.0,0.0,0.0
86073,0.0,0.0,0.0
86074,0.0,0.0,0.0
86075,0.0,0.0,0.0
86076,0.0,0.0,0.0
86077,0.0,0.0,0.0
86078,0.0,0.0,0.0
86079,0.0,0.0,0.0
86080,0.0,0.0,0.0
86081,0.0,0.0,0.0
86082,0.0,0.0,0.0
86083,0.0,0.0,0.0
86084,0.0,0.0,0.0
86085,0.0,0.0,0.0
86086,0.0,0.0,0.0
86087,0.0,0.0,0.0
86088,0.0,0.0,0.0
86089,0.0,0.0,0.0
86090,0.0,0.0,0.0
86091,0.0,0.0,0.0
86092,0.0,0.0,0.0
86093,0.0,0.0,0.0
86094,0.0,0.0,0.0
86095,0.0,0.0,0.0
86096,0.0,0.0,0.0
86097,0.0,0.0,0.0
86098,0.0,0.0,0.0
86099,0.0,0.0,0.0
86100,0.0,0.0,0.0
86101,0.0,0.0,0.0
86102,0.0,0.0,0.0
86103,0.0,0.0,0.0
86104,0.0,0.0,0.0
86105,0.0,0.0,0.0
86106,0.0,0.0,0.0
86107,0.0,0.0,0.0
86108,0.0,0.0,0.0
86109,0.0,0.0,0.0
86110,0.0,0.0,0.0
86111,0.0,0.0,0.0
86112,0.0,0.0,0.0
86113,0.0,0.0,0.0
86114,0.0,0.0,0.0
86115,0.0,0.0,0.0
86116,0.0,0.0,0.0
86117,0.0,0.0,0.0
86118,0.0,0.0,0.0
86119,0.0,0.0,0.0
86120,0.0,0.0,0.0
86121,0.0,0.0,0.0
86122,0.0,0.0,0.0
86123,0.0,0.0,0.0
86124,0.0,0.0,0.0
86125,0.0,0.0,0.0
86126,0.0,0.0,0.0
86127,0.0,0.0,0.0
86128,0.0,0.0,0.0
86129,0.0,0.0,0.0
86130,0.0,0.0,0.0
86131,0.0,0.0,0.0
86132,0.0,0.0,0.0
86133,0.0,0.0,0.0
86134,0.0,0.0,0.0
86135,0.0,0.0,0.0
86136,0.0,0.0,0.0
86137,0.0,0.0,0.0
86138,0.0,0.0,0.0
86139,0.0,0.0,0.0
86140,0.0,0.0,0.0
86141,0.0,0.0,0.0
86142,0.0,0.0,0.0
86143,0.0,0.0,0.0
86144,0.0,0.0,0.0
86145,0.0,0.0,0.0
86146,0.0,0.0,0.0
86147,0.0,0.0,0.0
86148,0.0,0.0,0.0
86149,0.0,0.0,0.0
86150,0.0,0.0,0.0
86151,0.0,0.0,0.0
86152,0.0,0.0,0.0
86153,0.0,0.0,0.0
86154,0.0,0.0,0.0
86155,0.0,0.0,0.0
86156,0.0,0.0,0.0
86157,0.0,0.0,0.0
86158,0.0,0.0,0.0
86159,0.0,0.0,0.0
86160,0.0,0.0,0.0
86161,0.0,0.0,0.0
86162,0.0,0.0,0.0
86163,0.0,0.0,0.0
86164,0.0,0.0,0.0
86165,0.0,0.0,0.0
86166,0.0,0.0,0.0
86167,0.0,0.0,0.0
86168,0.0,0.0,0.0
86169,0.0,0.0,0.0
86170,0.0,0.0,0.0
86171,0.0,0.0,0.0
86172,0.0,0.0,0.0
86173,0.0,0.0,0.0
86174,0.0,0.0,0.0
86175,0.0,0.0,0.0
86176,0.0,0.0,0.0
86177,0.0,0.0,0.0
86178,0.0,0.0,0.0
86179,0.0,0.0,0.0
86180,0.0,0.0,0.0
86181,0.0,0.0,0.0
86182,0.0,0.0,0.0
86183,0.0,0.0,0.0
86184,0.0,0.0,0.0
86185,0.0,0.0,0.0
86186,0.0,0.0,0.0
86187,0.0,0.0,0.0
86188,0.0,0.0,0.0
86189,0.0,0.0,0.0
86190,0.0,0.0,0.0
86191,0.0,0.0,0.0
86192,0.0,0.0,0.0
86193,0.0,0.0,0.0
86194,0.0,0.0,0.0
86195,0.0,0.0,0.0
86196,0.0,0.0,0.0
86197,0.0,0.0,0.0
86198,0.0,0.0,0.0
86199,0.0,0.0,0.0
86200,0.0,0.0,0.0
86201,0.0,0.0,0.0
86202,0.0,0.0,0.0
86203,0.0,0.0,0.0
86204,0.0,0.0,0.0
86205,0.0,0.0,0.0
86206,0.0,0.0,0.0
86207,0.0,0.0,0.0
86208,0.0,0.0,0.0
86209,0.0,0.0,0.0
86210,0.0,0.0,0.0
86211,0.0,0.0,0.0
86212,0.0,0.0,0.0
86213,0.0,0.0,0.0
86214,0.0,0.0,0.0
86215,0.0,0.0,0.0
86216,0.0,0.0,0.0
86217,0.0,0.0,0.0
86218,0.0,0.0,0.0
86219,0.0,0.0,0.0
86220,0.0,0.0,0.0
86221,0.0,0.0,0.0
86222,0.0,0.0,0.0
86223,0.0,0.0,0.0
86224,0.0,0.0,0.0
86225,0.0,0.0,0.0
86226,0.0,0.0,0.0
86227,0.0,0.0,0.0
86228,0.0,0.0,0.0
86229,0.0,0.0,0.0
86230,0.0,0.0,0.0
86231,0.0,0.0,0.0
86232,0.0,0.0,0.0
86233,0.0,0.0,0.0
86234,0.0,0.0,0.0
86235,0.0,0.0,0.0
86236,0.0,0.0,0.0
86237,0.0,0.0,0.0
86238,0.0,0.0,0.0
86239,0.0,0.0,0.0
86240,0.0,0.0,0.0
86241,0.0,0.0,0.0
86242,0.0,0.0,0.0
86243,0.0,0.0,0.0
86244,0.0,0.0,0.0
86245,0.0,0.0,0.0
86246,0.0,0.0,0.0
86247,0.0,0.0,0.0
86248,0.0,0.0,0.0
86249,0.0,0.0,0.0
86250,0.0,0.0,0.0
86251,0.0,0.0,0.0
86252,0.0,0.0,0.0
86253,0.0,0.0,0.0
86254,0.0,0.0,0.0
86255,0.0,0.0,0.0
86256,0.0,0.0,0.0
86257,0.0,0.0,0.0
86258,0.0,0.0,0.0
86259,0.0,0.0,0.0
86260,0.0,0.0,0.0
86261,0.0,0.0,0.0
86262,0.0,0.0,0.0
86263,0.0,0.0,0.0
86264,0.0,0.0,0.0
86265,0.0,0.0,0.0
86266,0.0,0.0,0.0
86267,0.0,0.0,0.0
86268,0.0,0.0,0.0
86269,0.0,0.0,0.0
86270,0.0,0.0,0.0
86271,0.0,0.0,0.0
86272,0.0,0.0,0.0
86273,0.0,0.0,0.0
86274,0.0,0.0,0.0
86275,0.0,0.0,0.0
86276,0.0,0.0,0.0
86277,0.0,0.0,0.0
86278,0.0,0.0,0.0
86279,0.0,0.0,0.0
86280,0.0,0.0,0.0
86281,0.0,0.0,0.0
86282,0.0,0.0,0.0
86283,0.0,0.0,0.0
86284,0.0,0.0,0.0
86285,0.0,0.0,0.0
86286,0.0,0.0,0.0
86287,0.0,0.0,0.0
86288,0.0,0.0,0.0
86289,0.0,0.0,0.0
86290,0.0,0.0,0.0
86291,0.0,0.0,0.0
86292,0.0,0.0,0.0
86293,0.0,0.0,0.0
86294,0.0,0.0,0.0
86295,0.0,0.0,0.0
86296,0.0,0.0,0.0
86297,0.0,0.0,0.0
86298,0.0,0.0,0.0
86299,0.0,0.0,0.0
86300,0.0,0.0,0.0
86301,0.0,0.0,0.0
86302,0.0,0.0,0.0
86303,0.0,0.0,0.0
86304,0.0,0.0,0.0
86305,0.0,0.0,0.0
86306,0.0,0.0,0.0
86307,0.0,0.0,0.0
86308,0.0,0.0,0.0
86309,0.0,0.0,0.0
86310,0.0,0.0,0.0
86311,0.0,0.0,0.0
86312,0.0,0.0,0.0
86313,0.0,0.0,0.0
86314,0.0,0.0,0.0
86315,0.0,0.0,0.0
86316,0.0,0.0,0.0
86317,0.0,0.0,0.0
86318,0.0,0.0,0.0
86319,0.0,0.0,0.0
86320,0.0,0.0,0.0
86321,0.0,0.0,0.0
86322,0.0,0.0,0.0
86323,0.0,0.0,0.0
86324,0.0,0.0,0.0
86325,0.0,0.0,0.0
86326,0.0,0.0,0.0
86327,0.0,0.0,0.0
86328,0.0,0.0,0.0
86329,0.0,0.0,0.0
86330,0.0,0.0,0.0
86331,0.0,0.0,0.0
86332,0.0,0.0,0.0
86333,0.0,0.0,0.0
86334,0.0,0.0,0.0
86335,0.0,0.0,0.0
86336,0.0,0.0,0.0
86337,0.0,0.0,0.0
86338,0.0,0.0,0.0
86339,0.0,0.0,0.0
86340,0.0,0.0,0.0
86341,0.0,0.0,0.0
86342,0.0,0.0,0.0
86343,0.0,0.0,0.0
86344,0.0,0.0,0.0
86345,0.0,0.0,0.0
86346,0.0,0.0,0.0
86347,0.0,0.0,0.0
86348,0.0,0.0,0.0
86349,0.0,0.0,0.0
86350,0.0,0.0,0.0
86351,0.0,0.0,0.0
86352,0.0,0.0,0.0
86353,0.0,0.0,0.0
86354,0.0,0.0,0.0
86355,0.0,0.0,0.0
86356,0.0,0.0,0.0
86357,0.0,0.0,0.0
86358,0.0,0.0,0.0
86359,0.0,0.0,0.0
86360,0.0,0.0,0.0
86361,0.0,0.0,0.0
86362,0.0,0.0,0.0
86363,0.0,0.0,0.0
86364,0.0,0.0,0.0
86365,0.0,0.0,0.0
86366,0.0,0.0,0.0
86367,0.0,0.0,0.0
86368,0.0,0.0,0.0
86369,0.0,0.0,0.0
86370,0.0,0.0,0.0
86371,0.0,0.0,0.0
86372,0.0,0.0,0.0
86373,0.0,0.0,0.0
86374,0.0,0.0,0.0
86375,0.0,0.0,0.0
86376,0.0,0.0,0.0
86377,0.0,0.0,0.0
86378,0.0,0.0,0.0
86379,0.0,0.0,0.0
86380,0.0,0.0,0.0
86381,0.0,0.0,0.0
86382,0.0,0.0,0.0
86383,0.0,0.0,0.0
86384,0.0,0.0,0.0
86385,0.0,0.0,0.0
86386,0.0,0.0,0.0
86387,0.0,0.0,0.0
86388,0.0,0.0,0.0
86389,0.0,0.0,0.0
86390,0.0,0.0,0.0
86391,0.0,0.0,0.0
86392,0.0,0.0,0.0
86393,0.0,0.0,0.0
86394,0.0,0.0,0.0
86395,0.0,0.0,0.0
86396,0.0,0.0,0.0
86397,0.0,0.0,0.0
86398,0.0,0.0,0.0
86399,0.0,0.0,0.0
86400,0.0,0.0,0.0
86401,0.0,0.0,0.0
86402,0.0,0.0,0.0
86403,0.0,0.0,0.0
86404,0.0,0.0,0.0
86405,0.0,0.0,0.0
86406,0.0,0.0,0.0
86407,0.0,0.0,0.0
86408,0.0,0.0,0.0
86409,0.0,0.0,0.0
86410,0.0,0.0,0.0
86411,0.0,0.0,0.0
86412,0.0,0.0,0.0
86413,0.0,0.0,0.0
86414,0.0,0.0,0.0
86415,0.0,0.0,0.0
86416,0.0,0.0,0.0
86417,0.0,0.0,0.0
86418,0.0,0.0,0.0
86419,0.0,0.0,0.0
86420,0.0,0.0,0.0
86421,0.0,0.0,0.0
86422,0.0,0.0,0.0
86423,0.0,0.0,0.0
86424,0.0,0.0,0.0
86425,0.0,0.0,0.0
86426,0.0,0.0,0.0
86427,0.0,0.0,0.0
86428,0.0,0.0,0.0
86429,0.0,0.0,0.0
86430,0.0,0.0,0.0
86431,0.0,0.0,0.0
86432,0.0,0.0,0.0
86433,0.0,0.0,0.0
86434,0.0,0.0,0.0
86435,0.0,0.0,0.0
86436,0.0,0.0,0.0
86437,0.0,0.0,0.0
86438,0.0,0.0,0.0
86439,0.0,0.0,0.0
86440,0.0,0.0,0.0
86441,0.0,0.0,0.0
86442,0.0,0.0,0.0
86443,0.0,0.0,0.0
86444,0.0,0.0,0.0
86445,0.0,0.0,0.0
86446,0.0,0.0,0.0
86447,0.0,0.0,0.0
86448,0.0,0.0,0.0
86449,0.0,0.0,0.0
86450,0.0,0.0,0.0
86451,0.0,0.0,0.0
86452,0.0,0.0,0.0
86453,0.0,0.0,0.0
86454,0.0,0.0,0.0
86455,0.0,0.0,0.0
86456,0.0,0.0,0.0
86457,0.0,0.0,0.0
86458,0.0,0.0,0.0
86459,0.0,0.0,0.0
86460,0.0,0.0,0.0
86461,0.0,0.0,0.0
86462,0.0,0.0,0.0
86463,0.0,0.0,0.0
86464,0.0,0.0,0.0
86465,0.0,0.0,0.0
86466,0.0,0.0,0.0
86467,0.0,0.0,0.0
86468,0.0,0.0,0.0
86469,0.0,0.0,0.0
86470,0.0,0.0,0.0
86471,0.0,0.0,0.0
86472,0.0,0.0,0.0
86473,0.0,0.0,0.0
86474,0.0,0.0,0.0
86475,0.0,0.0,0.0
86476,0.0,0.0,0.0
86477,0.0,0.0,0.0
86478,0.0,0.0,0.0
86479,0.0,0.0,0.0
86480,0.0,0.0,0.0
86481,0.0,0.0,0.0
86482,0.0,0.0,0.0
86483,0.0,0.0,0.0
86484,0.0,0.0,0.0
86485,0.0,0.0,0.0
86486,0.0,0.0,0.0
86487,0.0,0.0,0.0
86488,0.0,0.0,0.0
86489,0.0,0.0,0.0
86490,0.0,0.0,0.0
86491,0.0,0.0,0.0
86492,0.0,0.0,0.0
86493,0.0,0.0,0.0
86494,0.0,0.0,0.0
86495,0.0,0.0,0.0
86496,0.0,0.0,0.0
86497,0.0,0.0,0.0
86498,0.0,0.0,0.0
86499,0.0,0.0,0.0
86500,0.0,0.0,0.0
86501,0.0,0.0,0.0
86502,0.0,0.0,0.0
86503,0.0,0.0,0.0
86504,0.0,0.0,0.0
86505,0.0,0.0,0.0
86506,0.0,0.0,0.0
86507,0.0,0.0,0.0
86508,0.0,0.0,0.0
86509,0.0,0.0,0.0
86510,0.0,0.0,0.0
86511,0.0,0.0,0.0
86512,0.0,0.0,0.0
86513,0.0,0.0,0.0
86514,0.0,0.0,0.0
86515,0.0,0.0,0.0
86516,0.0,0.0,0.0
86517,0.0,0.0,0.0
86518,0.0,0.0,0.0
86519,0.0,0.0,0.0
86520,0.0,0.0,0.0
86521,0.0,0.0,0.0
86522,0.0,0.0,0.0
86523,0.0,0.0,0.0
86524,0.0,0.0,0.0
86525,0.0,0.0,0.0
86526,0.0,0.0,0.0
86527,0.0,0.0,0.0
86528,0.0,0.0,0.0
86529,0.0,0.0,0.0
86530,0.0,0.0,0.0
86531,0.0,0.0,0.0
86532,0.0,0.0,0.0
86533,0.0,0.0,0.0
86534,0.0,0.0,0.0
86535,0.0,0.0,0.0
86536,0.0,0.0,0.0
86537,0.0,0.0,0.0
86538,0.0,0.0,0.0
86539,0.0,0.0,0.0
86540,0.0,0.0,0.0
86541,0.0,0.0,0.0
86542,0.0,0.0,0.0
86543,0.0,0.0,0.0
86544,0.0,0.0,0.0
86545,0.0,0.0,0.0
86546,0.0,0.0,0.0
86547,0.0,0.0,0.0
86548,0.0,0.0,0.0
86549,0.0,0.0,0.0
86550,0.0,0.0,0.0
86551,0.0,0.0,0.0
86552,0.0,0.0,0.0
86553,0.0,0.0,0.0
86554,0.0,0.0,0.0
86555,0.0,0.0,0.0
86556,0.0,0.0,0.0
86557,0.0,0.0,0.0
86558,0.0,0.0,0.0
86559,0.0,0.0,0.0
86560,0.0,0.0,0.0
86561,0.0,0.0,0.0
86562,0.0,0.0,0.0
86563,0.0,0.0,0.0
86564,0.0,0.0,0.0
86565,0.0,0.0,0.0
86566,0.0,0.0,0.0
86567,0.0,0.0,0.0
86568,0.0,0.0,0.0
86569,0.0,0.0,0.0
86570,0.0,0.0,0.0
86571,0.0,0.0,0.0
86572,0.0,0.0,0.0
86573,0.0,0.0,0.0
86574,0.0,0.0,0.0
86575,0.0,0.0,0.0
86576,0.0,0.0,0.0
86577,0.0,0.0,0.0
86578,0.0,0.0,0.0
86579,0.0,0.0,0.0
86580,0.0,0.0,0.0
86581,0.0,0.0,0.0
86582,0.0,0.0,0.0
86583,0.0,0.0,0.0
86584,0.0,0.0,0.0
86585,0.0,0.0,0.0
86586,0.0,0.0,0.0
86587,0.0,0.0,0.0
86588,0.0,0.0,0.0
86589,0.0,0.0,0.0
86590,0.0,0.0,0.0
86591,0.0,0.0,0.0
86592,0.0,0.0,0.0
86593,0.0,0.0,0.0
86594,0.0,0.0,0.0
86595,0.0,0.0,0.0
86596,0.0,0.0,0.0
86597,0.0,0.0,0.0
86598,0.0,0.0,0.0
86599,0.0,0.0,0.0
86600,0.0,0.0,0.0
86601,0.0,0.0,0.0
86602,0.0,0.0,0.0
86603,0.0,0.0,0.0
86604,0.0,0.0,0.0
86605,0.0,0.0,0.0
86606,0.0,0.0,0.0
86607,0.0,0.0,0.0
86608,0.0,0.0,0.0
86609,0.0,0.0,0.0
86610,0.0,0.0,0.0
86611,0.0,0.0,0.0
86612,0.0,0.0,0.0
86613,0.0,0.0,0.0
86614,0.0,0.0,0.0
86615,0.0,0.0,0.0
86616,0.0,0.0,0.0
86617,0.0,0.0,0.0
86618,0.0,0.0,0.0
86619,0.0,0.0,0.0
86620,0.0,0.0,0.0
86621,0.0,0.0,0.0
86622,0.0,0.0,0.0
86623,0.0,0.0,0.0
86624,0.0,0.0,0.0
86625,0.0,0.0,0.0
86626,0.0,0.0,0.0
86627,0.0,0.0,0.0
86628,0.0,0.0,0.0
86629,0.0,0.0,0.0
86630,0.0,0.0,0.0
86631,0.0,0.0,0.0
86632,0.0,0.0,0.0
86633,0.0,0.0,0.0
86634,0.0,0.0,0.0
86635,0.0,0.0,0.0
86636,0.0,0.0,0.0
86637,0.0,0.0,0.0
86638,0.0,0.0,0.0
86639,0.0,0.0,0.0
86640,0.0,0.0,0.0
86641,0.0,0.0,0.0
86642,0.0,0.0,0.0
86643,0.0,0.0,0.0
86644,0.0,0.0,0.0
86645,0.0,0.0,0.0
86646,0.0,0.0,0.0
86647,0.0,0.0,0.0
86648,0.0,0.0,0.0
86649,0.0,0.0,0.0
86650,0.0,0.0,0.0
86651,0.0,0.0,0.0
86652,0.0,0.0,0.0
86653,0.0,0.0,0.0
86654,0.0,0.0,0.0
86655,0.0,0.0,0.0
86656,0.0,0.0,0.0
86657,0.0,0.0,0.0
86658,0.0,0.0,0.0
86659,0.0,0.0,0.0
86660,0.0,0.0,0.0
86661,0.0,0.0,0.0
86662,0.0,0.0,0.0
86663,0.0,0.0,0.0
86664,0.0,0.0,0.0
86665,0.0,0.0,0.0
86666,0.0,0.0,0.0
86667,0.0,0.0,0.0
86668,0.0,0.0,0.0
86669,0.0,0.0,0.0
86670,0.0,0.0,0.0
86671,0.0,0.0,0.0
86672,0.0,0.0,0.0
86673,0.0,0.0,0.0
86674,0.0,0.0,0.0
86675,0.0,0.0,0.0
86676,0.0,0.0,0.0
86677,0.0,0.0,0.0
86678,0.0,0.0,0.0
86679,0.0,0.0,0.0
86680,0.0,0.0,0.0
86681,0.0,0.0,0.0
86682,0.0,0.0,0.0
86683,0.0,0.0,0.0
86684,0.0,0.0,0.0
86685,0.0,0.0,0.0
86686,0.0,0.0,0.0
86687,0.0,0.0,0.0
86688,0.0,0.0,0.0
86689,0.0,0.0,0.0
86690,0.0,0.0,0.0
86691,0.0,0.0,0.0
86692,0.0,0.0,0.0
86693,0.0,0.0,0.0
86694,0.0,0.0,0.0
86695,0.0,0.0,0.0
86696,0.0,0.0,0.0
86697,0.0,0.0,0.0
86698,0.0,0.0,0.0
86699,0.0,0.0,0.0
86700,0.0,0.0,0.0
86701,0.0,0.0,0.0
86702,0.0,0.0,0.0
86703,0.0,0.0,0.0
86704,0.0,0.0,0.0
86705,0.0,0.0,0.0
86706,0.0,0.0,0.0
86707,0.0,0.0,0.0
86708,0.0,0.0,0.0
86709,0.0,0.0,0.0
86710,0.0,0.0,0.0
86711,0.0,0.0,0.0
86712,0.0,0.0,0.0
86713,0.0,0.0,0.0
86714,0.0,0.0,0.0
86715,0.0,0.0,0.0
86716,0.0,0.0,0.0
86717,0.0,0.0,0.0
86718,0.0,0.0,0.0
86719,0.0,0.0,0.0
86720,0.0,0.0,0.0
86721,0.0,0.0,0.0
86722,0.0,0.0,0.0
86723,0.0,0.0,0.0
86724,0.0,0.0,0.0
86725,0.0,0.0,0.0
86726,0.0,0.0,0.0
86727,0.0,0.0,0.0
86728,0.0,0.0,0.0
86729,0.0,0.0,0.0
86730,0.0,0.0,0.0
86731,0.0,0.0,0.0
86732,0.0,0.0,0.0
86733,0.0,0.0,0.0
86734,0.0,0.0,0.0
86735,0.0,0.0,0.0
86736,0.0,0.0,0.0
86737,0.0,0.0,0.0
86738,0.0,0.0,0.0
86739,0.0,0.0,0.0
86740,0.0,0.0,0.0
86741,0.0,0.0,0.0
86742,0.0,0.0,0.0
86743,0.0,0.0,0.0
86744,0.0,0.0,0.0
86745,0.0,0.0,0.0
86746,0.0,0.0,0.0
86747,0.0,0.0,0.0
86748,0.0,0.0,0.0
86749,0.0,0.0,0.0
86750,0.0,0.0,0.0
86751,0.0,0.0,0.0
86752,0.0,0.0,0.0
86753,0.0,0.0,0.0
86754,0.0,0.0,0.0
86755,0.0,0.0,0.0
86756,0.0,0.0,0.0
86757,0.0,0.0,0.0
86758,0.0,0.0,0.0
86759,0.0,0.0,0.0
86760,0.0,0.0,0.0
86761,0.0,0.0,0.0
86762,0.0,0.0,0.0
86763,0.0,0.0,0.0
86764,0.0,0.0,0.0
86765,0.0,0.0,0.0
86766,0.0,0.0,0.0
86767,0.0,0.0,0.0
86768,0.0,0.0,0.0
86769,0.0,0.0,0.0
86770,0.0,0.0,0.0
86771,0.0,0.0,0.0
86772,0.0,0.0,0.0
86773,0.0,0.0,0.0
86774,0.0,0.0,0.0
86775,0.0,0.0,0.0
86776,0.0,0.0,0.0
86777,0.0,0.0,0.0
86778,0.0,0.0,0.0
86779,0.0,0.0,0.0
86780,0.0,0.0,0.0
86781,0.0,0.0,0.0
86782,0.0,0.0,0.0
86783,0.0,0.0,0.0
86784,0.0,0.0,0.0
86785,0.0,0.0,0.0
86786,0.0,0.0,0.0
86787,0.0,0.0,0.0
86788,0.0,0.0,0.0
86789,0.0,0.0,0.0
86790,0.0,0.0,0.0
86791,0.0,0.0,0.0
86792,0.0,0.0,0.0
86793,0.0,0.0,0.0
86794,0.0,0.0,0.0
86795,0.0,0.0,0.0
86796,0.0,0.0,0.0
86797,0.0,0.0,0.0
86798,0.0,0.0,0.0
86799,0.0,0.0,0.0
86800,0.0,0.0,0.0
86801,0.0,0.0,0.0
86802,0.0,0.0,0.0
86803,0.0,0.0,0.0
86804,0.0,0.0,0.0
86805,0.0,0.0,0.0
86806,0.0,0.0,0.0
86807,0.0,0.0,0.0
86808,0.0,0.0,0.0
86809,0.0,0.0,0.0
86810,0.0,0.0,0.0
86811,0.0,0.0,0.0
86812,0.0,0.0,0.0
86813,0.0,0.0,0.0
86814,0.0,0.0,0.0
86815,0.0,0.0,0.0
86816,0.0,0.0,0.0
86817,0.0,0.0,0.0
86818,0.0,0.0,0.0
86819,0.0,0.0,0.0
86820,0.0,0.0,0.0
86821,0.0,0.0,0.0
86822,0.0,0.0,0.0
86823,0.0,0.0,0.0
86824,0.0,0.0,0.0
86825,0.0,0.0,0.0
86826,0.0,0.0,0.0
86827,0.0,0.0,0.0
86828,0.0,0.0,0.0
86829,0.0,0.0,0.0
86830,0.0,0.0,0.0
86831,0.0,0.0,0.0
86832,0.0,0.0,0.0
86833,0.0,0.0,0.0
86834,0.0,0.0,0.0
86835,0.0,0.0,0.0
86836,0.0,0.0,0.0
86837,0.0,0.0,0.0
86838,0.0,0.0,0.0
86839,0.0,0.0,0.0
86840,0.0,0.0,0.0
86841,0.0,0.0,0.0
86842,0.0,0.0,0.0
86843,0.0,0.0,0.0
86844,0.0,0.0,0.0
86845,0.0,0.0,0.0
86846,0.0,0.0,0.0
86847,0.0,0.0,0.0
86848,0.0,0.0,0.0
86849,0.0,0.0,0.0
86850,0.0,0.0,0.0
86851,0.0,0.0,0.0
86852,0.0,0.0,0.0
86853,0.0,0.0,0.0
86854,0.0,0.0,0.0
86855,0.0,0.0,0.0
86856,0.0,0.0,0.0
86857,0.0,0.0,0.0
86858,0.0,0.0,0.0
86859,0.0,0.0,0.0
86860,0.0,0.0,0.0
86861,0.0,0.0,0.0
86862,0.0,0.0,0.0
86863,0.0,0.0,0.0
86864,0.0,0.0,0.0
86865,0.0,0.0,0.0
86866,0.0,0.0,0.0
86867,0.0,0.0,0.0
86868,0.0,0.0,0.0
86869,0.0,0.0,0.0
86870,0.0,0.0,0.0
86871,0.0,0.0,0.0
86872,0.0,0.0,0.0
86873,0.0,0.0,0.0
86874,0.0,0.0,0.0
86875,0.0,0.0,0.0
86876,0.0,0.0,0.0
86877,0.0,0.0,0.0
86878,0.0,0.0,0.0
86879,0.0,0.0,0.0
86880,0.0,0.0,0.0
86881,0.0,0.0,0.0
86882,0.0,0.0,0.0
86883,0.0,0.0,0.0
86884,0.0,0.0,0.0
86885,0.0,0.0,0.0
86886,0.0,0.0,0.0
86887,0.0,0.0,0.0
86888,0.0,0.0,0.0
86889,0.0,0.0,0.0
86890,0.0,0.0,0.0
86891,0.0,0.0,0.0
86892,0.0,0.0,0.0
86893,0.0,0.0,0.0
86894,0.0,0.0,0.0
86895,0.0,0.0,0.0
86896,0.0,0.0,0.0
86897,0.0,0.0,0.0
86898,0.0,0.0,0.0
86899,0.0,0.0,0.0
86900,0.0,0.0,0.0
86901,0.0,0.0,0.0
86902,0.0,0.0,0.0
86903,0.0,0.0,0.0
86904,0.0,0.0,0.0
86905,0.0,0.0,0.0
86906,0.0,0.0,0.0
86907,0.0,0.0,0.0
86908,0.0,0.0,0.0
86909,0.0,0.0,0.0
86910,0.0,0.0,0.0
86911,0.0,0.0,0.0
86912,0.0,0.0,0.0
86913,0.0,0.0,0.0
86914,0.0,0.0,0.0
86915,0.0,0.0,0.0
86916,0.0,0.0,0.0
86917,0.0,0.0,0.0
86918,0.0,0.0,0.0
86919,0.0,0.0,0.0
86920,0.0,0.0,0.0
86921,0.0,0.0,0.0
86922,0.0,0.0,0.0
86923,0.0,0.0,0.0
86924,0.0,0.0,0.0
86925,0.0,0.0,0.0
86926,0.0,0.0,0.0
86927,0.0,0.0,0.0
86928,0.0,0.0,0.0
86929,0.0,0.0,0.0
86930,0.0,0.0,0.0
86931,0.0,0.0,0.0
86932,0.0,0.0,0.0
86933,0.0,0.0,0.0
86934,0.0,0.0,0.0
86935,0.0,0.0,0.0
86936,0.0,0.0,0.0
86937,0.0,0.0,0.0
86938,0.0,0.0,0.0
86939,0.0,0.0,0.0
86940,0.0,0.0,0.0
86941,0.0,0.0,0.0
86942,0.0,0.0,0.0
86943,0.0,0.0,0.0
86944,0.0,0.0,0.0
86945,0.0,0.0,0.0
86946,0.0,0.0,0.0
86947,0.0,0.0,0.0
86948,0.0,0.0,0.0
86949,0.0,0.0,0.0
86950,0.0,0.0,0.0
86951,0.0,0.0,0.0
86952,0.0,0.0,0.0
86953,0.0,0.0,0.0
86954,0.0,0.0,0.0
86955,0.0,0.0,0.0
86956,0.0,0.0,0.0
86957,0.0,0.0,0.0
86958,0.0,0.0,0.0
86959,0.0,0.0,0.0
86960,0.0,0.0,0.0
86961,0.0,0.0,0.0
86962,0.0,0.0,0.0
86963,0.0,0.0,0.0
86964,0.0,0.0,0.0
86965,0.0,0.0,0.0
86966,0.0,0.0,0.0
86967,0.0,0.0,0.0
86968,0.0,0.0,0.0
86969,0.0,0.0,0.0
86970,0.0,0.0,0.0
86971,0.0,0.0,0.0
86972,0.0,0.0,0.0
86973,0.0,0.0,0.0
86974,0.0,0.0,0.0
86975,0.0,0.0,0.0
86976,0.0,0.0,0.0
86977,0.0,0.0,0.0
86978,0.0,0.0,0.0
86979,0.0,0.0,0.0
86980,0.0,0.0,0.0
86981,0.0,0.0,0.0
86982,0.0,0.0,0.0
86983,0.0,0.0,0.0
86984,0.0,0.0,0.0
86985,0.0,0.0,0.0
86986,0.0,0.0,0.0
86987,0.0,0.0,0.0
86988,0.0,0.0,0.0
86989,0.0,0.0,0.0
86990,0.0,0.0,0.0
86991,0.0,0.0,0.0
86992,0.0,0.0,0.0
86993,0.0,0.0,0.0
86994,0.0,0.0,0.0
86995,0.0,0.0,0.0
86996,0.0,0.0,0.0
86997,0.0,0.0,0.0
86998,0.0,0.0,0.0
86999,0.0,0.0,0.0
87000,0.0,0.0,0.0
87001,0.0,0.0,0.0
87002,0.0,0.0,0.0
87003,0.0,0.0,0.0
87004,0.0,0.0,0.0
87005,0.0,0.0,0.0
87006,0.0,0.0,0.0
87007,0.0,0.0,0.0
87008,0.0,0.0,0.0
87009,0.0,0.0,0.0
87010,0.0,0.0,0.0
87011,0.0,0.0,0.0
87012,0.0,0.0,0.0
87013,0.0,0.0,0.0
87014,0.0,0.0,0.0
87015,0.0,0.0,0.0
87016,0.0,0.0,0.0
87017,0.0,0.0,0.0
87018,0.0,0.0,0.0
87019,0.0,0.0,0.0
87020,0.0,0.0,0.0
87021,0.0,0.0,0.0
87022,0.0,0.0,0.0
87023,0.0,0.0,0.0
87024,0.0,0.0,0.0
87025,0.0,0.0,0.0
87026,0.0,0.0,0.0
87027,0.0,0.0,0.0
87028,0.0,0.0,0.0
87029,0.0,0.0,0.0
87030,0.0,0.0,0.0
87031,0.0,0.0,0.0
87032,0.0,0.0,0.0
87033,0.0,0.0,0.0
87034,0.0,0.0,0.0
87035,0.0,0.0,0.0
87036,0.0,0.0,0.0
87037,0.0,0.0,0.0
87038,0.0,0.0,0.0
87039,0.0,0.0,0.0
87040,0.0,0.0,0.0
87041,0.0,0.0,0.0
87042,0.0,0.0,0.0
87043,0.0,0.0,0.0
87044,0.0,0.0,0.0
87045,0.0,0.0,0.0
87046,0.0,0.0,0.0
87047,0.0,0.0,0.0
87048,0.0,0.0,0.0
87049,0.0,0.0,0.0
87050,0.0,0.0,0.0
87051,0.0,0.0,0.0
87052,0.0,0.0,0.0
87053,0.0,0.0,0.0
87054,0.0,0.0,0.0
87055,0.0,0.0,0.0
87056,0.0,0.0,0.0
87057,0.0,0.0,0.0
87058,0.0,0.0,0.0
87059,0.0,0.0,0.0
87060,0.0,0.0,0.0
87061,0.0,0.0,0.0
87062,0.0,0.0,0.0
87063,0.0,0.0,0.0
87064,0.0,0.0,0.0
87065,0.0,0.0,0.0
87066,0.0,0.0,0.0
87067,0.0,0.0,0.0
87068,0.0,0.0,0.0
87069,0.0,0.0,0.0
87070,0.0,0.0,0.0
87071,0.0,0.0,0.0
87072,0.0,0.0,0.0
87073,0.0,0.0,0.0
87074,0.0,0.0,0.0
87075,0.0,0.0,0.0
87076,0.0,0.0,0.0
87077,0.0,0.0,0.0
87078,0.0,0.0,0.0
87079,0.0,0.0,0.0
87080,0.0,0.0,0.0
87081,0.0,0.0,0.0
87082,0.0,0.0,0.0
87083,0.0,0.0,0.0
87084,0.0,0.0,0.0
87085,0.0,0.0,0.0
87086,0.0,0.0,0.0
87087,0.0,0.0,0.0
87088,0.0,0.0,0.0
87089,0.0,0.0,0.0
87090,0.0,0.0,0.0
87091,0.0,0.0,0.0
87092,0.0,0.0,0.0
87093,0.0,0.0,0.0
87094,0.0,0.0,0.0
87095,0.0,0.0,0.0
87096,0.0,0.0,0.0
87097,0.0,0.0,0.0
87098,0.0,0.0,0.0
87099,0.0,0.0,0.0
87100,0.0,0.0,0.0
87101,0.0,0.0,0.0
87102,0.0,0.0,0.0
87103,0.0,0.0,0.0
87104,0.0,0.0,0.0
87105,0.0,0.0,0.0
87106,0.0,0.0,0.0
87107,0.0,0.0,0.0
87108,0.0,0.0,0.0
87109,0.0,0.0,0.0
87110,0.0,0.0,0.0
87111,0.0,0.0,0.0
87112,0.0,0.0,0.0
87113,0.0,0.0,0.0
87114,0.0,0.0,0.0
87115,0.0,0.0,0.0
87116,0.0,0.0,0.0
87117,0.0,0.0,0.0
87118,0.0,0.0,0.0
87119,0.0,0.0,0.0
87120,0.0,0.0,0.0
87121,0.0,0.0,0.0
87122,0.0,0.0,0.0
87123,0.0,0.0,0.0
87124,0.0,0.0,0.0
87125,0.0,0.0,0.0
87126,0.0,0.0,0.0
87127,0.0,0.0,0.0
87128,0.0,0.0,0.0
87129,0.0,0.0,0.0
87130,0.0,0.0,0.0
87131,0.0,0.0,0.0
87132,0.0,0.0,0.0
87133,0.0,0.0,0.0
87134,0.0,0.0,0.0
87135,0.0,0.0,0.0
87136,0.0,0.0,0.0
87137,0.0,0.0,0.0
87138,0.0,0.0,0.0
87139,0.0,0.0,0.0
87140,0.0,0.0,0.0
87141,0.0,0.0,0.0
87142,0.0,0.0,0.0
87143,0.0,0.0,0.0
87144,0.0,0.0,0.0
87145,0.0,0.0,0.0
87146,0.0,0.0,0.0
87147,0.0,0.0,0.0
87148,0.0,0.0,0.0
87149,0.0,0.0,0.0
87150,0.0,0.0,0.0
87151,0.0,0.0,0.0
87152,0.0,0.0,0.0
87153,0.0,0.0,0.0
87154,0.0,0.0,0.0
87155,0.0,0.0,0.0
87156,0.0,0.0,0.0
87157,0.0,0.0,0.0
87158,0.0,0.0,0.0
87159,0.0,0.0,0.0
87160,0.0,0.0,0.0
87161,0.0,0.0,0.0
87162,0.0,0.0,0.0
87163,0.0,0.0,0.0
87164,0.0,0.0,0.0
87165,0.0,0.0,0.0
87166,0.0,0.0,0.0
87167,0.0,0.0,0.0
87168,0.0,0.0,0.0
87169,0.0,0.0,0.0
87170,0.0,0.0,0.0
87171,0.0,0.0,0.0
87172,0.0,0.0,0.0
87173,0.0,0.0,0.0
87174,0.0,0.0,0.0
87175,0.0,0.0,0.0
87176,0.0,0.0,0.0
87177,0.0,0.0,0.0
87178,0.0,0.0,0.0
87179,0.0,0.0,0.0
87180,0.0,0.0,0.0
87181,0.0,0.0,0.0
87182,0.0,0.0,0.0
87183,0.0,0.0,0.0
87184,0.0,0.0,0.0
87185,0.0,0.0,0.0
87186,0.0,0.0,0.0
87187,0.0,0.0,0.0
87188,0.0,0.0,0.0
87189,0.0,0.0,0.0
87190,0.0,0.0,0.0
87191,0.0,0.0,0.0
87192,0.0,0.0,0.0
87193,0.0,0.0,0.0
87194,0.0,0.0,0.0
87195,0.0,0.0,0.0
87196,0.0,0.0,0.0
87197,0.0,0.0,0.0
87198,0.0,0.0,0.0
87199,0.0,0.0,0.0
87200,0.0,0.0,0.0
87201,0.0,0.0,0.0
87202,0.0,0.0,0.0
87203,0.0,0.0,0.0
87204,0.0,0.0,0.0
87205,0.0,0.0,0.0
87206,0.0,0.0,0.0
87207,0.0,0.0,0.0
87208,0.0,0.0,0.0
87209,0.0,0.0,0.0
87210,0.0,0.0,0.0
87211,0.0,0.0,0.0
87212,0.0,0.0,0.0
87213,0.0,0.0,0.0
87214,0.0,0.0,0.0
87215,0.0,0.0,0.0
87216,0.0,0.0,0.0
87217,0.0,0.0,0.0
87218,0.0,0.0,0.0
87219,0.0,0.0,0.0
87220,0.0,0.0,0.0
87221,0.0,0.0,0.0
87222,0.0,0.0,0.0
87223,0.0,0.0,0.0
87224,0.0,0.0,0.0
87225,0.0,0.0,0.0
87226,0.0,0.0,0.0
87227,0.0,0.0,0.0
87228,0.0,0.0,0.0
87229,0.0,0.0,0.0
87230,0.0,0.0,0.0
87231,0.0,0.0,0.0
87232,0.0,0.0,0.0
87233,0.0,0.0,0.0
87234,0.0,0.0,0.0
87235,0.0,0.0,0.0
87236,0.0,0.0,0.0
87237,0.0,0.0,0.0
87238,0.0,0.0,0.0
87239,0.0,0.0,0.0
87240,0.0,0.0,0.0
87241,0.0,0.0,0.0
87242,0.0,0.0,0.0
87243,0.0,0.0,0.0
87244,0.0,0.0,0.0
87245,0.0,0.0,0.0
87246,0.0,0.0,0.0
87247,0.0,0.0,0.0
87248,0.0,0.0,0.0
87249,0.0,0.0,0.0
87250,0.0,0.0,0.0
87251,0.0,0.0,0.0
87252,0.0,0.0,0.0
87253,0.0,0.0,0.0
87254,0.0,0.0,0.0
87255,0.0,0.0,0.0
87256,0.0,0.0,0.0
87257,0.0,0.0,0.0
87258,0.0,0.0,0.0
87259,0.0,0.0,0.0
87260,0.0,0.0,0.0
87261,0.0,0.0,0.0
87262,0.0,0.0,0.0
87263,0.0,0.0,0.0
87264,0.0,0.0,0.0
87265,0.0,0.0,0.0
87266,0.0,0.0,0.0
87267,0.0,0.0,0.0
87268,0.0,0.0,0.0
87269,0.0,0.0,0.0
87270,0.0,0.0,0.0
87271,0.0,0.0,0.0
87272,0.0,0.0,0.0
87273,0.0,0.0,0.0
87274,0.0,0.0,0.0
87275,0.0,0.0,0.0
87276,0.0,0.0,0.0
87277,0.0,0.0,0.0
87278,0.0,0.0,0.0
87279,0.0,0.0,0.0
87280,0.0,0.0,0.0
87281,0.0,0.0,0.0
87282,0.0,0.0,0.0
87283,0.0,0.0,0.0
87284,0.0,0.0,0.0
87285,0.0,0.0,0.0
87286,0.0,0.0,0.0
87287,0.0,0.0,0.0
87288,0.0,0.0,0.0
87289,0.0,0.0,0.0
87290,0.0,0.0,0.0
87291,0.0,0.0,0.0
87292,0.0,0.0,0.0
87293,0.0,0.0,0.0
87294,0.0,0.0,0.0
87295,0.0,0.0,0.0
87296,0.0,0.0,0.0
87297,0.0,0.0,0.0
87298,0.0,0.0,0.0
87299,0.0,0.0,0.0
87300,0.0,0.0,0.0
87301,0.0,0.0,0.0
87302,0.0,0.0,0.0
87303,0.0,0.0,0.0
87304,0.0,0.0,0.0
87305,0.0,0.0,0.0
87306,0.0,0.0,0.0
87307,0.0,0.0,0.0
87308,0.0,0.0,0.0
87309,0.0,0.0,0.0
87310,0.0,0.0,0.0
87311,0.0,0.0,0.0
87312,0.0,0.0,0.0
87313,0.0,0.0,0.0
87314,0.0,0.0,0.0
87315,0.0,0.0,0.0
87316,0.0,0.0,0.0
87317,0.0,0.0,0.0
87318,0.0,0.0,0.0
87319,0.0,0.0,0.0
87320,0.0,0.0,0.0
87321,0.0,0.0,0.0
87322,0.0,0.0,0.0
87323,0.0,0.0,0.0
87324,0.0,0.0,0.0
87325,0.0,0.0,0.0
87326,0.0,0.0,0.0
87327,0.0,0.0,0.0
87328,0.0,0.0,0.0
87329,0.0,0.0,0.0
87330,0.0,0.0,0.0
87331,0.0,0.0,0.0
87332,0.0,0.0,0.0
87333,0.0,0.0,0.0
87334,0.0,0.0,0.0
87335,0.0,0.0,0.0
87336,0.0,0.0,0.0
87337,0.0,0.0,0.0
87338,0.0,0.0,0.0
87339,0.0,0.0,0.0
87340,0.0,0.0,0.0
87341,0.0,0.0,0.0
87342,0.0,0.0,0.0
87343,0.0,0.0,0.0
87344,0.0,0.0,0.0
87345,0.0,0.0,0.0
87346,0.0,0.0,0.0
87347,0.0,0.0,0.0
87348,0.0,0.0,0.0
87349,0.0,0.0,0.0
87350,0.0,0.0,0.0
87351,0.0,0.0,0.0
87352,0.0,0.0,0.0
87353,0.0,0.0,0.0
87354,0.0,0.0,0.0
87355,0.0,0.0,0.0
87356,0.0,0.0,0.0
87357,0.0,0.0,0.0
87358,0.0,0.0,0.0
87359,0.0,0.0,0.0
87360,0.0,0.0,0.0
87361,0.0,0.0,0.0
87362,0.0,0.0,0.0
87363,0.0,0.0,0.0
87364,0.0,0.0,0.0
87365,0.0,0.0,0.0
87366,0.0,0.0,0.0
87367,0.0,0.0,0.0
87368,0.0,0.0,0.0
87369,0.0,0.0,0.0
87370,0.0,0.0,0.0
87371,0.0,0.0,0.0
87372,0.0,0.0,0.0
87373,0.0,0.0,0.0
87374,0.0,0.0,0.0
87375,0.0,0.0,0.0
87376,0.0,0.0,0.0
87377,0.0,0.0,0.0
87378,0.0,0.0,0.0
87379,0.0,0.0,0.0
87380,0.0,0.0,0.0
87381,0.0,0.0,0.0
87382,0.0,0.0,0.0
87383,0.0,0.0,0.0
87384,0.0,0.0,0.0
87385,0.0,0.0,0.0
87386,0.0,0.0,0.0
87387,0.0,0.0,0.0
87388,0.0,0.0,0.0
87389,0.0,0.0,0.0
87390,0.0,0.0,0.0
87391,0.0,0.0,0.0
87392,0.0,0.0,0.0
87393,0.0,0.0,0.0
87394,0.0,0.0,0.0
87395,0.0,0.0,0.0
87396,0.0,0.0,0.0
87397,0.0,0.0,0.0
87398,0.0,0.0,0.0
87399,0.0,0.0,0.0
87400,0.0,0.0,0.0
87401,0.0,0.0,0.0
87402,0.0,0.0,0.0
87403,0.0,0.0,0.0
87404,0.0,0.0,0.0
87405,0.0,0.0,0.0
87406,0.0,0.0,0.0
87407,0.0,0.0,0.0
87408,0.0,0.0,0.0
87409,0.0,0.0,0.0
87410,0.0,0.0,0.0
87411,0.0,0.0,0.0
87412,0.0,0.0,0.0
87413,0.0,0.0,0.0
87414,0.0,0.0,0.0
87415,0.0,0.0,0.0
87416,0.0,0.0,0.0
87417,0.0,0.0,0.0
87418,0.0,0.0,0.0
87419,0.0,0.0,0.0
87420,0.0,0.0,0.0
87421,0.0,0.0,0.0
87422,0.0,0.0,0.0
87423,0.0,0.0,0.0
87424,0.0,0.0,0.0
87425,0.0,0.0,0.0
87426,0.0,0.0,0.0
87427,0.0,0.0,0.0
87428,0.0,0.0,0.0
87429,0.0,0.0,0.0
87430,0.0,0.0,0.0
87431,0.0,0.0,0.0
87432,0.0,0.0,0.0
87433,0.0,0.0,0.0
87434,0.0,0.0,0.0
87435,0.0,0.0,0.0
87436,0.0,0.0,0.0
87437,0.0,0.0,0.0
87438,0.0,0.0,0.0
87439,0.0,0.0,0.0
87440,0.0,0.0,0.0
87441,0.0,0.0,0.0
87442,0.0,0.0,0.0
87443,0.0,0.0,0.0
87444,0.0,0.0,0.0
87445,0.0,0.0,0.0
87446,0.0,0.0,0.0
87447,0.0,0.0,0.0
87448,0.0,0.0,0.0
87449,0.0,0.0,0.0
87450,0.0,0.0,0.0
87451,0.0,0.0,0.0
87452,0.0,0.0,0.0
87453,0.0,0.0,0.0
87454,0.0,0.0,0.0
87455,0.0,0.0,0.0
87456,0.0,0.0,0.0
87457,0.0,0.0,0.0
87458,0.0,0.0,0.0
87459,0.0,0.0,0.0
87460,0.0,0.0,0.0
87461,0.0,0.0,0.0
87462,0.0,0.0,0.0
87463,0.0,0.0,0.0
87464,0.0,0.0,0.0
87465,0.0,0.0,0.0
87466,0.0,0.0,0.0
87467,0.0,0.0,0.0
87468,0.0,0.0,0.0
87469,0.0,0.0,0.0
87470,0.0,0.0,0.0
87471,0.0,0.0,0.0
87472,0.0,0.0,0.0
87473,0.0,0.0,0.0
87474,0.0,0.0,0.0
87475,0.0,0.0,0.0
87476,0.0,0.0,0.0
87477,0.0,0.0,0.0
87478,0.0,0.0,0.0
87479,0.0,0.0,0.0
87480,0.0,0.0,0.0
87481,0.0,0.0,0.0
87482,0.0,0.0,0.0
87483,0.0,0.0,0.0
87484,0.0,0.0,0.0
87485,0.0,0.0,0.0
87486,0.0,0.0,0.0
87487,0.0,0.0,0.0
87488,0.0,0.0,0.0
87489,0.0,0.0,0.0
87490,0.0,0.0,0.0
87491,0.0,0.0,0.0
87492,0.0,0.0,0.0
87493,0.0,0.0,0.0
87494,0.0,0.0,0.0
87495,0.0,0.0,0.0
87496,0.0,0.0,0.0
87497,0.0,0.0,0.0
87498,0.0,0.0,0.0
87499,0.0,0.0,0.0
87500,0.0,0.0,0.0
87501,0.0,0.0,0.0
87502,0.0,0.0,0.0
87503,0.0,0.0,0.0
87504,0.0,0.0,0.0
87505,0.0,0.0,0.0
87506,0.0,0.0,0.0
87507,0.0,0.0,0.0
87508,0.0,0.0,0.0
87509,0.0,0.0,0.0
87510,0.0,0.0,0.0
87511,0.0,0.0,0.0
87512,0.0,0.0,0.0
87513,0.0,0.0,0.0
87514,0.0,0.0,0.0
87515,0.0,0.0,0.0
87516,0.0,0.0,0.0
87517,0.0,0.0,0.0
87518,0.0,0.0,0.0
87519,0.0,0.0,0.0
87520,0.0,0.0,0.0
87521,0.0,0.0,0.0
87522,0.0,0.0,0.0
87523,0.0,0.0,0.0
87524,0.0,0.0,0.0
87525,0.0,0.0,0.0
87526,0.0,0.0,0.0
87527,0.0,0.0,0.0
87528,0.0,0.0,0.0
87529,0.0,0.0,0.0
87530,0.0,0.0,0.0
87531,0.0,0.0,0.0
87532,0.0,0.0,0.0
87533,0.0,0.0,0.0
87534,0.0,0.0,0.0
87535,0.0,0.0,0.0
87536,0.0,0.0,0.0
87537,0.0,0.0,0.0
87538,0.0,0.0,0.0
87539,0.0,0.0,0.0
87540,0.0,0.0,0.0
87541,0.0,0.0,0.0
87542,0.0,0.0,0.0
87543,0.0,0.0,0.0
87544,0.0,0.0,0.0
87545,0.0,0.0,0.0
87546,0.0,0.0,0.0
87547,0.0,0.0,0.0
87548,0.0,0.0,0.0
87549,0.0,0.0,0.0
87550,0.0,0.0,0.0
87551,0.0,0.0,0.0
87552,0.0,0.0,0.0
87553,0.0,0.0,0.0
87554,0.0,0.0,0.0
87555,0.0,0.0,0.0
87556,0.0,0.0,0.0
87557,0.0,0.0,0.0
87558,0.0,0.0,0.0
87559,0.0,0.0,0.0
87560,0.0,0.0,0.0
87561,0.0,0.0,0.0
87562,0.0,0.0,0.0
87563,0.0,0.0,0.0
87564,0.0,0.0,0.0
87565,0.0,0.0,0.0
87566,0.0,0.0,0.0
87567,0.0,0.0,0.0
87568,0.0,0.0,0.0
87569,0.0,0.0,0.0
87570,0.0,0.0,0.0
87571,0.0,0.0,0.0
87572,0.0,0.0,0.0
87573,0.0,0.0,0.0
87574,0.0,0.0,0.0
87575,0.0,0.0,0.0
87576,0.0,0.0,0.0
87577,0.0,0.0,0.0
87578,0.0,0.0,0.0
87579,0.0,0.0,0.0
87580,0.0,0.0,0.0
87581,0.0,0.0,0.0
87582,0.0,0.0,0.0
87583,0.0,0.0,0.0
87584,0.0,0.0,0.0
87585,0.0,0.0,0.0
87586,0.0,0.0,0.0
87587,0.0,0.0,0.0
87588,0.0,0.0,0.0
87589,0.0,0.0,0.0
87590,0.0,0.0,0.0
87591,0.0,0.0,0.0
87592,0.0,0.0,0.0
87593,0.0,0.0,0.0
87594,0.0,0.0,0.0
87595,0.0,0.0,0.0
87596,0.0,0.0,0.0
87597,0.0,0.0,0.0
87598,0.0,0.0,0.0
87599,0.0,0.0,0.0
87600,0.0,0.0,0.0
87601,0.0,0.0,0.0
87602,0.0,0.0,0.0
87603,0.0,0.0,0.0
87604,0.0,0.0,0.0
87605,0.0,0.0,0.0
87606,0.0,0.0,0.0
87607,0.0,0.0,0.0
87608,0.0,0.0,0.0
87609,0.0,0.0,0.0
87610,0.0,0.0,0.0
87611,0.0,0.0,0.0
87612,0.0,0.0,0.0
87613,0.0,0.0,0.0
87614,0.0,0.0,0.0
87615,0.0,0.0,0.0
87616,0.0,0.0,0.0
87617,0.0,0.0,0.0
87618,0.0,0.0,0.0
87619,0.0,0.0,0.0
87620,0.0,0.0,0.0
87621,0.0,0.0,0.0
87622,0.0,0.0,0.0
87623,0.0,0.0,0.0
87624,0.0,0.0,0.0
87625,0.0,0.0,0.0
87626,0.0,0.0,0.0
87627,0.0,0.0,0.0
87628,0.0,0.0,0.0
87629,0.0,0.0,0.0
87630,0.0,0.0,0.0
87631,0.0,0.0,0.0
87632,0.0,0.0,0.0
87633,0.0,0.0,0.0
87634,0.0,0.0,0.0
87635,0.0,0.0,0.0
87636,0.0,0.0,0.0
87637,0.0,0.0,0.0
87638,0.0,0.0,0.0
87639,0.0,0.0,0.0
87640,0.0,0.0,0.0
87641,0.0,0.0,0.0
87642,0.0,0.0,0.0
87643,0.0,0.0,0.0
87644,0.0,0.0,0.0
87645,0.0,0.0,0.0
87646,0.0,0.0,0.0
87647,0.0,0.0,0.0
87648,0.0,0.0,0.0
87649,0.0,0.0,0.0
87650,0.0,0.0,0.0
87651,0.0,0.0,0.0
87652,0.0,0.0,0.0
87653,0.0,0.0,0.0
87654,0.0,0.0,0.0
87655,0.0,0.0,0.0
87656,0.0,0.0,0.0
87657,0.0,0.0,0.0
87658,0.0,0.0,0.0
87659,0.0,0.0,0.0
87660,0.0,0.0,0.0
87661,0.0,0.0,0.0
87662,0.0,0.0,0.0
87663,0.0,0.0,0.0
87664,0.0,0.0,0.0
87665,0.0,0.0,0.0
87666,0.0,0.0,0.0
87667,0.0,0.0,0.0
87668,0.0,0.0,0.0
87669,0.0,0.0,0.0
87670,0.0,0.0,0.0
87671,0.0,0.0,0.0
87672,0.0,0.0,0.0
87673,0.0,0.0,0.0
87674,0.0,0.0,0.0
87675,0.0,0.0,0.0
87676,0.0,0.0,0.0
87677,0.0,0.0,0.0
87678,0.0,0.0,0.0
87679,0.0,0.0,0.0
87680,0.0,0.0,0.0
87681,0.0,0.0,0.0
87682,0.0,0.0,0.0
87683,0.0,0.0,0.0
87684,0.0,0.0,0.0
87685,0.0,0.0,0.0
87686,0.0,0.0,0.0
87687,0.0,0.0,0.0
87688,0.0,0.0,0.0
87689,0.0,0.0,0.0
87690,0.0,0.0,0.0
87691,0.0,0.0,0.0
87692,0.0,0.0,0.0
87693,0.0,0.0,0.0
87694,0.0,0.0,0.0
87695,0.0,0.0,0.0
87696,0.0,0.0,0.0
87697,0.0,0.0,0.0
87698,0.0,0.0,0.0
87699,0.0,0.0,0.0
87700,0.0,0.0,0.0
87701,0.0,0.0,0.0
87702,0.0,0.0,0.0
87703,0.0,0.0,0.0
87704,0.0,0.0,0.0
87705,0.0,0.0,0.0
87706,0.0,0.0,0.0
87707,0.0,0.0,0.0
87708,0.0,0.0,0.0
87709,0.0,0.0,0.0
87710,0.0,0.0,0.0
87711,0.0,0.0,0.0
87712,0.0,0.0,0.0
87713,0.0,0.0,0.0
87714,0.0,0.0,0.0
87715,0.0,0.0,0.0
87716,0.0,0.0,0.0
87717,0.0,0.0,0.0
87718,0.0,0.0,0.0
87719,0.0,0.0,0.0
87720,0.0,0.0,0.0
87721,0.0,0.0,0.0
87722,0.0,0.0,0.0
87723,0.0,0.0,0.0
87724,0.0,0.0,0.0
87725,0.0,0.0,0.0
87726,0.0,0.0,0.0
87727,0.0,0.0,0.0
87728,0.0,0.0,0.0
87729,0.0,0.0,0.0
87730,0.0,0.0,0.0
87731,0.0,0.0,0.0
87732,0.0,0.0,0.0
87733,0.0,0.0,0.0
87734,0.0,0.0,0.0
87735,0.0,0.0,0.0
87736,0.0,0.0,0.0
87737,0.0,0.0,0.0
87738,0.0,0.0,0.0
87739,0.0,0.0,0.0
87740,0.0,0.0,0.0
87741,0.0,0.0,0.0
87742,0.0,0.0,0.0
87743,0.0,0.0,0.0
87744,0.0,0.0,0.0
87745,0.0,0.0,0.0
87746,0.0,0.0,0.0
87747,0.0,0.0,0.0
87748,0.0,0.0,0.0
87749,0.0,0.0,0.0
87750,0.0,0.0,0.0
87751,0.0,0.0,0.0
87752,0.0,0.0,0.0
87753,0.0,0.0,0.0
87754,0.0,0.0,0.0
87755,0.0,0.0,0.0
87756,0.0,0.0,0.0
87757,0.0,0.0,0.0
87758,0.0,0.0,0.0
87759,0.0,0.0,0.0
87760,0.0,0.0,0.0
87761,0.0,0.0,0.0
87762,0.0,0.0,0.0
87763,0.0,0.0,0.0
87764,0.0,0.0,0.0
87765,0.0,0.0,0.0
87766,0.0,0.0,0.0
87767,0.0,0.0,0.0
87768,0.0,0.0,0.0
87769,0.0,0.0,0.0
87770,0.0,0.0,0.0
87771,0.0,0.0,0.0
87772,0.0,0.0,0.0
87773,0.0,0.0,0.0
87774,0.0,0.0,0.0
87775,0.0,0.0,0.0
87776,0.0,0.0,0.0
87777,0.0,0.0,0.0
87778,0.0,0.0,0.0
87779,0.0,0.0,0.0
87780,0.0,0.0,0.0
87781,0.0,0.0,0.0
87782,0.0,0.0,0.0
87783,0.0,0.0,0.0
87784,0.0,0.0,0.0
87785,0.0,0.0,0.0
87786,0.0,0.0,0.0
87787,0.0,0.0,0.0
87788,0.0,0.0,0.0
87789,0.0,0.0,0.0
87790,0.0,0.0,0.0
87791,0.0,0.0,0.0
87792,0.0,0.0,0.0
87793,0.0,0.0,0.0
87794,0.0,0.0,0.0
87795,0.0,0.0,0.0
87796,0.0,0.0,0.0
87797,0.0,0.0,0.0
87798,0.0,0.0,0.0
87799,0.0,0.0,0.0
87800,0.0,0.0,0.0
87801,0.0,0.0,0.0
87802,0.0,0.0,0.0
87803,0.0,0.0,0.0
87804,0.0,0.0,0.0
87805,0.0,0.0,0.0
87806,0.0,0.0,0.0
87807,0.0,0.0,0.0
87808,0.0,0.0,0.0
87809,0.0,0.0,0.0
87810,0.0,0.0,0.0
87811,0.0,0.0,0.0
87812,0.0,0.0,0.0
87813,0.0,0.0,0.0
87814,0.0,0.0,0.0
87815,0.0,0.0,0.0
87816,0.0,0.0,0.0
87817,0.0,0.0,0.0
87818,0.0,0.0,0.0
87819,0.0,0.0,0.0
87820,0.0,0.0,0.0
87821,0.0,0.0,0.0
87822,0.0,0.0,0.0
87823,0.0,0.0,0.0
87824,0.0,0.0,0.0
87825,0.0,0.0,0.0
87826,0.0,0.0,0.0
87827,0.0,0.0,0.0
87828,0.0,0.0,0.0
87829,0.0,0.0,0.0
87830,0.0,0.0,0.0
87831,0.0,0.0,0.0
87832,0.0,0.0,0.0
87833,0.0,0.0,0.0
87834,0.0,0.0,0.0
87835,0.0,0.0,0.0
87836,0.0,0.0,0.0
87837,0.0,0.0,0.0
87838,0.0,0.0,0.0
87839,0.0,0.0,0.0
87840,0.0,0.0,0.0
87841,0.0,0.0,0.0
87842,0.0,0.0,0.0
87843,0.0,0.0,0.0
87844,0.0,0.0,0.0
87845,0.0,0.0,0.0
87846,0.0,0.0,0.0
87847,0.0,0.0,0.0
87848,0.0,0.0,0.0
87849,0.0,0.0,0.0
87850,0.0,0.0,0.0
87851,0.0,0.0,0.0
87852,0.0,0.0,0.0
87853,0.0,0.0,0.0
87854,0.0,0.0,0.0
87855,0.0,0.0,0.0
87856,0.0,0.0,0.0
87857,0.0,0.0,0.0
87858,0.0,0.0,0.0
87859,0.0,0.0,0.0
87860,0.0,0.0,0.0
87861,0.0,0.0,0.0
87862,0.0,0.0,0.0
87863,0.0,0.0,0.0
87864,0.0,0.0,0.0
87865,0.0,0.0,0.0
87866,0.0,0.0,0.0
87867,0.0,0.0,0.0
87868,0.0,0.0,0.0
87869,0.0,0.0,0.0
87870,0.0,0.0,0.0
87871,0.0,0.0,0.0
87872,0.0,0.0,0.0
87873,0.0,0.0,0.0
87874,0.0,0.0,0.0
87875,0.0,0.0,0.0
87876,0.0,0.0,0.0
87877,0.0,0.0,0.0
87878,0.0,0.0,0.0
87879,0.0,0.0,0.0
87880,0.0,0.0,0.0
87881,0.0,0.0,0.0
87882,0.0,0.0,0.0
87883,0.0,0.0,0.0
87884,0.0,0.0,0.0
87885,0.0,0.0,0.0
87886,0.0,0.0,0.0
87887,0.0,0.0,0.0
87888,0.0,0.0,0.0
87889,0.0,0.0,0.0
87890,0.0,0.0,0.0
87891,0.0,0.0,0.0
87892,0.0,0.0,0.0
87893,0.0,0.0,0.0
87894,0.0,0.0,0.0
87895,0.0,0.0,0.0
87896,0.0,0.0,0.0
87897,0.0,0.0,0.0
87898,0.0,0.0,0.0
87899,0.0,0.0,0.0
87900,0.0,0.0,0.0
87901,0.0,0.0,0.0
87902,0.0,0.0,0.0
87903,0.0,0.0,0.0
87904,0.0,0.0,0.0
87905,0.0,0.0,0.0
87906,0.0,0.0,0.0
87907,0.0,0.0,0.0
87908,0.0,0.0,0.0
87909,0.0,0.0,0.0
87910,0.0,0.0,0.0
87911,0.0,0.0,0.0
87912,0.0,0.0,0.0
87913,0.0,0.0,0.0
87914,0.0,0.0,0.0
87915,0.0,0.0,0.0
87916,0.0,0.0,0.0
87917,0.0,0.0,0.0
87918,0.0,0.0,0.0
87919,0.0,0.0,0.0
87920,0.0,0.0,0.0
87921,0.0,0.0,0.0
87922,0.0,0.0,0.0
87923,0.0,0.0,0.0
87924,0.0,0.0,0.0
87925,0.0,0.0,0.0
87926,0.0,0.0,0.0
87927,0.0,0.0,0.0
87928,0.0,0.0,0.0
87929,0.0,0.0,0.0
87930,0.0,0.0,0.0
87931,0.0,0.0,0.0
87932,0.0,0.0,0.0
87933,0.0,0.0,0.0
87934,0.0,0.0,0.0
87935,0.0,0.0,0.0
87936,0.0,0.0,0.0
87937,0.0,0.0,0.0
87938,0.0,0.0,0.0
87939,0.0,0.0,0.0
87940,0.0,0.0,0.0
87941,0.0,0.0,0.0
87942,0.0,0.0,0.0
87943,0.0,0.0,0.0
87944,0.0,0.0,0.0
87945,0.0,0.0,0.0
87946,0.0,0.0,0.0
87947,0.0,0.0,0.0
87948,0.0,0.0,0.0
87949,0.0,0.0,0.0
87950,0.0,0.0,0.0
87951,0.0,0.0,0.0
87952,0.0,0.0,0.0
87953,0.0,0.0,0.0
87954,0.0,0.0,0.0
87955,0.0,0.0,0.0
87956,0.0,0.0,0.0
87957,0.0,0.0,0.0
87958,0.0,0.0,0.0
87959,0.0,0.0,0.0
87960,0.0,0.0,0.0
87961,0.0,0.0,0.0
87962,0.0,0.0,0.0
87963,0.0,0.0,0.0
87964,0.0,0.0,0.0
87965,0.0,0.0,0.0
87966,0.0,0.0,0.0
87967,0.0,0.0,0.0
87968,0.0,0.0,0.0
87969,0.0,0.0,0.0
87970,0.0,0.0,0.0
87971,0.0,0.0,0.0
87972,0.0,0.0,0.0
87973,0.0,0.0,0.0
87974,0.0,0.0,0.0
87975,0.0,0.0,0.0
87976,0.0,0.0,0.0
87977,0.0,0.0,0.0
87978,0.0,0.0,0.0
87979,0.0,0.0,0.0
87980,0.0,0.0,0.0
87981,0.0,0.0,0.0
87982,0.0,0.0,0.0
87983,0.0,0.0,0.0
87984,0.0,0.0,0.0
87985,0.0,0.0,0.0
87986,0.0,0.0,0.0
87987,0.0,0.0,0.0
87988,0.0,0.0,0.0
87989,0.0,0.0,0.0
87990,0.0,0.0,0.0
87991,0.0,0.0,0.0
87992,0.0,0.0,0.0
87993,0.0,0.0,0.0
87994,0.0,0.0,0.0
87995,0.0,0.0,0.0
87996,0.0,0.0,0.0
87997,0.0,0.0,0.0
87998,0.0,0.0,0.0
87999,0.0,0.0,0.0
88000,0.0,0.0,0.0
88001,0.0,0.0,0.0
88002,0.0,0.0,0.0
88003,0.0,0.0,0.0
88004,0.0,0.0,0.0
88005,0.0,0.0,0.0
88006,0.0,0.0,0.0
88007,0.0,0.0,0.0
88008,0.0,0.0,0.0
88009,0.0,0.0,0.0
88010,0.0,0.0,0.0
88011,0.0,0.0,0.0
88012,0.0,0.0,0.0
88013,0.0,0.0,0.0
88014,0.0,0.0,0.0
88015,0.0,0.0,0.0
88016,0.0,0.0,0.0
88017,0.0,0.0,0.0
88018,0.0,0.0,0.0
88019,0.0,0.0,0.0
88020,0.0,0.0,0.0
88021,0.0,0.0,0.0
88022,0.0,0.0,0.0
88023,0.0,0.0,0.0
88024,0.0,0.0,0.0
88025,0.0,0.0,0.0
88026,0.0,0.0,0.0
88027,0.0,0.0,0.0
88028,0.0,0.0,0.0
88029,0.0,0.0,0.0
88030,0.0,0.0,0.0
88031,0.0,0.0,0.0
88032,0.0,0.0,0.0
88033,0.0,0.0,0.0
88034,0.0,0.0,0.0
88035,0.0,0.0,0.0
88036,0.0,0.0,0.0
88037,0.0,0.0,0.0
88038,0.0,0.0,0.0
88039,0.0,0.0,0.0
88040,0.0,0.0,0.0
88041,0.0,0.0,0.0
88042,0.0,0.0,0.0
88043,0.0,0.0,0.0
88044,0.0,0.0,0.0
88045,0.0,0.0,0.0
88046,0.0,0.0,0.0
88047,0.0,0.0,0.0
88048,0.0,0.0,0.0
88049,0.0,0.0,0.0
88050,0.0,0.0,0.0
88051,0.0,0.0,0.0
88052,0.0,0.0,0.0
88053,0.0,0.0,0.0
88054,0.0,0.0,0.0
88055,0.0,0.0,0.0
88056,0.0,0.0,0.0
88057,0.0,0.0,0.0
88058,0.0,0.0,0.0
88059,0.0,0.0,0.0
88060,0.0,0.0,0.0
88061,0.0,0.0,0.0
88062,0.0,0.0,0.0
88063,0.0,0.0,0.0
88064,0.0,0.0,0.0
88065,0.0,0.0,0.0
88066,0.0,0.0,0.0
88067,0.0,0.0,0.0
88068,0.0,0.0,0.0
88069,0.0,0.0,0.0
88070,0.0,0.0,0.0
88071,0.0,0.0,0.0
88072,0.0,0.0,0.0
88073,0.0,0.0,0.0
88074,0.0,0.0,0.0
88075,0.0,0.0,0.0
88076,0.0,0.0,0.0
88077,0.0,0.0,0.0
88078,0.0,0.0,0.0
88079,0.0,0.0,0.0
88080,0.0,0.0,0.0
88081,0.0,0.0,0.0
88082,0.0,0.0,0.0
88083,0.0,0.0,0.0
88084,0.0,0.0,0.0
88085,0.0,0.0,0.0
88086,0.0,0.0,0.0
88087,0.0,0.0,0.0
88088,0.0,0.0,0.0
88089,0.0,0.0,0.0
88090,0.0,0.0,0.0
88091,0.0,0.0,0.0
88092,0.0,0.0,0.0
88093,0.0,0.0,0.0
88094,0.0,0.0,0.0
88095,0.0,0.0,0.0
88096,0.0,0.0,0.0
88097,0.0,0.0,0.0
88098,0.0,0.0,0.0
88099,0.0,0.0,0.0
88100,0.0,0.0,0.0
88101,0.0,0.0,0.0
88102,0.0,0.0,0.0
88103,0.0,0.0,0.0
88104,0.0,0.0,0.0
88105,0.0,0.0,0.0
88106,0.0,0.0,0.0
88107,0.0,0.0,0.0
88108,0.0,0.0,0.0
88109,0.0,0.0,0.0
88110,0.0,0.0,0.0
88111,0.0,0.0,0.0
88112,0.0,0.0,0.0
88113,0.0,0.0,0.0
88114,0.0,0.0,0.0
88115,0.0,0.0,0.0
88116,0.0,0.0,0.0
88117,0.0,0.0,0.0
88118,0.0,0.0,0.0
88119,0.0,0.0,0.0
88120,0.0,0.0,0.0
88121,0.0,0.0,0.0
88122,0.0,0.0,0.0
88123,0.0,0.0,0.0
88124,0.0,0.0,0.0
88125,0.0,0.0,0.0
88126,0.0,0.0,0.0
88127,0.0,0.0,0.0
88128,0.0,0.0,0.0
88129,0.0,0.0,0.0
88130,0.0,0.0,0.0
88131,0.0,0.0,0.0
88132,0.0,0.0,0.0
88133,0.0,0.0,0.0
88134,0.0,0.0,0.0
88135,0.0,0.0,0.0
88136,0.0,0.0,0.0
88137,0.0,0.0,0.0
88138,0.0,0.0,0.0
88139,0.0,0.0,0.0
88140,0.0,0.0,0.0
88141,0.0,0.0,0.0
88142,0.0,0.0,0.0
88143,0.0,0.0,0.0
88144,0.0,0.0,0.0
88145,0.0,0.0,0.0
88146,0.0,0.0,0.0
88147,0.0,0.0,0.0
88148,0.0,0.0,0.0
88149,0.0,0.0,0.0
88150,0.0,0.0,0.0
88151,0.0,0.0,0.0
88152,0.0,0.0,0.0
88153,0.0,0.0,0.0
88154,0.0,0.0,0.0
88155,0.0,0.0,0.0
88156,0.0,0.0,0.0
88157,0.0,0.0,0.0
88158,0.0,0.0,0.0
88159,0.0,0.0,0.0
88160,0.0,0.0,0.0
88161,0.0,0.0,0.0
88162,0.0,0.0,0.0
88163,0.0,0.0,0.0
88164,0.0,0.0,0.0
88165,0.0,0.0,0.0
88166,0.0,0.0,0.0
88167,0.0,0.0,0.0
88168,0.0,0.0,0.0
88169,0.0,0.0,0.0
88170,0.0,0.0,0.0
88171,0.0,0.0,0.0
88172,0.0,0.0,0.0
88173,0.0,0.0,0.0
88174,0.0,0.0,0.0
88175,0.0,0.0,0.0
88176,0.0,0.0,0.0
88177,0.0,0.0,0.0
88178,0.0,0.0,0.0
88179,0.0,0.0,0.0
88180,0.0,0.0,0.0
88181,0.0,0.0,0.0
88182,0.0,0.0,0.0
88183,0.0,0.0,0.0
88184,0.0,0.0,0.0
88185,0.0,0.0,0.0
88186,0.0,0.0,0.0
88187,0.0,0.0,0.0
88188,0.0,0.0,0.0
88189,0.0,0.0,0.0
88190,0.0,0.0,0.0
88191,0.0,0.0,0.0
88192,0.0,0.0,0.0
88193,0.0,0.0,0.0
88194,0.0,0.0,0.0
88195,0.0,0.0,0.0
88196,0.0,0.0,0.0
88197,0.0,0.0,0.0
88198,0.0,0.0,0.0
88199,0.0,0.0,0.0
88200,0.0,0.0,0.0
88201,0.0,0.0,0.0
88202,0.0,0.0,0.0
88203,0.0,0.0,0.0
88204,0.0,0.0,0.0
88205,0.0,0.0,0.0
88206,0.0,0.0,0.0
88207,0.0,0.0,0.0
88208,0.0,0.0,0.0
88209,0.0,0.0,0.0
88210,0.0,0.0,0.0
88211,0.0,0.0,0.0
88212,0.0,0.0,0.0
88213,0.0,0.0,0.0
88214,0.0,0.0,0.0
88215,0.0,0.0,0.0
88216,0.0,0.0,0.0
88217,0.0,0.0,0.0
88218,0.0,0.0,0.0
88219,0.0,0.0,0.0
88220,0.0,0.0,0.0
88221,0.0,0.0,0.0
88222,0.0,0.0,0.0
88223,0.0,0.0,0.0
88224,0.0,0.0,0.0
88225,0.0,0.0,0.0
88226,0.0,0.0,0.0
88227,0.0,0.0,0.0
88228,0.0,0.0,0.0
88229,0.0,0.0,0.0
88230,0.0,0.0,0.0
88231,0.0,0.0,0.0
88232,0.0,0.0,0.0
88233,0.0,0.0,0.0
88234,0.0,0.0,0.0
88235,0.0,0.0,0.0
88236,0.0,0.0,0.0
88237,0.0,0.0,0.0
88238,0.0,0.0,0.0
88239,0.0,0.0,0.0
88240,0.0,0.0,0.0
88241,0.0,0.0,0.0
88242,0.0,0.0,0.0
88243,0.0,0.0,0.0
88244,0.0,0.0,0.0
88245,0.0,0.0,0.0
88246,0.0,0.0,0.0
88247,0.0,0.0,0.0
88248,0.0,0.0,0.0
88249,0.0,0.0,0.0
88250,0.0,0.0,0.0
88251,0.0,0.0,0.0
88252,0.0,0.0,0.0
88253,0.0,0.0,0.0
88254,0.0,0.0,0.0
88255,0.0,0.0,0.0
88256,0.0,0.0,0.0
88257,0.0,0.0,0.0
88258,0.0,0.0,0.0
88259,0.0,0.0,0.0
88260,0.0,0.0,0.0
88261,0.0,0.0,0.0
88262,0.0,0.0,0.0
88263,0.0,0.0,0.0
88264,0.0,0.0,0.0
88265,0.0,0.0,0.0
88266,0.0,0.0,0.0
88267,0.0,0.0,0.0
88268,0.0,0.0,0.0
88269,0.0,0.0,0.0
88270,0.0,0.0,0.0
88271,0.0,0.0,0.0
88272,0.0,0.0,0.0
88273,0.0,0.0,0.0
88274,0.0,0.0,0.0
88275,0.0,0.0,0.0
88276,0.0,0.0,0.0
88277,0.0,0.0,0.0
88278,0.0,0.0,0.0
88279,0.0,0.0,0.0
88280,0.0,0.0,0.0
88281,0.0,0.0,0.0
88282,0.0,0.0,0.0
88283,0.0,0.0,0.0
88284,0.0,0.0,0.0
88285,0.0,0.0,0.0
88286,0.0,0.0,0.0
88287,0.0,0.0,0.0
88288,0.0,0.0,0.0
88289,0.0,0.0,0.0
88290,0.0,0.0,0.0
88291,0.0,0.0,0.0
88292,0.0,0.0,0.0
88293,0.0,0.0,0.0
88294,0.0,0.0,0.0
88295,0.0,0.0,0.0
88296,0.0,0.0,0.0
88297,0.0,0.0,0.0
88298,0.0,0.0,0.0
88299,0.0,0.0,0.0
88300,0.0,0.0,0.0
88301,0.0,0.0,0.0
88302,0.0,0.0,0.0
88303,0.0,0.0,0.0
88304,0.0,0.0,0.0
88305,0.0,0.0,0.0
88306,0.0,0.0,0.0
88307,0.0,0.0,0.0
88308,0.0,0.0,0.0
88309,0.0,0.0,0.0
88310,0.0,0.0,0.0
88311,0.0,0.0,0.0
88312,0.0,0.0,0.0
88313,0.0,0.0,0.0
88314,0.0,0.0,0.0
88315,0.0,0.0,0.0
88316,0.0,0.0,0.0
88317,0.0,0.0,0.0
88318,0.0,0.0,0.0
88319,0.0,0.0,0.0
88320,0.0,0.0,0.0
88321,0.0,0.0,0.0
88322,0.0,0.0,0.0
88323,0.0,0.0,0.0
88324,0.0,0.0,0.0
88325,0.0,0.0,0.0
88326,0.0,0.0,0.0
88327,0.0,0.0,0.0
88328,0.0,0.0,0.0
88329,0.0,0.0,0.0
88330,0.0,0.0,0.0
88331,0.0,0.0,0.0
88332,0.0,0.0,0.0
88333,0.0,0.0,0.0
88334,0.0,0.0,0.0
88335,0.0,0.0,0.0
88336,0.0,0.0,0.0
88337,0.0,0.0,0.0
88338,0.0,0.0,0.0
88339,0.0,0.0,0.0
88340,0.0,0.0,0.0
88341,0.0,0.0,0.0
88342,0.0,0.0,0.0
88343,0.0,0.0,0.0
88344,0.0,0.0,0.0
88345,0.0,0.0,0.0
88346,0.0,0.0,0.0
88347,0.0,0.0,0.0
88348,0.0,0.0,0.0
88349,0.0,0.0,0.0
88350,0.0,0.0,0.0
88351,0.0,0.0,0.0
88352,0.0,0.0,0.0
88353,0.0,0.0,0.0
88354,0.0,0.0,0.0
88355,0.0,0.0,0.0
88356,0.0,0.0,0.0
88357,0.0,0.0,0.0
88358,0.0,0.0,0.0
88359,0.0,0.0,0.0
88360,0.0,0.0,0.0
88361,0.0,0.0,0.0
88362,0.0,0.0,0.0
88363,0.0,0.0,0.0
88364,0.0,0.0,0.0
88365,0.0,0.0,0.0
88366,0.0,0.0,0.0
88367,0.0,0.0,0.0
88368,0.0,0.0,0.0
88369,0.0,0.0,0.0
88370,0.0,0.0,0.0
88371,0.0,0.0,0.0
88372,0.0,0.0,0.0
88373,0.0,0.0,0.0
88374,0.0,0.0,0.0
88375,0.0,0.0,0.0
88376,0.0,0.0,0.0
88377,0.0,0.0,0.0
88378,0.0,0.0,0.0
88379,0.0,0.0,0.0
88380,0.0,0.0,0.0
88381,0.0,0.0,0.0
88382,0.0,0.0,0.0
88383,0.0,0.0,0.0
88384,0.0,0.0,0.0
88385,0.0,0.0,0.0
88386,0.0,0.0,0.0
88387,0.0,0.0,0.0
88388,0.0,0.0,0.0
88389,0.0,0.0,0.0
88390,0.0,0.0,0.0
88391,0.0,0.0,0.0
88392,0.0,0.0,0.0
88393,0.0,0.0,0.0
88394,0.0,0.0,0.0
88395,0.0,0.0,0.0
88396,0.0,0.0,0.0
88397,0.0,0.0,0.0
88398,0.0,0.0,0.0
88399,0.0,0.0,0.0
88400,0.0,0.0,0.0
88401,0.0,0.0,0.0
88402,0.0,0.0,0.0
88403,0.0,0.0,0.0
88404,0.0,0.0,0.0
88405,0.0,0.0,0.0
88406,0.0,0.0,0.0
88407,0.0,0.0,0.0
88408,0.0,0.0,0.0
88409,0.0,0.0,0.0
88410,0.0,0.0,0.0
88411,0.0,0.0,0.0
88412,0.0,0.0,0.0
88413,0.0,0.0,0.0
88414,0.0,0.0,0.0
88415,0.0,0.0,0.0
88416,0.0,0.0,0.0
88417,0.0,0.0,0.0
88418,0.0,0.0,0.0
88419,0.0,0.0,0.0
88420,0.0,0.0,0.0
88421,0.0,0.0,0.0
88422,0.0,0.0,0.0
88423,0.0,0.0,0.0
88424,0.0,0.0,0.0
88425,0.0,0.0,0.0
88426,0.0,0.0,0.0
88427,0.0,0.0,0.0
88428,0.0,0.0,0.0
88429,0.0,0.0,0.0
88430,0.0,0.0,0.0
88431,0.0,0.0,0.0
88432,0.0,0.0,0.0
88433,0.0,0.0,0.0
88434,0.0,0.0,0.0
88435,0.0,0.0,0.0
88436,0.0,0.0,0.0
88437,0.0,0.0,0.0
88438,0.0,0.0,0.0
88439,0.0,0.0,0.0
88440,0.0,0.0,0.0
88441,0.0,0.0,0.0
88442,0.0,0.0,0.0
88443,0.0,0.0,0.0
88444,0.0,0.0,0.0
88445,0.0,0.0,0.0
88446,0.0,0.0,0.0
88447,0.0,0.0,0.0
88448,0.0,0.0,0.0
88449,0.0,0.0,0.0
88450,0.0,0.0,0.0
88451,0.0,0.0,0.0
88452,0.0,0.0,0.0
88453,0.0,0.0,0.0
88454,0.0,0.0,0.0
88455,0.0,0.0,0.0
88456,0.0,0.0,0.0
88457,0.0,0.0,0.0
88458,0.0,0.0,0.0
88459,0.0,0.0,0.0
88460,0.0,0.0,0.0
88461,0.0,0.0,0.0
88462,0.0,0.0,0.0
88463,0.0,0.0,0.0
88464,0.0,0.0,0.0
88465,0.0,0.0,0.0
88466,0.0,0.0,0.0
88467,0.0,0.0,0.0
88468,0.0,0.0,0.0
88469,0.0,0.0,0.0
88470,0.0,0.0,0.0
88471,0.0,0.0,0.0
88472,0.0,0.0,0.0
88473,0.0,0.0,0.0
88474,0.0,0.0,0.0
88475,0.0,0.0,0.0
88476,0.0,0.0,0.0
88477,0.0,0.0,0.0
88478,0.0,0.0,0.0
88479,0.0,0.0,0.0
88480,0.0,0.0,0.0
88481,0.0,0.0,0.0
88482,0.0,0.0,0.0
88483,0.0,0.0,0.0
88484,0.0,0.0,0.0
88485,0.0,0.0,0.0
88486,0.0,0.0,0.0
88487,0.0,0.0,0.0
88488,0.0,0.0,0.0
88489,0.0,0.0,0.0
88490,0.0,0.0,0.0
88491,0.0,0.0,0.0
88492,0.0,0.0,0.0
88493,0.0,0.0,0.0
88494,0.0,0.0,0.0
88495,0.0,0.0,0.0
88496,0.0,0.0,0.0
88497,0.0,0.0,0.0
88498,0.0,0.0,0.0
88499,0.0,0.0,0.0
88500,0.0,0.0,0.0
88501,0.0,0.0,0.0
88502,0.0,0.0,0.0
88503,0.0,0.0,0.0
88504,0.0,0.0,0.0
88505,0.0,0.0,0.0
88506,0.0,0.0,0.0
88507,0.0,0.0,0.0
88508,0.0,0.0,0.0
88509,0.0,0.0,0.0
88510,0.0,0.0,0.0
88511,0.0,0.0,0.0
88512,0.0,0.0,0.0
88513,0.0,0.0,0.0
88514,0.0,0.0,0.0
88515,0.0,0.0,0.0
88516,0.0,0.0,0.0
88517,0.0,0.0,0.0
88518,0.0,0.0,0.0
88519,0.0,0.0,0.0
88520,0.0,0.0,0.0
88521,0.0,0.0,0.0
88522,0.0,0.0,0.0
88523,0.0,0.0,0.0
88524,0.0,0.0,0.0
88525,0.0,0.0,0.0
88526,0.0,0.0,0.0
88527,0.0,0.0,0.0
88528,0.0,0.0,0.0
88529,0.0,0.0,0.0
88530,0.0,0.0,0.0
88531,0.0,0.0,0.0
88532,0.0,0.0,0.0
88533,0.0,0.0,0.0
88534,0.0,0.0,0.0
88535,0.0,0.0,0.0
88536,0.0,0.0,0.0
88537,0.0,0.0,0.0
88538,0.0,0.0,0.0
88539,0.0,0.0,0.0
88540,0.0,0.0,0.0
88541,0.0,0.0,0.0
88542,0.0,0.0,0.0
88543,0.0,0.0,0.0
88544,0.0,0.0,0.0
88545,0.0,0.0,0.0
88546,0.0,0.0,0.0
88547,0.0,0.0,0.0
88548,0.0,0.0,0.0
88549,0.0,0.0,0.0
88550,0.0,0.0,0.0
88551,0.0,0.0,0.0
88552,0.0,0.0,0.0
88553,0.0,0.0,0.0
88554,0.0,0.0,0.0
88555,0.0,0.0,0.0
88556,0.0,0.0,0.0
88557,0.0,0.0,0.0
88558,0.0,0.0,0.0
88559,0.0,0.0,0.0
88560,0.0,0.0,0.0
88561,0.0,0.0,0.0
88562,0.0,0.0,0.0
88563,0.0,0.0,0.0
88564,0.0,0.0,0.0
88565,0.0,0.0,0.0
88566,0.0,0.0,0.0
88567,0.0,0.0,0.0
88568,0.0,0.0,0.0
88569,0.0,0.0,0.0
88570,0.0,0.0,0.0
88571,0.0,0.0,0.0
88572,0.0,0.0,0.0
88573,0.0,0.0,0.0
88574,0.0,0.0,0.0
88575,0.0,0.0,0.0
88576,0.0,0.0,0.0
88577,0.0,0.0,0.0
88578,0.0,0.0,0.0
88579,0.0,0.0,0.0
88580,0.0,0.0,0.0
88581,0.0,0.0,0.0
88582,0.0,0.0,0.0
88583,0.0,0.0,0.0
88584,0.0,0.0,0.0
88585,0.0,0.0,0.0
88586,0.0,0.0,0.0
88587,0.0,0.0,0.0
88588,0.0,0.0,0.0
88589,0.0,0.0,0.0
88590,0.0,0.0,0.0
88591,0.0,0.0,0.0
88592,0.0,0.0,0.0
88593,0.0,0.0,0.0
88594,0.0,0.0,0.0
88595,0.0,0.0,0.0
88596,0.0,0.0,0.0
88597,0.0,0.0,0.0
88598,0.0,0.0,0.0
88599,0.0,0.0,0.0
88600,0.0,0.0,0.0
88601,0.0,0.0,0.0
88602,0.0,0.0,0.0
88603,0.0,0.0,0.0
88604,0.0,0.0,0.0
88605,0.0,0.0,0.0
88606,0.0,0.0,0.0
88607,0.0,0.0,0.0
88608,0.0,0.0,0.0
88609,0.0,0.0,0.0
88610,0.0,0.0,0.0
88611,0.0,0.0,0.0
88612,0.0,0.0,0.0
88613,0.0,0.0,0.0
88614,0.0,0.0,0.0
88615,0.0,0.0,0.0
88616,0.0,0.0,0.0
88617,0.0,0.0,0.0
88618,0.0,0.0,0.0
88619,0.0,0.0,0.0
88620,0.0,0.0,0.0
88621,0.0,0.0,0.0
88622,0.0,0.0,0.0
88623,0.0,0.0,0.0
88624,0.0,0.0,0.0
88625,0.0,0.0,0.0
88626,0.0,0.0,0.0
88627,0.0,0.0,0.0
88628,0.0,0.0,0.0
88629,0.0,0.0,0.0
88630,0.0,0.0,0.0
88631,0.0,0.0,0.0
88632,0.0,0.0,0.0
88633,0.0,0.0,0.0
88634,0.0,0.0,0.0
88635,0.0,0.0,0.0
88636,0.0,0.0,0.0
88637,0.0,0.0,0.0
88638,0.0,0.0,0.0
88639,0.0,0.0,0.0
88640,0.0,0.0,0.0
88641,0.0,0.0,0.0
88642,0.0,0.0,0.0
88643,0.0,0.0,0.0
88644,0.0,0.0,0.0
88645,0.0,0.0,0.0
88646,0.0,0.0,0.0
88647,0.0,0.0,0.0
88648,0.0,0.0,0.0
88649,0.0,0.0,0.0
88650,0.0,0.0,0.0
88651,0.0,0.0,0.0
88652,0.0,0.0,0.0
88653,0.0,0.0,0.0
88654,0.0,0.0,0.0
88655,0.0,0.0,0.0
88656,0.0,0.0,0.0
88657,0.0,0.0,0.0
88658,0.0,0.0,0.0
88659,0.0,0.0,0.0
88660,0.0,0.0,0.0
88661,0.0,0.0,0.0
88662,0.0,0.0,0.0
88663,0.0,0.0,0.0
88664,0.0,0.0,0.0
88665,0.0,0.0,0.0
88666,0.0,0.0,0.0
88667,0.0,0.0,0.0
88668,0.0,0.0,0.0
88669,0.0,0.0,0.0
88670,0.0,0.0,0.0
88671,0.0,0.0,0.0
88672,0.0,0.0,0.0
88673,0.0,0.0,0.0
88674,0.0,0.0,0.0
88675,0.0,0.0,0.0
88676,0.0,0.0,0.0
88677,0.0,0.0,0.0
88678,0.0,0.0,0.0
88679,0.0,0.0,0.0
88680,0.0,0.0,0.0
88681,0.0,0.0,0.0
88682,0.0,0.0,0.0
88683,0.0,0.0,0.0
88684,0.0,0.0,0.0
88685,0.0,0.0,0.0
88686,0.0,0.0,0.0
88687,0.0,0.0,0.0
88688,0.0,0.0,0.0
88689,0.0,0.0,0.0
88690,0.0,0.0,0.0
88691,0.0,0.0,0.0
88692,0.0,0.0,0.0
88693,0.0,0.0,0.0
88694,0.0,0.0,0.0
88695,0.0,0.0,0.0
88696,0.0,0.0,0.0
88697,0.0,0.0,0.0
88698,0.0,0.0,0.0
88699,0.0,0.0,0.0
88700,0.0,0.0,0.0
88701,0.0,0.0,0.0
88702,0.0,0.0,0.0
88703,0.0,0.0,0.0
88704,0.0,0.0,0.0
88705,0.0,0.0,0.0
88706,0.0,0.0,0.0
88707,0.0,0.0,0.0
88708,0.0,0.0,0.0
88709,0.0,0.0,0.0
88710,0.0,0.0,0.0
88711,0.0,0.0,0.0
88712,0.0,0.0,0.0
88713,0.0,0.0,0.0
88714,0.0,0.0,0.0
88715,0.0,0.0,0.0
88716,0.0,0.0,0.0
88717,0.0,0.0,0.0
88718,0.0,0.0,0.0
88719,0.0,0.0,0.0
88720,0.0,0.0,0.0
88721,0.0,0.0,0.0
88722,0.0,0.0,0.0
88723,0.0,0.0,0.0
88724,0.0,0.0,0.0
88725,0.0,0.0,0.0
88726,0.0,0.0,0.0
88727,0.0,0.0,0.0
88728,0.0,0.0,0.0
88729,0.0,0.0,0.0
88730,0.0,0.0,0.0
88731,0.0,0.0,0.0
88732,0.0,0.0,0.0
88733,0.0,0.0,0.0
88734,0.0,0.0,0.0
88735,0.0,0.0,0.0
88736,0.0,0.0,0.0
88737,0.0,0.0,0.0
88738,0.0,0.0,0.0
88739,0.0,0.0,0.0
88740,0.0,0.0,0.0
88741,0.0,0.0,0.0
88742,0.0,0.0,0.0
88743,0.0,0.0,0.0
88744,0.0,0.0,0.0
88745,0.0,0.0,0.0
88746,0.0,0.0,0.0
88747,0.0,0.0,0.0
88748,0.0,0.0,0.0
88749,0.0,0.0,0.0
88750,0.0,0.0,0.0
88751,0.0,0.0,0.0
88752,0.0,0.0,0.0
88753,0.0,0.0,0.0
88754,0.0,0.0,0.0
88755,0.0,0.0,0.0
88756,0.0,0.0,0.0
88757,0.0,0.0,0.0
88758,0.0,0.0,0.0
88759,0.0,0.0,0.0
88760,0.0,0.0,0.0
88761,0.0,0.0,0.0
88762,0.0,0.0,0.0
88763,0.0,0.0,0.0
88764,0.0,0.0,0.0
88765,0.0,0.0,0.0
88766,0.0,0.0,0.0
88767,0.0,0.0,0.0
88768,0.0,0.0,0.0
88769,0.0,0.0,0.0
88770,0.0,0.0,0.0
88771,0.0,0.0,0.0
88772,0.0,0.0,0.0
88773,0.0,0.0,0.0
88774,0.0,0.0,0.0
88775,0.0,0.0,0.0
88776,0.0,0.0,0.0
88777,0.0,0.0,0.0
88778,0.0,0.0,0.0
88779,0.0,0.0,0.0
88780,0.0,0.0,0.0
88781,0.0,0.0,0.0
88782,0.0,0.0,0.0
88783,0.0,0.0,0.0
88784,0.0,0.0,0.0
88785,0.0,0.0,0.0
88786,0.0,0.0,0.0
88787,0.0,0.0,0.0
88788,0.0,0.0,0.0
88789,0.0,0.0,0.0
88790,0.0,0.0,0.0
88791,0.0,0.0,0.0
88792,0.0,0.0,0.0
88793,0.0,0.0,0.0
88794,0.0,0.0,0.0
88795,0.0,0.0,0.0
88796,0.0,0.0,0.0
88797,0.0,0.0,0.0
88798,0.0,0.0,0.0
88799,0.0,0.0,0.0
88800,0.0,0.0,0.0
88801,0.0,0.0,0.0
88802,0.0,0.0,0.0
88803,0.0,0.0,0.0
88804,0.0,0.0,0.0
88805,0.0,0.0,0.0
88806,0.0,0.0,0.0
88807,0.0,0.0,0.0
88808,0.0,0.0,0.0
88809,0.0,0.0,0.0
88810,0.0,0.0,0.0
88811,0.0,0.0,0.0
88812,0.0,0.0,0.0
88813,0.0,0.0,0.0
88814,0.0,0.0,0.0
88815,0.0,0.0,0.0
88816,0.0,0.0,0.0
88817,0.0,0.0,0.0
88818,0.0,0.0,0.0
88819,0.0,0.0,0.0
88820,0.0,0.0,0.0
88821,0.0,0.0,0.0
88822,0.0,0.0,0.0
88823,0.0,0.0,0.0
88824,0.0,0.0,0.0
88825,0.0,0.0,0.0
88826,0.0,0.0,0.0
88827,0.0,0.0,0.0
88828,0.0,0.0,0.0
88829,0.0,0.0,0.0
88830,0.0,0.0,0.0
88831,0.0,0.0,0.0
88832,0.0,0.0,0.0
88833,0.0,0.0,0.0
88834,0.0,0.0,0.0
88835,0.0,0.0,0.0
88836,0.0,0.0,0.0
88837,0.0,0.0,0.0
88838,0.0,0.0,0.0
88839,0.0,0.0,0.0
88840,0.0,0.0,0.0
88841,0.0,0.0,0.0
88842,0.0,0.0,0.0
88843,0.0,0.0,0.0
88844,0.0,0.0,0.0
88845,0.0,0.0,0.0
88846,0.0,0.0,0.0
88847,0.0,0.0,0.0
88848,0.0,0.0,0.0
88849,0.0,0.0,0.0
88850,0.0,0.0,0.0
88851,0.0,0.0,0.0
88852,0.0,0.0,0.0
88853,0.0,0.0,0.0
88854,0.0,0.0,0.0
88855,0.0,0.0,0.0
88856,0.0,0.0,0.0
88857,0.0,0.0,0.0
88858,0.0,0.0,0.0
88859,0.0,0.0,0.0
88860,0.0,0.0,0.0
88861,0.0,0.0,0.0
88862,0.0,0.0,0.0
88863,0.0,0.0,0.0
88864,0.0,0.0,0.0
88865,0.0,0.0,0.0
88866,0.0,0.0,0.0
88867,0.0,0.0,0.0
88868,0.0,0.0,0.0
88869,0.0,0.0,0.0
88870,0.0,0.0,0.0
88871,0.0,0.0,0.0
88872,0.0,0.0,0.0
88873,0.0,0.0,0.0
88874,0.0,0.0,0.0
88875,0.0,0.0,0.0
88876,0.0,0.0,0.0
88877,0.0,0.0,0.0
88878,0.0,0.0,0.0
88879,0.0,0.0,0.0
88880,0.0,0.0,0.0
88881,0.0,0.0,0.0
88882,0.0,0.0,0.0
88883,0.0,0.0,0.0
88884,0.0,0.0,0.0
88885,0.0,0.0,0.0
88886,0.0,0.0,0.0
88887,0.0,0.0,0.0
88888,0.0,0.0,0.0
88889,0.0,0.0,0.0
88890,0.0,0.0,0.0
88891,0.0,0.0,0.0
88892,0.0,0.0,0.0
88893,0.0,0.0,0.0
88894,0.0,0.0,0.0
88895,0.0,0.0,0.0
88896,0.0,0.0,0.0
88897,0.0,0.0,0.0
88898,0.0,0.0,0.0
88899,0.0,0.0,0.0
88900,0.0,0.0,0.0
88901,0.0,0.0,0.0
88902,0.0,0.0,0.0
88903,0.0,0.0,0.0
88904,0.0,0.0,0.0
88905,0.0,0.0,0.0
88906,0.0,0.0,0.0
88907,0.0,0.0,0.0
88908,0.0,0.0,0.0
88909,0.0,0.0,0.0
88910,0.0,0.0,0.0
88911,0.0,0.0,0.0
88912,0.0,0.0,0.0
88913,0.0,0.0,0.0
88914,0.0,0.0,0.0
88915,0.0,0.0,0.0
88916,0.0,0.0,0.0
88917,0.0,0.0,0.0
88918,0.0,0.0,0.0
88919,0.0,0.0,0.0
88920,0.0,0.0,0.0
88921,0.0,0.0,0.0
88922,0.0,0.0,0.0
88923,0.0,0.0,0.0
88924,0.0,0.0,0.0
88925,0.0,0.0,0.0
88926,0.0,0.0,0.0
88927,0.0,0.0,0.0
88928,0.0,0.0,0.0
88929,0.0,0.0,0.0
88930,0.0,0.0,0.0
88931,0.0,0.0,0.0
88932,0.0,0.0,0.0
88933,0.0,0.0,0.0
88934,0.0,0.0,0.0
88935,0.0,0.0,0.0
88936,0.0,0.0,0.0
88937,0.0,0.0,0.0
88938,0.0,0.0,0.0
88939,0.0,0.0,0.0
88940,0.0,0.0,0.0
88941,0.0,0.0,0.0
88942,0.0,0.0,0.0
88943,0.0,0.0,0.0
88944,0.0,0.0,0.0
88945,0.0,0.0,0.0
88946,0.0,0.0,0.0
88947,0.0,0.0,0.0
88948,0.0,0.0,0.0
88949,0.0,0.0,0.0
88950,0.0,0.0,0.0
88951,0.0,0.0,0.0
88952,0.0,0.0,0.0
88953,0.0,0.0,0.0
88954,0.0,0.0,0.0
88955,0.0,0.0,0.0
88956,0.0,0.0,0.0
88957,0.0,0.0,0.0
88958,0.0,0.0,0.0
88959,0.0,0.0,0.0
88960,0.0,0.0,0.0
88961,0.0,0.0,0.0
88962,0.0,0.0,0.0
88963,0.0,0.0,0.0
88964,0.0,0.0,0.0
88965,0.0,0.0,0.0
88966,0.0,0.0,0.0
88967,0.0,0.0,0.0
88968,0.0,0.0,0.0
88969,0.0,0.0,0.0
88970,0.0,0.0,0.0
88971,0.0,0.0,0.0
88972,0.0,0.0,0.0
88973,0.0,0.0,0.0
88974,0.0,0.0,0.0
88975,0.0,0.0,0.0
88976,0.0,0.0,0.0
88977,0.0,0.0,0.0
88978,0.0,0.0,0.0
88979,0.0,0.0,0.0
88980,0.0,0.0,0.0
88981,0.0,0.0,0.0
88982,0.0,0.0,0.0
88983,0.0,0.0,0.0
88984,0.0,0.0,0.0
88985,0.0,0.0,0.0
88986,0.0,0.0,0.0
88987,0.0,0.0,0.0
88988,0.0,0.0,0.0
88989,0.0,0.0,0.0
88990,0.0,0.0,0.0
88991,0.0,0.0,0.0
88992,0.0,0.0,0.0
88993,0.0,0.0,0.0
88994,0.0,0.0,0.0
88995,0.0,0.0,0.0
88996,0.0,0.0,0.0
88997,0.0,0.0,0.0
88998,0.0,0.0,0.0
88999,0.0,0.0,0.0
89000,0.0,0.0,0.0
89001,0.0,0.0,0.0
89002,0.0,0.0,0.0
89003,0.0,0.0,0.0
89004,0.0,0.0,0.0
89005,0.0,0.0,0.0
89006,0.0,0.0,0.0
89007,0.0,0.0,0.0
89008,0.0,0.0,0.0
89009,0.0,0.0,0.0
89010,0.0,0.0,0.0
89011,0.0,0.0,0.0
89012,0.0,0.0,0.0
89013,0.0,0.0,0.0
89014,0.0,0.0,0.0
89015,0.0,0.0,0.0
89016,0.0,0.0,0.0
89017,0.0,0.0,0.0
89018,0.0,0.0,0.0
89019,0.0,0.0,0.0
89020,0.0,0.0,0.0
89021,0.0,0.0,0.0
89022,0.0,0.0,0.0
89023,0.0,0.0,0.0
89024,0.0,0.0,0.0
89025,0.0,0.0,0.0
89026,0.0,0.0,0.0
89027,0.0,0.0,0.0
89028,0.0,0.0,0.0
89029,0.0,0.0,0.0
89030,0.0,0.0,0.0
89031,0.0,0.0,0.0
89032,0.0,0.0,0.0
89033,0.0,0.0,0.0
89034,0.0,0.0,0.0
89035,0.0,0.0,0.0
89036,0.0,0.0,0.0
89037,0.0,0.0,0.0
89038,0.0,0.0,0.0
89039,0.0,0.0,0.0
89040,0.0,0.0,0.0
89041,0.0,0.0,0.0
89042,0.0,0.0,0.0
89043,0.0,0.0,0.0
89044,0.0,0.0,0.0
89045,0.0,0.0,0.0
89046,0.0,0.0,0.0
89047,0.0,0.0,0.0
89048,0.0,0.0,0.0
89049,0.0,0.0,0.0
89050,0.0,0.0,0.0
89051,0.0,0.0,0.0
89052,0.0,0.0,0.0
89053,0.0,0.0,0.0
89054,0.0,0.0,0.0
89055,0.0,0.0,0.0
89056,0.0,0.0,0.0
89057,0.0,0.0,0.0
89058,0.0,0.0,0.0
89059,0.0,0.0,0.0
89060,0.0,0.0,0.0
89061,0.0,0.0,0.0
89062,0.0,0.0,0.0
89063,0.0,0.0,0.0
89064,0.0,0.0,0.0
89065,0.0,0.0,0.0
89066,0.0,0.0,0.0
89067,0.0,0.0,0.0
89068,0.0,0.0,0.0
89069,0.0,0.0,0.0
89070,0.0,0.0,0.0
89071,0.0,0.0,0.0
89072,0.0,0.0,0.0
89073,0.0,0.0,0.0
89074,0.0,0.0,0.0
89075,0.0,0.0,0.0
89076,0.0,0.0,0.0
89077,0.0,0.0,0.0
89078,0.0,0.0,0.0
89079,0.0,0.0,0.0
89080,0.0,0.0,0.0
89081,0.0,0.0,0.0
89082,0.0,0.0,0.0
89083,0.0,0.0,0.0
89084,0.0,0.0,0.0
89085,0.0,0.0,0.0
89086,0.0,0.0,0.0
89087,0.0,0.0,0.0
89088,0.0,0.0,0.0
89089,0.0,0.0,0.0
89090,0.0,0.0,0.0
89091,0.0,0.0,0.0
89092,0.0,0.0,0.0
89093,0.0,0.0,0.0
89094,0.0,0.0,0.0
89095,0.0,0.0,0.0
89096,0.0,0.0,0.0
89097,0.0,0.0,0.0
89098,0.0,0.0,0.0
89099,0.0,0.0,0.0
89100,0.0,0.0,0.0
89101,0.0,0.0,0.0
89102,0.0,0.0,0.0
89103,0.0,0.0,0.0
89104,0.0,0.0,0.0
89105,0.0,0.0,0.0
89106,0.0,0.0,0.0
89107,0.0,0.0,0.0
89108,0.0,0.0,0.0
89109,0.0,0.0,0.0
89110,0.0,0.0,0.0
89111,0.0,0.0,0.0
89112,0.0,0.0,0.0
89113,0.0,0.0,0.0
89114,0.0,0.0,0.0
89115,0.0,0.0,0.0
89116,0.0,0.0,0.0
89117,0.0,0.0,0.0
89118,0.0,0.0,0.0
89119,0.0,0.0,0.0
89120,0.0,0.0,0.0
89121,0.0,0.0,0.0
89122,0.0,0.0,0.0
89123,0.0,0.0,0.0
89124,0.0,0.0,0.0
89125,0.0,0.0,0.0
89126,0.0,0.0,0.0
89127,0.0,0.0,0.0
89128,0.0,0.0,0.0
89129,0.0,0.0,0.0
89130,0.0,0.0,0.0
89131,0.0,0.0,0.0
89132,0.0,0.0,0.0
89133,0.0,0.0,0.0
89134,0.0,0.0,0.0
89135,0.0,0.0,0.0
89136,0.0,0.0,0.0
89137,0.0,0.0,0.0
89138,0.0,0.0,0.0
89139,0.0,0.0,0.0
89140,0.0,0.0,0.0
89141,0.0,0.0,0.0
89142,0.0,0.0,0.0
89143,0.0,0.0,0.0
89144,0.0,0.0,0.0
89145,0.0,0.0,0.0
89146,0.0,0.0,0.0
89147,0.0,0.0,0.0
89148,0.0,0.0,0.0
89149,0.0,0.0,0.0
89150,0.0,0.0,0.0
89151,0.0,0.0,0.0
89152,0.0,0.0,0.0
89153,0.0,0.0,0.0
89154,0.0,0.0,0.0
89155,0.0,0.0,0.0
89156,0.0,0.0,0.0
89157,0.0,0.0,0.0
89158,0.0,0.0,0.0
89159,0.0,0.0,0.0
89160,0.0,0.0,0.0
89161,0.0,0.0,0.0
89162,0.0,0.0,0.0
89163,0.0,0.0,0.0
89164,0.0,0.0,0.0
89165,0.0,0.0,0.0
89166,0.0,0.0,0.0
89167,0.0,0.0,0.0
89168,0.0,0.0,0.0
89169,0.0,0.0,0.0
89170,0.0,0.0,0.0
89171,0.0,0.0,0.0
89172,0.0,0.0,0.0
89173,0.0,0.0,0.0
89174,0.0,0.0,0.0
89175,0.0,0.0,0.0
89176,0.0,0.0,0.0
89177,0.0,0.0,0.0
89178,0.0,0.0,0.0
89179,0.0,0.0,0.0
89180,0.0,0.0,0.0
89181,0.0,0.0,0.0
89182,0.0,0.0,0.0
89183,0.0,0.0,0.0
89184,0.0,0.0,0.0
89185,0.0,0.0,0.0
89186,0.0,0.0,0.0
89187,0.0,0.0,0.0
89188,0.0,0.0,0.0
89189,0.0,0.0,0.0
89190,0.0,0.0,0.0
89191,0.0,0.0,0.0
89192,0.0,0.0,0.0
89193,0.0,0.0,0.0
89194,0.0,0.0,0.0
89195,0.0,0.0,0.0
89196,0.0,0.0,0.0
89197,0.0,0.0,0.0
89198,0.0,0.0,0.0
89199,0.0,0.0,0.0
89200,0.0,0.0,0.0
89201,0.0,0.0,0.0
89202,0.0,0.0,0.0
89203,0.0,0.0,0.0
89204,0.0,0.0,0.0
89205,0.0,0.0,0.0
89206,0.0,0.0,0.0
89207,0.0,0.0,0.0
89208,0.0,0.0,0.0
89209,0.0,0.0,0.0
89210,0.0,0.0,0.0
89211,0.0,0.0,0.0
89212,0.0,0.0,0.0
89213,0.0,0.0,0.0
89214,0.0,0.0,0.0
89215,0.0,0.0,0.0
89216,0.0,0.0,0.0
89217,0.0,0.0,0.0
89218,0.0,0.0,0.0
89219,0.0,0.0,0.0
89220,0.0,0.0,0.0
89221,0.0,0.0,0.0
89222,0.0,0.0,0.0
89223,0.0,0.0,0.0
89224,0.0,0.0,0.0
89225,0.0,0.0,0.0
89226,0.0,0.0,0.0
89227,0.0,0.0,0.0
89228,0.0,0.0,0.0
89229,0.0,0.0,0.0
89230,0.0,0.0,0.0
89231,0.0,0.0,0.0
89232,0.0,0.0,0.0
89233,0.0,0.0,0.0
89234,0.0,0.0,0.0
89235,0.0,0.0,0.0
89236,0.0,0.0,0.0
89237,0.0,0.0,0.0
89238,0.0,0.0,0.0
89239,0.0,0.0,0.0
89240,0.0,0.0,0.0
89241,0.0,0.0,0.0
89242,0.0,0.0,0.0
89243,0.0,0.0,0.0
89244,0.0,0.0,0.0
89245,0.0,0.0,0.0
89246,0.0,0.0,0.0
89247,0.0,0.0,0.0
89248,0.0,0.0,0.0
89249,0.0,0.0,0.0
89250,0.0,0.0,0.0
89251,0.0,0.0,0.0
89252,0.0,0.0,0.0
89253,0.0,0.0,0.0
89254,0.0,0.0,0.0
89255,0.0,0.0,0.0
89256,0.0,0.0,0.0
89257,0.0,0.0,0.0
89258,0.0,0.0,0.0
89259,0.0,0.0,0.0
89260,0.0,0.0,0.0
89261,0.0,0.0,0.0
89262,0.0,0.0,0.0
89263,0.0,0.0,0.0
89264,0.0,0.0,0.0
89265,0.0,0.0,0.0
89266,0.0,0.0,0.0
89267,0.0,0.0,0.0
89268,0.0,0.0,0.0
89269,0.0,0.0,0.0
89270,0.0,0.0,0.0
89271,0.0,0.0,0.0
89272,0.0,0.0,0.0
89273,0.0,0.0,0.0
89274,0.0,0.0,0.0
89275,0.0,0.0,0.0
89276,0.0,0.0,0.0
89277,0.0,0.0,0.0
89278,0.0,0.0,0.0
89279,0.0,0.0,0.0
89280,0.0,0.0,0.0
89281,0.0,0.0,0.0
89282,0.0,0.0,0.0
89283,0.0,0.0,0.0
89284,0.0,0.0,0.0
89285,0.0,0.0,0.0
89286,0.0,0.0,0.0
89287,0.0,0.0,0.0
89288,0.0,0.0,0.0
89289,0.0,0.0,0.0
89290,0.0,0.0,0.0
89291,0.0,0.0,0.0
89292,0.0,0.0,0.0
89293,0.0,0.0,0.0
89294,0.0,0.0,0.0
89295,0.0,0.0,0.0
89296,0.0,0.0,0.0
89297,0.0,0.0,0.0
89298,0.0,0.0,0.0
89299,0.0,0.0,0.0
89300,0.0,0.0,0.0
89301,0.0,0.0,0.0
89302,0.0,0.0,0.0
89303,0.0,0.0,0.0
89304,0.0,0.0,0.0
89305,0.0,0.0,0.0
89306,0.0,0.0,0.0
89307,0.0,0.0,0.0
89308,0.0,0.0,0.0
89309,0.0,0.0,0.0
89310,0.0,0.0,0.0
89311,0.0,0.0,0.0
89312,0.0,0.0,0.0
89313,0.0,0.0,0.0
89314,0.0,0.0,0.0
89315,0.0,0.0,0.0
89316,0.0,0.0,0.0
89317,0.0,0.0,0.0
89318,0.0,0.0,0.0
89319,0.0,0.0,0.0
89320,0.0,0.0,0.0
89321,0.0,0.0,0.0
89322,0.0,0.0,0.0
89323,0.0,0.0,0.0
89324,0.0,0.0,0.0
89325,0.0,0.0,0.0
89326,0.0,0.0,0.0
89327,0.0,0.0,0.0
89328,0.0,0.0,0.0
89329,0.0,0.0,0.0
89330,0.0,0.0,0.0
89331,0.0,0.0,0.0
89332,0.0,0.0,0.0
89333,0.0,0.0,0.0
89334,0.0,0.0,0.0
89335,0.0,0.0,0.0
89336,0.0,0.0,0.0
89337,0.0,0.0,0.0
89338,0.0,0.0,0.0
89339,0.0,0.0,0.0
89340,0.0,0.0,0.0
89341,0.0,0.0,0.0
89342,0.0,0.0,0.0
89343,0.0,0.0,0.0
89344,0.0,0.0,0.0
89345,0.0,0.0,0.0
89346,0.0,0.0,0.0
89347,0.0,0.0,0.0
89348,0.0,0.0,0.0
89349,0.0,0.0,0.0
89350,0.0,0.0,0.0
89351,0.0,0.0,0.0
89352,0.0,0.0,0.0
89353,0.0,0.0,0.0
89354,0.0,0.0,0.0
89355,0.0,0.0,0.0
89356,0.0,0.0,0.0
89357,0.0,0.0,0.0
89358,0.0,0.0,0.0
89359,0.0,0.0,0.0
89360,0.0,0.0,0.0
89361,0.0,0.0,0.0
89362,0.0,0.0,0.0
89363,0.0,0.0,0.0
89364,0.0,0.0,0.0
89365,0.0,0.0,0.0
89366,0.0,0.0,0.0
89367,0.0,0.0,0.0
89368,0.0,0.0,0.0
89369,0.0,0.0,0.0
89370,0.0,0.0,0.0
89371,0.0,0.0,0.0
89372,0.0,0.0,0.0
89373,0.0,0.0,0.0
89374,0.0,0.0,0.0
89375,0.0,0.0,0.0
89376,0.0,0.0,0.0
89377,0.0,0.0,0.0
89378,0.0,0.0,0.0
89379,0.0,0.0,0.0
89380,0.0,0.0,0.0
89381,0.0,0.0,0.0
89382,0.0,0.0,0.0
89383,0.0,0.0,0.0
89384,0.0,0.0,0.0
89385,0.0,0.0,0.0
89386,0.0,0.0,0.0
89387,0.0,0.0,0.0
89388,0.0,0.0,0.0
89389,0.0,0.0,0.0
89390,0.0,0.0,0.0
89391,0.0,0.0,0.0
89392,0.0,0.0,0.0
89393,0.0,0.0,0.0
89394,0.0,0.0,0.0
89395,0.0,0.0,0.0
89396,0.0,0.0,0.0
89397,0.0,0.0,0.0
89398,0.0,0.0,0.0
89399,0.0,0.0,0.0
89400,0.0,0.0,0.0
89401,0.0,0.0,0.0
89402,0.0,0.0,0.0
89403,0.0,0.0,0.0
89404,0.0,0.0,0.0
89405,0.0,0.0,0.0
89406,0.0,0.0,0.0
89407,0.0,0.0,0.0
89408,0.0,0.0,0.0
89409,0.0,0.0,0.0
89410,0.0,0.0,0.0
89411,0.0,0.0,0.0
89412,0.0,0.0,0.0
89413,0.0,0.0,0.0
89414,0.0,0.0,0.0
89415,0.0,0.0,0.0
89416,0.0,0.0,0.0
89417,0.0,0.0,0.0
89418,0.0,0.0,0.0
89419,0.0,0.0,0.0
89420,0.0,0.0,0.0
89421,0.0,0.0,0.0
89422,0.0,0.0,0.0
89423,0.0,0.0,0.0
89424,0.0,0.0,0.0
89425,0.0,0.0,0.0
89426,0.0,0.0,0.0
89427,0.0,0.0,0.0
89428,0.0,0.0,0.0
89429,0.0,0.0,0.0
89430,0.0,0.0,0.0
89431,0.0,0.0,0.0
89432,0.0,0.0,0.0
89433,0.0,0.0,0.0
89434,0.0,0.0,0.0
89435,0.0,0.0,0.0
89436,0.0,0.0,0.0
89437,0.0,0.0,0.0
89438,0.0,0.0,0.0
89439,0.0,0.0,0.0
89440,0.0,0.0,0.0
89441,0.0,0.0,0.0
89442,0.0,0.0,0.0
89443,0.0,0.0,0.0
89444,0.0,0.0,0.0
89445,0.0,0.0,0.0
89446,0.0,0.0,0.0
89447,0.0,0.0,0.0
89448,0.0,0.0,0.0
89449,0.0,0.0,0.0
89450,0.0,0.0,0.0
89451,0.0,0.0,0.0
89452,0.0,0.0,0.0
89453,0.0,0.0,0.0
89454,0.0,0.0,0.0
89455,0.0,0.0,0.0
89456,0.0,0.0,0.0
89457,0.0,0.0,0.0
89458,0.0,0.0,0.0
89459,0.0,0.0,0.0
89460,0.0,0.0,0.0
89461,0.0,0.0,0.0
89462,0.0,0.0,0.0
89463,0.0,0.0,0.0
89464,0.0,0.0,0.0
89465,0.0,0.0,0.0
89466,0.0,0.0,0.0
89467,0.0,0.0,0.0
89468,0.0,0.0,0.0
89469,0.0,0.0,0.0
89470,0.0,0.0,0.0
89471,0.0,0.0,0.0
89472,0.0,0.0,0.0
89473,0.0,0.0,0.0
89474,0.0,0.0,0.0
89475,0.0,0.0,0.0
89476,0.0,0.0,0.0
89477,0.0,0.0,0.0
89478,0.0,0.0,0.0
89479,0.0,0.0,0.0
89480,0.0,0.0,0.0
89481,0.0,0.0,0.0
89482,0.0,0.0,0.0
89483,0.0,0.0,0.0
89484,0.0,0.0,0.0
89485,0.0,0.0,0.0
89486,0.0,0.0,0.0
89487,0.0,0.0,0.0
89488,0.0,0.0,0.0
89489,0.0,0.0,0.0
89490,0.0,0.0,0.0
89491,0.0,0.0,0.0
89492,0.0,0.0,0.0
89493,0.0,0.0,0.0
89494,0.0,0.0,0.0
89495,0.0,0.0,0.0
89496,0.0,0.0,0.0
89497,0.0,0.0,0.0
89498,0.0,0.0,0.0
89499,0.0,0.0,0.0
89500,0.0,0.0,0.0
89501,0.0,0.0,0.0
89502,0.0,0.0,0.0
89503,0.0,0.0,0.0
89504,0.0,0.0,0.0
89505,0.0,0.0,0.0
89506,0.0,0.0,0.0
89507,0.0,0.0,0.0
89508,0.0,0.0,0.0
89509,0.0,0.0,0.0
89510,0.0,0.0,0.0
89511,0.0,0.0,0.0
89512,0.0,0.0,0.0
89513,0.0,0.0,0.0
89514,0.0,0.0,0.0
89515,0.0,0.0,0.0
89516,0.0,0.0,0.0
89517,0.0,0.0,0.0
89518,0.0,0.0,0.0
89519,0.0,0.0,0.0
89520,0.0,0.0,0.0
89521,0.0,0.0,0.0
89522,0.0,0.0,0.0
89523,0.0,0.0,0.0
89524,0.0,0.0,0.0
89525,0.0,0.0,0.0
89526,0.0,0.0,0.0
89527,0.0,0.0,0.0
89528,0.0,0.0,0.0
89529,0.0,0.0,0.0
89530,0.0,0.0,0.0
89531,0.0,0.0,0.0
89532,0.0,0.0,0.0
89533,0.0,0.0,0.0
89534,0.0,0.0,0.0
89535,0.0,0.0,0.0
89536,0.0,0.0,0.0
89537,0.0,0.0,0.0
89538,0.0,0.0,0.0
89539,0.0,0.0,0.0
89540,0.0,0.0,0.0
89541,0.0,0.0,0.0
89542,0.0,0.0,0.0
89543,0.0,0.0,0.0
89544,0.0,0.0,0.0
89545,0.0,0.0,0.0
89546,0.0,0.0,0.0
89547,0.0,0.0,0.0
89548,0.0,0.0,0.0
89549,0.0,0.0,0.0
89550,0.0,0.0,0.0
89551,0.0,0.0,0.0
89552,0.0,0.0,0.0
89553,0.0,0.0,0.0
89554,0.0,0.0,0.0
89555,0.0,0.0,0.0
89556,0.0,0.0,0.0
89557,0.0,0.0,0.0
89558,0.0,0.0,0.0
89559,0.0,0.0,0.0
89560,0.0,0.0,0.0
89561,0.0,0.0,0.0
89562,0.0,0.0,0.0
89563,0.0,0.0,0.0
89564,0.0,0.0,0.0
89565,0.0,0.0,0.0
89566,0.0,0.0,0.0
89567,0.0,0.0,0.0
89568,0.0,0.0,0.0
89569,0.0,0.0,0.0
89570,0.0,0.0,0.0
89571,0.0,0.0,0.0
89572,0.0,0.0,0.0
89573,0.0,0.0,0.0
89574,0.0,0.0,0.0
89575,0.0,0.0,0.0
89576,0.0,0.0,0.0
89577,0.0,0.0,0.0
89578,0.0,0.0,0.0
89579,0.0,0.0,0.0
89580,0.0,0.0,0.0
89581,0.0,0.0,0.0
89582,0.0,0.0,0.0
89583,0.0,0.0,0.0
89584,0.0,0.0,0.0
89585,0.0,0.0,0.0
89586,0.0,0.0,0.0
89587,0.0,0.0,0.0
89588,0.0,0.0,0.0
89589,0.0,0.0,0.0
89590,0.0,0.0,0.0
89591,0.0,0.0,0.0
89592,0.0,0.0,0.0
89593,0.0,0.0,0.0
89594,0.0,0.0,0.0
89595,0.0,0.0,0.0
89596,0.0,0.0,0.0
89597,0.0,0.0,0.0
89598,0.0,0.0,0.0
89599,0.0,0.0,0.0
89600,0.0,0.0,0.0
89601,0.0,0.0,0.0
89602,0.0,0.0,0.0
89603,0.0,0.0,0.0
89604,0.0,0.0,0.0
89605,0.0,0.0,0.0
89606,0.0,0.0,0.0
89607,0.0,0.0,0.0
89608,0.0,0.0,0.0
89609,0.0,0.0,0.0
89610,0.0,0.0,0.0
89611,0.0,0.0,0.0
89612,0.0,0.0,0.0
89613,0.0,0.0,0.0
89614,0.0,0.0,0.0
89615,0.0,0.0,0.0
89616,0.0,0.0,0.0
89617,0.0,0.0,0.0
89618,0.0,0.0,0.0
89619,0.0,0.0,0.0
89620,0.0,0.0,0.0
89621,0.0,0.0,0.0
89622,0.0,0.0,0.0
89623,0.0,0.0,0.0
89624,0.0,0.0,0.0
89625,0.0,0.0,0.0
89626,0.0,0.0,0.0
89627,0.0,0.0,0.0
89628,0.0,0.0,0.0
89629,0.0,0.0,0.0
89630,0.0,0.0,0.0
89631,0.0,0.0,0.0
89632,0.0,0.0,0.0
89633,0.0,0.0,0.0
89634,0.0,0.0,0.0
89635,0.0,0.0,0.0
89636,0.0,0.0,0.0
89637,0.0,0.0,0.0
89638,0.0,0.0,0.0
89639,0.0,0.0,0.0
89640,0.0,0.0,0.0
89641,0.0,0.0,0.0
89642,0.0,0.0,0.0
89643,0.0,0.0,0.0
89644,0.0,0.0,0.0
89645,0.0,0.0,0.0
89646,0.0,0.0,0.0
89647,0.0,0.0,0.0
89648,0.0,0.0,0.0
89649,0.0,0.0,0.0
89650,0.0,0.0,0.0
89651,0.0,0.0,0.0
89652,0.0,0.0,0.0
89653,0.0,0.0,0.0
89654,0.0,0.0,0.0
89655,0.0,0.0,0.0
89656,0.0,0.0,0.0
89657,0.0,0.0,0.0
89658,0.0,0.0,0.0
89659,0.0,0.0,0.0
89660,0.0,0.0,0.0
89661,0.0,0.0,0.0
89662,0.0,0.0,0.0
89663,0.0,0.0,0.0
89664,0.0,0.0,0.0
89665,0.0,0.0,0.0
89666,0.0,0.0,0.0
89667,0.0,0.0,0.0
89668,0.0,0.0,0.0
89669,0.0,0.0,0.0
89670,0.0,0.0,0.0
89671,0.0,0.0,0.0
89672,0.0,0.0,0.0
89673,0.0,0.0,0.0
89674,0.0,0.0,0.0
89675,0.0,0.0,0.0
89676,0.0,0.0,0.0
89677,0.0,0.0,0.0
89678,0.0,0.0,0.0
89679,0.0,0.0,0.0
89680,0.0,0.0,0.0
89681,0.0,0.0,0.0
89682,0.0,0.0,0.0
89683,0.0,0.0,0.0
89684,0.0,0.0,0.0
89685,0.0,0.0,0.0
89686,0.0,0.0,0.0
89687,0.0,0.0,0.0
89688,0.0,0.0,0.0
89689,0.0,0.0,0.0
89690,0.0,0.0,0.0
89691,0.0,0.0,0.0
89692,0.0,0.0,0.0
89693,0.0,0.0,0.0
89694,0.0,0.0,0.0
89695,0.0,0.0,0.0
89696,0.0,0.0,0.0
89697,0.0,0.0,0.0
89698,0.0,0.0,0.0
89699,0.0,0.0,0.0
89700,0.0,0.0,0.0
89701,0.0,0.0,0.0
89702,0.0,0.0,0.0
89703,0.0,0.0,0.0
89704,0.0,0.0,0.0
89705,0.0,0.0,0.0
89706,0.0,0.0,0.0
89707,0.0,0.0,0.0
89708,0.0,0.0,0.0
89709,0.0,0.0,0.0
89710,0.0,0.0,0.0
89711,0.0,0.0,0.0
89712,0.0,0.0,0.0
89713,0.0,0.0,0.0
89714,0.0,0.0,0.0
89715,0.0,0.0,0.0
89716,0.0,0.0,0.0
89717,0.0,0.0,0.0
89718,0.0,0.0,0.0
89719,0.0,0.0,0.0
89720,0.0,0.0,0.0
89721,0.0,0.0,0.0
89722,0.0,0.0,0.0
89723,0.0,0.0,0.0
89724,0.0,0.0,0.0
89725,0.0,0.0,0.0
89726,0.0,0.0,0.0
89727,0.0,0.0,0.0
89728,0.0,0.0,0.0
89729,0.0,0.0,0.0
89730,0.0,0.0,0.0
89731,0.0,0.0,0.0
89732,0.0,0.0,0.0
89733,0.0,0.0,0.0
89734,0.0,0.0,0.0
89735,0.0,0.0,0.0
89736,0.0,0.0,0.0
89737,0.0,0.0,0.0
89738,0.0,0.0,0.0
89739,0.0,0.0,0.0
89740,0.0,0.0,0.0
89741,0.0,0.0,0.0
89742,0.0,0.0,0.0
89743,0.0,0.0,0.0
89744,0.0,0.0,0.0
89745,0.0,0.0,0.0
89746,0.0,0.0,0.0
89747,0.0,0.0,0.0
89748,0.0,0.0,0.0
89749,0.0,0.0,0.0
89750,0.0,0.0,0.0
89751,0.0,0.0,0.0
89752,0.0,0.0,0.0
89753,0.0,0.0,0.0
89754,0.0,0.0,0.0
89755,0.0,0.0,0.0
89756,0.0,0.0,0.0
89757,0.0,0.0,0.0
89758,0.0,0.0,0.0
89759,0.0,0.0,0.0
89760,0.0,0.0,0.0
89761,0.0,0.0,0.0
89762,0.0,0.0,0.0
89763,0.0,0.0,0.0
89764,0.0,0.0,0.0
89765,0.0,0.0,0.0
89766,0.0,0.0,0.0
89767,0.0,0.0,0.0
89768,0.0,0.0,0.0
89769,0.0,0.0,0.0
89770,0.0,0.0,0.0
89771,0.0,0.0,0.0
89772,0.0,0.0,0.0
89773,0.0,0.0,0.0
89774,0.0,0.0,0.0
89775,0.0,0.0,0.0
89776,0.0,0.0,0.0
89777,0.0,0.0,0.0
89778,0.0,0.0,0.0
89779,0.0,0.0,0.0
89780,0.0,0.0,0.0
89781,0.0,0.0,0.0
89782,0.0,0.0,0.0
89783,0.0,0.0,0.0
89784,0.0,0.0,0.0
89785,0.0,0.0,0.0
89786,0.0,0.0,0.0
89787,0.0,0.0,0.0
89788,0.0,0.0,0.0
89789,0.0,0.0,0.0
89790,0.0,0.0,0.0
89791,0.0,0.0,0.0
89792,0.0,0.0,0.0
89793,0.0,0.0,0.0
89794,0.0,0.0,0.0
89795,0.0,0.0,0.0
89796,0.0,0.0,0.0
89797,0.0,0.0,0.0
89798,0.0,0.0,0.0
89799,0.0,0.0,0.0
89800,0.0,0.0,0.0
89801,0.0,0.0,0.0
89802,0.0,0.0,0.0
89803,0.0,0.0,0.0
89804,0.0,0.0,0.0
89805,0.0,0.0,0.0
89806,0.0,0.0,0.0
89807,0.0,0.0,0.0
89808,0.0,0.0,0.0
89809,0.0,0.0,0.0
89810,0.0,0.0,0.0
89811,0.0,0.0,0.0
89812,0.0,0.0,0.0
89813,0.0,0.0,0.0
89814,0.0,0.0,0.0
89815,0.0,0.0,0.0
89816,0.0,0.0,0.0
89817,0.0,0.0,0.0
89818,0.0,0.0,0.0
89819,0.0,0.0,0.0
89820,0.0,0.0,0.0
89821,0.0,0.0,0.0
89822,0.0,0.0,0.0
89823,0.0,0.0,0.0
89824,0.0,0.0,0.0
89825,0.0,0.0,0.0
89826,0.0,0.0,0.0
89827,0.0,0.0,0.0
89828,0.0,0.0,0.0
89829,0.0,0.0,0.0
89830,0.0,0.0,0.0
89831,0.0,0.0,0.0
89832,0.0,0.0,0.0
89833,0.0,0.0,0.0
89834,0.0,0.0,0.0
89835,0.0,0.0,0.0
89836,0.0,0.0,0.0
89837,0.0,0.0,0.0
89838,0.0,0.0,0.0
89839,0.0,0.0,0.0
89840,0.0,0.0,0.0
89841,0.0,0.0,0.0
89842,0.0,0.0,0.0
89843,0.0,0.0,0.0
89844,0.0,0.0,0.0
89845,0.0,0.0,0.0
89846,0.0,0.0,0.0
89847,0.0,0.0,0.0
89848,0.0,0.0,0.0
89849,0.0,0.0,0.0
89850,0.0,0.0,0.0
89851,0.0,0.0,0.0
89852,0.0,0.0,0.0
89853,0.0,0.0,0.0
89854,0.0,0.0,0.0
89855,0.0,0.0,0.0
89856,0.0,0.0,0.0
89857,0.0,0.0,0.0
89858,0.0,0.0,0.0
89859,0.0,0.0,0.0
89860,0.0,0.0,0.0
89861,0.0,0.0,0.0
89862,0.0,0.0,0.0
89863,0.0,0.0,0.0
89864,0.0,0.0,0.0
89865,0.0,0.0,0.0
89866,0.0,0.0,0.0
89867,0.0,0.0,0.0
89868,0.0,0.0,0.0
89869,0.0,0.0,0.0
89870,0.0,0.0,0.0
89871,0.0,0.0,0.0
89872,0.0,0.0,0.0
89873,0.0,0.0,0.0
89874,0.0,0.0,0.0
89875,0.0,0.0,0.0
89876,0.0,0.0,0.0
89877,0.0,0.0,0.0
89878,0.0,0.0,0.0
89879,0.0,0.0,0.0
89880,0.0,0.0,0.0
89881,0.0,0.0,0.0
89882,0.0,0.0,0.0
89883,0.0,0.0,0.0
89884,0.0,0.0,0.0
89885,0.0,0.0,0.0
89886,0.0,0.0,0.0
89887,0.0,0.0,0.0
89888,0.0,0.0,0.0
89889,0.0,0.0,0.0
89890,0.0,0.0,0.0
89891,0.0,0.0,0.0
89892,0.0,0.0,0.0
89893,0.0,0.0,0.0
89894,0.0,0.0,0.0
89895,0.0,0.0,0.0
89896,0.0,0.0,0.0
89897,0.0,0.0,0.0
89898,0.0,0.0,0.0
89899,0.0,0.0,0.0
89900,0.0,0.0,0.0
89901,0.0,0.0,0.0
89902,0.0,0.0,0.0
89903,0.0,0.0,0.0
89904,0.0,0.0,0.0
89905,0.0,0.0,0.0
89906,0.0,0.0,0.0
89907,0.0,0.0,0.0
89908,0.0,0.0,0.0
89909,0.0,0.0,0.0
89910,0.0,0.0,0.0
89911,0.0,0.0,0.0
89912,0.0,0.0,0.0
89913,0.0,0.0,0.0
89914,0.0,0.0,0.0
89915,0.0,0.0,0.0
89916,0.0,0.0,0.0
89917,0.0,0.0,0.0
89918,0.0,0.0,0.0
89919,0.0,0.0,0.0
89920,0.0,0.0,0.0
89921,0.0,0.0,0.0
89922,0.0,0.0,0.0
89923,0.0,0.0,0.0
89924,0.0,0.0,0.0
89925,0.0,0.0,0.0
89926,0.0,0.0,0.0
89927,0.0,0.0,0.0
89928,0.0,0.0,0.0
89929,0.0,0.0,0.0
89930,0.0,0.0,0.0
89931,0.0,0.0,0.0
89932,0.0,0.0,0.0
89933,0.0,0.0,0.0
89934,0.0,0.0,0.0
89935,0.0,0.0,0.0
89936,0.0,0.0,0.0
89937,0.0,0.0,0.0
89938,0.0,0.0,0.0
89939,0.0,0.0,0.0
89940,0.0,0.0,0.0
89941,0.0,0.0,0.0
89942,0.0,0.0,0.0
89943,0.0,0.0,0.0
89944,0.0,0.0,0.0
89945,0.0,0.0,0.0
89946,0.0,0.0,0.0
89947,0.0,0.0,0.0
89948,0.0,0.0,0.0
89949,0.0,0.0,0.0
89950,0.0,0.0,0.0
89951,0.0,0.0,0.0
89952,0.0,0.0,0.0
89953,0.0,0.0,0.0
89954,0.0,0.0,0.0
89955,0.0,0.0,0.0
89956,0.0,0.0,0.0
89957,0.0,0.0,0.0
89958,0.0,0.0,0.0
89959,0.0,0.0,0.0
89960,0.0,0.0,0.0
89961,0.0,0.0,0.0
89962,0.0,0.0,0.0
89963,0.0,0.0,0.0
89964,0.0,0.0,0.0
89965,0.0,0.0,0.0
89966,0.0,0.0,0.0
89967,0.0,0.0,0.0
89968,0.0,0.0,0.0
89969,0.0,0.0,0.0
89970,0.0,0.0,0.0
89971,0.0,0.0,0.0
89972,0.0,0.0,0.0
89973,0.0,0.0,0.0
89974,0.0,0.0,0.0
89975,0.0,0.0,0.0
89976,0.0,0.0,0.0
89977,0.0,0.0,0.0
89978,0.0,0.0,0.0
89979,0.0,0.0,0.0
89980,0.0,0.0,0.0
89981,0.0,0.0,0.0
89982,0.0,0.0,0.0
89983,0.0,0.0,0.0
89984,0.0,0.0,0.0
89985,0.0,0.0,0.0
89986,0.0,0.0,0.0
89987,0.0,0.0,0.0
89988,0.0,0.0,0.0
89989,0.0,0.0,0.0
89990,0.0,0.0,0.0
89991,0.0,0.0,0.0
89992,0.0,0.0,0.0
89993,0.0,0.0,0.0
89994,0.0,0.0,0.0
89995,0.0,0.0,0.0
89996,0.0,0.0,0.0
89997,0.0,0.0,0.0
89998,0.0,0.0,0.0
89999,0.0,0.0,0.0
90000,0.0,0.0,0.0
90001,0.0,0.0,0.0
90002,0.0,0.0,0.0
90003,0.0,0.0,0.0
90004,0.0,0.0,0.0
90005,0.0,0.0,0.0
90006,0.0,0.0,0.0
90007,0.0,0.0,0.0
90008,0.0,0.0,0.0
90009,0.0,0.0,0.0
90010,0.0,0.0,0.0
90011,0.0,0.0,0.0
90012,0.0,0.0,0.0
90013,0.0,0.0,0.0
90014,0.0,0.0,0.0
90015,0.0,0.0,0.0
90016,0.0,0.0,0.0
90017,0.0,0.0,0.0
90018,0.0,0.0,0.0
90019,0.0,0.0,0.0
90020,0.0,0.0,0.0
90021,0.0,0.0,0.0
90022,0.0,0.0,0.0
90023,0.0,0.0,0.0
90024,0.0,0.0,0.0
90025,0.0,0.0,0.0
90026,0.0,0.0,0.0
90027,0.0,0.0,0.0
90028,0.0,0.0,0.0
90029,0.0,0.0,0.0
90030,0.0,0.0,0.0
90031,0.0,0.0,0.0
90032,0.0,0.0,0.0
90033,0.0,0.0,0.0
90034,0.0,0.0,0.0
90035,0.0,0.0,0.0
90036,0.0,0.0,0.0
90037,0.0,0.0,0.0
90038,0.0,0.0,0.0
90039,0.0,0.0,0.0
90040,0.0,0.0,0.0
90041,0.0,0.0,0.0
90042,0.0,0.0,0.0
90043,0.0,0.0,0.0
90044,0.0,0.0,0.0
90045,0.0,0.0,0.0
90046,0.0,0.0,0.0
90047,0.0,0.0,0.0
90048,0.0,0.0,0.0
90049,0.0,0.0,0.0
90050,0.0,0.0,0.0
90051,0.0,0.0,0.0
90052,0.0,0.0,0.0
90053,0.0,0.0,0.0
90054,0.0,0.0,0.0
90055,0.0,0.0,0.0
90056,0.0,0.0,0.0
90057,0.0,0.0,0.0
90058,0.0,0.0,0.0
90059,0.0,0.0,0.0
90060,0.0,0.0,0.0
90061,0.0,0.0,0.0
90062,0.0,0.0,0.0
90063,0.0,0.0,0.0
90064,0.0,0.0,0.0
90065,0.0,0.0,0.0
90066,0.0,0.0,0.0
90067,0.0,0.0,0.0
90068,0.0,0.0,0.0
90069,0.0,0.0,0.0
90070,0.0,0.0,0.0
90071,0.0,0.0,0.0
90072,0.0,0.0,0.0
90073,0.0,0.0,0.0
90074,0.0,0.0,0.0
90075,0.0,0.0,0.0
90076,0.0,0.0,0.0
90077,0.0,0.0,0.0
90078,0.0,0.0,0.0
90079,0.0,0.0,0.0
90080,0.0,0.0,0.0
90081,0.0,0.0,0.0
90082,0.0,0.0,0.0
90083,0.0,0.0,0.0
90084,0.0,0.0,0.0
90085,0.0,0.0,0.0
90086,0.0,0.0,0.0
90087,0.0,0.0,0.0
90088,0.0,0.0,0.0
90089,0.0,0.0,0.0
90090,0.0,0.0,0.0
90091,0.0,0.0,0.0
90092,0.0,0.0,0.0
90093,0.0,0.0,0.0
90094,0.0,0.0,0.0
90095,0.0,0.0,0.0
90096,0.0,0.0,0.0
90097,0.0,0.0,0.0
90098,0.0,0.0,0.0
90099,0.0,0.0,0.0
90100,0.0,0.0,0.0
90101,0.0,0.0,0.0
90102,0.0,0.0,0.0
90103,0.0,0.0,0.0
90104,0.0,0.0,0.0
90105,0.0,0.0,0.0
90106,0.0,0.0,0.0
90107,0.0,0.0,0.0
90108,0.0,0.0,0.0
90109,0.0,0.0,0.0
90110,0.0,0.0,0.0
90111,0.0,0.0,0.0
90112,0.0,0.0,0.0
90113,0.0,0.0,0.0
90114,0.0,0.0,0.0
90115,0.0,0.0,0.0
90116,0.0,0.0,0.0
90117,0.0,0.0,0.0
90118,0.0,0.0,0.0
90119,0.0,0.0,0.0
90120,0.0,0.0,0.0
90121,0.0,0.0,0.0
90122,0.0,0.0,0.0
90123,0.0,0.0,0.0
90124,0.0,0.0,0.0
90125,0.0,0.0,0.0
90126,0.0,0.0,0.0
90127,0.0,0.0,0.0
90128,0.0,0.0,0.0
90129,0.0,0.0,0.0
90130,0.0,0.0,0.0
90131,0.0,0.0,0.0
90132,0.0,0.0,0.0
90133,0.0,0.0,0.0
90134,0.0,0.0,0.0
90135,0.0,0.0,0.0
90136,0.0,0.0,0.0
90137,0.0,0.0,0.0
90138,0.0,0.0,0.0
90139,0.0,0.0,0.0
90140,0.0,0.0,0.0
90141,0.0,0.0,0.0
90142,0.0,0.0,0.0
90143,0.0,0.0,0.0
90144,0.0,0.0,0.0
90145,0.0,0.0,0.0
90146,0.0,0.0,0.0
90147,0.0,0.0,0.0
90148,0.0,0.0,0.0
90149,0.0,0.0,0.0
90150,0.0,0.0,0.0
90151,0.0,0.0,0.0
90152,0.0,0.0,0.0
90153,0.0,0.0,0.0
90154,0.0,0.0,0.0
90155,0.0,0.0,0.0
90156,0.0,0.0,0.0
90157,0.0,0.0,0.0
90158,0.0,0.0,0.0
90159,0.0,0.0,0.0
90160,0.0,0.0,0.0
90161,0.0,0.0,0.0
90162,0.0,0.0,0.0
90163,0.0,0.0,0.0
90164,0.0,0.0,0.0
90165,0.0,0.0,0.0
90166,0.0,0.0,0.0
90167,0.0,0.0,0.0
90168,0.0,0.0,0.0
90169,0.0,0.0,0.0
90170,0.0,0.0,0.0
90171,0.0,0.0,0.0
90172,0.0,0.0,0.0
90173,0.0,0.0,0.0
90174,0.0,0.0,0.0
90175,0.0,0.0,0.0
90176,0.0,0.0,0.0
90177,0.0,0.0,0.0
90178,0.0,0.0,0.0
90179,0.0,0.0,0.0
90180,0.0,0.0,0.0
90181,0.0,0.0,0.0
90182,0.0,0.0,0.0
90183,0.0,0.0,0.0
90184,0.0,0.0,0.0
90185,0.0,0.0,0.0
90186,0.0,0.0,0.0
90187,0.0,0.0,0.0
90188,0.0,0.0,0.0
90189,0.0,0.0,0.0
90190,0.0,0.0,0.0
90191,0.0,0.0,0.0
90192,0.0,0.0,0.0
90193,0.0,0.0,0.0
90194,0.0,0.0,0.0
90195,0.0,0.0,0.0
90196,0.0,0.0,0.0
90197,0.0,0.0,0.0
90198,0.0,0.0,0.0
90199,0.0,0.0,0.0
90200,0.0,0.0,0.0
90201,0.0,0.0,0.0
90202,0.0,0.0,0.0
90203,0.0,0.0,0.0
90204,0.0,0.0,0.0
90205,0.0,0.0,0.0
90206,0.0,0.0,0.0
90207,0.0,0.0,0.0
90208,0.0,0.0,0.0
90209,0.0,0.0,0.0
90210,0.0,0.0,0.0
90211,0.0,0.0,0.0
90212,0.0,0.0,0.0
90213,0.0,0.0,0.0
90214,0.0,0.0,0.0
90215,0.0,0.0,0.0
90216,0.0,0.0,0.0
90217,0.0,0.0,0.0
90218,0.0,0.0,0.0
90219,0.0,0.0,0.0
90220,0.0,0.0,0.0
90221,0.0,0.0,0.0
90222,0.0,0.0,0.0
90223,0.0,0.0,0.0
90224,0.0,0.0,0.0
90225,0.0,0.0,0.0
90226,0.0,0.0,0.0
90227,0.0,0.0,0.0
90228,0.0,0.0,0.0
90229,0.0,0.0,0.0
90230,0.0,0.0,0.0
90231,0.0,0.0,0.0
90232,0.0,0.0,0.0
90233,0.0,0.0,0.0
90234,0.0,0.0,0.0
90235,0.0,0.0,0.0
90236,0.0,0.0,0.0
90237,0.0,0.0,0.0
90238,0.0,0.0,0.0
90239,0.0,0.0,0.0
90240,0.0,0.0,0.0
90241,0.0,0.0,0.0
90242,0.0,0.0,0.0
90243,0.0,0.0,0.0
90244,0.0,0.0,0.0
90245,0.0,0.0,0.0
90246,0.0,0.0,0.0
90247,0.0,0.0,0.0
90248,0.0,0.0,0.0
90249,0.0,0.0,0.0
90250,0.0,0.0,0.0
90251,0.0,0.0,0.0
90252,0.0,0.0,0.0
90253,0.0,0.0,0.0
90254,0.0,0.0,0.0
90255,0.0,0.0,0.0
90256,0.0,0.0,0.0
90257,0.0,0.0,0.0
90258,0.0,0.0,0.0
90259,0.0,0.0,0.0
90260,0.0,0.0,0.0
90261,0.0,0.0,0.0
90262,0.0,0.0,0.0
90263,0.0,0.0,0.0
90264,0.0,0.0,0.0
90265,0.0,0.0,0.0
90266,0.0,0.0,0.0
90267,0.0,0.0,0.0
90268,0.0,0.0,0.0
90269,0.0,0.0,0.0
90270,0.0,0.0,0.0
90271,0.0,0.0,0.0
90272,0.0,0.0,0.0
90273,0.0,0.0,0.0
90274,0.0,0.0,0.0
90275,0.0,0.0,0.0
90276,0.0,0.0,0.0
90277,0.0,0.0,0.0
90278,0.0,0.0,0.0
90279,0.0,0.0,0.0
90280,0.0,0.0,0.0
90281,0.0,0.0,0.0
90282,0.0,0.0,0.0
90283,0.0,0.0,0.0
90284,0.0,0.0,0.0
90285,0.0,0.0,0.0
90286,0.0,0.0,0.0
90287,0.0,0.0,0.0
90288,0.0,0.0,0.0
90289,0.0,0.0,0.0
90290,0.0,0.0,0.0
90291,0.0,0.0,0.0
90292,0.0,0.0,0.0
90293,0.0,0.0,0.0
90294,0.0,0.0,0.0
90295,0.0,0.0,0.0
90296,0.0,0.0,0.0
90297,0.0,0.0,0.0
90298,0.0,0.0,0.0
90299,0.0,0.0,0.0
90300,0.0,0.0,0.0
90301,0.0,0.0,0.0
90302,0.0,0.0,0.0
90303,0.0,0.0,0.0
90304,0.0,0.0,0.0
90305,0.0,0.0,0.0
90306,0.0,0.0,0.0
90307,0.0,0.0,0.0
90308,0.0,0.0,0.0
90309,0.0,0.0,0.0
90310,0.0,0.0,0.0
90311,0.0,0.0,0.0
90312,0.0,0.0,0.0
90313,0.0,0.0,0.0
90314,0.0,0.0,0.0
90315,0.0,0.0,0.0
90316,0.0,0.0,0.0
90317,0.0,0.0,0.0
90318,0.0,0.0,0.0
90319,0.0,0.0,0.0
90320,0.0,0.0,0.0
90321,0.0,0.0,0.0
90322,0.0,0.0,0.0
90323,0.0,0.0,0.0
90324,0.0,0.0,0.0
90325,0.0,0.0,0.0
90326,0.0,0.0,0.0
90327,0.0,0.0,0.0
90328,0.0,0.0,0.0
90329,0.0,0.0,0.0
90330,0.0,0.0,0.0
90331,0.0,0.0,0.0
90332,0.0,0.0,0.0
90333,0.0,0.0,0.0
90334,0.0,0.0,0.0
90335,0.0,0.0,0.0
90336,0.0,0.0,0.0
90337,0.0,0.0,0.0
90338,0.0,0.0,0.0
90339,0.0,0.0,0.0
90340,0.0,0.0,0.0
90341,0.0,0.0,0.0
90342,0.0,0.0,0.0
90343,0.0,0.0,0.0
90344,0.0,0.0,0.0
90345,0.0,0.0,0.0
90346,0.0,0.0,0.0
90347,0.0,0.0,0.0
90348,0.0,0.0,0.0
90349,0.0,0.0,0.0
90350,0.0,0.0,0.0
90351,0.0,0.0,0.0
90352,0.0,0.0,0.0
90353,0.0,0.0,0.0
90354,0.0,0.0,0.0
90355,0.0,0.0,0.0
90356,0.0,0.0,0.0
90357,0.0,0.0,0.0
90358,0.0,0.0,0.0
90359,0.0,0.0,0.0
90360,0.0,0.0,0.0
90361,0.0,0.0,0.0
90362,0.0,0.0,0.0
90363,0.0,0.0,0.0
90364,0.0,0.0,0.0
90365,0.0,0.0,0.0
90366,0.0,0.0,0.0
90367,0.0,0.0,0.0
90368,0.0,0.0,0.0
90369,0.0,0.0,0.0
90370,0.0,0.0,0.0
90371,0.0,0.0,0.0
90372,0.0,0.0,0.0
90373,0.0,0.0,0.0
90374,0.0,0.0,0.0
90375,0.0,0.0,0.0
90376,0.0,0.0,0.0
90377,0.0,0.0,0.0
90378,0.0,0.0,0.0
90379,0.0,0.0,0.0
90380,0.0,0.0,0.0
90381,0.0,0.0,0.0
90382,0.0,0.0,0.0
90383,0.0,0.0,0.0
90384,0.0,0.0,0.0
90385,0.0,0.0,0.0
90386,0.0,0.0,0.0
90387,0.0,0.0,0.0
90388,0.0,0.0,0.0
90389,0.0,0.0,0.0
90390,0.0,0.0,0.0
90391,0.0,0.0,0.0
90392,0.0,0.0,0.0
90393,0.0,0.0,0.0
90394,0.0,0.0,0.0
90395,0.0,0.0,0.0
90396,0.0,0.0,0.0
90397,0.0,0.0,0.0
90398,0.0,0.0,0.0
90399,0.0,0.0,0.0
90400,0.0,0.0,0.0
90401,0.0,0.0,0.0
90402,0.0,0.0,0.0
90403,0.0,0.0,0.0
90404,0.0,0.0,0.0
90405,0.0,0.0,0.0
90406,0.0,0.0,0.0
90407,0.0,0.0,0.0
90408,0.0,0.0,0.0
90409,0.0,0.0,0.0
90410,0.0,0.0,0.0
90411,0.0,0.0,0.0
90412,0.0,0.0,0.0
90413,0.0,0.0,0.0
90414,0.0,0.0,0.0
90415,0.0,0.0,0.0
90416,0.0,0.0,0.0
90417,0.0,0.0,0.0
90418,0.0,0.0,0.0
90419,0.0,0.0,0.0
90420,0.0,0.0,0.0
90421,0.0,0.0,0.0
90422,0.0,0.0,0.0
90423,0.0,0.0,0.0
90424,0.0,0.0,0.0
90425,0.0,0.0,0.0
90426,0.0,0.0,0.0
90427,0.0,0.0,0.0
90428,0.0,0.0,0.0
90429,0.0,0.0,0.0
90430,0.0,0.0,0.0
90431,0.0,0.0,0.0
90432,0.0,0.0,0.0
90433,0.0,0.0,0.0
90434,0.0,0.0,0.0
90435,0.0,0.0,0.0
90436,0.0,0.0,0.0
90437,0.0,0.0,0.0
90438,0.0,0.0,0.0
90439,0.0,0.0,0.0
90440,0.0,0.0,0.0
90441,0.0,0.0,0.0
90442,0.0,0.0,0.0
90443,0.0,0.0,0.0
90444,0.0,0.0,0.0
90445,0.0,0.0,0.0
90446,0.0,0.0,0.0
90447,0.0,0.0,0.0
90448,0.0,0.0,0.0
90449,0.0,0.0,0.0
90450,0.0,0.0,0.0
90451,0.0,0.0,0.0
90452,0.0,0.0,0.0
90453,0.0,0.0,0.0
90454,0.0,0.0,0.0
90455,0.0,0.0,0.0
90456,0.0,0.0,0.0
90457,0.0,0.0,0.0
90458,0.0,0.0,0.0
90459,0.0,0.0,0.0
90460,0.0,0.0,0.0
90461,0.0,0.0,0.0
90462,0.0,0.0,0.0
90463,0.0,0.0,0.0
90464,0.0,0.0,0.0
90465,0.0,0.0,0.0
90466,0.0,0.0,0.0
90467,0.0,0.0,0.0
90468,0.0,0.0,0.0
90469,0.0,0.0,0.0
90470,0.0,0.0,0.0
90471,0.0,0.0,0.0
90472,0.0,0.0,0.0
90473,0.0,0.0,0.0
90474,0.0,0.0,0.0
90475,0.0,0.0,0.0
90476,0.0,0.0,0.0
90477,0.0,0.0,0.0
90478,0.0,0.0,0.0
90479,0.0,0.0,0.0
90480,0.0,0.0,0.0
90481,0.0,0.0,0.0
90482,0.0,0.0,0.0
90483,0.0,0.0,0.0
90484,0.0,0.0,0.0
90485,0.0,0.0,0.0
90486,0.0,0.0,0.0
90487,0.0,0.0,0.0
90488,0.0,0.0,0.0
90489,0.0,0.0,0.0
90490,0.0,0.0,0.0
90491,0.0,0.0,0.0
90492,0.0,0.0,0.0
90493,0.0,0.0,0.0
90494,0.0,0.0,0.0
90495,0.0,0.0,0.0
90496,0.0,0.0,0.0
90497,0.0,0.0,0.0
90498,0.0,0.0,0.0
90499,0.0,0.0,0.0
90500,0.0,0.0,0.0
90501,0.0,0.0,0.0
90502,0.0,0.0,0.0
90503,0.0,0.0,0.0
90504,0.0,0.0,0.0
90505,0.0,0.0,0.0
90506,0.0,0.0,0.0
90507,0.0,0.0,0.0
90508,0.0,0.0,0.0
90509,0.0,0.0,0.0
90510,0.0,0.0,0.0
90511,0.0,0.0,0.0
90512,0.0,0.0,0.0
90513,0.0,0.0,0.0
90514,0.0,0.0,0.0
90515,0.0,0.0,0.0
90516,0.0,0.0,0.0
90517,0.0,0.0,0.0
90518,0.0,0.0,0.0
90519,0.0,0.0,0.0
90520,0.0,0.0,0.0
90521,0.0,0.0,0.0
90522,0.0,0.0,0.0
90523,0.0,0.0,0.0
90524,0.0,0.0,0.0
90525,0.0,0.0,0.0
90526,0.0,0.0,0.0
90527,0.0,0.0,0.0
90528,0.0,0.0,0.0
90529,0.0,0.0,0.0
90530,0.0,0.0,0.0
90531,0.0,0.0,0.0
90532,0.0,0.0,0.0
90533,0.0,0.0,0.0
90534,0.0,0.0,0.0
90535,0.0,0.0,0.0
90536,0.0,0.0,0.0
90537,0.0,0.0,0.0
90538,0.0,0.0,0.0
90539,0.0,0.0,0.0
90540,0.0,0.0,0.0
90541,0.0,0.0,0.0
90542,0.0,0.0,0.0
90543,0.0,0.0,0.0
90544,0.0,0.0,0.0
90545,0.0,0.0,0.0
90546,0.0,0.0,0.0
90547,0.0,0.0,0.0
90548,0.0,0.0,0.0
90549,0.0,0.0,0.0
90550,0.0,0.0,0.0
90551,0.0,0.0,0.0
90552,0.0,0.0,0.0
90553,0.0,0.0,0.0
90554,0.0,0.0,0.0
90555,0.0,0.0,0.0
90556,0.0,0.0,0.0
90557,0.0,0.0,0.0
90558,0.0,0.0,0.0
90559,0.0,0.0,0.0
90560,0.0,0.0,0.0
90561,0.0,0.0,0.0
90562,0.0,0.0,0.0
90563,0.0,0.0,0.0
90564,0.0,0.0,0.0
90565,0.0,0.0,0.0
90566,0.0,0.0,0.0
90567,0.0,0.0,0.0
90568,0.0,0.0,0.0
90569,0.0,0.0,0.0
90570,0.0,0.0,0.0
90571,0.0,0.0,0.0
90572,0.0,0.0,0.0
90573,0.0,0.0,0.0
90574,0.0,0.0,0.0
90575,0.0,0.0,0.0
90576,0.0,0.0,0.0
90577,0.0,0.0,0.0
90578,0.0,0.0,0.0
90579,0.0,0.0,0.0
90580,0.0,0.0,0.0
90581,0.0,0.0,0.0
90582,0.0,0.0,0.0
90583,0.0,0.0,0.0
90584,0.0,0.0,0.0
90585,0.0,0.0,0.0
90586,0.0,0.0,0.0
90587,0.0,0.0,0.0
90588,0.0,0.0,0.0
90589,0.0,0.0,0.0
90590,0.0,0.0,0.0
90591,0.0,0.0,0.0
90592,0.0,0.0,0.0
90593,0.0,0.0,0.0
90594,0.0,0.0,0.0
90595,0.0,0.0,0.0
90596,0.0,0.0,0.0
90597,0.0,0.0,0.0
90598,0.0,0.0,0.0
90599,0.0,0.0,0.0
90600,0.0,0.0,0.0
90601,0.0,0.0,0.0
90602,0.0,0.0,0.0
90603,0.0,0.0,0.0
90604,0.0,0.0,0.0
90605,0.0,0.0,0.0
90606,0.0,0.0,0.0
90607,0.0,0.0,0.0
90608,0.0,0.0,0.0
90609,0.0,0.0,0.0
90610,0.0,0.0,0.0
90611,0.0,0.0,0.0
90612,0.0,0.0,0.0
90613,0.0,0.0,0.0
90614,0.0,0.0,0.0
90615,0.0,0.0,0.0
90616,0.0,0.0,0.0
90617,0.0,0.0,0.0
90618,0.0,0.0,0.0
90619,0.0,0.0,0.0
90620,0.0,0.0,0.0
90621,0.0,0.0,0.0
90622,0.0,0.0,0.0
90623,0.0,0.0,0.0
90624,0.0,0.0,0.0
90625,0.0,0.0,0.0
90626,0.0,0.0,0.0
90627,0.0,0.0,0.0
90628,0.0,0.0,0.0
90629,0.0,0.0,0.0
90630,0.0,0.0,0.0
90631,0.0,0.0,0.0
90632,0.0,0.0,0.0
90633,0.0,0.0,0.0
90634,0.0,0.0,0.0
90635,0.0,0.0,0.0
90636,0.0,0.0,0.0
90637,0.0,0.0,0.0
90638,0.0,0.0,0.0
90639,0.0,0.0,0.0
90640,0.0,0.0,0.0
90641,0.0,0.0,0.0
90642,0.0,0.0,0.0
90643,0.0,0.0,0.0
90644,0.0,0.0,0.0
90645,0.0,0.0,0.0
90646,0.0,0.0,0.0
90647,0.0,0.0,0.0
90648,0.0,0.0,0.0
90649,0.0,0.0,0.0
90650,0.0,0.0,0.0
90651,0.0,0.0,0.0
90652,0.0,0.0,0.0
90653,0.0,0.0,0.0
90654,0.0,0.0,0.0
90655,0.0,0.0,0.0
90656,0.0,0.0,0.0
90657,0.0,0.0,0.0
90658,0.0,0.0,0.0
90659,0.0,0.0,0.0
90660,0.0,0.0,0.0
90661,0.0,0.0,0.0
90662,0.0,0.0,0.0
90663,0.0,0.0,0.0
90664,0.0,0.0,0.0
90665,0.0,0.0,0.0
90666,0.0,0.0,0.0
90667,0.0,0.0,0.0
90668,0.0,0.0,0.0
90669,0.0,0.0,0.0
90670,0.0,0.0,0.0
90671,0.0,0.0,0.0
90672,0.0,0.0,0.0
90673,0.0,0.0,0.0
90674,0.0,0.0,0.0
90675,0.0,0.0,0.0
90676,0.0,0.0,0.0
90677,0.0,0.0,0.0
90678,0.0,0.0,0.0
90679,0.0,0.0,0.0
90680,0.0,0.0,0.0
90681,0.0,0.0,0.0
90682,0.0,0.0,0.0
90683,0.0,0.0,0.0
90684,0.0,0.0,0.0
90685,0.0,0.0,0.0
90686,0.0,0.0,0.0
90687,0.0,0.0,0.0
90688,0.0,0.0,0.0
90689,0.0,0.0,0.0
90690,0.0,0.0,0.0
90691,0.0,0.0,0.0
90692,0.0,0.0,0.0
90693,0.0,0.0,0.0
90694,0.0,0.0,0.0
90695,0.0,0.0,0.0
90696,0.0,0.0,0.0
90697,0.0,0.0,0.0
90698,0.0,0.0,0.0
90699,0.0,0.0,0.0
90700,0.0,0.0,0.0
90701,0.0,0.0,0.0
90702,0.0,0.0,0.0
90703,0.0,0.0,0.0
90704,0.0,0.0,0.0
90705,0.0,0.0,0.0
90706,0.0,0.0,0.0
90707,0.0,0.0,0.0
90708,0.0,0.0,0.0
90709,0.0,0.0,0.0
90710,0.0,0.0,0.0
90711,0.0,0.0,0.0
90712,0.0,0.0,0.0
90713,0.0,0.0,0.0
90714,0.0,0.0,0.0
90715,0.0,0.0,0.0
90716,0.0,0.0,0.0
90717,0.0,0.0,0.0
90718,0.0,0.0,0.0
90719,0.0,0.0,0.0
90720,0.0,0.0,0.0
90721,0.0,0.0,0.0
90722,0.0,0.0,0.0
90723,0.0,0.0,0.0
90724,0.0,0.0,0.0
90725,0.0,0.0,0.0
90726,0.0,0.0,0.0
90727,0.0,0.0,0.0
90728,0.0,0.0,0.0
90729,0.0,0.0,0.0
90730,0.0,0.0,0.0
90731,0.0,0.0,0.0
90732,0.0,0.0,0.0
90733,0.0,0.0,0.0
90734,0.0,0.0,0.0
90735,0.0,0.0,0.0
90736,0.0,0.0,0.0
90737,0.0,0.0,0.0
90738,0.0,0.0,0.0
90739,0.0,0.0,0.0
90740,0.0,0.0,0.0
90741,0.0,0.0,0.0
90742,0.0,0.0,0.0
90743,0.0,0.0,0.0
90744,0.0,0.0,0.0
90745,0.0,0.0,0.0
90746,0.0,0.0,0.0
90747,0.0,0.0,0.0
90748,0.0,0.0,0.0
90749,0.0,0.0,0.0
90750,0.0,0.0,0.0
90751,0.0,0.0,0.0
90752,0.0,0.0,0.0
90753,0.0,0.0,0.0
90754,0.0,0.0,0.0
90755,0.0,0.0,0.0
90756,0.0,0.0,0.0
90757,0.0,0.0,0.0
90758,0.0,0.0,0.0
90759,0.0,0.0,0.0
90760,0.0,0.0,0.0
90761,0.0,0.0,0.0
90762,0.0,0.0,0.0
90763,0.0,0.0,0.0
90764,0.0,0.0,0.0
90765,0.0,0.0,0.0
90766,0.0,0.0,0.0
90767,0.0,0.0,0.0
90768,0.0,0.0,0.0
90769,0.0,0.0,0.0
90770,0.0,0.0,0.0
90771,0.0,0.0,0.0
90772,0.0,0.0,0.0
90773,0.0,0.0,0.0
90774,0.0,0.0,0.0
90775,0.0,0.0,0.0
90776,0.0,0.0,0.0
90777,0.0,0.0,0.0
90778,0.0,0.0,0.0
90779,0.0,0.0,0.0
90780,0.0,0.0,0.0
90781,0.0,0.0,0.0
90782,0.0,0.0,0.0
90783,0.0,0.0,0.0
90784,0.0,0.0,0.0
90785,0.0,0.0,0.0
90786,0.0,0.0,0.0
90787,0.0,0.0,0.0
90788,0.0,0.0,0.0
90789,0.0,0.0,0.0
90790,0.0,0.0,0.0
90791,0.0,0.0,0.0
90792,0.0,0.0,0.0
90793,0.0,0.0,0.0
90794,0.0,0.0,0.0
90795,0.0,0.0,0.0
90796,0.0,0.0,0.0
90797,0.0,0.0,0.0
90798,0.0,0.0,0.0
90799,0.0,0.0,0.0
90800,0.0,0.0,0.0
90801,0.0,0.0,0.0
90802,0.0,0.0,0.0
90803,0.0,0.0,0.0
90804,0.0,0.0,0.0
90805,0.0,0.0,0.0
90806,0.0,0.0,0.0
90807,0.0,0.0,0.0
90808,0.0,0.0,0.0
90809,0.0,0.0,0.0
90810,0.0,0.0,0.0
90811,0.0,0.0,0.0
90812,0.0,0.0,0.0
90813,0.0,0.0,0.0
90814,0.0,0.0,0.0
90815,0.0,0.0,0.0
90816,0.0,0.0,0.0
90817,0.0,0.0,0.0
90818,0.0,0.0,0.0
90819,0.0,0.0,0.0
90820,0.0,0.0,0.0
90821,0.0,0.0,0.0
90822,0.0,0.0,0.0
90823,0.0,0.0,0.0
90824,0.0,0.0,0.0
90825,0.0,0.0,0.0
90826,0.0,0.0,0.0
90827,0.0,0.0,0.0
90828,0.0,0.0,0.0
90829,0.0,0.0,0.0
90830,0.0,0.0,0.0
90831,0.0,0.0,0.0
90832,0.0,0.0,0.0
90833,0.0,0.0,0.0
90834,0.0,0.0,0.0
90835,0.0,0.0,0.0
90836,0.0,0.0,0.0
90837,0.0,0.0,0.0
90838,0.0,0.0,0.0
90839,0.0,0.0,0.0
90840,0.0,0.0,0.0
90841,0.0,0.0,0.0
90842,0.0,0.0,0.0
90843,0.0,0.0,0.0
90844,0.0,0.0,0.0
90845,0.0,0.0,0.0
90846,0.0,0.0,0.0
90847,0.0,0.0,0.0
90848,0.0,0.0,0.0
90849,0.0,0.0,0.0
90850,0.0,0.0,0.0
90851,0.0,0.0,0.0
90852,0.0,0.0,0.0
90853,0.0,0.0,0.0
90854,0.0,0.0,0.0
90855,0.0,0.0,0.0
90856,0.0,0.0,0.0
90857,0.0,0.0,0.0
90858,0.0,0.0,0.0
90859,0.0,0.0,0.0
90860,0.0,0.0,0.0
90861,0.0,0.0,0.0
90862,0.0,0.0,0.0
90863,0.0,0.0,0.0
90864,0.0,0.0,0.0
90865,0.0,0.0,0.0
90866,0.0,0.0,0.0
90867,0.0,0.0,0.0
90868,0.0,0.0,0.0
90869,0.0,0.0,0.0
90870,0.0,0.0,0.0
90871,0.0,0.0,0.0
90872,0.0,0.0,0.0
90873,0.0,0.0,0.0
90874,0.0,0.0,0.0
90875,0.0,0.0,0.0
90876,0.0,0.0,0.0
90877,0.0,0.0,0.0
90878,0.0,0.0,0.0
90879,0.0,0.0,0.0
90880,0.0,0.0,0.0
90881,0.0,0.0,0.0
90882,0.0,0.0,0.0
90883,0.0,0.0,0.0
90884,0.0,0.0,0.0
90885,0.0,0.0,0.0
90886,0.0,0.0,0.0
90887,0.0,0.0,0.0
90888,0.0,0.0,0.0
90889,0.0,0.0,0.0
90890,0.0,0.0,0.0
90891,0.0,0.0,0.0
90892,0.0,0.0,0.0
90893,0.0,0.0,0.0
90894,0.0,0.0,0.0
90895,0.0,0.0,0.0
90896,0.0,0.0,0.0
90897,0.0,0.0,0.0
90898,0.0,0.0,0.0
90899,0.0,0.0,0.0
90900,0.0,0.0,0.0
90901,0.0,0.0,0.0
90902,0.0,0.0,0.0
90903,0.0,0.0,0.0
90904,0.0,0.0,0.0
90905,0.0,0.0,0.0
90906,0.0,0.0,0.0
90907,0.0,0.0,0.0
90908,0.0,0.0,0.0
90909,0.0,0.0,0.0
90910,0.0,0.0,0.0
90911,0.0,0.0,0.0
90912,0.0,0.0,0.0
90913,0.0,0.0,0.0
90914,0.0,0.0,0.0
90915,0.0,0.0,0.0
90916,0.0,0.0,0.0
90917,0.0,0.0,0.0
90918,0.0,0.0,0.0
90919,0.0,0.0,0.0
90920,0.0,0.0,0.0
90921,0.0,0.0,0.0
90922,0.0,0.0,0.0
90923,0.0,0.0,0.0
90924,0.0,0.0,0.0
90925,0.0,0.0,0.0
90926,0.0,0.0,0.0
90927,0.0,0.0,0.0
90928,0.0,0.0,0.0
90929,0.0,0.0,0.0
90930,0.0,0.0,0.0
90931,0.0,0.0,0.0
90932,0.0,0.0,0.0
90933,0.0,0.0,0.0
90934,0.0,0.0,0.0
90935,0.0,0.0,0.0
90936,0.0,0.0,0.0
90937,0.0,0.0,0.0
90938,0.0,0.0,0.0
90939,0.0,0.0,0.0
90940,0.0,0.0,0.0
90941,0.0,0.0,0.0
90942,0.0,0.0,0.0
90943,0.0,0.0,0.0
90944,0.0,0.0,0.0
90945,0.0,0.0,0.0
90946,0.0,0.0,0.0
90947,0.0,0.0,0.0
90948,0.0,0.0,0.0
90949,0.0,0.0,0.0
90950,0.0,0.0,0.0
90951,0.0,0.0,0.0
90952,0.0,0.0,0.0
90953,0.0,0.0,0.0
90954,0.0,0.0,0.0
90955,0.0,0.0,0.0
90956,0.0,0.0,0.0
90957,0.0,0.0,0.0
90958,0.0,0.0,0.0
90959,0.0,0.0,0.0
90960,0.0,0.0,0.0
90961,0.0,0.0,0.0
90962,0.0,0.0,0.0
90963,0.0,0.0,0.0
90964,0.0,0.0,0.0
90965,0.0,0.0,0.0
90966,0.0,0.0,0.0
90967,0.0,0.0,0.0
90968,0.0,0.0,0.0
90969,0.0,0.0,0.0
90970,0.0,0.0,0.0
90971,0.0,0.0,0.0
90972,0.0,0.0,0.0
90973,0.0,0.0,0.0
90974,0.0,0.0,0.0
90975,0.0,0.0,0.0
90976,0.0,0.0,0.0
90977,0.0,0.0,0.0
90978,0.0,0.0,0.0
90979,0.0,0.0,0.0
90980,0.0,0.0,0.0
90981,0.0,0.0,0.0
90982,0.0,0.0,0.0
90983,0.0,0.0,0.0
90984,0.0,0.0,0.0
90985,0.0,0.0,0.0
90986,0.0,0.0,0.0
90987,0.0,0.0,0.0
90988,0.0,0.0,0.0
90989,0.0,0.0,0.0
90990,0.0,0.0,0.0
90991,0.0,0.0,0.0
90992,0.0,0.0,0.0
90993,0.0,0.0,0.0
90994,0.0,0.0,0.0
90995,0.0,0.0,0.0
90996,0.0,0.0,0.0
90997,0.0,0.0,0.0
90998,0.0,0.0,0.0
90999,0.0,0.0,0.0
91000,0.0,0.0,0.0
91001,0.0,0.0,0.0
91002,0.0,0.0,0.0
91003,0.0,0.0,0.0
91004,0.0,0.0,0.0
91005,0.0,0.0,0.0
91006,0.0,0.0,0.0
91007,0.0,0.0,0.0
91008,0.0,0.0,0.0
91009,0.0,0.0,0.0
91010,0.0,0.0,0.0
91011,0.0,0.0,0.0
91012,0.0,0.0,0.0
91013,0.0,0.0,0.0
91014,0.0,0.0,0.0
91015,0.0,0.0,0.0
91016,0.0,0.0,0.0
91017,0.0,0.0,0.0
91018,0.0,0.0,0.0
91019,0.0,0.0,0.0
91020,0.0,0.0,0.0
91021,0.0,0.0,0.0
91022,0.0,0.0,0.0
91023,0.0,0.0,0.0
91024,0.0,0.0,0.0
91025,0.0,0.0,0.0
91026,0.0,0.0,0.0
91027,0.0,0.0,0.0
91028,0.0,0.0,0.0
91029,0.0,0.0,0.0
91030,0.0,0.0,0.0
91031,0.0,0.0,0.0
91032,0.0,0.0,0.0
91033,0.0,0.0,0.0
91034,0.0,0.0,0.0
91035,0.0,0.0,0.0
91036,0.0,0.0,0.0
91037,0.0,0.0,0.0
91038,0.0,0.0,0.0
91039,0.0,0.0,0.0
91040,0.0,0.0,0.0
91041,0.0,0.0,0.0
91042,0.0,0.0,0.0
91043,0.0,0.0,0.0
91044,0.0,0.0,0.0
91045,0.0,0.0,0.0
91046,0.0,0.0,0.0
91047,0.0,0.0,0.0
91048,0.0,0.0,0.0
91049,0.0,0.0,0.0
91050,0.0,0.0,0.0
91051,0.0,0.0,0.0
91052,0.0,0.0,0.0
91053,0.0,0.0,0.0
91054,0.0,0.0,0.0
91055,0.0,0.0,0.0
91056,0.0,0.0,0.0
91057,0.0,0.0,0.0
91058,0.0,0.0,0.0
91059,0.0,0.0,0.0
91060,0.0,0.0,0.0
91061,0.0,0.0,0.0
91062,0.0,0.0,0.0
91063,0.0,0.0,0.0
91064,0.0,0.0,0.0
91065,0.0,0.0,0.0
91066,0.0,0.0,0.0
91067,0.0,0.0,0.0
91068,0.0,0.0,0.0
91069,0.0,0.0,0.0
91070,0.0,0.0,0.0
91071,0.0,0.0,0.0
91072,0.0,0.0,0.0
91073,0.0,0.0,0.0
91074,0.0,0.0,0.0
91075,0.0,0.0,0.0
91076,0.0,0.0,0.0
91077,0.0,0.0,0.0
91078,0.0,0.0,0.0
91079,0.0,0.0,0.0
91080,0.0,0.0,0.0
91081,0.0,0.0,0.0
91082,0.0,0.0,0.0
91083,0.0,0.0,0.0
91084,0.0,0.0,0.0
91085,0.0,0.0,0.0
91086,0.0,0.0,0.0
91087,0.0,0.0,0.0
91088,0.0,0.0,0.0
91089,0.0,0.0,0.0
91090,0.0,0.0,0.0
91091,0.0,0.0,0.0
91092,0.0,0.0,0.0
91093,0.0,0.0,0.0
91094,0.0,0.0,0.0
91095,0.0,0.0,0.0
91096,0.0,0.0,0.0
91097,0.0,0.0,0.0
91098,0.0,0.0,0.0
91099,0.0,0.0,0.0
91100,0.0,0.0,0.0
91101,0.0,0.0,0.0
91102,0.0,0.0,0.0
91103,0.0,0.0,0.0
91104,0.0,0.0,0.0
91105,0.0,0.0,0.0
91106,0.0,0.0,0.0
91107,0.0,0.0,0.0
91108,0.0,0.0,0.0
91109,0.0,0.0,0.0
91110,0.0,0.0,0.0
91111,0.0,0.0,0.0
91112,0.0,0.0,0.0
91113,0.0,0.0,0.0
91114,0.0,0.0,0.0
91115,0.0,0.0,0.0
91116,0.0,0.0,0.0
91117,0.0,0.0,0.0
91118,0.0,0.0,0.0
91119,0.0,0.0,0.0
91120,0.0,0.0,0.0
91121,0.0,0.0,0.0
91122,0.0,0.0,0.0
91123,0.0,0.0,0.0
91124,0.0,0.0,0.0
91125,0.0,0.0,0.0
91126,0.0,0.0,0.0
91127,0.0,0.0,0.0
91128,0.0,0.0,0.0
91129,0.0,0.0,0.0
91130,0.0,0.0,0.0
91131,0.0,0.0,0.0
91132,0.0,0.0,0.0
91133,0.0,0.0,0.0
91134,0.0,0.0,0.0
91135,0.0,0.0,0.0
91136,0.0,0.0,0.0
91137,0.0,0.0,0.0
91138,0.0,0.0,0.0
91139,0.0,0.0,0.0
91140,0.0,0.0,0.0
91141,0.0,0.0,0.0
91142,0.0,0.0,0.0
91143,0.0,0.0,0.0
91144,0.0,0.0,0.0
91145,0.0,0.0,0.0
91146,0.0,0.0,0.0
91147,0.0,0.0,0.0
91148,0.0,0.0,0.0
91149,0.0,0.0,0.0
91150,0.0,0.0,0.0
91151,0.0,0.0,0.0
91152,0.0,0.0,0.0
91153,0.0,0.0,0.0
91154,0.0,0.0,0.0
91155,0.0,0.0,0.0
91156,0.0,0.0,0.0
91157,0.0,0.0,0.0
91158,0.0,0.0,0.0
91159,0.0,0.0,0.0
91160,0.0,0.0,0.0
91161,0.0,0.0,0.0
91162,0.0,0.0,0.0
91163,0.0,0.0,0.0
91164,0.0,0.0,0.0
91165,0.0,0.0,0.0
91166,0.0,0.0,0.0
91167,0.0,0.0,0.0
91168,0.0,0.0,0.0
91169,0.0,0.0,0.0
91170,0.0,0.0,0.0
91171,0.0,0.0,0.0
91172,0.0,0.0,0.0
91173,0.0,0.0,0.0
91174,0.0,0.0,0.0
91175,0.0,0.0,0.0
91176,0.0,0.0,0.0
91177,0.0,0.0,0.0
91178,0.0,0.0,0.0
91179,0.0,0.0,0.0
91180,0.0,0.0,0.0
91181,0.0,0.0,0.0
91182,0.0,0.0,0.0
91183,0.0,0.0,0.0
91184,0.0,0.0,0.0
91185,0.0,0.0,0.0
91186,0.0,0.0,0.0
91187,0.0,0.0,0.0
91188,0.0,0.0,0.0
91189,0.0,0.0,0.0
91190,0.0,0.0,0.0
91191,0.0,0.0,0.0
91192,0.0,0.0,0.0
91193,0.0,0.0,0.0
91194,0.0,0.0,0.0
91195,0.0,0.0,0.0
91196,0.0,0.0,0.0
91197,0.0,0.0,0.0
91198,0.0,0.0,0.0
91199,0.0,0.0,0.0
91200,0.0,0.0,0.0
91201,0.0,0.0,0.0
91202,0.0,0.0,0.0
91203,0.0,0.0,0.0
91204,0.0,0.0,0.0
91205,0.0,0.0,0.0
91206,0.0,0.0,0.0
91207,0.0,0.0,0.0
91208,0.0,0.0,0.0
91209,0.0,0.0,0.0
91210,0.0,0.0,0.0
91211,0.0,0.0,0.0
91212,0.0,0.0,0.0
91213,0.0,0.0,0.0
91214,0.0,0.0,0.0
91215,0.0,0.0,0.0
91216,0.0,0.0,0.0
91217,0.0,0.0,0.0
91218,0.0,0.0,0.0
91219,0.0,0.0,0.0
91220,0.0,0.0,0.0
91221,0.0,0.0,0.0
91222,0.0,0.0,0.0
91223,0.0,0.0,0.0
91224,0.0,0.0,0.0
91225,0.0,0.0,0.0
91226,0.0,0.0,0.0
91227,0.0,0.0,0.0
91228,0.0,0.0,0.0
91229,0.0,0.0,0.0
91230,0.0,0.0,0.0
91231,0.0,0.0,0.0
91232,0.0,0.0,0.0
91233,0.0,0.0,0.0
91234,0.0,0.0,0.0
91235,0.0,0.0,0.0
91236,0.0,0.0,0.0
91237,0.0,0.0,0.0
91238,0.0,0.0,0.0
91239,0.0,0.0,0.0
91240,0.0,0.0,0.0
91241,0.0,0.0,0.0
91242,0.0,0.0,0.0
91243,0.0,0.0,0.0
91244,0.0,0.0,0.0
91245,0.0,0.0,0.0
91246,0.0,0.0,0.0
91247,0.0,0.0,0.0
91248,0.0,0.0,0.0
91249,0.0,0.0,0.0
91250,0.0,0.0,0.0
91251,0.0,0.0,0.0
91252,0.0,0.0,0.0
91253,0.0,0.0,0.0
91254,0.0,0.0,0.0
91255,0.0,0.0,0.0
91256,0.0,0.0,0.0
91257,0.0,0.0,0.0
91258,0.0,0.0,0.0
91259,0.0,0.0,0.0
91260,0.0,0.0,0.0
91261,0.0,0.0,0.0
91262,0.0,0.0,0.0
91263,0.0,0.0,0.0
91264,0.0,0.0,0.0
91265,0.0,0.0,0.0
91266,0.0,0.0,0.0
91267,0.0,0.0,0.0
91268,0.0,0.0,0.0
91269,0.0,0.0,0.0
91270,0.0,0.0,0.0
91271,0.0,0.0,0.0
91272,0.0,0.0,0.0
91273,0.0,0.0,0.0
91274,0.0,0.0,0.0
91275,0.0,0.0,0.0
91276,0.0,0.0,0.0
91277,0.0,0.0,0.0
91278,0.0,0.0,0.0
91279,0.0,0.0,0.0
91280,0.0,0.0,0.0
91281,0.0,0.0,0.0
91282,0.0,0.0,0.0
91283,0.0,0.0,0.0
91284,0.0,0.0,0.0
91285,0.0,0.0,0.0
91286,0.0,0.0,0.0
91287,0.0,0.0,0.0
91288,0.0,0.0,0.0
91289,0.0,0.0,0.0
91290,0.0,0.0,0.0
91291,0.0,0.0,0.0
91292,0.0,0.0,0.0
91293,0.0,0.0,0.0
91294,0.0,0.0,0.0
91295,0.0,0.0,0.0
91296,0.0,0.0,0.0
91297,0.0,0.0,0.0
91298,0.0,0.0,0.0
91299,0.0,0.0,0.0
91300,0.0,0.0,0.0
91301,0.0,0.0,0.0
91302,0.0,0.0,0.0
91303,0.0,0.0,0.0
91304,0.0,0.0,0.0
91305,0.0,0.0,0.0
91306,0.0,0.0,0.0
91307,0.0,0.0,0.0
91308,0.0,0.0,0.0
91309,0.0,0.0,0.0
91310,0.0,0.0,0.0
91311,0.0,0.0,0.0
91312,0.0,0.0,0.0
91313,0.0,0.0,0.0
91314,0.0,0.0,0.0
91315,0.0,0.0,0.0
91316,0.0,0.0,0.0
91317,0.0,0.0,0.0
91318,0.0,0.0,0.0
91319,0.0,0.0,0.0
91320,0.0,0.0,0.0
91321,0.0,0.0,0.0
91322,0.0,0.0,0.0
91323,0.0,0.0,0.0
91324,0.0,0.0,0.0
91325,0.0,0.0,0.0
91326,0.0,0.0,0.0
91327,0.0,0.0,0.0
91328,0.0,0.0,0.0
91329,0.0,0.0,0.0
91330,0.0,0.0,0.0
91331,0.0,0.0,0.0
91332,0.0,0.0,0.0
91333,0.0,0.0,0.0
91334,0.0,0.0,0.0
91335,0.0,0.0,0.0
91336,0.0,0.0,0.0
91337,0.0,0.0,0.0
91338,0.0,0.0,0.0
91339,0.0,0.0,0.0
91340,0.0,0.0,0.0
91341,0.0,0.0,0.0
91342,0.0,0.0,0.0
91343,0.0,0.0,0.0
91344,0.0,0.0,0.0
91345,0.0,0.0,0.0
91346,0.0,0.0,0.0
91347,0.0,0.0,0.0
91348,0.0,0.0,0.0
91349,0.0,0.0,0.0
91350,0.0,0.0,0.0
91351,0.0,0.0,0.0
91352,0.0,0.0,0.0
91353,0.0,0.0,0.0
91354,0.0,0.0,0.0
91355,0.0,0.0,0.0
91356,0.0,0.0,0.0
91357,0.0,0.0,0.0
91358,0.0,0.0,0.0
91359,0.0,0.0,0.0
91360,0.0,0.0,0.0
91361,0.0,0.0,0.0
91362,0.0,0.0,0.0
91363,0.0,0.0,0.0
91364,0.0,0.0,0.0
91365,0.0,0.0,0.0
91366,0.0,0.0,0.0
91367,0.0,0.0,0.0
91368,0.0,0.0,0.0
91369,0.0,0.0,0.0
91370,0.0,0.0,0.0
91371,0.0,0.0,0.0
91372,0.0,0.0,0.0
91373,0.0,0.0,0.0
91374,0.0,0.0,0.0
91375,0.0,0.0,0.0
91376,0.0,0.0,0.0
91377,0.0,0.0,0.0
91378,0.0,0.0,0.0
91379,0.0,0.0,0.0
91380,0.0,0.0,0.0
91381,0.0,0.0,0.0
91382,0.0,0.0,0.0
91383,0.0,0.0,0.0
91384,0.0,0.0,0.0
91385,0.0,0.0,0.0
91386,0.0,0.0,0.0
91387,0.0,0.0,0.0
91388,0.0,0.0,0.0
91389,0.0,0.0,0.0
91390,0.0,0.0,0.0
91391,0.0,0.0,0.0
91392,0.0,0.0,0.0
91393,0.0,0.0,0.0
91394,0.0,0.0,0.0
91395,0.0,0.0,0.0
91396,0.0,0.0,0.0
91397,0.0,0.0,0.0
91398,0.0,0.0,0.0
91399,0.0,0.0,0.0
91400,0.0,0.0,0.0
91401,0.0,0.0,0.0
91402,0.0,0.0,0.0
91403,0.0,0.0,0.0
91404,0.0,0.0,0.0
91405,0.0,0.0,0.0
91406,0.0,0.0,0.0
91407,0.0,0.0,0.0
91408,0.0,0.0,0.0
91409,0.0,0.0,0.0
91410,0.0,0.0,0.0
91411,0.0,0.0,0.0
91412,0.0,0.0,0.0
91413,0.0,0.0,0.0
91414,0.0,0.0,0.0
91415,0.0,0.0,0.0
91416,0.0,0.0,0.0
91417,0.0,0.0,0.0
91418,0.0,0.0,0.0
91419,0.0,0.0,0.0
91420,0.0,0.0,0.0
91421,0.0,0.0,0.0
91422,0.0,0.0,0.0
91423,0.0,0.0,0.0
91424,0.0,0.0,0.0
91425,0.0,0.0,0.0
91426,0.0,0.0,0.0
91427,0.0,0.0,0.0
91428,0.0,0.0,0.0
91429,0.0,0.0,0.0
91430,0.0,0.0,0.0
91431,0.0,0.0,0.0
91432,0.0,0.0,0.0
91433,0.0,0.0,0.0
91434,0.0,0.0,0.0
91435,0.0,0.0,0.0
91436,0.0,0.0,0.0
91437,0.0,0.0,0.0
91438,0.0,0.0,0.0
91439,0.0,0.0,0.0
91440,0.0,0.0,0.0
91441,0.0,0.0,0.0
91442,0.0,0.0,0.0
91443,0.0,0.0,0.0
91444,0.0,0.0,0.0
91445,0.0,0.0,0.0
91446,0.0,0.0,0.0
91447,0.0,0.0,0.0
91448,0.0,0.0,0.0
91449,0.0,0.0,0.0
91450,0.0,0.0,0.0
91451,0.0,0.0,0.0
91452,0.0,0.0,0.0
91453,0.0,0.0,0.0
91454,0.0,0.0,0.0
91455,0.0,0.0,0.0
91456,0.0,0.0,0.0
91457,0.0,0.0,0.0
91458,0.0,0.0,0.0
91459,0.0,0.0,0.0
91460,0.0,0.0,0.0
91461,0.0,0.0,0.0
91462,0.0,0.0,0.0
91463,0.0,0.0,0.0
91464,0.0,0.0,0.0
91465,0.0,0.0,0.0
91466,0.0,0.0,0.0
91467,0.0,0.0,0.0
91468,0.0,0.0,0.0
91469,0.0,0.0,0.0
91470,0.0,0.0,0.0
91471,0.0,0.0,0.0
91472,0.0,0.0,0.0
91473,0.0,0.0,0.0
91474,0.0,0.0,0.0
91475,0.0,0.0,0.0
91476,0.0,0.0,0.0
91477,0.0,0.0,0.0
91478,0.0,0.0,0.0
91479,0.0,0.0,0.0
91480,0.0,0.0,0.0
91481,0.0,0.0,0.0
91482,0.0,0.0,0.0
91483,0.0,0.0,0.0
91484,0.0,0.0,0.0
91485,0.0,0.0,0.0
91486,0.0,0.0,0.0
91487,0.0,0.0,0.0
91488,0.0,0.0,0.0
91489,0.0,0.0,0.0
91490,0.0,0.0,0.0
91491,0.0,0.0,0.0
91492,0.0,0.0,0.0
91493,0.0,0.0,0.0
91494,0.0,0.0,0.0
91495,0.0,0.0,0.0
91496,0.0,0.0,0.0
91497,0.0,0.0,0.0
91498,0.0,0.0,0.0
91499,0.0,0.0,0.0
91500,0.0,0.0,0.0
91501,0.0,0.0,0.0
91502,0.0,0.0,0.0
91503,0.0,0.0,0.0
91504,0.0,0.0,0.0
91505,0.0,0.0,0.0
91506,0.0,0.0,0.0
91507,0.0,0.0,0.0
91508,0.0,0.0,0.0
91509,0.0,0.0,0.0
91510,0.0,0.0,0.0
91511,0.0,0.0,0.0
91512,0.0,0.0,0.0
91513,0.0,0.0,0.0
91514,0.0,0.0,0.0
91515,0.0,0.0,0.0
91516,0.0,0.0,0.0
91517,0.0,0.0,0.0
91518,0.0,0.0,0.0
91519,0.0,0.0,0.0
91520,0.0,0.0,0.0
91521,0.0,0.0,0.0
91522,0.0,0.0,0.0
91523,0.0,0.0,0.0
91524,0.0,0.0,0.0
91525,0.0,0.0,0.0
91526,0.0,0.0,0.0
91527,0.0,0.0,0.0
91528,0.0,0.0,0.0
91529,0.0,0.0,0.0
91530,0.0,0.0,0.0
91531,0.0,0.0,0.0
91532,0.0,0.0,0.0
91533,0.0,0.0,0.0
91534,0.0,0.0,0.0
91535,0.0,0.0,0.0
91536,0.0,0.0,0.0
91537,0.0,0.0,0.0
91538,0.0,0.0,0.0
91539,0.0,0.0,0.0
91540,0.0,0.0,0.0
91541,0.0,0.0,0.0
91542,0.0,0.0,0.0
91543,0.0,0.0,0.0
91544,0.0,0.0,0.0
91545,0.0,0.0,0.0
91546,0.0,0.0,0.0
91547,0.0,0.0,0.0
91548,0.0,0.0,0.0
91549,0.0,0.0,0.0
91550,0.0,0.0,0.0
91551,0.0,0.0,0.0
91552,0.0,0.0,0.0
91553,0.0,0.0,0.0
91554,0.0,0.0,0.0
91555,0.0,0.0,0.0
91556,0.0,0.0,0.0
91557,0.0,0.0,0.0
91558,0.0,0.0,0.0
91559,0.0,0.0,0.0
91560,0.0,0.0,0.0
91561,0.0,0.0,0.0
91562,0.0,0.0,0.0
91563,0.0,0.0,0.0
91564,0.0,0.0,0.0
91565,0.0,0.0,0.0
91566,0.0,0.0,0.0
91567,0.0,0.0,0.0
91568,0.0,0.0,0.0
91569,0.0,0.0,0.0
91570,0.0,0.0,0.0
91571,0.0,0.0,0.0
91572,0.0,0.0,0.0
91573,0.0,0.0,0.0
91574,0.0,0.0,0.0
91575,0.0,0.0,0.0
91576,0.0,0.0,0.0
91577,0.0,0.0,0.0
91578,0.0,0.0,0.0
91579,0.0,0.0,0.0
91580,0.0,0.0,0.0
91581,0.0,0.0,0.0
91582,0.0,0.0,0.0
91583,0.0,0.0,0.0
91584,0.0,0.0,0.0
91585,0.0,0.0,0.0
91586,0.0,0.0,0.0
91587,0.0,0.0,0.0
91588,0.0,0.0,0.0
91589,0.0,0.0,0.0
91590,0.0,0.0,0.0
91591,0.0,0.0,0.0
91592,0.0,0.0,0.0
91593,0.0,0.0,0.0
91594,0.0,0.0,0.0
91595,0.0,0.0,0.0
91596,0.0,0.0,0.0
91597,0.0,0.0,0.0
91598,0.0,0.0,0.0
91599,0.0,0.0,0.0
91600,0.0,0.0,0.0
91601,0.0,0.0,0.0
91602,0.0,0.0,0.0
91603,0.0,0.0,0.0
91604,0.0,0.0,0.0
91605,0.0,0.0,0.0
91606,0.0,0.0,0.0
91607,0.0,0.0,0.0
91608,0.0,0.0,0.0
91609,0.0,0.0,0.0
91610,0.0,0.0,0.0
91611,0.0,0.0,0.0
91612,0.0,0.0,0.0
91613,0.0,0.0,0.0
91614,0.0,0.0,0.0
91615,0.0,0.0,0.0
91616,0.0,0.0,0.0
91617,0.0,0.0,0.0
91618,0.0,0.0,0.0
91619,0.0,0.0,0.0
91620,0.0,0.0,0.0
91621,0.0,0.0,0.0
91622,0.0,0.0,0.0
91623,0.0,0.0,0.0
91624,0.0,0.0,0.0
91625,0.0,0.0,0.0
91626,0.0,0.0,0.0
91627,0.0,0.0,0.0
91628,0.0,0.0,0.0
91629,0.0,0.0,0.0
91630,0.0,0.0,0.0
91631,0.0,0.0,0.0
91632,0.0,0.0,0.0
91633,0.0,0.0,0.0
91634,0.0,0.0,0.0
91635,0.0,0.0,0.0
91636,0.0,0.0,0.0
91637,0.0,0.0,0.0
91638,0.0,0.0,0.0
91639,0.0,0.0,0.0
91640,0.0,0.0,0.0
91641,0.0,0.0,0.0
91642,0.0,0.0,0.0
91643,0.0,0.0,0.0
91644,0.0,0.0,0.0
91645,0.0,0.0,0.0
91646,0.0,0.0,0.0
91647,0.0,0.0,0.0
91648,0.0,0.0,0.0
91649,0.0,0.0,0.0
91650,0.0,0.0,0.0
91651,0.0,0.0,0.0
91652,0.0,0.0,0.0
91653,0.0,0.0,0.0
91654,0.0,0.0,0.0
91655,0.0,0.0,0.0
91656,0.0,0.0,0.0
91657,0.0,0.0,0.0
91658,0.0,0.0,0.0
91659,0.0,0.0,0.0
91660,0.0,0.0,0.0
91661,0.0,0.0,0.0
91662,0.0,0.0,0.0
91663,0.0,0.0,0.0
91664,0.0,0.0,0.0
91665,0.0,0.0,0.0
91666,0.0,0.0,0.0
91667,0.0,0.0,0.0
91668,0.0,0.0,0.0
91669,0.0,0.0,0.0
91670,0.0,0.0,0.0
91671,0.0,0.0,0.0
91672,0.0,0.0,0.0
91673,0.0,0.0,0.0
91674,0.0,0.0,0.0
91675,0.0,0.0,0.0
91676,0.0,0.0,0.0
91677,0.0,0.0,0.0
91678,0.0,0.0,0.0
91679,0.0,0.0,0.0
91680,0.0,0.0,0.0
91681,0.0,0.0,0.0
91682,0.0,0.0,0.0
91683,0.0,0.0,0.0
91684,0.0,0.0,0.0
91685,0.0,0.0,0.0
91686,0.0,0.0,0.0
91687,0.0,0.0,0.0
91688,0.0,0.0,0.0
91689,0.0,0.0,0.0
91690,0.0,0.0,0.0
91691,0.0,0.0,0.0
91692,0.0,0.0,0.0
91693,0.0,0.0,0.0
91694,0.0,0.0,0.0
91695,0.0,0.0,0.0
91696,0.0,0.0,0.0
91697,0.0,0.0,0.0
91698,0.0,0.0,0.0
91699,0.0,0.0,0.0
91700,0.0,0.0,0.0
91701,0.0,0.0,0.0
91702,0.0,0.0,0.0
91703,0.0,0.0,0.0
91704,0.0,0.0,0.0
91705,0.0,0.0,0.0
91706,0.0,0.0,0.0
91707,0.0,0.0,0.0
91708,0.0,0.0,0.0
91709,0.0,0.0,0.0
91710,0.0,0.0,0.0
91711,0.0,0.0,0.0
91712,0.0,0.0,0.0
91713,0.0,0.0,0.0
91714,0.0,0.0,0.0
91715,0.0,0.0,0.0
91716,0.0,0.0,0.0
91717,0.0,0.0,0.0
91718,0.0,0.0,0.0
91719,0.0,0.0,0.0
91720,0.0,0.0,0.0
91721,0.0,0.0,0.0
91722,0.0,0.0,0.0
91723,0.0,0.0,0.0
91724,0.0,0.0,0.0
91725,0.0,0.0,0.0
91726,0.0,0.0,0.0
91727,0.0,0.0,0.0
91728,0.0,0.0,0.0
91729,0.0,0.0,0.0
91730,0.0,0.0,0.0
91731,0.0,0.0,0.0
91732,0.0,0.0,0.0
91733,0.0,0.0,0.0
91734,0.0,0.0,0.0
91735,0.0,0.0,0.0
91736,0.0,0.0,0.0
91737,0.0,0.0,0.0
91738,0.0,0.0,0.0
91739,0.0,0.0,0.0
91740,0.0,0.0,0.0
91741,0.0,0.0,0.0
91742,0.0,0.0,0.0
91743,0.0,0.0,0.0
91744,0.0,0.0,0.0
91745,0.0,0.0,0.0
91746,0.0,0.0,0.0
91747,0.0,0.0,0.0
91748,0.0,0.0,0.0
91749,0.0,0.0,0.0
91750,0.0,0.0,0.0
91751,0.0,0.0,0.0
91752,0.0,0.0,0.0
91753,0.0,0.0,0.0
91754,0.0,0.0,0.0
91755,0.0,0.0,0.0
91756,0.0,0.0,0.0
91757,0.0,0.0,0.0
91758,0.0,0.0,0.0
91759,0.0,0.0,0.0
91760,0.0,0.0,0.0
91761,0.0,0.0,0.0
91762,0.0,0.0,0.0
91763,0.0,0.0,0.0
91764,0.0,0.0,0.0
91765,0.0,0.0,0.0
91766,0.0,0.0,0.0
91767,0.0,0.0,0.0
91768,0.0,0.0,0.0
91769,0.0,0.0,0.0
91770,0.0,0.0,0.0
91771,0.0,0.0,0.0
91772,0.0,0.0,0.0
91773,0.0,0.0,0.0
91774,0.0,0.0,0.0
91775,0.0,0.0,0.0
91776,0.0,0.0,0.0
91777,0.0,0.0,0.0
91778,0.0,0.0,0.0
91779,0.0,0.0,0.0
91780,0.0,0.0,0.0
91781,0.0,0.0,0.0
91782,0.0,0.0,0.0
91783,0.0,0.0,0.0
91784,0.0,0.0,0.0
91785,0.0,0.0,0.0
91786,0.0,0.0,0.0
91787,0.0,0.0,0.0
91788,0.0,0.0,0.0
91789,0.0,0.0,0.0
91790,0.0,0.0,0.0
91791,0.0,0.0,0.0
91792,0.0,0.0,0.0
91793,0.0,0.0,0.0
91794,0.0,0.0,0.0
91795,0.0,0.0,0.0
91796,0.0,0.0,0.0
91797,0.0,0.0,0.0
91798,0.0,0.0,0.0
91799,0.0,0.0,0.0
91800,0.0,0.0,0.0
91801,0.0,0.0,0.0
91802,0.0,0.0,0.0
91803,0.0,0.0,0.0
91804,0.0,0.0,0.0
91805,0.0,0.0,0.0
91806,0.0,0.0,0.0
91807,0.0,0.0,0.0
91808,0.0,0.0,0.0
91809,0.0,0.0,0.0
91810,0.0,0.0,0.0
91811,0.0,0.0,0.0
91812,0.0,0.0,0.0
91813,0.0,0.0,0.0
91814,0.0,0.0,0.0
91815,0.0,0.0,0.0
91816,0.0,0.0,0.0
91817,0.0,0.0,0.0
91818,0.0,0.0,0.0
91819,0.0,0.0,0.0
91820,0.0,0.0,0.0
91821,0.0,0.0,0.0
91822,0.0,0.0,0.0
91823,0.0,0.0,0.0
91824,0.0,0.0,0.0
91825,0.0,0.0,0.0
91826,0.0,0.0,0.0
91827,0.0,0.0,0.0
91828,0.0,0.0,0.0
91829,0.0,0.0,0.0
91830,0.0,0.0,0.0
91831,0.0,0.0,0.0
91832,0.0,0.0,0.0
91833,0.0,0.0,0.0
91834,0.0,0.0,0.0
91835,0.0,0.0,0.0
91836,0.0,0.0,0.0
91837,0.0,0.0,0.0
91838,0.0,0.0,0.0
91839,0.0,0.0,0.0
91840,0.0,0.0,0.0
91841,0.0,0.0,0.0
91842,0.0,0.0,0.0
91843,0.0,0.0,0.0
91844,0.0,0.0,0.0
91845,0.0,0.0,0.0
91846,0.0,0.0,0.0
91847,0.0,0.0,0.0
91848,0.0,0.0,0.0
91849,0.0,0.0,0.0
91850,0.0,0.0,0.0
91851,0.0,0.0,0.0
91852,0.0,0.0,0.0
91853,0.0,0.0,0.0
91854,0.0,0.0,0.0
91855,0.0,0.0,0.0
91856,0.0,0.0,0.0
91857,0.0,0.0,0.0
91858,0.0,0.0,0.0
91859,0.0,0.0,0.0
91860,0.0,0.0,0.0
91861,0.0,0.0,0.0
91862,0.0,0.0,0.0
91863,0.0,0.0,0.0
91864,0.0,0.0,0.0
91865,0.0,0.0,0.0
91866,0.0,0.0,0.0
91867,0.0,0.0,0.0
91868,0.0,0.0,0.0
91869,0.0,0.0,0.0
91870,0.0,0.0,0.0
91871,0.0,0.0,0.0
91872,0.0,0.0,0.0
91873,0.0,0.0,0.0
91874,0.0,0.0,0.0
91875,0.0,0.0,0.0
91876,0.0,0.0,0.0
91877,0.0,0.0,0.0
91878,0.0,0.0,0.0
91879,0.0,0.0,0.0
91880,0.0,0.0,0.0
91881,0.0,0.0,0.0
91882,0.0,0.0,0.0
91883,0.0,0.0,0.0
91884,0.0,0.0,0.0
91885,0.0,0.0,0.0
91886,0.0,0.0,0.0
91887,0.0,0.0,0.0
91888,0.0,0.0,0.0
91889,0.0,0.0,0.0
91890,0.0,0.0,0.0
91891,0.0,0.0,0.0
91892,0.0,0.0,0.0
91893,0.0,0.0,0.0
91894,0.0,0.0,0.0
91895,0.0,0.0,0.0
91896,0.0,0.0,0.0
91897,0.0,0.0,0.0
91898,0.0,0.0,0.0
91899,0.0,0.0,0.0
91900,0.0,0.0,0.0
91901,0.0,0.0,0.0
91902,0.0,0.0,0.0
91903,0.0,0.0,0.0
91904,0.0,0.0,0.0
91905,0.0,0.0,0.0
91906,0.0,0.0,0.0
91907,0.0,0.0,0.0
91908,0.0,0.0,0.0
91909,0.0,0.0,0.0
91910,0.0,0.0,0.0
91911,0.0,0.0,0.0
91912,0.0,0.0,0.0
91913,0.0,0.0,0.0
91914,0.0,0.0,0.0
91915,0.0,0.0,0.0
91916,0.0,0.0,0.0
91917,0.0,0.0,0.0
91918,0.0,0.0,0.0
91919,0.0,0.0,0.0
91920,0.0,0.0,0.0
91921,0.0,0.0,0.0
91922,0.0,0.0,0.0
91923,0.0,0.0,0.0
91924,0.0,0.0,0.0
91925,0.0,0.0,0.0
91926,0.0,0.0,0.0
91927,0.0,0.0,0.0
91928,0.0,0.0,0.0
91929,0.0,0.0,0.0
91930,0.0,0.0,0.0
91931,0.0,0.0,0.0
91932,0.0,0.0,0.0
91933,0.0,0.0,0.0
91934,0.0,0.0,0.0
91935,0.0,0.0,0.0
91936,0.0,0.0,0.0
91937,0.0,0.0,0.0
91938,0.0,0.0,0.0
91939,0.0,0.0,0.0
91940,0.0,0.0,0.0
91941,0.0,0.0,0.0
91942,0.0,0.0,0.0
91943,0.0,0.0,0.0
91944,0.0,0.0,0.0
91945,0.0,0.0,0.0
91946,0.0,0.0,0.0
91947,0.0,0.0,0.0
91948,0.0,0.0,0.0
91949,0.0,0.0,0.0
91950,0.0,0.0,0.0
91951,0.0,0.0,0.0
91952,0.0,0.0,0.0
91953,0.0,0.0,0.0
91954,0.0,0.0,0.0
91955,0.0,0.0,0.0
91956,0.0,0.0,0.0
91957,0.0,0.0,0.0
91958,0.0,0.0,0.0
91959,0.0,0.0,0.0
91960,0.0,0.0,0.0
91961,0.0,0.0,0.0
91962,0.0,0.0,0.0
91963,0.0,0.0,0.0
91964,0.0,0.0,0.0
91965,0.0,0.0,0.0
91966,0.0,0.0,0.0
91967,0.0,0.0,0.0
91968,0.0,0.0,0.0
91969,0.0,0.0,0.0
91970,0.0,0.0,0.0
91971,0.0,0.0,0.0
91972,0.0,0.0,0.0
91973,0.0,0.0,0.0
91974,0.0,0.0,0.0
91975,0.0,0.0,0.0
91976,0.0,0.0,0.0
91977,0.0,0.0,0.0
91978,0.0,0.0,0.0
91979,0.0,0.0,0.0
91980,0.0,0.0,0.0
91981,0.0,0.0,0.0
91982,0.0,0.0,0.0
91983,0.0,0.0,0.0
91984,0.0,0.0,0.0
91985,0.0,0.0,0.0
91986,0.0,0.0,0.0
91987,0.0,0.0,0.0
91988,0.0,0.0,0.0
91989,0.0,0.0,0.0
91990,0.0,0.0,0.0
91991,0.0,0.0,0.0
91992,0.0,0.0,0.0
91993,0.0,0.0,0.0
91994,0.0,0.0,0.0
91995,0.0,0.0,0.0
91996,0.0,0.0,0.0
91997,0.0,0.0,0.0
91998,0.0,0.0,0.0
91999,0.0,0.0,0.0
92000,0.0,0.0,0.0
92001,0.0,0.0,0.0
92002,0.0,0.0,0.0
92003,0.0,0.0,0.0
92004,0.0,0.0,0.0
92005,0.0,0.0,0.0
92006,0.0,0.0,0.0
92007,0.0,0.0,0.0
92008,0.0,0.0,0.0
92009,0.0,0.0,0.0
92010,0.0,0.0,0.0
92011,0.0,0.0,0.0
92012,0.0,0.0,0.0
92013,0.0,0.0,0.0
92014,0.0,0.0,0.0
92015,0.0,0.0,0.0
92016,0.0,0.0,0.0
92017,0.0,0.0,0.0
92018,0.0,0.0,0.0
92019,0.0,0.0,0.0
92020,0.0,0.0,0.0
92021,0.0,0.0,0.0
92022,0.0,0.0,0.0
92023,0.0,0.0,0.0
92024,0.0,0.0,0.0
92025,0.0,0.0,0.0
92026,0.0,0.0,0.0
92027,0.0,0.0,0.0
92028,0.0,0.0,0.0
92029,0.0,0.0,0.0
92030,0.0,0.0,0.0
92031,0.0,0.0,0.0
92032,0.0,0.0,0.0
92033,0.0,0.0,0.0
92034,0.0,0.0,0.0
92035,0.0,0.0,0.0
92036,0.0,0.0,0.0
92037,0.0,0.0,0.0
92038,0.0,0.0,0.0
92039,0.0,0.0,0.0
92040,0.0,0.0,0.0
92041,0.0,0.0,0.0
92042,0.0,0.0,0.0
92043,0.0,0.0,0.0
92044,0.0,0.0,0.0
92045,0.0,0.0,0.0
92046,0.0,0.0,0.0
92047,0.0,0.0,0.0
92048,0.0,0.0,0.0
92049,0.0,0.0,0.0
92050,0.0,0.0,0.0
92051,0.0,0.0,0.0
92052,0.0,0.0,0.0
92053,0.0,0.0,0.0
92054,0.0,0.0,0.0
92055,0.0,0.0,0.0
92056,0.0,0.0,0.0
92057,0.0,0.0,0.0
92058,0.0,0.0,0.0
92059,0.0,0.0,0.0
92060,0.0,0.0,0.0
92061,0.0,0.0,0.0
92062,0.0,0.0,0.0
92063,0.0,0.0,0.0
92064,0.0,0.0,0.0
92065,0.0,0.0,0.0
92066,0.0,0.0,0.0
92067,0.0,0.0,0.0
92068,0.0,0.0,0.0
92069,0.0,0.0,0.0
92070,0.0,0.0,0.0
92071,0.0,0.0,0.0
92072,0.0,0.0,0.0
92073,0.0,0.0,0.0
92074,0.0,0.0,0.0
92075,0.0,0.0,0.0
92076,0.0,0.0,0.0
92077,0.0,0.0,0.0
92078,0.0,0.0,0.0
92079,0.0,0.0,0.0
92080,0.0,0.0,0.0
92081,0.0,0.0,0.0
92082,0.0,0.0,0.0
92083,0.0,0.0,0.0
92084,0.0,0.0,0.0
92085,0.0,0.0,0.0
92086,0.0,0.0,0.0
92087,0.0,0.0,0.0
92088,0.0,0.0,0.0
92089,0.0,0.0,0.0
92090,0.0,0.0,0.0
92091,0.0,0.0,0.0
92092,0.0,0.0,0.0
92093,0.0,0.0,0.0
92094,0.0,0.0,0.0
92095,0.0,0.0,0.0
92096,0.0,0.0,0.0
92097,0.0,0.0,0.0
92098,0.0,0.0,0.0
92099,0.0,0.0,0.0
92100,0.0,0.0,0.0
92101,0.0,0.0,0.0
92102,0.0,0.0,0.0
92103,0.0,0.0,0.0
92104,0.0,0.0,0.0
92105,0.0,0.0,0.0
92106,0.0,0.0,0.0
92107,0.0,0.0,0.0
92108,0.0,0.0,0.0
92109,0.0,0.0,0.0
92110,0.0,0.0,0.0
92111,0.0,0.0,0.0
92112,0.0,0.0,0.0
92113,0.0,0.0,0.0
92114,0.0,0.0,0.0
92115,0.0,0.0,0.0
92116,0.0,0.0,0.0
92117,0.0,0.0,0.0
92118,0.0,0.0,0.0
92119,0.0,0.0,0.0
92120,0.0,0.0,0.0
92121,0.0,0.0,0.0
92122,0.0,0.0,0.0
92123,0.0,0.0,0.0
92124,0.0,0.0,0.0
92125,0.0,0.0,0.0
92126,0.0,0.0,0.0
92127,0.0,0.0,0.0
92128,0.0,0.0,0.0
92129,0.0,0.0,0.0
92130,0.0,0.0,0.0
92131,0.0,0.0,0.0
92132,0.0,0.0,0.0
92133,0.0,0.0,0.0
92134,0.0,0.0,0.0
92135,0.0,0.0,0.0
92136,0.0,0.0,0.0
92137,0.0,0.0,0.0
92138,0.0,0.0,0.0
92139,0.0,0.0,0.0
92140,0.0,0.0,0.0
92141,0.0,0.0,0.0
92142,0.0,0.0,0.0
92143,0.0,0.0,0.0
92144,0.0,0.0,0.0
92145,0.0,0.0,0.0
92146,0.0,0.0,0.0
92147,0.0,0.0,0.0
92148,0.0,0.0,0.0
92149,0.0,0.0,0.0
92150,0.0,0.0,0.0
92151,0.0,0.0,0.0
92152,0.0,0.0,0.0
92153,0.0,0.0,0.0
92154,0.0,0.0,0.0
92155,0.0,0.0,0.0
92156,0.0,0.0,0.0
92157,0.0,0.0,0.0
92158,0.0,0.0,0.0
92159,0.0,0.0,0.0
92160,0.0,0.0,0.0
92161,0.0,0.0,0.0
92162,0.0,0.0,0.0
92163,0.0,0.0,0.0
92164,0.0,0.0,0.0
92165,0.0,0.0,0.0
92166,0.0,0.0,0.0
92167,0.0,0.0,0.0
92168,0.0,0.0,0.0
92169,0.0,0.0,0.0
92170,0.0,0.0,0.0
92171,0.0,0.0,0.0
92172,0.0,0.0,0.0
92173,0.0,0.0,0.0
92174,0.0,0.0,0.0
92175,0.0,0.0,0.0
92176,0.0,0.0,0.0
92177,0.0,0.0,0.0
92178,0.0,0.0,0.0
92179,0.0,0.0,0.0
92180,0.0,0.0,0.0
92181,0.0,0.0,0.0
92182,0.0,0.0,0.0
92183,0.0,0.0,0.0
92184,0.0,0.0,0.0
92185,0.0,0.0,0.0
92186,0.0,0.0,0.0
92187,0.0,0.0,0.0
92188,0.0,0.0,0.0
92189,0.0,0.0,0.0
92190,0.0,0.0,0.0
92191,0.0,0.0,0.0
92192,0.0,0.0,0.0
92193,0.0,0.0,0.0
92194,0.0,0.0,0.0
92195,0.0,0.0,0.0
92196,0.0,0.0,0.0
92197,0.0,0.0,0.0
92198,0.0,0.0,0.0
92199,0.0,0.0,0.0
92200,0.0,0.0,0.0
92201,0.0,0.0,0.0
92202,0.0,0.0,0.0
92203,0.0,0.0,0.0
92204,0.0,0.0,0.0
92205,0.0,0.0,0.0
92206,0.0,0.0,0.0
92207,0.0,0.0,0.0
92208,0.0,0.0,0.0
92209,0.0,0.0,0.0
92210,0.0,0.0,0.0
92211,0.0,0.0,0.0
92212,0.0,0.0,0.0
92213,0.0,0.0,0.0
92214,0.0,0.0,0.0
92215,0.0,0.0,0.0
92216,0.0,0.0,0.0
92217,0.0,0.0,0.0
92218,0.0,0.0,0.0
92219,0.0,0.0,0.0
92220,0.0,0.0,0.0
92221,0.0,0.0,0.0
92222,0.0,0.0,0.0
92223,0.0,0.0,0.0
92224,0.0,0.0,0.0
92225,0.0,0.0,0.0
92226,0.0,0.0,0.0
92227,0.0,0.0,0.0
92228,0.0,0.0,0.0
92229,0.0,0.0,0.0
92230,0.0,0.0,0.0
92231,0.0,0.0,0.0
92232,0.0,0.0,0.0
92233,0.0,0.0,0.0
92234,0.0,0.0,0.0
92235,0.0,0.0,0.0
92236,0.0,0.0,0.0
92237,0.0,0.0,0.0
92238,0.0,0.0,0.0
92239,0.0,0.0,0.0
92240,0.0,0.0,0.0
92241,0.0,0.0,0.0
92242,0.0,0.0,0.0
92243,0.0,0.0,0.0
92244,0.0,0.0,0.0
92245,0.0,0.0,0.0
92246,0.0,0.0,0.0
92247,0.0,0.0,0.0
92248,0.0,0.0,0.0
92249,0.0,0.0,0.0
92250,0.0,0.0,0.0
92251,0.0,0.0,0.0
92252,0.0,0.0,0.0
92253,0.0,0.0,0.0
92254,0.0,0.0,0.0
92255,0.0,0.0,0.0
92256,0.0,0.0,0.0
92257,0.0,0.0,0.0
92258,0.0,0.0,0.0
92259,0.0,0.0,0.0
92260,0.0,0.0,0.0
92261,0.0,0.0,0.0
92262,0.0,0.0,0.0
92263,0.0,0.0,0.0
92264,0.0,0.0,0.0
92265,0.0,0.0,0.0
92266,0.0,0.0,0.0
92267,0.0,0.0,0.0
92268,0.0,0.0,0.0
92269,0.0,0.0,0.0
92270,0.0,0.0,0.0
92271,0.0,0.0,0.0
92272,0.0,0.0,0.0
92273,0.0,0.0,0.0
92274,0.0,0.0,0.0
92275,0.0,0.0,0.0
92276,0.0,0.0,0.0
92277,0.0,0.0,0.0
92278,0.0,0.0,0.0
92279,0.0,0.0,0.0
92280,0.0,0.0,0.0
92281,0.0,0.0,0.0
92282,0.0,0.0,0.0
92283,0.0,0.0,0.0
92284,0.0,0.0,0.0
92285,0.0,0.0,0.0
92286,0.0,0.0,0.0
92287,0.0,0.0,0.0
92288,0.0,0.0,0.0
92289,0.0,0.0,0.0
92290,0.0,0.0,0.0
92291,0.0,0.0,0.0
92292,0.0,0.0,0.0
92293,0.0,0.0,0.0
92294,0.0,0.0,0.0
92295,0.0,0.0,0.0
92296,0.0,0.0,0.0
92297,0.0,0.0,0.0
92298,0.0,0.0,0.0
92299,0.0,0.0,0.0
92300,0.0,0.0,0.0
92301,0.0,0.0,0.0
92302,0.0,0.0,0.0
92303,0.0,0.0,0.0
92304,0.0,0.0,0.0
92305,0.0,0.0,0.0
92306,0.0,0.0,0.0
92307,0.0,0.0,0.0
92308,0.0,0.0,0.0
92309,0.0,0.0,0.0
92310,0.0,0.0,0.0
92311,0.0,0.0,0.0
92312,0.0,0.0,0.0
92313,0.0,0.0,0.0
92314,0.0,0.0,0.0
92315,0.0,0.0,0.0
92316,0.0,0.0,0.0
92317,0.0,0.0,0.0
92318,0.0,0.0,0.0
92319,0.0,0.0,0.0
92320,0.0,0.0,0.0
92321,0.0,0.0,0.0
92322,0.0,0.0,0.0
92323,0.0,0.0,0.0
92324,0.0,0.0,0.0
92325,0.0,0.0,0.0
92326,0.0,0.0,0.0
92327,0.0,0.0,0.0
92328,0.0,0.0,0.0
92329,0.0,0.0,0.0
92330,0.0,0.0,0.0
92331,0.0,0.0,0.0
92332,0.0,0.0,0.0
92333,0.0,0.0,0.0
92334,0.0,0.0,0.0
92335,0.0,0.0,0.0
92336,0.0,0.0,0.0
92337,0.0,0.0,0.0
92338,0.0,0.0,0.0
92339,0.0,0.0,0.0
92340,0.0,0.0,0.0
92341,0.0,0.0,0.0
92342,0.0,0.0,0.0
92343,0.0,0.0,0.0
92344,0.0,0.0,0.0
92345,0.0,0.0,0.0
92346,0.0,0.0,0.0
92347,0.0,0.0,0.0
92348,0.0,0.0,0.0
92349,0.0,0.0,0.0
92350,0.0,0.0,0.0
92351,0.0,0.0,0.0
92352,0.0,0.0,0.0
92353,0.0,0.0,0.0
92354,0.0,0.0,0.0
92355,0.0,0.0,0.0
92356,0.0,0.0,0.0
92357,0.0,0.0,0.0
92358,0.0,0.0,0.0
92359,0.0,0.0,0.0
92360,0.0,0.0,0.0
92361,0.0,0.0,0.0
92362,0.0,0.0,0.0
92363,0.0,0.0,0.0
92364,0.0,0.0,0.0
92365,0.0,0.0,0.0
92366,0.0,0.0,0.0
92367,0.0,0.0,0.0
92368,0.0,0.0,0.0
92369,0.0,0.0,0.0
92370,0.0,0.0,0.0
92371,0.0,0.0,0.0
92372,0.0,0.0,0.0
92373,0.0,0.0,0.0
92374,0.0,0.0,0.0
92375,0.0,0.0,0.0
92376,0.0,0.0,0.0
92377,0.0,0.0,0.0
92378,0.0,0.0,0.0
92379,0.0,0.0,0.0
92380,0.0,0.0,0.0
92381,0.0,0.0,0.0
92382,0.0,0.0,0.0
92383,0.0,0.0,0.0
92384,0.0,0.0,0.0
92385,0.0,0.0,0.0
92386,0.0,0.0,0.0
92387,0.0,0.0,0.0
92388,0.0,0.0,0.0
92389,0.0,0.0,0.0
92390,0.0,0.0,0.0
92391,0.0,0.0,0.0
92392,0.0,0.0,0.0
92393,0.0,0.0,0.0
92394,0.0,0.0,0.0
92395,0.0,0.0,0.0
92396,0.0,0.0,0.0
92397,0.0,0.0,0.0
92398,0.0,0.0,0.0
92399,0.0,0.0,0.0
92400,0.0,0.0,0.0
92401,0.0,0.0,0.0
92402,0.0,0.0,0.0
92403,0.0,0.0,0.0
92404,0.0,0.0,0.0
92405,0.0,0.0,0.0
92406,0.0,0.0,0.0
92407,0.0,0.0,0.0
92408,0.0,0.0,0.0
92409,0.0,0.0,0.0
92410,0.0,0.0,0.0
92411,0.0,0.0,0.0
92412,0.0,0.0,0.0
92413,0.0,0.0,0.0
92414,0.0,0.0,0.0
92415,0.0,0.0,0.0
92416,0.0,0.0,0.0
92417,0.0,0.0,0.0
92418,0.0,0.0,0.0
92419,0.0,0.0,0.0
92420,0.0,0.0,0.0
92421,0.0,0.0,0.0
92422,0.0,0.0,0.0
92423,0.0,0.0,0.0
92424,0.0,0.0,0.0
92425,0.0,0.0,0.0
92426,0.0,0.0,0.0
92427,0.0,0.0,0.0
92428,0.0,0.0,0.0
92429,0.0,0.0,0.0
92430,0.0,0.0,0.0
92431,0.0,0.0,0.0
92432,0.0,0.0,0.0
92433,0.0,0.0,0.0
92434,0.0,0.0,0.0
92435,0.0,0.0,0.0
92436,0.0,0.0,0.0
92437,0.0,0.0,0.0
92438,0.0,0.0,0.0
92439,0.0,0.0,0.0
92440,0.0,0.0,0.0
92441,0.0,0.0,0.0
92442,0.0,0.0,0.0
92443,0.0,0.0,0.0
92444,0.0,0.0,0.0
92445,0.0,0.0,0.0
92446,0.0,0.0,0.0
92447,0.0,0.0,0.0
92448,0.0,0.0,0.0
92449,0.0,0.0,0.0
92450,0.0,0.0,0.0
92451,0.0,0.0,0.0
92452,0.0,0.0,0.0
92453,0.0,0.0,0.0
92454,0.0,0.0,0.0
92455,0.0,0.0,0.0
92456,0.0,0.0,0.0
92457,0.0,0.0,0.0
92458,0.0,0.0,0.0
92459,0.0,0.0,0.0
92460,0.0,0.0,0.0
92461,0.0,0.0,0.0
92462,0.0,0.0,0.0
92463,0.0,0.0,0.0
92464,0.0,0.0,0.0
92465,0.0,0.0,0.0
92466,0.0,0.0,0.0
92467,0.0,0.0,0.0
92468,0.0,0.0,0.0
92469,0.0,0.0,0.0
92470,0.0,0.0,0.0
92471,0.0,0.0,0.0
92472,0.0,0.0,0.0
92473,0.0,0.0,0.0
92474,0.0,0.0,0.0
92475,0.0,0.0,0.0
92476,0.0,0.0,0.0
92477,0.0,0.0,0.0
92478,0.0,0.0,0.0
92479,0.0,0.0,0.0
92480,0.0,0.0,0.0
92481,0.0,0.0,0.0
92482,0.0,0.0,0.0
92483,0.0,0.0,0.0
92484,0.0,0.0,0.0
92485,0.0,0.0,0.0
92486,0.0,0.0,0.0
92487,0.0,0.0,0.0
92488,0.0,0.0,0.0
92489,0.0,0.0,0.0
92490,0.0,0.0,0.0
92491,0.0,0.0,0.0
92492,0.0,0.0,0.0
92493,0.0,0.0,0.0
92494,0.0,0.0,0.0
92495,0.0,0.0,0.0
92496,0.0,0.0,0.0
92497,0.0,0.0,0.0
92498,0.0,0.0,0.0
92499,0.0,0.0,0.0
92500,0.0,0.0,0.0
92501,0.0,0.0,0.0
92502,0.0,0.0,0.0
92503,0.0,0.0,0.0
92504,0.0,0.0,0.0
92505,0.0,0.0,0.0
92506,0.0,0.0,0.0
92507,0.0,0.0,0.0
92508,0.0,0.0,0.0
92509,0.0,0.0,0.0
92510,0.0,0.0,0.0
92511,0.0,0.0,0.0
92512,0.0,0.0,0.0
92513,0.0,0.0,0.0
92514,0.0,0.0,0.0
92515,0.0,0.0,0.0
92516,0.0,0.0,0.0
92517,0.0,0.0,0.0
92518,0.0,0.0,0.0
92519,0.0,0.0,0.0
92520,0.0,0.0,0.0
92521,0.0,0.0,0.0
92522,0.0,0.0,0.0
92523,0.0,0.0,0.0
92524,0.0,0.0,0.0
92525,0.0,0.0,0.0
92526,0.0,0.0,0.0
92527,0.0,0.0,0.0
92528,0.0,0.0,0.0
92529,0.0,0.0,0.0
92530,0.0,0.0,0.0
92531,0.0,0.0,0.0
92532,0.0,0.0,0.0
92533,0.0,0.0,0.0
92534,0.0,0.0,0.0
92535,0.0,0.0,0.0
92536,0.0,0.0,0.0
92537,0.0,0.0,0.0
92538,0.0,0.0,0.0
92539,0.0,0.0,0.0
92540,0.0,0.0,0.0
92541,0.0,0.0,0.0
92542,0.0,0.0,0.0
92543,0.0,0.0,0.0
92544,0.0,0.0,0.0
92545,0.0,0.0,0.0
92546,0.0,0.0,0.0
92547,0.0,0.0,0.0
92548,0.0,0.0,0.0
92549,0.0,0.0,0.0
92550,0.0,0.0,0.0
92551,0.0,0.0,0.0
92552,0.0,0.0,0.0
92553,0.0,0.0,0.0
92554,0.0,0.0,0.0
92555,0.0,0.0,0.0
92556,0.0,0.0,0.0
92557,0.0,0.0,0.0
92558,0.0,0.0,0.0
92559,0.0,0.0,0.0
92560,0.0,0.0,0.0
92561,0.0,0.0,0.0
92562,0.0,0.0,0.0
92563,0.0,0.0,0.0
92564,0.0,0.0,0.0
92565,0.0,0.0,0.0
92566,0.0,0.0,0.0
92567,0.0,0.0,0.0
92568,0.0,0.0,0.0
92569,0.0,0.0,0.0
92570,0.0,0.0,0.0
92571,0.0,0.0,0.0
92572,0.0,0.0,0.0
92573,0.0,0.0,0.0
92574,0.0,0.0,0.0
92575,0.0,0.0,0.0
92576,0.0,0.0,0.0
92577,0.0,0.0,0.0
92578,0.0,0.0,0.0
92579,0.0,0.0,0.0
92580,0.0,0.0,0.0
92581,0.0,0.0,0.0
92582,0.0,0.0,0.0
92583,0.0,0.0,0.0
92584,0.0,0.0,0.0
92585,0.0,0.0,0.0
92586,0.0,0.0,0.0
92587,0.0,0.0,0.0
92588,0.0,0.0,0.0
92589,0.0,0.0,0.0
92590,0.0,0.0,0.0
92591,0.0,0.0,0.0
92592,0.0,0.0,0.0
92593,0.0,0.0,0.0
92594,0.0,0.0,0.0
92595,0.0,0.0,0.0
92596,0.0,0.0,0.0
92597,0.0,0.0,0.0
92598,0.0,0.0,0.0
92599,0.0,0.0,0.0
92600,0.0,0.0,0.0
92601,0.0,0.0,0.0
92602,0.0,0.0,0.0
92603,0.0,0.0,0.0
92604,0.0,0.0,0.0
92605,0.0,0.0,0.0
92606,0.0,0.0,0.0
92607,0.0,0.0,0.0
92608,0.0,0.0,0.0
92609,0.0,0.0,0.0
92610,0.0,0.0,0.0
92611,0.0,0.0,0.0
92612,0.0,0.0,0.0
92613,0.0,0.0,0.0
92614,0.0,0.0,0.0
92615,0.0,0.0,0.0
92616,0.0,0.0,0.0
92617,0.0,0.0,0.0
92618,0.0,0.0,0.0
92619,0.0,0.0,0.0
92620,0.0,0.0,0.0
92621,0.0,0.0,0.0
92622,0.0,0.0,0.0
92623,0.0,0.0,0.0
92624,0.0,0.0,0.0
92625,0.0,0.0,0.0
92626,0.0,0.0,0.0
92627,0.0,0.0,0.0
92628,0.0,0.0,0.0
92629,0.0,0.0,0.0
92630,0.0,0.0,0.0
92631,0.0,0.0,0.0
92632,0.0,0.0,0.0
92633,0.0,0.0,0.0
92634,0.0,0.0,0.0
92635,0.0,0.0,0.0
92636,0.0,0.0,0.0
92637,0.0,0.0,0.0
92638,0.0,0.0,0.0
92639,0.0,0.0,0.0
92640,0.0,0.0,0.0
92641,0.0,0.0,0.0
92642,0.0,0.0,0.0
92643,0.0,0.0,0.0
92644,0.0,0.0,0.0
92645,0.0,0.0,0.0
92646,0.0,0.0,0.0
92647,0.0,0.0,0.0
92648,0.0,0.0,0.0
92649,0.0,0.0,0.0
92650,0.0,0.0,0.0
92651,0.0,0.0,0.0
92652,0.0,0.0,0.0
92653,0.0,0.0,0.0
92654,0.0,0.0,0.0
92655,0.0,0.0,0.0
92656,0.0,0.0,0.0
92657,0.0,0.0,0.0
92658,0.0,0.0,0.0
92659,0.0,0.0,0.0
92660,0.0,0.0,0.0
92661,0.0,0.0,0.0
92662,0.0,0.0,0.0
92663,0.0,0.0,0.0
92664,0.0,0.0,0.0
92665,0.0,0.0,0.0
92666,0.0,0.0,0.0
92667,0.0,0.0,0.0
92668,0.0,0.0,0.0
92669,0.0,0.0,0.0
92670,0.0,0.0,0.0
92671,0.0,0.0,0.0
92672,0.0,0.0,0.0
92673,0.0,0.0,0.0
92674,0.0,0.0,0.0
92675,0.0,0.0,0.0
92676,0.0,0.0,0.0
92677,0.0,0.0,0.0
92678,0.0,0.0,0.0
92679,0.0,0.0,0.0
92680,0.0,0.0,0.0
92681,0.0,0.0,0.0
92682,0.0,0.0,0.0
92683,0.0,0.0,0.0
92684,0.0,0.0,0.0
92685,0.0,0.0,0.0
92686,0.0,0.0,0.0
92687,0.0,0.0,0.0
92688,0.0,0.0,0.0
92689,0.0,0.0,0.0
92690,0.0,0.0,0.0
92691,0.0,0.0,0.0
92692,0.0,0.0,0.0
92693,0.0,0.0,0.0
92694,0.0,0.0,0.0
92695,0.0,0.0,0.0
92696,0.0,0.0,0.0
92697,0.0,0.0,0.0
92698,0.0,0.0,0.0
92699,0.0,0.0,0.0
92700,0.0,0.0,0.0
92701,0.0,0.0,0.0
92702,0.0,0.0,0.0
92703,0.0,0.0,0.0
92704,0.0,0.0,0.0
92705,0.0,0.0,0.0
92706,0.0,0.0,0.0
92707,0.0,0.0,0.0
92708,0.0,0.0,0.0
92709,0.0,0.0,0.0
92710,0.0,0.0,0.0
92711,0.0,0.0,0.0
92712,0.0,0.0,0.0
92713,0.0,0.0,0.0
92714,0.0,0.0,0.0
92715,0.0,0.0,0.0
92716,0.0,0.0,0.0
92717,0.0,0.0,0.0
92718,0.0,0.0,0.0
92719,0.0,0.0,0.0
92720,0.0,0.0,0.0
92721,0.0,0.0,0.0
92722,0.0,0.0,0.0
92723,0.0,0.0,0.0
92724,0.0,0.0,0.0
92725,0.0,0.0,0.0
92726,0.0,0.0,0.0
92727,0.0,0.0,0.0
92728,0.0,0.0,0.0
92729,0.0,0.0,0.0
92730,0.0,0.0,0.0
92731,0.0,0.0,0.0
92732,0.0,0.0,0.0
92733,0.0,0.0,0.0
92734,0.0,0.0,0.0
92735,0.0,0.0,0.0
92736,0.0,0.0,0.0
92737,0.0,0.0,0.0
92738,0.0,0.0,0.0
92739,0.0,0.0,0.0
92740,0.0,0.0,0.0
92741,0.0,0.0,0.0
92742,0.0,0.0,0.0
92743,0.0,0.0,0.0
92744,0.0,0.0,0.0
92745,0.0,0.0,0.0
92746,0.0,0.0,0.0
92747,0.0,0.0,0.0
92748,0.0,0.0,0.0
92749,0.0,0.0,0.0
92750,0.0,0.0,0.0
92751,0.0,0.0,0.0
92752,0.0,0.0,0.0
92753,0.0,0.0,0.0
92754,0.0,0.0,0.0
92755,0.0,0.0,0.0
92756,0.0,0.0,0.0
92757,0.0,0.0,0.0
92758,0.0,0.0,0.0
92759,0.0,0.0,0.0
92760,0.0,0.0,0.0
92761,0.0,0.0,0.0
92762,0.0,0.0,0.0
92763,0.0,0.0,0.0
92764,0.0,0.0,0.0
92765,0.0,0.0,0.0
92766,0.0,0.0,0.0
92767,0.0,0.0,0.0
92768,0.0,0.0,0.0
92769,0.0,0.0,0.0
92770,0.0,0.0,0.0
92771,0.0,0.0,0.0
92772,0.0,0.0,0.0
92773,0.0,0.0,0.0
92774,0.0,0.0,0.0
92775,0.0,0.0,0.0
92776,0.0,0.0,0.0
92777,0.0,0.0,0.0
92778,0.0,0.0,0.0
92779,0.0,0.0,0.0
92780,0.0,0.0,0.0
92781,0.0,0.0,0.0
92782,0.0,0.0,0.0
92783,0.0,0.0,0.0
92784,0.0,0.0,0.0
92785,0.0,0.0,0.0
92786,0.0,0.0,0.0
92787,0.0,0.0,0.0
92788,0.0,0.0,0.0
92789,0.0,0.0,0.0
92790,0.0,0.0,0.0
92791,0.0,0.0,0.0
92792,0.0,0.0,0.0
92793,0.0,0.0,0.0
92794,0.0,0.0,0.0
92795,0.0,0.0,0.0
92796,0.0,0.0,0.0
92797,0.0,0.0,0.0
92798,0.0,0.0,0.0
92799,0.0,0.0,0.0
92800,0.0,0.0,0.0
92801,0.0,0.0,0.0
92802,0.0,0.0,0.0
92803,0.0,0.0,0.0
92804,0.0,0.0,0.0
92805,0.0,0.0,0.0
92806,0.0,0.0,0.0
92807,0.0,0.0,0.0
92808,0.0,0.0,0.0
92809,0.0,0.0,0.0
92810,0.0,0.0,0.0
92811,0.0,0.0,0.0
92812,0.0,0.0,0.0
92813,0.0,0.0,0.0
92814,0.0,0.0,0.0
92815,0.0,0.0,0.0
92816,0.0,0.0,0.0
92817,0.0,0.0,0.0
92818,0.0,0.0,0.0
92819,0.0,0.0,0.0
92820,0.0,0.0,0.0
92821,0.0,0.0,0.0
92822,0.0,0.0,0.0
92823,0.0,0.0,0.0
92824,0.0,0.0,0.0
92825,0.0,0.0,0.0
92826,0.0,0.0,0.0
92827,0.0,0.0,0.0
92828,0.0,0.0,0.0
92829,0.0,0.0,0.0
92830,0.0,0.0,0.0
92831,0.0,0.0,0.0
92832,0.0,0.0,0.0
92833,0.0,0.0,0.0
92834,0.0,0.0,0.0
92835,0.0,0.0,0.0
92836,0.0,0.0,0.0
92837,0.0,0.0,0.0
92838,0.0,0.0,0.0
92839,0.0,0.0,0.0
92840,0.0,0.0,0.0
92841,0.0,0.0,0.0
92842,0.0,0.0,0.0
92843,0.0,0.0,0.0
92844,0.0,0.0,0.0
92845,0.0,0.0,0.0
92846,0.0,0.0,0.0
92847,0.0,0.0,0.0
92848,0.0,0.0,0.0
92849,0.0,0.0,0.0
92850,0.0,0.0,0.0
92851,0.0,0.0,0.0
92852,0.0,0.0,0.0
92853,0.0,0.0,0.0
92854,0.0,0.0,0.0
92855,0.0,0.0,0.0
92856,0.0,0.0,0.0
92857,0.0,0.0,0.0
92858,0.0,0.0,0.0
92859,0.0,0.0,0.0
92860,0.0,0.0,0.0
92861,0.0,0.0,0.0
92862,0.0,0.0,0.0
92863,0.0,0.0,0.0
92864,0.0,0.0,0.0
92865,0.0,0.0,0.0
92866,0.0,0.0,0.0
92867,0.0,0.0,0.0
92868,0.0,0.0,0.0
92869,0.0,0.0,0.0
92870,0.0,0.0,0.0
92871,0.0,0.0,0.0
92872,0.0,0.0,0.0
92873,0.0,0.0,0.0
92874,0.0,0.0,0.0
92875,0.0,0.0,0.0
92876,0.0,0.0,0.0
92877,0.0,0.0,0.0
92878,0.0,0.0,0.0
92879,0.0,0.0,0.0
92880,0.0,0.0,0.0
92881,0.0,0.0,0.0
92882,0.0,0.0,0.0
92883,0.0,0.0,0.0
92884,0.0,0.0,0.0
92885,0.0,0.0,0.0
92886,0.0,0.0,0.0
92887,0.0,0.0,0.0
92888,0.0,0.0,0.0
92889,0.0,0.0,0.0
92890,0.0,0.0,0.0
92891,0.0,0.0,0.0
92892,0.0,0.0,0.0
92893,0.0,0.0,0.0
92894,0.0,0.0,0.0
92895,0.0,0.0,0.0
92896,0.0,0.0,0.0
92897,0.0,0.0,0.0
92898,0.0,0.0,0.0
92899,0.0,0.0,0.0
92900,0.0,0.0,0.0
92901,0.0,0.0,0.0
92902,0.0,0.0,0.0
92903,0.0,0.0,0.0
92904,0.0,0.0,0.0
92905,0.0,0.0,0.0
92906,0.0,0.0,0.0
92907,0.0,0.0,0.0
92908,0.0,0.0,0.0
92909,0.0,0.0,0.0
92910,0.0,0.0,0.0
92911,0.0,0.0,0.0
92912,0.0,0.0,0.0
92913,0.0,0.0,0.0
92914,0.0,0.0,0.0
92915,0.0,0.0,0.0
92916,0.0,0.0,0.0
92917,0.0,0.0,0.0
92918,0.0,0.0,0.0
92919,0.0,0.0,0.0
92920,0.0,0.0,0.0
92921,0.0,0.0,0.0
92922,0.0,0.0,0.0
92923,0.0,0.0,0.0
92924,0.0,0.0,0.0
92925,0.0,0.0,0.0
92926,0.0,0.0,0.0
92927,0.0,0.0,0.0
92928,0.0,0.0,0.0
92929,0.0,0.0,0.0
92930,0.0,0.0,0.0
92931,0.0,0.0,0.0
92932,0.0,0.0,0.0
92933,0.0,0.0,0.0
92934,0.0,0.0,0.0
92935,0.0,0.0,0.0
92936,0.0,0.0,0.0
92937,0.0,0.0,0.0
92938,0.0,0.0,0.0
92939,0.0,0.0,0.0
92940,0.0,0.0,0.0
92941,0.0,0.0,0.0
92942,0.0,0.0,0.0
92943,0.0,0.0,0.0
92944,0.0,0.0,0.0
92945,0.0,0.0,0.0
92946,0.0,0.0,0.0
92947,0.0,0.0,0.0
92948,0.0,0.0,0.0
92949,0.0,0.0,0.0
92950,0.0,0.0,0.0
92951,0.0,0.0,0.0
92952,0.0,0.0,0.0
92953,0.0,0.0,0.0
92954,0.0,0.0,0.0
92955,0.0,0.0,0.0
92956,0.0,0.0,0.0
92957,0.0,0.0,0.0
92958,0.0,0.0,0.0
92959,0.0,0.0,0.0
92960,0.0,0.0,0.0
92961,0.0,0.0,0.0
92962,0.0,0.0,0.0
92963,0.0,0.0,0.0
92964,0.0,0.0,0.0
92965,0.0,0.0,0.0
92966,0.0,0.0,0.0
92967,0.0,0.0,0.0
92968,0.0,0.0,0.0
92969,0.0,0.0,0.0
92970,0.0,0.0,0.0
92971,0.0,0.0,0.0
92972,0.0,0.0,0.0
92973,0.0,0.0,0.0
92974,0.0,0.0,0.0
92975,0.0,0.0,0.0
92976,0.0,0.0,0.0
92977,0.0,0.0,0.0
92978,0.0,0.0,0.0
92979,0.0,0.0,0.0
92980,0.0,0.0,0.0
92981,0.0,0.0,0.0
92982,0.0,0.0,0.0
92983,0.0,0.0,0.0
92984,0.0,0.0,0.0
92985,0.0,0.0,0.0
92986,0.0,0.0,0.0
92987,0.0,0.0,0.0
92988,0.0,0.0,0.0
92989,0.0,0.0,0.0
92990,0.0,0.0,0.0
92991,0.0,0.0,0.0
92992,0.0,0.0,0.0
92993,0.0,0.0,0.0
92994,0.0,0.0,0.0
92995,0.0,0.0,0.0
92996,0.0,0.0,0.0
92997,0.0,0.0,0.0
92998,0.0,0.0,0.0
92999,0.0,0.0,0.0
93000,0.0,0.0,0.0
93001,0.0,0.0,0.0
93002,0.0,0.0,0.0
93003,0.0,0.0,0.0
93004,0.0,0.0,0.0
93005,0.0,0.0,0.0
93006,0.0,0.0,0.0
93007,0.0,0.0,0.0
93008,0.0,0.0,0.0
93009,0.0,0.0,0.0
93010,0.0,0.0,0.0
93011,0.0,0.0,0.0
93012,0.0,0.0,0.0
93013,0.0,0.0,0.0
93014,0.0,0.0,0.0
93015,0.0,0.0,0.0
93016,0.0,0.0,0.0
93017,0.0,0.0,0.0
93018,0.0,0.0,0.0
93019,0.0,0.0,0.0
93020,0.0,0.0,0.0
93021,0.0,0.0,0.0
93022,0.0,0.0,0.0
93023,0.0,0.0,0.0
93024,0.0,0.0,0.0
93025,0.0,0.0,0.0
93026,0.0,0.0,0.0
93027,0.0,0.0,0.0
93028,0.0,0.0,0.0
93029,0.0,0.0,0.0
93030,0.0,0.0,0.0
93031,0.0,0.0,0.0
93032,0.0,0.0,0.0
93033,0.0,0.0,0.0
93034,0.0,0.0,0.0
93035,0.0,0.0,0.0
93036,0.0,0.0,0.0
93037,0.0,0.0,0.0
93038,0.0,0.0,0.0
93039,0.0,0.0,0.0
93040,0.0,0.0,0.0
93041,0.0,0.0,0.0
93042,0.0,0.0,0.0
93043,0.0,0.0,0.0
93044,0.0,0.0,0.0
93045,0.0,0.0,0.0
93046,0.0,0.0,0.0
93047,0.0,0.0,0.0
93048,0.0,0.0,0.0
93049,0.0,0.0,0.0
93050,0.0,0.0,0.0
93051,0.0,0.0,0.0
93052,0.0,0.0,0.0
93053,0.0,0.0,0.0
93054,0.0,0.0,0.0
93055,0.0,0.0,0.0
93056,0.0,0.0,0.0
93057,0.0,0.0,0.0
93058,0.0,0.0,0.0
93059,0.0,0.0,0.0
93060,0.0,0.0,0.0
93061,0.0,0.0,0.0
93062,0.0,0.0,0.0
93063,0.0,0.0,0.0
93064,0.0,0.0,0.0
93065,0.0,0.0,0.0
93066,0.0,0.0,0.0
93067,0.0,0.0,0.0
93068,0.0,0.0,0.0
93069,0.0,0.0,0.0
93070,0.0,0.0,0.0
93071,0.0,0.0,0.0
93072,0.0,0.0,0.0
93073,0.0,0.0,0.0
93074,0.0,0.0,0.0
93075,0.0,0.0,0.0
93076,0.0,0.0,0.0
93077,0.0,0.0,0.0
93078,0.0,0.0,0.0
93079,0.0,0.0,0.0
93080,0.0,0.0,0.0
93081,0.0,0.0,0.0
93082,0.0,0.0,0.0
93083,0.0,0.0,0.0
93084,0.0,0.0,0.0
93085,0.0,0.0,0.0
93086,0.0,0.0,0.0
93087,0.0,0.0,0.0
93088,0.0,0.0,0.0
93089,0.0,0.0,0.0
93090,0.0,0.0,0.0
93091,0.0,0.0,0.0
93092,0.0,0.0,0.0
93093,0.0,0.0,0.0
93094,0.0,0.0,0.0
93095,0.0,0.0,0.0
93096,0.0,0.0,0.0
93097,0.0,0.0,0.0
93098,0.0,0.0,0.0
93099,0.0,0.0,0.0
93100,0.0,0.0,0.0
93101,0.0,0.0,0.0
93102,0.0,0.0,0.0
93103,0.0,0.0,0.0
93104,0.0,0.0,0.0
93105,0.0,0.0,0.0
93106,0.0,0.0,0.0
93107,0.0,0.0,0.0
93108,0.0,0.0,0.0
93109,0.0,0.0,0.0
93110,0.0,0.0,0.0
93111,0.0,0.0,0.0
93112,0.0,0.0,0.0
93113,0.0,0.0,0.0
93114,0.0,0.0,0.0
93115,0.0,0.0,0.0
93116,0.0,0.0,0.0
93117,0.0,0.0,0.0
93118,0.0,0.0,0.0
93119,0.0,0.0,0.0
93120,0.0,0.0,0.0
93121,0.0,0.0,0.0
93122,0.0,0.0,0.0
93123,0.0,0.0,0.0
93124,0.0,0.0,0.0
93125,0.0,0.0,0.0
93126,0.0,0.0,0.0
93127,0.0,0.0,0.0
93128,0.0,0.0,0.0
93129,0.0,0.0,0.0
93130,0.0,0.0,0.0
93131,0.0,0.0,0.0
93132,0.0,0.0,0.0
93133,0.0,0.0,0.0
93134,0.0,0.0,0.0
93135,0.0,0.0,0.0
93136,0.0,0.0,0.0
93137,0.0,0.0,0.0
93138,0.0,0.0,0.0
93139,0.0,0.0,0.0
93140,0.0,0.0,0.0
93141,0.0,0.0,0.0
93142,0.0,0.0,0.0
93143,0.0,0.0,0.0
93144,0.0,0.0,0.0
93145,0.0,0.0,0.0
93146,0.0,0.0,0.0
93147,0.0,0.0,0.0
93148,0.0,0.0,0.0
93149,0.0,0.0,0.0
93150,0.0,0.0,0.0
93151,0.0,0.0,0.0
93152,0.0,0.0,0.0
93153,0.0,0.0,0.0
93154,0.0,0.0,0.0
93155,0.0,0.0,0.0
93156,0.0,0.0,0.0
93157,0.0,0.0,0.0
93158,0.0,0.0,0.0
93159,0.0,0.0,0.0
93160,0.0,0.0,0.0
93161,0.0,0.0,0.0
93162,0.0,0.0,0.0
93163,0.0,0.0,0.0
93164,0.0,0.0,0.0
93165,0.0,0.0,0.0
93166,0.0,0.0,0.0
93167,0.0,0.0,0.0
93168,0.0,0.0,0.0
93169,0.0,0.0,0.0
93170,0.0,0.0,0.0
93171,0.0,0.0,0.0
93172,0.0,0.0,0.0
93173,0.0,0.0,0.0
93174,0.0,0.0,0.0
93175,0.0,0.0,0.0
93176,0.0,0.0,0.0
93177,0.0,0.0,0.0
93178,0.0,0.0,0.0
93179,0.0,0.0,0.0
93180,0.0,0.0,0.0
93181,0.0,0.0,0.0
93182,0.0,0.0,0.0
93183,0.0,0.0,0.0
93184,0.0,0.0,0.0
93185,0.0,0.0,0.0
93186,0.0,0.0,0.0
93187,0.0,0.0,0.0
93188,0.0,0.0,0.0
93189,0.0,0.0,0.0
93190,0.0,0.0,0.0
93191,0.0,0.0,0.0
93192,0.0,0.0,0.0
93193,0.0,0.0,0.0
93194,0.0,0.0,0.0
93195,0.0,0.0,0.0
93196,0.0,0.0,0.0
93197,0.0,0.0,0.0
93198,0.0,0.0,0.0
93199,0.0,0.0,0.0
93200,0.0,0.0,0.0
93201,0.0,0.0,0.0
93202,0.0,0.0,0.0
93203,0.0,0.0,0.0
93204,0.0,0.0,0.0
93205,0.0,0.0,0.0
93206,0.0,0.0,0.0
93207,0.0,0.0,0.0
93208,0.0,0.0,0.0
93209,0.0,0.0,0.0
93210,0.0,0.0,0.0
93211,0.0,0.0,0.0
93212,0.0,0.0,0.0
93213,0.0,0.0,0.0
93214,0.0,0.0,0.0
93215,0.0,0.0,0.0
93216,0.0,0.0,0.0
93217,0.0,0.0,0.0
93218,0.0,0.0,0.0
93219,0.0,0.0,0.0
93220,0.0,0.0,0.0
93221,0.0,0.0,0.0
93222,0.0,0.0,0.0
93223,0.0,0.0,0.0
93224,0.0,0.0,0.0
93225,0.0,0.0,0.0
93226,0.0,0.0,0.0
93227,0.0,0.0,0.0
93228,0.0,0.0,0.0
93229,0.0,0.0,0.0
93230,0.0,0.0,0.0
93231,0.0,0.0,0.0
93232,0.0,0.0,0.0
93233,0.0,0.0,0.0
93234,0.0,0.0,0.0
93235,0.0,0.0,0.0
93236,0.0,0.0,0.0
93237,0.0,0.0,0.0
93238,0.0,0.0,0.0
93239,0.0,0.0,0.0
93240,0.0,0.0,0.0
93241,0.0,0.0,0.0
93242,0.0,0.0,0.0
93243,0.0,0.0,0.0
93244,0.0,0.0,0.0
93245,0.0,0.0,0.0
93246,0.0,0.0,0.0
93247,0.0,0.0,0.0
93248,0.0,0.0,0.0
93249,0.0,0.0,0.0
93250,0.0,0.0,0.0
93251,0.0,0.0,0.0
93252,0.0,0.0,0.0
93253,0.0,0.0,0.0
93254,0.0,0.0,0.0
93255,0.0,0.0,0.0
93256,0.0,0.0,0.0
93257,0.0,0.0,0.0
93258,0.0,0.0,0.0
93259,0.0,0.0,0.0
93260,0.0,0.0,0.0
93261,0.0,0.0,0.0
93262,0.0,0.0,0.0
93263,0.0,0.0,0.0
93264,0.0,0.0,0.0
93265,0.0,0.0,0.0
93266,0.0,0.0,0.0
93267,0.0,0.0,0.0
93268,0.0,0.0,0.0
93269,0.0,0.0,0.0
93270,0.0,0.0,0.0
93271,0.0,0.0,0.0
93272,0.0,0.0,0.0
93273,0.0,0.0,0.0
93274,0.0,0.0,0.0
93275,0.0,0.0,0.0
93276,0.0,0.0,0.0
93277,0.0,0.0,0.0
93278,0.0,0.0,0.0
93279,0.0,0.0,0.0
93280,0.0,0.0,0.0
93281,0.0,0.0,0.0
93282,0.0,0.0,0.0
93283,0.0,0.0,0.0
93284,0.0,0.0,0.0
93285,0.0,0.0,0.0
93286,0.0,0.0,0.0
93287,0.0,0.0,0.0
93288,0.0,0.0,0.0
93289,0.0,0.0,0.0
93290,0.0,0.0,0.0
93291,0.0,0.0,0.0
93292,0.0,0.0,0.0
93293,0.0,0.0,0.0
93294,0.0,0.0,0.0
93295,0.0,0.0,0.0
93296,0.0,0.0,0.0
93297,0.0,0.0,0.0
93298,0.0,0.0,0.0
93299,0.0,0.0,0.0
93300,0.0,0.0,0.0
93301,0.0,0.0,0.0
93302,0.0,0.0,0.0
93303,0.0,0.0,0.0
93304,0.0,0.0,0.0
93305,0.0,0.0,0.0
93306,0.0,0.0,0.0
93307,0.0,0.0,0.0
93308,0.0,0.0,0.0
93309,0.0,0.0,0.0
93310,0.0,0.0,0.0
93311,0.0,0.0,0.0
93312,0.0,0.0,0.0
93313,0.0,0.0,0.0
93314,0.0,0.0,0.0
93315,0.0,0.0,0.0
93316,0.0,0.0,0.0
93317,0.0,0.0,0.0
93318,0.0,0.0,0.0
93319,0.0,0.0,0.0
93320,0.0,0.0,0.0
93321,0.0,0.0,0.0
93322,0.0,0.0,0.0
93323,0.0,0.0,0.0
93324,0.0,0.0,0.0
93325,0.0,0.0,0.0
93326,0.0,0.0,0.0
93327,0.0,0.0,0.0
93328,0.0,0.0,0.0
93329,0.0,0.0,0.0
93330,0.0,0.0,0.0
93331,0.0,0.0,0.0
93332,0.0,0.0,0.0
93333,0.0,0.0,0.0
93334,0.0,0.0,0.0
93335,0.0,0.0,0.0
93336,0.0,0.0,0.0
93337,0.0,0.0,0.0
93338,0.0,0.0,0.0
93339,0.0,0.0,0.0
93340,0.0,0.0,0.0
93341,0.0,0.0,0.0
93342,0.0,0.0,0.0
93343,0.0,0.0,0.0
93344,0.0,0.0,0.0
93345,0.0,0.0,0.0
93346,0.0,0.0,0.0
93347,0.0,0.0,0.0
93348,0.0,0.0,0.0
93349,0.0,0.0,0.0
93350,0.0,0.0,0.0
93351,0.0,0.0,0.0
93352,0.0,0.0,0.0
93353,0.0,0.0,0.0
93354,0.0,0.0,0.0
93355,0.0,0.0,0.0
93356,0.0,0.0,0.0
93357,0.0,0.0,0.0
93358,0.0,0.0,0.0
93359,0.0,0.0,0.0
93360,0.0,0.0,0.0
93361,0.0,0.0,0.0
93362,0.0,0.0,0.0
93363,0.0,0.0,0.0
93364,0.0,0.0,0.0
93365,0.0,0.0,0.0
93366,0.0,0.0,0.0
93367,0.0,0.0,0.0
93368,0.0,0.0,0.0
93369,0.0,0.0,0.0
93370,0.0,0.0,0.0
93371,0.0,0.0,0.0
93372,0.0,0.0,0.0
93373,0.0,0.0,0.0
93374,0.0,0.0,0.0
93375,0.0,0.0,0.0
93376,0.0,0.0,0.0
93377,0.0,0.0,0.0
93378,0.0,0.0,0.0
93379,0.0,0.0,0.0
93380,0.0,0.0,0.0
93381,0.0,0.0,0.0
93382,0.0,0.0,0.0
93383,0.0,0.0,0.0
93384,0.0,0.0,0.0
93385,0.0,0.0,0.0
93386,0.0,0.0,0.0
93387,0.0,0.0,0.0
93388,0.0,0.0,0.0
93389,0.0,0.0,0.0
93390,0.0,0.0,0.0
93391,0.0,0.0,0.0
93392,0.0,0.0,0.0
93393,0.0,0.0,0.0
93394,0.0,0.0,0.0
93395,0.0,0.0,0.0
93396,0.0,0.0,0.0
93397,0.0,0.0,0.0
93398,0.0,0.0,0.0
93399,0.0,0.0,0.0
93400,0.0,0.0,0.0
93401,0.0,0.0,0.0
93402,0.0,0.0,0.0
93403,0.0,0.0,0.0
93404,0.0,0.0,0.0
93405,0.0,0.0,0.0
93406,0.0,0.0,0.0
93407,0.0,0.0,0.0
93408,0.0,0.0,0.0
93409,0.0,0.0,0.0
93410,0.0,0.0,0.0
93411,0.0,0.0,0.0
93412,0.0,0.0,0.0
93413,0.0,0.0,0.0
93414,0.0,0.0,0.0
93415,0.0,0.0,0.0
93416,0.0,0.0,0.0
93417,0.0,0.0,0.0
93418,0.0,0.0,0.0
93419,0.0,0.0,0.0
93420,0.0,0.0,0.0
93421,0.0,0.0,0.0
93422,0.0,0.0,0.0
93423,0.0,0.0,0.0
93424,0.0,0.0,0.0
93425,0.0,0.0,0.0
93426,0.0,0.0,0.0
93427,0.0,0.0,0.0
93428,0.0,0.0,0.0
93429,0.0,0.0,0.0
93430,0.0,0.0,0.0
93431,0.0,0.0,0.0
93432,0.0,0.0,0.0
93433,0.0,0.0,0.0
93434,0.0,0.0,0.0
93435,0.0,0.0,0.0
93436,0.0,0.0,0.0
93437,0.0,0.0,0.0
93438,0.0,0.0,0.0
93439,0.0,0.0,0.0
93440,0.0,0.0,0.0
93441,0.0,0.0,0.0
93442,0.0,0.0,0.0
93443,0.0,0.0,0.0
93444,0.0,0.0,0.0
93445,0.0,0.0,0.0
93446,0.0,0.0,0.0
93447,0.0,0.0,0.0
93448,0.0,0.0,0.0
93449,0.0,0.0,0.0
93450,0.0,0.0,0.0
93451,0.0,0.0,0.0
93452,0.0,0.0,0.0
93453,0.0,0.0,0.0
93454,0.0,0.0,0.0
93455,0.0,0.0,0.0
93456,0.0,0.0,0.0
93457,0.0,0.0,0.0
93458,0.0,0.0,0.0
93459,0.0,0.0,0.0
93460,0.0,0.0,0.0
93461,0.0,0.0,0.0
93462,0.0,0.0,0.0
93463,0.0,0.0,0.0
93464,0.0,0.0,0.0
93465,0.0,0.0,0.0
93466,0.0,0.0,0.0
93467,0.0,0.0,0.0
93468,0.0,0.0,0.0
93469,0.0,0.0,0.0
93470,0.0,0.0,0.0
93471,0.0,0.0,0.0
93472,0.0,0.0,0.0
93473,0.0,0.0,0.0
93474,0.0,0.0,0.0
93475,0.0,0.0,0.0
93476,0.0,0.0,0.0
93477,0.0,0.0,0.0
93478,0.0,0.0,0.0
93479,0.0,0.0,0.0
93480,0.0,0.0,0.0
93481,0.0,0.0,0.0
93482,0.0,0.0,0.0
93483,0.0,0.0,0.0
93484,0.0,0.0,0.0
93485,0.0,0.0,0.0
93486,0.0,0.0,0.0
93487,0.0,0.0,0.0
93488,0.0,0.0,0.0
93489,0.0,0.0,0.0
93490,0.0,0.0,0.0
93491,0.0,0.0,0.0
93492,0.0,0.0,0.0
93493,0.0,0.0,0.0
93494,0.0,0.0,0.0
93495,0.0,0.0,0.0
93496,0.0,0.0,0.0
93497,0.0,0.0,0.0
93498,0.0,0.0,0.0
93499,0.0,0.0,0.0
93500,0.0,0.0,0.0
93501,0.0,0.0,0.0
93502,0.0,0.0,0.0
93503,0.0,0.0,0.0
93504,0.0,0.0,0.0
93505,0.0,0.0,0.0
93506,0.0,0.0,0.0
93507,0.0,0.0,0.0
93508,0.0,0.0,0.0
93509,0.0,0.0,0.0
93510,0.0,0.0,0.0
93511,0.0,0.0,0.0
93512,0.0,0.0,0.0
93513,0.0,0.0,0.0
93514,0.0,0.0,0.0
93515,0.0,0.0,0.0
93516,0.0,0.0,0.0
93517,0.0,0.0,0.0
93518,0.0,0.0,0.0
93519,0.0,0.0,0.0
93520,0.0,0.0,0.0
93521,0.0,0.0,0.0
93522,0.0,0.0,0.0
93523,0.0,0.0,0.0
93524,0.0,0.0,0.0
93525,0.0,0.0,0.0
93526,0.0,0.0,0.0
93527,0.0,0.0,0.0
93528,0.0,0.0,0.0
93529,0.0,0.0,0.0
93530,0.0,0.0,0.0
93531,0.0,0.0,0.0
93532,0.0,0.0,0.0
93533,0.0,0.0,0.0
93534,0.0,0.0,0.0
93535,0.0,0.0,0.0
93536,0.0,0.0,0.0
93537,0.0,0.0,0.0
93538,0.0,0.0,0.0
93539,0.0,0.0,0.0
93540,0.0,0.0,0.0
93541,0.0,0.0,0.0
93542,0.0,0.0,0.0
93543,0.0,0.0,0.0
93544,0.0,0.0,0.0
93545,0.0,0.0,0.0
93546,0.0,0.0,0.0
93547,0.0,0.0,0.0
93548,0.0,0.0,0.0
93549,0.0,0.0,0.0
93550,0.0,0.0,0.0
93551,0.0,0.0,0.0
93552,0.0,0.0,0.0
93553,0.0,0.0,0.0
93554,0.0,0.0,0.0
93555,0.0,0.0,0.0
93556,0.0,0.0,0.0
93557,0.0,0.0,0.0
93558,0.0,0.0,0.0
93559,0.0,0.0,0.0
93560,0.0,0.0,0.0
93561,0.0,0.0,0.0
93562,0.0,0.0,0.0
93563,0.0,0.0,0.0
93564,0.0,0.0,0.0
93565,0.0,0.0,0.0
93566,0.0,0.0,0.0
93567,0.0,0.0,0.0
93568,0.0,0.0,0.0
93569,0.0,0.0,0.0
93570,0.0,0.0,0.0
93571,0.0,0.0,0.0
93572,0.0,0.0,0.0
93573,0.0,0.0,0.0
93574,0.0,0.0,0.0
93575,0.0,0.0,0.0
93576,0.0,0.0,0.0
93577,0.0,0.0,0.0
93578,0.0,0.0,0.0
93579,0.0,0.0,0.0
93580,0.0,0.0,0.0
93581,0.0,0.0,0.0
93582,0.0,0.0,0.0
93583,0.0,0.0,0.0
93584,0.0,0.0,0.0
93585,0.0,0.0,0.0
93586,0.0,0.0,0.0
93587,0.0,0.0,0.0
93588,0.0,0.0,0.0
93589,0.0,0.0,0.0
93590,0.0,0.0,0.0
93591,0.0,0.0,0.0
93592,0.0,0.0,0.0
93593,0.0,0.0,0.0
93594,0.0,0.0,0.0
93595,0.0,0.0,0.0
93596,0.0,0.0,0.0
93597,0.0,0.0,0.0
93598,0.0,0.0,0.0
93599,0.0,0.0,0.0
93600,0.0,0.0,0.0
93601,0.0,0.0,0.0
93602,0.0,0.0,0.0
93603,0.0,0.0,0.0
93604,0.0,0.0,0.0
93605,0.0,0.0,0.0
93606,0.0,0.0,0.0
93607,0.0,0.0,0.0
93608,0.0,0.0,0.0
93609,0.0,0.0,0.0
93610,0.0,0.0,0.0
93611,0.0,0.0,0.0
93612,0.0,0.0,0.0
93613,0.0,0.0,0.0
93614,0.0,0.0,0.0
93615,0.0,0.0,0.0
93616,0.0,0.0,0.0
93617,0.0,0.0,0.0
93618,0.0,0.0,0.0
93619,0.0,0.0,0.0
93620,0.0,0.0,0.0
93621,0.0,0.0,0.0
93622,0.0,0.0,0.0
93623,0.0,0.0,0.0
93624,0.0,0.0,0.0
93625,0.0,0.0,0.0
93626,0.0,0.0,0.0
93627,0.0,0.0,0.0
93628,0.0,0.0,0.0
93629,0.0,0.0,0.0
93630,0.0,0.0,0.0
93631,0.0,0.0,0.0
93632,0.0,0.0,0.0
93633,0.0,0.0,0.0
93634,0.0,0.0,0.0
93635,0.0,0.0,0.0
93636,0.0,0.0,0.0
93637,0.0,0.0,0.0
93638,0.0,0.0,0.0
93639,0.0,0.0,0.0
93640,0.0,0.0,0.0
93641,0.0,0.0,0.0
93642,0.0,0.0,0.0
93643,0.0,0.0,0.0
93644,0.0,0.0,0.0
93645,0.0,0.0,0.0
93646,0.0,0.0,0.0
93647,0.0,0.0,0.0
93648,0.0,0.0,0.0
93649,0.0,0.0,0.0
93650,0.0,0.0,0.0
93651,0.0,0.0,0.0
93652,0.0,0.0,0.0
93653,0.0,0.0,0.0
93654,0.0,0.0,0.0
93655,0.0,0.0,0.0
93656,0.0,0.0,0.0
93657,0.0,0.0,0.0
93658,0.0,0.0,0.0
93659,0.0,0.0,0.0
93660,0.0,0.0,0.0
93661,0.0,0.0,0.0
93662,0.0,0.0,0.0
93663,0.0,0.0,0.0
93664,0.0,0.0,0.0
93665,0.0,0.0,0.0
93666,0.0,0.0,0.0
93667,0.0,0.0,0.0
93668,0.0,0.0,0.0
93669,0.0,0.0,0.0
93670,0.0,0.0,0.0
93671,0.0,0.0,0.0
93672,0.0,0.0,0.0
93673,0.0,0.0,0.0
93674,0.0,0.0,0.0
93675,0.0,0.0,0.0
93676,0.0,0.0,0.0
93677,0.0,0.0,0.0
93678,0.0,0.0,0.0
93679,0.0,0.0,0.0
93680,0.0,0.0,0.0
93681,0.0,0.0,0.0
93682,0.0,0.0,0.0
93683,0.0,0.0,0.0
93684,0.0,0.0,0.0
93685,0.0,0.0,0.0
93686,0.0,0.0,0.0
93687,0.0,0.0,0.0
93688,0.0,0.0,0.0
93689,0.0,0.0,0.0
93690,0.0,0.0,0.0
93691,0.0,0.0,0.0
93692,0.0,0.0,0.0
93693,0.0,0.0,0.0
93694,0.0,0.0,0.0
93695,0.0,0.0,0.0
93696,0.0,0.0,0.0
93697,0.0,0.0,0.0
93698,0.0,0.0,0.0
93699,0.0,0.0,0.0
93700,0.0,0.0,0.0
93701,0.0,0.0,0.0
93702,0.0,0.0,0.0
93703,0.0,0.0,0.0
93704,0.0,0.0,0.0
93705,0.0,0.0,0.0
93706,0.0,0.0,0.0
93707,0.0,0.0,0.0
93708,0.0,0.0,0.0
93709,0.0,0.0,0.0
93710,0.0,0.0,0.0
93711,0.0,0.0,0.0
93712,0.0,0.0,0.0
93713,0.0,0.0,0.0
93714,0.0,0.0,0.0
93715,0.0,0.0,0.0
93716,0.0,0.0,0.0
93717,0.0,0.0,0.0
93718,0.0,0.0,0.0
93719,0.0,0.0,0.0
93720,0.0,0.0,0.0
93721,0.0,0.0,0.0
93722,0.0,0.0,0.0
93723,0.0,0.0,0.0
93724,0.0,0.0,0.0
93725,0.0,0.0,0.0
93726,0.0,0.0,0.0
93727,0.0,0.0,0.0
93728,0.0,0.0,0.0
93729,0.0,0.0,0.0
93730,0.0,0.0,0.0
93731,0.0,0.0,0.0
93732,0.0,0.0,0.0
93733,0.0,0.0,0.0
93734,0.0,0.0,0.0
93735,0.0,0.0,0.0
93736,0.0,0.0,0.0
93737,0.0,0.0,0.0
93738,0.0,0.0,0.0
93739,0.0,0.0,0.0
93740,0.0,0.0,0.0
93741,0.0,0.0,0.0
93742,0.0,0.0,0.0
93743,0.0,0.0,0.0
93744,0.0,0.0,0.0
93745,0.0,0.0,0.0
93746,0.0,0.0,0.0
93747,0.0,0.0,0.0
93748,0.0,0.0,0.0
93749,0.0,0.0,0.0
93750,0.0,0.0,0.0
93751,0.0,0.0,0.0
93752,0.0,0.0,0.0
93753,0.0,0.0,0.0
93754,0.0,0.0,0.0
93755,0.0,0.0,0.0
93756,0.0,0.0,0.0
93757,0.0,0.0,0.0
93758,0.0,0.0,0.0
93759,0.0,0.0,0.0
93760,0.0,0.0,0.0
93761,0.0,0.0,0.0
93762,0.0,0.0,0.0
93763,0.0,0.0,0.0
93764,0.0,0.0,0.0
93765,0.0,0.0,0.0
93766,0.0,0.0,0.0
93767,0.0,0.0,0.0
93768,0.0,0.0,0.0
93769,0.0,0.0,0.0
93770,0.0,0.0,0.0
93771,0.0,0.0,0.0
93772,0.0,0.0,0.0
93773,0.0,0.0,0.0
93774,0.0,0.0,0.0
93775,0.0,0.0,0.0
93776,0.0,0.0,0.0
93777,0.0,0.0,0.0
93778,0.0,0.0,0.0
93779,0.0,0.0,0.0
93780,0.0,0.0,0.0
93781,0.0,0.0,0.0
93782,0.0,0.0,0.0
93783,0.0,0.0,0.0
93784,0.0,0.0,0.0
93785,0.0,0.0,0.0
93786,0.0,0.0,0.0
93787,0.0,0.0,0.0
93788,0.0,0.0,0.0
93789,0.0,0.0,0.0
93790,0.0,0.0,0.0
93791,0.0,0.0,0.0
93792,0.0,0.0,0.0
93793,0.0,0.0,0.0
93794,0.0,0.0,0.0
93795,0.0,0.0,0.0
93796,0.0,0.0,0.0
93797,0.0,0.0,0.0
93798,0.0,0.0,0.0
93799,0.0,0.0,0.0
93800,0.0,0.0,0.0
93801,0.0,0.0,0.0
93802,0.0,0.0,0.0
93803,0.0,0.0,0.0
93804,0.0,0.0,0.0
93805,0.0,0.0,0.0
93806,0.0,0.0,0.0
93807,0.0,0.0,0.0
93808,0.0,0.0,0.0
93809,0.0,0.0,0.0
93810,0.0,0.0,0.0
93811,0.0,0.0,0.0
93812,0.0,0.0,0.0
93813,0.0,0.0,0.0
93814,0.0,0.0,0.0
93815,0.0,0.0,0.0
93816,0.0,0.0,0.0
93817,0.0,0.0,0.0
93818,0.0,0.0,0.0
93819,0.0,0.0,0.0
93820,0.0,0.0,0.0
93821,0.0,0.0,0.0
93822,0.0,0.0,0.0
93823,0.0,0.0,0.0
93824,0.0,0.0,0.0
93825,0.0,0.0,0.0
93826,0.0,0.0,0.0
93827,0.0,0.0,0.0
93828,0.0,0.0,0.0
93829,0.0,0.0,0.0
93830,0.0,0.0,0.0
93831,0.0,0.0,0.0
93832,0.0,0.0,0.0
93833,0.0,0.0,0.0
93834,0.0,0.0,0.0
93835,0.0,0.0,0.0
93836,0.0,0.0,0.0
93837,0.0,0.0,0.0
93838,0.0,0.0,0.0
93839,0.0,0.0,0.0
93840,0.0,0.0,0.0
93841,0.0,0.0,0.0
93842,0.0,0.0,0.0
93843,0.0,0.0,0.0
93844,0.0,0.0,0.0
93845,0.0,0.0,0.0
93846,0.0,0.0,0.0
93847,0.0,0.0,0.0
93848,0.0,0.0,0.0
93849,0.0,0.0,0.0
93850,0.0,0.0,0.0
93851,0.0,0.0,0.0
93852,0.0,0.0,0.0
93853,0.0,0.0,0.0
93854,0.0,0.0,0.0
93855,0.0,0.0,0.0
93856,0.0,0.0,0.0
93857,0.0,0.0,0.0
93858,0.0,0.0,0.0
93859,0.0,0.0,0.0
93860,0.0,0.0,0.0
93861,0.0,0.0,0.0
93862,0.0,0.0,0.0
93863,0.0,0.0,0.0
93864,0.0,0.0,0.0
93865,0.0,0.0,0.0
93866,0.0,0.0,0.0
93867,0.0,0.0,0.0
93868,0.0,0.0,0.0
93869,0.0,0.0,0.0
93870,0.0,0.0,0.0
93871,0.0,0.0,0.0
93872,0.0,0.0,0.0
93873,0.0,0.0,0.0
93874,0.0,0.0,0.0
93875,0.0,0.0,0.0
93876,0.0,0.0,0.0
93877,0.0,0.0,0.0
93878,0.0,0.0,0.0
93879,0.0,0.0,0.0
93880,0.0,0.0,0.0
93881,0.0,0.0,0.0
93882,0.0,0.0,0.0
93883,0.0,0.0,0.0
93884,0.0,0.0,0.0
93885,0.0,0.0,0.0
93886,0.0,0.0,0.0
93887,0.0,0.0,0.0
93888,0.0,0.0,0.0
93889,0.0,0.0,0.0
93890,0.0,0.0,0.0
93891,0.0,0.0,0.0
93892,0.0,0.0,0.0
93893,0.0,0.0,0.0
93894,0.0,0.0,0.0
93895,0.0,0.0,0.0
93896,0.0,0.0,0.0
93897,0.0,0.0,0.0
93898,0.0,0.0,0.0
93899,0.0,0.0,0.0
93900,0.0,0.0,0.0
93901,0.0,0.0,0.0
93902,0.0,0.0,0.0
93903,0.0,0.0,0.0
93904,0.0,0.0,0.0
93905,0.0,0.0,0.0
93906,0.0,0.0,0.0
93907,0.0,0.0,0.0
93908,0.0,0.0,0.0
93909,0.0,0.0,0.0
93910,0.0,0.0,0.0
93911,0.0,0.0,0.0
93912,0.0,0.0,0.0
93913,0.0,0.0,0.0
93914,0.0,0.0,0.0
93915,0.0,0.0,0.0
93916,0.0,0.0,0.0
93917,0.0,0.0,0.0
93918,0.0,0.0,0.0
93919,0.0,0.0,0.0
93920,0.0,0.0,0.0
93921,0.0,0.0,0.0
93922,0.0,0.0,0.0
93923,0.0,0.0,0.0
93924,0.0,0.0,0.0
93925,0.0,0.0,0.0
93926,0.0,0.0,0.0
93927,0.0,0.0,0.0
93928,0.0,0.0,0.0
93929,0.0,0.0,0.0
93930,0.0,0.0,0.0
93931,0.0,0.0,0.0
93932,0.0,0.0,0.0
93933,0.0,0.0,0.0
93934,0.0,0.0,0.0
93935,0.0,0.0,0.0
93936,0.0,0.0,0.0
93937,0.0,0.0,0.0
93938,0.0,0.0,0.0
93939,0.0,0.0,0.0
93940,0.0,0.0,0.0
93941,0.0,0.0,0.0
93942,0.0,0.0,0.0
93943,0.0,0.0,0.0
93944,0.0,0.0,0.0
93945,0.0,0.0,0.0
93946,0.0,0.0,0.0
93947,0.0,0.0,0.0
93948,0.0,0.0,0.0
93949,0.0,0.0,0.0
93950,0.0,0.0,0.0
93951,0.0,0.0,0.0
93952,0.0,0.0,0.0
93953,0.0,0.0,0.0
93954,0.0,0.0,0.0
93955,0.0,0.0,0.0
93956,0.0,0.0,0.0
93957,0.0,0.0,0.0
93958,0.0,0.0,0.0
93959,0.0,0.0,0.0
93960,0.0,0.0,0.0
93961,0.0,0.0,0.0
93962,0.0,0.0,0.0
93963,0.0,0.0,0.0
93964,0.0,0.0,0.0
93965,0.0,0.0,0.0
93966,0.0,0.0,0.0
93967,0.0,0.0,0.0
93968,0.0,0.0,0.0
93969,0.0,0.0,0.0
93970,0.0,0.0,0.0
93971,0.0,0.0,0.0
93972,0.0,0.0,0.0
93973,0.0,0.0,0.0
93974,0.0,0.0,0.0
93975,0.0,0.0,0.0
93976,0.0,0.0,0.0
93977,0.0,0.0,0.0
93978,0.0,0.0,0.0
93979,0.0,0.0,0.0
93980,0.0,0.0,0.0
93981,0.0,0.0,0.0
93982,0.0,0.0,0.0
93983,0.0,0.0,0.0
93984,0.0,0.0,0.0
93985,0.0,0.0,0.0
93986,0.0,0.0,0.0
93987,0.0,0.0,0.0
93988,0.0,0.0,0.0
93989,0.0,0.0,0.0
93990,0.0,0.0,0.0
93991,0.0,0.0,0.0
93992,0.0,0.0,0.0
93993,0.0,0.0,0.0
93994,0.0,0.0,0.0
93995,0.0,0.0,0.0
93996,0.0,0.0,0.0
93997,0.0,0.0,0.0
93998,0.0,0.0,0.0
93999,0.0,0.0,0.0
94000,0.0,0.0,0.0
94001,0.0,0.0,0.0
94002,0.0,0.0,0.0
94003,0.0,0.0,0.0
94004,0.0,0.0,0.0
94005,0.0,0.0,0.0
94006,0.0,0.0,0.0
94007,0.0,0.0,0.0
94008,0.0,0.0,0.0
94009,0.0,0.0,0.0
94010,0.0,0.0,0.0
94011,0.0,0.0,0.0
94012,0.0,0.0,0.0
94013,0.0,0.0,0.0
94014,0.0,0.0,0.0
94015,0.0,0.0,0.0
94016,0.0,0.0,0.0
94017,0.0,0.0,0.0
94018,0.0,0.0,0.0
94019,0.0,0.0,0.0
94020,0.0,0.0,0.0
94021,0.0,0.0,0.0
94022,0.0,0.0,0.0
94023,0.0,0.0,0.0
94024,0.0,0.0,0.0
94025,0.0,0.0,0.0
94026,0.0,0.0,0.0
94027,0.0,0.0,0.0
94028,0.0,0.0,0.0
94029,0.0,0.0,0.0
94030,0.0,0.0,0.0
94031,0.0,0.0,0.0
94032,0.0,0.0,0.0
94033,0.0,0.0,0.0
94034,0.0,0.0,0.0
94035,0.0,0.0,0.0
94036,0.0,0.0,0.0
94037,0.0,0.0,0.0
94038,0.0,0.0,0.0
94039,0.0,0.0,0.0
94040,0.0,0.0,0.0
94041,0.0,0.0,0.0
94042,0.0,0.0,0.0
94043,0.0,0.0,0.0
94044,0.0,0.0,0.0
94045,0.0,0.0,0.0
94046,0.0,0.0,0.0
94047,0.0,0.0,0.0
94048,0.0,0.0,0.0
94049,0.0,0.0,0.0
94050,0.0,0.0,0.0
94051,0.0,0.0,0.0
94052,0.0,0.0,0.0
94053,0.0,0.0,0.0
94054,0.0,0.0,0.0
94055,0.0,0.0,0.0
94056,0.0,0.0,0.0
94057,0.0,0.0,0.0
94058,0.0,0.0,0.0
94059,0.0,0.0,0.0
94060,0.0,0.0,0.0
94061,0.0,0.0,0.0
94062,0.0,0.0,0.0
94063,0.0,0.0,0.0
94064,0.0,0.0,0.0
94065,0.0,0.0,0.0
94066,0.0,0.0,0.0
94067,0.0,0.0,0.0
94068,0.0,0.0,0.0
94069,0.0,0.0,0.0
94070,0.0,0.0,0.0
94071,0.0,0.0,0.0
94072,0.0,0.0,0.0
94073,0.0,0.0,0.0
94074,0.0,0.0,0.0
94075,0.0,0.0,0.0
94076,0.0,0.0,0.0
94077,0.0,0.0,0.0
94078,0.0,0.0,0.0
94079,0.0,0.0,0.0
94080,0.0,0.0,0.0
94081,0.0,0.0,0.0
94082,0.0,0.0,0.0
94083,0.0,0.0,0.0
94084,0.0,0.0,0.0
94085,0.0,0.0,0.0
94086,0.0,0.0,0.0
94087,0.0,0.0,0.0
94088,0.0,0.0,0.0
94089,0.0,0.0,0.0
94090,0.0,0.0,0.0
94091,0.0,0.0,0.0
94092,0.0,0.0,0.0
94093,0.0,0.0,0.0
94094,0.0,0.0,0.0
94095,0.0,0.0,0.0
94096,0.0,0.0,0.0
94097,0.0,0.0,0.0
94098,0.0,0.0,0.0
94099,0.0,0.0,0.0
94100,0.0,0.0,0.0
94101,0.0,0.0,0.0
94102,0.0,0.0,0.0
94103,0.0,0.0,0.0
94104,0.0,0.0,0.0
94105,0.0,0.0,0.0
94106,0.0,0.0,0.0
94107,0.0,0.0,0.0
94108,0.0,0.0,0.0
94109,0.0,0.0,0.0
94110,0.0,0.0,0.0
94111,0.0,0.0,0.0
94112,0.0,0.0,0.0
94113,0.0,0.0,0.0
94114,0.0,0.0,0.0
94115,0.0,0.0,0.0
94116,0.0,0.0,0.0
94117,0.0,0.0,0.0
94118,0.0,0.0,0.0
94119,0.0,0.0,0.0
94120,0.0,0.0,0.0
94121,0.0,0.0,0.0
94122,0.0,0.0,0.0
94123,0.0,0.0,0.0
94124,0.0,0.0,0.0
94125,0.0,0.0,0.0
94126,0.0,0.0,0.0
94127,0.0,0.0,0.0
94128,0.0,0.0,0.0
94129,0.0,0.0,0.0
94130,0.0,0.0,0.0
94131,0.0,0.0,0.0
94132,0.0,0.0,0.0
94133,0.0,0.0,0.0
94134,0.0,0.0,0.0
94135,0.0,0.0,0.0
94136,0.0,0.0,0.0
94137,0.0,0.0,0.0
94138,0.0,0.0,0.0
94139,0.0,0.0,0.0
94140,0.0,0.0,0.0
94141,0.0,0.0,0.0
94142,0.0,0.0,0.0
94143,0.0,0.0,0.0
94144,0.0,0.0,0.0
94145,0.0,0.0,0.0
94146,0.0,0.0,0.0
94147,0.0,0.0,0.0
94148,0.0,0.0,0.0
94149,0.0,0.0,0.0
94150,0.0,0.0,0.0
94151,0.0,0.0,0.0
94152,0.0,0.0,0.0
94153,0.0,0.0,0.0
94154,0.0,0.0,0.0
94155,0.0,0.0,0.0
94156,0.0,0.0,0.0
94157,0.0,0.0,0.0
94158,0.0,0.0,0.0
94159,0.0,0.0,0.0
94160,0.0,0.0,0.0
94161,0.0,0.0,0.0
94162,0.0,0.0,0.0
94163,0.0,0.0,0.0
94164,0.0,0.0,0.0
94165,0.0,0.0,0.0
94166,0.0,0.0,0.0
94167,0.0,0.0,0.0
94168,0.0,0.0,0.0
94169,0.0,0.0,0.0
94170,0.0,0.0,0.0
94171,0.0,0.0,0.0
94172,0.0,0.0,0.0
94173,0.0,0.0,0.0
94174,0.0,0.0,0.0
94175,0.0,0.0,0.0
94176,0.0,0.0,0.0
94177,0.0,0.0,0.0
94178,0.0,0.0,0.0
94179,0.0,0.0,0.0
94180,0.0,0.0,0.0
94181,0.0,0.0,0.0
94182,0.0,0.0,0.0
94183,0.0,0.0,0.0
94184,0.0,0.0,0.0
94185,0.0,0.0,0.0
94186,0.0,0.0,0.0
94187,0.0,0.0,0.0
94188,0.0,0.0,0.0
94189,0.0,0.0,0.0
94190,0.0,0.0,0.0
94191,0.0,0.0,0.0
94192,0.0,0.0,0.0
94193,0.0,0.0,0.0
94194,0.0,0.0,0.0
94195,0.0,0.0,0.0
94196,0.0,0.0,0.0
94197,0.0,0.0,0.0
94198,0.0,0.0,0.0
94199,0.0,0.0,0.0
94200,0.0,0.0,0.0
94201,0.0,0.0,0.0
94202,0.0,0.0,0.0
94203,0.0,0.0,0.0
94204,0.0,0.0,0.0
94205,0.0,0.0,0.0
94206,0.0,0.0,0.0
94207,0.0,0.0,0.0
94208,0.0,0.0,0.0
94209,0.0,0.0,0.0
94210,0.0,0.0,0.0
94211,0.0,0.0,0.0
94212,0.0,0.0,0.0
94213,0.0,0.0,0.0
94214,0.0,0.0,0.0
94215,0.0,0.0,0.0
94216,0.0,0.0,0.0
94217,0.0,0.0,0.0
94218,0.0,0.0,0.0
94219,0.0,0.0,0.0
94220,0.0,0.0,0.0
94221,0.0,0.0,0.0
94222,0.0,0.0,0.0
94223,0.0,0.0,0.0
94224,0.0,0.0,0.0
94225,0.0,0.0,0.0
94226,0.0,0.0,0.0
94227,0.0,0.0,0.0
94228,0.0,0.0,0.0
94229,0.0,0.0,0.0
94230,0.0,0.0,0.0
94231,0.0,0.0,0.0
94232,0.0,0.0,0.0
94233,0.0,0.0,0.0
94234,0.0,0.0,0.0
94235,0.0,0.0,0.0
94236,0.0,0.0,0.0
94237,0.0,0.0,0.0
94238,0.0,0.0,0.0
94239,0.0,0.0,0.0
94240,0.0,0.0,0.0
94241,0.0,0.0,0.0
94242,0.0,0.0,0.0
94243,0.0,0.0,0.0
94244,0.0,0.0,0.0
94245,0.0,0.0,0.0
94246,0.0,0.0,0.0
94247,0.0,0.0,0.0
94248,0.0,0.0,0.0
94249,0.0,0.0,0.0
94250,0.0,0.0,0.0
94251,0.0,0.0,0.0
94252,0.0,0.0,0.0
94253,0.0,0.0,0.0
94254,0.0,0.0,0.0
94255,0.0,0.0,0.0
94256,0.0,0.0,0.0
94257,0.0,0.0,0.0
94258,0.0,0.0,0.0
94259,0.0,0.0,0.0
94260,0.0,0.0,0.0
94261,0.0,0.0,0.0
94262,0.0,0.0,0.0
94263,0.0,0.0,0.0
94264,0.0,0.0,0.0
94265,0.0,0.0,0.0
94266,0.0,0.0,0.0
94267,0.0,0.0,0.0
94268,0.0,0.0,0.0
94269,0.0,0.0,0.0
94270,0.0,0.0,0.0
94271,0.0,0.0,0.0
94272,0.0,0.0,0.0
94273,0.0,0.0,0.0
94274,0.0,0.0,0.0
94275,0.0,0.0,0.0
94276,0.0,0.0,0.0
94277,0.0,0.0,0.0
94278,0.0,0.0,0.0
94279,0.0,0.0,0.0
94280,0.0,0.0,0.0
94281,0.0,0.0,0.0
94282,0.0,0.0,0.0
94283,0.0,0.0,0.0
94284,0.0,0.0,0.0
94285,0.0,0.0,0.0
94286,0.0,0.0,0.0
94287,0.0,0.0,0.0
94288,0.0,0.0,0.0
94289,0.0,0.0,0.0
94290,0.0,0.0,0.0
94291,0.0,0.0,0.0
94292,0.0,0.0,0.0
94293,0.0,0.0,0.0
94294,0.0,0.0,0.0
94295,0.0,0.0,0.0
94296,0.0,0.0,0.0
94297,0.0,0.0,0.0
94298,0.0,0.0,0.0
94299,0.0,0.0,0.0
94300,0.0,0.0,0.0
94301,0.0,0.0,0.0
94302,0.0,0.0,0.0
94303,0.0,0.0,0.0
94304,0.0,0.0,0.0
94305,0.0,0.0,0.0
94306,0.0,0.0,0.0
94307,0.0,0.0,0.0
94308,0.0,0.0,0.0
94309,0.0,0.0,0.0
94310,0.0,0.0,0.0
94311,0.0,0.0,0.0
94312,0.0,0.0,0.0
94313,0.0,0.0,0.0
94314,0.0,0.0,0.0
94315,0.0,0.0,0.0
94316,0.0,0.0,0.0
94317,0.0,0.0,0.0
94318,0.0,0.0,0.0
94319,0.0,0.0,0.0
94320,0.0,0.0,0.0
94321,0.0,0.0,0.0
94322,0.0,0.0,0.0
94323,0.0,0.0,0.0
94324,0.0,0.0,0.0
94325,0.0,0.0,0.0
94326,0.0,0.0,0.0
94327,0.0,0.0,0.0
94328,0.0,0.0,0.0
94329,0.0,0.0,0.0
94330,0.0,0.0,0.0
94331,0.0,0.0,0.0
94332,0.0,0.0,0.0
94333,0.0,0.0,0.0
94334,0.0,0.0,0.0
94335,0.0,0.0,0.0
94336,0.0,0.0,0.0
94337,0.0,0.0,0.0
94338,0.0,0.0,0.0
94339,0.0,0.0,0.0
94340,0.0,0.0,0.0
94341,0.0,0.0,0.0
94342,0.0,0.0,0.0
94343,0.0,0.0,0.0
94344,0.0,0.0,0.0
94345,0.0,0.0,0.0
94346,0.0,0.0,0.0
94347,0.0,0.0,0.0
94348,0.0,0.0,0.0
94349,0.0,0.0,0.0
94350,0.0,0.0,0.0
94351,0.0,0.0,0.0
94352,0.0,0.0,0.0
94353,0.0,0.0,0.0
94354,0.0,0.0,0.0
94355,0.0,0.0,0.0
94356,0.0,0.0,0.0
94357,0.0,0.0,0.0
94358,0.0,0.0,0.0
94359,0.0,0.0,0.0
94360,0.0,0.0,0.0
94361,0.0,0.0,0.0
94362,0.0,0.0,0.0
94363,0.0,0.0,0.0
94364,0.0,0.0,0.0
94365,0.0,0.0,0.0
94366,0.0,0.0,0.0
94367,0.0,0.0,0.0
94368,0.0,0.0,0.0
94369,0.0,0.0,0.0
94370,0.0,0.0,0.0
94371,0.0,0.0,0.0
94372,0.0,0.0,0.0
94373,0.0,0.0,0.0
94374,0.0,0.0,0.0
94375,0.0,0.0,0.0
94376,0.0,0.0,0.0
94377,0.0,0.0,0.0
94378,0.0,0.0,0.0
94379,0.0,0.0,0.0
94380,0.0,0.0,0.0
94381,0.0,0.0,0.0
94382,0.0,0.0,0.0
94383,0.0,0.0,0.0
94384,0.0,0.0,0.0
94385,0.0,0.0,0.0
94386,0.0,0.0,0.0
94387,0.0,0.0,0.0
94388,0.0,0.0,0.0
94389,0.0,0.0,0.0
94390,0.0,0.0,0.0
94391,0.0,0.0,0.0
94392,0.0,0.0,0.0
94393,0.0,0.0,0.0
94394,0.0,0.0,0.0
94395,0.0,0.0,0.0
94396,0.0,0.0,0.0
94397,0.0,0.0,0.0
94398,0.0,0.0,0.0
94399,0.0,0.0,0.0
94400,0.0,0.0,0.0
94401,0.0,0.0,0.0
94402,0.0,0.0,0.0
94403,0.0,0.0,0.0
94404,0.0,0.0,0.0
94405,0.0,0.0,0.0
94406,0.0,0.0,0.0
94407,0.0,0.0,0.0
94408,0.0,0.0,0.0
94409,0.0,0.0,0.0
94410,0.0,0.0,0.0
94411,0.0,0.0,0.0
94412,0.0,0.0,0.0
94413,0.0,0.0,0.0
94414,0.0,0.0,0.0
94415,0.0,0.0,0.0
94416,0.0,0.0,0.0
94417,0.0,0.0,0.0
94418,0.0,0.0,0.0
94419,0.0,0.0,0.0
94420,0.0,0.0,0.0
94421,0.0,0.0,0.0
94422,0.0,0.0,0.0
94423,0.0,0.0,0.0
94424,0.0,0.0,0.0
94425,0.0,0.0,0.0
94426,0.0,0.0,0.0
94427,0.0,0.0,0.0
94428,0.0,0.0,0.0
94429,0.0,0.0,0.0
94430,0.0,0.0,0.0
94431,0.0,0.0,0.0
94432,0.0,0.0,0.0
94433,0.0,0.0,0.0
94434,0.0,0.0,0.0
94435,0.0,0.0,0.0
94436,0.0,0.0,0.0
94437,0.0,0.0,0.0
94438,0.0,0.0,0.0
94439,0.0,0.0,0.0
94440,0.0,0.0,0.0
94441,0.0,0.0,0.0
94442,0.0,0.0,0.0
94443,0.0,0.0,0.0
94444,0.0,0.0,0.0
94445,0.0,0.0,0.0
94446,0.0,0.0,0.0
94447,0.0,0.0,0.0
94448,0.0,0.0,0.0
94449,0.0,0.0,0.0
94450,0.0,0.0,0.0
94451,0.0,0.0,0.0
94452,0.0,0.0,0.0
94453,0.0,0.0,0.0
94454,0.0,0.0,0.0
94455,0.0,0.0,0.0
94456,0.0,0.0,0.0
94457,0.0,0.0,0.0
94458,0.0,0.0,0.0
94459,0.0,0.0,0.0
94460,0.0,0.0,0.0
94461,0.0,0.0,0.0
94462,0.0,0.0,0.0
94463,0.0,0.0,0.0
94464,0.0,0.0,0.0
94465,0.0,0.0,0.0
94466,0.0,0.0,0.0
94467,0.0,0.0,0.0
94468,0.0,0.0,0.0
94469,0.0,0.0,0.0
94470,0.0,0.0,0.0
94471,0.0,0.0,0.0
94472,0.0,0.0,0.0
94473,0.0,0.0,0.0
94474,0.0,0.0,0.0
94475,0.0,0.0,0.0
94476,0.0,0.0,0.0
94477,0.0,0.0,0.0
94478,0.0,0.0,0.0
94479,0.0,0.0,0.0
94480,0.0,0.0,0.0
94481,0.0,0.0,0.0
94482,0.0,0.0,0.0
94483,0.0,0.0,0.0
94484,0.0,0.0,0.0
94485,0.0,0.0,0.0
94486,0.0,0.0,0.0
94487,0.0,0.0,0.0
94488,0.0,0.0,0.0
94489,0.0,0.0,0.0
94490,0.0,0.0,0.0
94491,0.0,0.0,0.0
94492,0.0,0.0,0.0
94493,0.0,0.0,0.0
94494,0.0,0.0,0.0
94495,0.0,0.0,0.0
94496,0.0,0.0,0.0
94497,0.0,0.0,0.0
94498,0.0,0.0,0.0
94499,0.0,0.0,0.0
94500,0.0,0.0,0.0
94501,0.0,0.0,0.0
94502,0.0,0.0,0.0
94503,0.0,0.0,0.0
94504,0.0,0.0,0.0
94505,0.0,0.0,0.0
94506,0.0,0.0,0.0
94507,0.0,0.0,0.0
94508,0.0,0.0,0.0
94509,0.0,0.0,0.0
94510,0.0,0.0,0.0
94511,0.0,0.0,0.0
94512,0.0,0.0,0.0
94513,0.0,0.0,0.0
94514,0.0,0.0,0.0
94515,0.0,0.0,0.0
94516,0.0,0.0,0.0
94517,0.0,0.0,0.0
94518,0.0,0.0,0.0
94519,0.0,0.0,0.0
94520,0.0,0.0,0.0
94521,0.0,0.0,0.0
94522,0.0,0.0,0.0
94523,0.0,0.0,0.0
94524,0.0,0.0,0.0
94525,0.0,0.0,0.0
94526,0.0,0.0,0.0
94527,0.0,0.0,0.0
94528,0.0,0.0,0.0
94529,0.0,0.0,0.0
94530,0.0,0.0,0.0
94531,0.0,0.0,0.0
94532,0.0,0.0,0.0
94533,0.0,0.0,0.0
94534,0.0,0.0,0.0
94535,0.0,0.0,0.0
94536,0.0,0.0,0.0
94537,0.0,0.0,0.0
94538,0.0,0.0,0.0
94539,0.0,0.0,0.0
94540,0.0,0.0,0.0
94541,0.0,0.0,0.0
94542,0.0,0.0,0.0
94543,0.0,0.0,0.0
94544,0.0,0.0,0.0
94545,0.0,0.0,0.0
94546,0.0,0.0,0.0
94547,0.0,0.0,0.0
94548,0.0,0.0,0.0
94549,0.0,0.0,0.0
94550,0.0,0.0,0.0
94551,0.0,0.0,0.0
94552,0.0,0.0,0.0
94553,0.0,0.0,0.0
94554,0.0,0.0,0.0
94555,0.0,0.0,0.0
94556,0.0,0.0,0.0
94557,0.0,0.0,0.0
94558,0.0,0.0,0.0
94559,0.0,0.0,0.0
94560,0.0,0.0,0.0
94561,0.0,0.0,0.0
94562,0.0,0.0,0.0
94563,0.0,0.0,0.0
94564,0.0,0.0,0.0
94565,0.0,0.0,0.0
94566,0.0,0.0,0.0
94567,0.0,0.0,0.0
94568,0.0,0.0,0.0
94569,0.0,0.0,0.0
94570,0.0,0.0,0.0
94571,0.0,0.0,0.0
94572,0.0,0.0,0.0
94573,0.0,0.0,0.0
94574,0.0,0.0,0.0
94575,0.0,0.0,0.0
94576,0.0,0.0,0.0
94577,0.0,0.0,0.0
94578,0.0,0.0,0.0
94579,0.0,0.0,0.0
94580,0.0,0.0,0.0
94581,0.0,0.0,0.0
94582,0.0,0.0,0.0
94583,0.0,0.0,0.0
94584,0.0,0.0,0.0
94585,0.0,0.0,0.0
94586,0.0,0.0,0.0
94587,0.0,0.0,0.0
94588,0.0,0.0,0.0
94589,0.0,0.0,0.0
94590,0.0,0.0,0.0
94591,0.0,0.0,0.0
94592,0.0,0.0,0.0
94593,0.0,0.0,0.0
94594,0.0,0.0,0.0
94595,0.0,0.0,0.0
94596,0.0,0.0,0.0
94597,0.0,0.0,0.0
94598,0.0,0.0,0.0
94599,0.0,0.0,0.0
94600,0.0,0.0,0.0
94601,0.0,0.0,0.0
94602,0.0,0.0,0.0
94603,0.0,0.0,0.0
94604,0.0,0.0,0.0
94605,0.0,0.0,0.0
94606,0.0,0.0,0.0
94607,0.0,0.0,0.0
94608,0.0,0.0,0.0
94609,0.0,0.0,0.0
94610,0.0,0.0,0.0
94611,0.0,0.0,0.0
94612,0.0,0.0,0.0
94613,0.0,0.0,0.0
94614,0.0,0.0,0.0
94615,0.0,0.0,0.0
94616,0.0,0.0,0.0
94617,0.0,0.0,0.0
94618,0.0,0.0,0.0
94619,0.0,0.0,0.0
94620,0.0,0.0,0.0
94621,0.0,0.0,0.0
94622,0.0,0.0,0.0
94623,0.0,0.0,0.0
94624,0.0,0.0,0.0
94625,0.0,0.0,0.0
94626,0.0,0.0,0.0
94627,0.0,0.0,0.0
94628,0.0,0.0,0.0
94629,0.0,0.0,0.0
94630,0.0,0.0,0.0
94631,0.0,0.0,0.0
94632,0.0,0.0,0.0
94633,0.0,0.0,0.0
94634,0.0,0.0,0.0
94635,0.0,0.0,0.0
94636,0.0,0.0,0.0
94637,0.0,0.0,0.0
94638,0.0,0.0,0.0
94639,0.0,0.0,0.0
94640,0.0,0.0,0.0
94641,0.0,0.0,0.0
94642,0.0,0.0,0.0
94643,0.0,0.0,0.0
94644,0.0,0.0,0.0
94645,0.0,0.0,0.0
94646,0.0,0.0,0.0
94647,0.0,0.0,0.0
94648,0.0,0.0,0.0
94649,0.0,0.0,0.0
94650,0.0,0.0,0.0
94651,0.0,0.0,0.0
94652,0.0,0.0,0.0
94653,0.0,0.0,0.0
94654,0.0,0.0,0.0
94655,0.0,0.0,0.0
94656,0.0,0.0,0.0
94657,0.0,0.0,0.0
94658,0.0,0.0,0.0
94659,0.0,0.0,0.0
94660,0.0,0.0,0.0
94661,0.0,0.0,0.0
94662,0.0,0.0,0.0
94663,0.0,0.0,0.0
94664,0.0,0.0,0.0
94665,0.0,0.0,0.0
94666,0.0,0.0,0.0
94667,0.0,0.0,0.0
94668,0.0,0.0,0.0
94669,0.0,0.0,0.0
94670,0.0,0.0,0.0
94671,0.0,0.0,0.0
94672,0.0,0.0,0.0
94673,0.0,0.0,0.0
94674,0.0,0.0,0.0
94675,0.0,0.0,0.0
94676,0.0,0.0,0.0
94677,0.0,0.0,0.0
94678,0.0,0.0,0.0
94679,0.0,0.0,0.0
94680,0.0,0.0,0.0
94681,0.0,0.0,0.0
94682,0.0,0.0,0.0
94683,0.0,0.0,0.0
94684,0.0,0.0,0.0
94685,0.0,0.0,0.0
94686,0.0,0.0,0.0
94687,0.0,0.0,0.0
94688,0.0,0.0,0.0
94689,0.0,0.0,0.0
94690,0.0,0.0,0.0
94691,0.0,0.0,0.0
94692,0.0,0.0,0.0
94693,0.0,0.0,0.0
94694,0.0,0.0,0.0
94695,0.0,0.0,0.0
94696,0.0,0.0,0.0
94697,0.0,0.0,0.0
94698,0.0,0.0,0.0
94699,0.0,0.0,0.0
94700,0.0,0.0,0.0
94701,0.0,0.0,0.0
94702,0.0,0.0,0.0
94703,0.0,0.0,0.0
94704,0.0,0.0,0.0
94705,0.0,0.0,0.0
94706,0.0,0.0,0.0
94707,0.0,0.0,0.0
94708,0.0,0.0,0.0
94709,0.0,0.0,0.0
94710,0.0,0.0,0.0
94711,0.0,0.0,0.0
94712,0.0,0.0,0.0
94713,0.0,0.0,0.0
94714,0.0,0.0,0.0
94715,0.0,0.0,0.0
94716,0.0,0.0,0.0
94717,0.0,0.0,0.0
94718,0.0,0.0,0.0
94719,0.0,0.0,0.0
94720,0.0,0.0,0.0
94721,0.0,0.0,0.0
94722,0.0,0.0,0.0
94723,0.0,0.0,0.0
94724,0.0,0.0,0.0
94725,0.0,0.0,0.0
94726,0.0,0.0,0.0
94727,0.0,0.0,0.0
94728,0.0,0.0,0.0
94729,0.0,0.0,0.0
94730,0.0,0.0,0.0
94731,0.0,0.0,0.0
94732,0.0,0.0,0.0
94733,0.0,0.0,0.0
94734,0.0,0.0,0.0
94735,0.0,0.0,0.0
94736,0.0,0.0,0.0
94737,0.0,0.0,0.0
94738,0.0,0.0,0.0
94739,0.0,0.0,0.0
94740,0.0,0.0,0.0
94741,0.0,0.0,0.0
94742,0.0,0.0,0.0
94743,0.0,0.0,0.0
94744,0.0,0.0,0.0
94745,0.0,0.0,0.0
94746,0.0,0.0,0.0
94747,0.0,0.0,0.0
94748,0.0,0.0,0.0
94749,0.0,0.0,0.0
94750,0.0,0.0,0.0
94751,0.0,0.0,0.0
94752,0.0,0.0,0.0
94753,0.0,0.0,0.0
94754,0.0,0.0,0.0
94755,0.0,0.0,0.0
94756,0.0,0.0,0.0
94757,0.0,0.0,0.0
94758,0.0,0.0,0.0
94759,0.0,0.0,0.0
94760,0.0,0.0,0.0
94761,0.0,0.0,0.0
94762,0.0,0.0,0.0
94763,0.0,0.0,0.0
94764,0.0,0.0,0.0
94765,0.0,0.0,0.0
94766,0.0,0.0,0.0
94767,0.0,0.0,0.0
94768,0.0,0.0,0.0
94769,0.0,0.0,0.0
94770,0.0,0.0,0.0
94771,0.0,0.0,0.0
94772,0.0,0.0,0.0
94773,0.0,0.0,0.0
94774,0.0,0.0,0.0
94775,0.0,0.0,0.0
94776,0.0,0.0,0.0
94777,0.0,0.0,0.0
94778,0.0,0.0,0.0
94779,0.0,0.0,0.0
94780,0.0,0.0,0.0
94781,0.0,0.0,0.0
94782,0.0,0.0,0.0
94783,0.0,0.0,0.0
94784,0.0,0.0,0.0
94785,0.0,0.0,0.0
94786,0.0,0.0,0.0
94787,0.0,0.0,0.0
94788,0.0,0.0,0.0
94789,0.0,0.0,0.0
94790,0.0,0.0,0.0
94791,0.0,0.0,0.0
94792,0.0,0.0,0.0
94793,0.0,0.0,0.0
94794,0.0,0.0,0.0
94795,0.0,0.0,0.0
94796,0.0,0.0,0.0
94797,0.0,0.0,0.0
94798,0.0,0.0,0.0
94799,0.0,0.0,0.0
94800,0.0,0.0,0.0
94801,0.0,0.0,0.0
94802,0.0,0.0,0.0
94803,0.0,0.0,0.0
94804,0.0,0.0,0.0
94805,0.0,0.0,0.0
94806,0.0,0.0,0.0
94807,0.0,0.0,0.0
94808,0.0,0.0,0.0
94809,0.0,0.0,0.0
94810,0.0,0.0,0.0
94811,0.0,0.0,0.0
94812,0.0,0.0,0.0
94813,0.0,0.0,0.0
94814,0.0,0.0,0.0
94815,0.0,0.0,0.0
94816,0.0,0.0,0.0
94817,0.0,0.0,0.0
94818,0.0,0.0,0.0
94819,0.0,0.0,0.0
94820,0.0,0.0,0.0
94821,0.0,0.0,0.0
94822,0.0,0.0,0.0
94823,0.0,0.0,0.0
94824,0.0,0.0,0.0
94825,0.0,0.0,0.0
94826,0.0,0.0,0.0
94827,0.0,0.0,0.0
94828,0.0,0.0,0.0
94829,0.0,0.0,0.0
94830,0.0,0.0,0.0
94831,0.0,0.0,0.0
94832,0.0,0.0,0.0
94833,0.0,0.0,0.0
94834,0.0,0.0,0.0
94835,0.0,0.0,0.0
94836,0.0,0.0,0.0
94837,0.0,0.0,0.0
94838,0.0,0.0,0.0
94839,0.0,0.0,0.0
94840,0.0,0.0,0.0
94841,0.0,0.0,0.0
94842,0.0,0.0,0.0
94843,0.0,0.0,0.0
94844,0.0,0.0,0.0
94845,0.0,0.0,0.0
94846,0.0,0.0,0.0
94847,0.0,0.0,0.0
94848,0.0,0.0,0.0
94849,0.0,0.0,0.0
94850,0.0,0.0,0.0
94851,0.0,0.0,0.0
94852,0.0,0.0,0.0
94853,0.0,0.0,0.0
94854,0.0,0.0,0.0
94855,0.0,0.0,0.0
94856,0.0,0.0,0.0
94857,0.0,0.0,0.0
94858,0.0,0.0,0.0
94859,0.0,0.0,0.0
94860,0.0,0.0,0.0
94861,0.0,0.0,0.0
94862,0.0,0.0,0.0
94863,0.0,0.0,0.0
94864,0.0,0.0,0.0
94865,0.0,0.0,0.0
94866,0.0,0.0,0.0
94867,0.0,0.0,0.0
94868,0.0,0.0,0.0
94869,0.0,0.0,0.0
94870,0.0,0.0,0.0
94871,0.0,0.0,0.0
94872,0.0,0.0,0.0
94873,0.0,0.0,0.0
94874,0.0,0.0,0.0
94875,0.0,0.0,0.0
94876,0.0,0.0,0.0
94877,0.0,0.0,0.0
94878,0.0,0.0,0.0
94879,0.0,0.0,0.0
94880,0.0,0.0,0.0
94881,0.0,0.0,0.0
94882,0.0,0.0,0.0
94883,0.0,0.0,0.0
94884,0.0,0.0,0.0
94885,0.0,0.0,0.0
94886,0.0,0.0,0.0
94887,0.0,0.0,0.0
94888,0.0,0.0,0.0
94889,0.0,0.0,0.0
94890,0.0,0.0,0.0
94891,0.0,0.0,0.0
94892,0.0,0.0,0.0
94893,0.0,0.0,0.0
94894,0.0,0.0,0.0
94895,0.0,0.0,0.0
94896,0.0,0.0,0.0
94897,0.0,0.0,0.0
94898,0.0,0.0,0.0
94899,0.0,0.0,0.0
94900,0.0,0.0,0.0
94901,0.0,0.0,0.0
94902,0.0,0.0,0.0
94903,0.0,0.0,0.0
94904,0.0,0.0,0.0
94905,0.0,0.0,0.0
94906,0.0,0.0,0.0
94907,0.0,0.0,0.0
94908,0.0,0.0,0.0
94909,0.0,0.0,0.0
94910,0.0,0.0,0.0
94911,0.0,0.0,0.0
94912,0.0,0.0,0.0
94913,0.0,0.0,0.0
94914,0.0,0.0,0.0
94915,0.0,0.0,0.0
94916,0.0,0.0,0.0
94917,0.0,0.0,0.0
94918,0.0,0.0,0.0
94919,0.0,0.0,0.0
94920,0.0,0.0,0.0
94921,0.0,0.0,0.0
94922,0.0,0.0,0.0
94923,0.0,0.0,0.0
94924,0.0,0.0,0.0
94925,0.0,0.0,0.0
94926,0.0,0.0,0.0
94927,0.0,0.0,0.0
94928,0.0,0.0,0.0
94929,0.0,0.0,0.0
94930,0.0,0.0,0.0
94931,0.0,0.0,0.0
94932,0.0,0.0,0.0
94933,0.0,0.0,0.0
94934,0.0,0.0,0.0
94935,0.0,0.0,0.0
94936,0.0,0.0,0.0
94937,0.0,0.0,0.0
94938,0.0,0.0,0.0
94939,0.0,0.0,0.0
94940,0.0,0.0,0.0
94941,0.0,0.0,0.0
94942,0.0,0.0,0.0
94943,0.0,0.0,0.0
94944,0.0,0.0,0.0
94945,0.0,0.0,0.0
94946,0.0,0.0,0.0
94947,0.0,0.0,0.0
94948,0.0,0.0,0.0
94949,0.0,0.0,0.0
94950,0.0,0.0,0.0
94951,0.0,0.0,0.0
94952,0.0,0.0,0.0
94953,0.0,0.0,0.0
94954,0.0,0.0,0.0
94955,0.0,0.0,0.0
94956,0.0,0.0,0.0
94957,0.0,0.0,0.0
94958,0.0,0.0,0.0
94959,0.0,0.0,0.0
94960,0.0,0.0,0.0
94961,0.0,0.0,0.0
94962,0.0,0.0,0.0
94963,0.0,0.0,0.0
94964,0.0,0.0,0.0
94965,0.0,0.0,0.0
94966,0.0,0.0,0.0
94967,0.0,0.0,0.0
94968,0.0,0.0,0.0
94969,0.0,0.0,0.0
94970,0.0,0.0,0.0
94971,0.0,0.0,0.0
94972,0.0,0.0,0.0
94973,0.0,0.0,0.0
94974,0.0,0.0,0.0
94975,0.0,0.0,0.0
94976,0.0,0.0,0.0
94977,0.0,0.0,0.0
94978,0.0,0.0,0.0
94979,0.0,0.0,0.0
94980,0.0,0.0,0.0
94981,0.0,0.0,0.0
94982,0.0,0.0,0.0
94983,0.0,0.0,0.0
94984,0.0,0.0,0.0
94985,0.0,0.0,0.0
94986,0.0,0.0,0.0
94987,0.0,0.0,0.0
94988,0.0,0.0,0.0
94989,0.0,0.0,0.0
94990,0.0,0.0,0.0
94991,0.0,0.0,0.0
94992,0.0,0.0,0.0
94993,0.0,0.0,0.0
94994,0.0,0.0,0.0
94995,0.0,0.0,0.0
94996,0.0,0.0,0.0
94997,0.0,0.0,0.0
94998,0.0,0.0,0.0
94999,0.0,0.0,0.0
95000,0.0,0.0,0.0
95001,0.0,0.0,0.0
95002,0.0,0.0,0.0
95003,0.0,0.0,0.0
95004,0.0,0.0,0.0
95005,0.0,0.0,0.0
95006,0.0,0.0,0.0
95007,0.0,0.0,0.0
95008,0.0,0.0,0.0
95009,0.0,0.0,0.0
95010,0.0,0.0,0.0
95011,0.0,0.0,0.0
95012,0.0,0.0,0.0
95013,0.0,0.0,0.0
95014,0.0,0.0,0.0
95015,0.0,0.0,0.0
95016,0.0,0.0,0.0
95017,0.0,0.0,0.0
95018,0.0,0.0,0.0
95019,0.0,0.0,0.0
95020,0.0,0.0,0.0
95021,0.0,0.0,0.0
95022,0.0,0.0,0.0
95023,0.0,0.0,0.0
95024,0.0,0.0,0.0
95025,0.0,0.0,0.0
95026,0.0,0.0,0.0
95027,0.0,0.0,0.0
95028,0.0,0.0,0.0
95029,0.0,0.0,0.0
95030,0.0,0.0,0.0
95031,0.0,0.0,0.0
95032,0.0,0.0,0.0
95033,0.0,0.0,0.0
95034,0.0,0.0,0.0
95035,0.0,0.0,0.0
95036,0.0,0.0,0.0
95037,0.0,0.0,0.0
95038,0.0,0.0,0.0
95039,0.0,0.0,0.0
95040,0.0,0.0,0.0
95041,0.0,0.0,0.0
95042,0.0,0.0,0.0
95043,0.0,0.0,0.0
95044,0.0,0.0,0.0
95045,0.0,0.0,0.0
95046,0.0,0.0,0.0
95047,0.0,0.0,0.0
95048,0.0,0.0,0.0
95049,0.0,0.0,0.0
95050,0.0,0.0,0.0
95051,0.0,0.0,0.0
95052,0.0,0.0,0.0
95053,0.0,0.0,0.0
95054,0.0,0.0,0.0
95055,0.0,0.0,0.0
95056,0.0,0.0,0.0
95057,0.0,0.0,0.0
95058,0.0,0.0,0.0
95059,0.0,0.0,0.0
95060,0.0,0.0,0.0
95061,0.0,0.0,0.0
95062,0.0,0.0,0.0
95063,0.0,0.0,0.0
95064,0.0,0.0,0.0
95065,0.0,0.0,0.0
95066,0.0,0.0,0.0
95067,0.0,0.0,0.0
95068,0.0,0.0,0.0
95069,0.0,0.0,0.0
95070,0.0,0.0,0.0
95071,0.0,0.0,0.0
95072,0.0,0.0,0.0
95073,0.0,0.0,0.0
95074,0.0,0.0,0.0
95075,0.0,0.0,0.0
95076,0.0,0.0,0.0
95077,0.0,0.0,0.0
95078,0.0,0.0,0.0
95079,0.0,0.0,0.0
95080,0.0,0.0,0.0
95081,0.0,0.0,0.0
95082,0.0,0.0,0.0
95083,0.0,0.0,0.0
95084,0.0,0.0,0.0
95085,0.0,0.0,0.0
95086,0.0,0.0,0.0
95087,0.0,0.0,0.0
95088,0.0,0.0,0.0
95089,0.0,0.0,0.0
95090,0.0,0.0,0.0
95091,0.0,0.0,0.0
95092,0.0,0.0,0.0
95093,0.0,0.0,0.0
95094,0.0,0.0,0.0
95095,0.0,0.0,0.0
95096,0.0,0.0,0.0
95097,0.0,0.0,0.0
95098,0.0,0.0,0.0
95099,0.0,0.0,0.0
95100,0.0,0.0,0.0
95101,0.0,0.0,0.0
95102,0.0,0.0,0.0
95103,0.0,0.0,0.0
95104,0.0,0.0,0.0
95105,0.0,0.0,0.0
95106,0.0,0.0,0.0
95107,0.0,0.0,0.0
95108,0.0,0.0,0.0
95109,0.0,0.0,0.0
95110,0.0,0.0,0.0
95111,0.0,0.0,0.0
95112,0.0,0.0,0.0
95113,0.0,0.0,0.0
95114,0.0,0.0,0.0
95115,0.0,0.0,0.0
95116,0.0,0.0,0.0
95117,0.0,0.0,0.0
95118,0.0,0.0,0.0
95119,0.0,0.0,0.0
95120,0.0,0.0,0.0
95121,0.0,0.0,0.0
95122,0.0,0.0,0.0
95123,0.0,0.0,0.0
95124,0.0,0.0,0.0
95125,0.0,0.0,0.0
95126,0.0,0.0,0.0
95127,0.0,0.0,0.0
95128,0.0,0.0,0.0
95129,0.0,0.0,0.0
95130,0.0,0.0,0.0
95131,0.0,0.0,0.0
95132,0.0,0.0,0.0
95133,0.0,0.0,0.0
95134,0.0,0.0,0.0
95135,0.0,0.0,0.0
95136,0.0,0.0,0.0
95137,0.0,0.0,0.0
95138,0.0,0.0,0.0
95139,0.0,0.0,0.0
95140,0.0,0.0,0.0
95141,0.0,0.0,0.0
95142,0.0,0.0,0.0
95143,0.0,0.0,0.0
95144,0.0,0.0,0.0
95145,0.0,0.0,0.0
95146,0.0,0.0,0.0
95147,0.0,0.0,0.0
95148,0.0,0.0,0.0
95149,0.0,0.0,0.0
95150,0.0,0.0,0.0
95151,0.0,0.0,0.0
95152,0.0,0.0,0.0
95153,0.0,0.0,0.0
95154,0.0,0.0,0.0
95155,0.0,0.0,0.0
95156,0.0,0.0,0.0
95157,0.0,0.0,0.0
95158,0.0,0.0,0.0
95159,0.0,0.0,0.0
95160,0.0,0.0,0.0
95161,0.0,0.0,0.0
95162,0.0,0.0,0.0
95163,0.0,0.0,0.0
95164,0.0,0.0,0.0
95165,0.0,0.0,0.0
95166,0.0,0.0,0.0
95167,0.0,0.0,0.0
95168,0.0,0.0,0.0
95169,0.0,0.0,0.0
95170,0.0,0.0,0.0
95171,0.0,0.0,0.0
95172,0.0,0.0,0.0
95173,0.0,0.0,0.0
95174,0.0,0.0,0.0
95175,0.0,0.0,0.0
95176,0.0,0.0,0.0
95177,0.0,0.0,0.0
95178,0.0,0.0,0.0
95179,0.0,0.0,0.0
95180,0.0,0.0,0.0
95181,0.0,0.0,0.0
95182,0.0,0.0,0.0
95183,0.0,0.0,0.0
95184,0.0,0.0,0.0
95185,0.0,0.0,0.0
95186,0.0,0.0,0.0
95187,0.0,0.0,0.0
95188,0.0,0.0,0.0
95189,0.0,0.0,0.0
95190,0.0,0.0,0.0
95191,0.0,0.0,0.0
95192,0.0,0.0,0.0
95193,0.0,0.0,0.0
95194,0.0,0.0,0.0
95195,0.0,0.0,0.0
95196,0.0,0.0,0.0
95197,0.0,0.0,0.0
95198,0.0,0.0,0.0
95199,0.0,0.0,0.0
95200,0.0,0.0,0.0
95201,0.0,0.0,0.0
95202,0.0,0.0,0.0
95203,0.0,0.0,0.0
95204,0.0,0.0,0.0
95205,0.0,0.0,0.0
95206,0.0,0.0,0.0
95207,0.0,0.0,0.0
95208,0.0,0.0,0.0
95209,0.0,0.0,0.0
95210,0.0,0.0,0.0
95211,0.0,0.0,0.0
95212,0.0,0.0,0.0
95213,0.0,0.0,0.0
95214,0.0,0.0,0.0
95215,0.0,0.0,0.0
95216,0.0,0.0,0.0
95217,0.0,0.0,0.0
95218,0.0,0.0,0.0
95219,0.0,0.0,0.0
95220,0.0,0.0,0.0
95221,0.0,0.0,0.0
95222,0.0,0.0,0.0
95223,0.0,0.0,0.0
95224,0.0,0.0,0.0
95225,0.0,0.0,0.0
95226,0.0,0.0,0.0
95227,0.0,0.0,0.0
95228,0.0,0.0,0.0
95229,0.0,0.0,0.0
95230,0.0,0.0,0.0
95231,0.0,0.0,0.0
95232,0.0,0.0,0.0
95233,0.0,0.0,0.0
95234,0.0,0.0,0.0
95235,0.0,0.0,0.0
95236,0.0,0.0,0.0
95237,0.0,0.0,0.0
95238,0.0,0.0,0.0
95239,0.0,0.0,0.0
95240,0.0,0.0,0.0
95241,0.0,0.0,0.0
95242,0.0,0.0,0.0
95243,0.0,0.0,0.0
95244,0.0,0.0,0.0
95245,0.0,0.0,0.0
95246,0.0,0.0,0.0
95247,0.0,0.0,0.0
95248,0.0,0.0,0.0
95249,0.0,0.0,0.0
95250,0.0,0.0,0.0
95251,0.0,0.0,0.0
95252,0.0,0.0,0.0
95253,0.0,0.0,0.0
95254,0.0,0.0,0.0
95255,0.0,0.0,0.0
95256,0.0,0.0,0.0
95257,0.0,0.0,0.0
95258,0.0,0.0,0.0
95259,0.0,0.0,0.0
95260,0.0,0.0,0.0
95261,0.0,0.0,0.0
95262,0.0,0.0,0.0
95263,0.0,0.0,0.0
95264,0.0,0.0,0.0
95265,0.0,0.0,0.0
95266,0.0,0.0,0.0
95267,0.0,0.0,0.0
95268,0.0,0.0,0.0
95269,0.0,0.0,0.0
95270,0.0,0.0,0.0
95271,0.0,0.0,0.0
95272,0.0,0.0,0.0
95273,0.0,0.0,0.0
95274,0.0,0.0,0.0
95275,0.0,0.0,0.0
95276,0.0,0.0,0.0
95277,0.0,0.0,0.0
95278,0.0,0.0,0.0
95279,0.0,0.0,0.0
95280,0.0,0.0,0.0
95281,0.0,0.0,0.0
95282,0.0,0.0,0.0
95283,0.0,0.0,0.0
95284,0.0,0.0,0.0
95285,0.0,0.0,0.0
95286,0.0,0.0,0.0
95287,0.0,0.0,0.0
95288,0.0,0.0,0.0
95289,0.0,0.0,0.0
95290,0.0,0.0,0.0
95291,0.0,0.0,0.0
95292,0.0,0.0,0.0
95293,0.0,0.0,0.0
95294,0.0,0.0,0.0
95295,0.0,0.0,0.0
95296,0.0,0.0,0.0
95297,0.0,0.0,0.0
95298,0.0,0.0,0.0
95299,0.0,0.0,0.0
95300,0.0,0.0,0.0
95301,0.0,0.0,0.0
95302,0.0,0.0,0.0
95303,0.0,0.0,0.0
95304,0.0,0.0,0.0
95305,0.0,0.0,0.0
95306,0.0,0.0,0.0
95307,0.0,0.0,0.0
95308,0.0,0.0,0.0
95309,0.0,0.0,0.0
95310,0.0,0.0,0.0
95311,0.0,0.0,0.0
95312,0.0,0.0,0.0
95313,0.0,0.0,0.0
95314,0.0,0.0,0.0
95315,0.0,0.0,0.0
95316,0.0,0.0,0.0
95317,0.0,0.0,0.0
95318,0.0,0.0,0.0
95319,0.0,0.0,0.0
95320,0.0,0.0,0.0
95321,0.0,0.0,0.0
95322,0.0,0.0,0.0
95323,0.0,0.0,0.0
95324,0.0,0.0,0.0
95325,0.0,0.0,0.0
95326,0.0,0.0,0.0
95327,0.0,0.0,0.0
95328,0.0,0.0,0.0
95329,0.0,0.0,0.0
95330,0.0,0.0,0.0
95331,0.0,0.0,0.0
95332,0.0,0.0,0.0
95333,0.0,0.0,0.0
95334,0.0,0.0,0.0
95335,0.0,0.0,0.0
95336,0.0,0.0,0.0
95337,0.0,0.0,0.0
95338,0.0,0.0,0.0
95339,0.0,0.0,0.0
95340,0.0,0.0,0.0
95341,0.0,0.0,0.0
95342,0.0,0.0,0.0
95343,0.0,0.0,0.0
95344,0.0,0.0,0.0
95345,0.0,0.0,0.0
95346,0.0,0.0,0.0
95347,0.0,0.0,0.0
95348,0.0,0.0,0.0
95349,0.0,0.0,0.0
95350,0.0,0.0,0.0
95351,0.0,0.0,0.0
95352,0.0,0.0,0.0
95353,0.0,0.0,0.0
95354,0.0,0.0,0.0
95355,0.0,0.0,0.0
95356,0.0,0.0,0.0
95357,0.0,0.0,0.0
95358,0.0,0.0,0.0
95359,0.0,0.0,0.0
95360,0.0,0.0,0.0
95361,0.0,0.0,0.0
95362,0.0,0.0,0.0
95363,0.0,0.0,0.0
95364,0.0,0.0,0.0
95365,0.0,0.0,0.0
95366,0.0,0.0,0.0
95367,0.0,0.0,0.0
95368,0.0,0.0,0.0
95369,0.0,0.0,0.0
95370,0.0,0.0,0.0
95371,0.0,0.0,0.0
95372,0.0,0.0,0.0
95373,0.0,0.0,0.0
95374,0.0,0.0,0.0
95375,0.0,0.0,0.0
95376,0.0,0.0,0.0
95377,0.0,0.0,0.0
95378,0.0,0.0,0.0
95379,0.0,0.0,0.0
95380,0.0,0.0,0.0
95381,0.0,0.0,0.0
95382,0.0,0.0,0.0
95383,0.0,0.0,0.0
95384,0.0,0.0,0.0
95385,0.0,0.0,0.0
95386,0.0,0.0,0.0
95387,0.0,0.0,0.0
95388,0.0,0.0,0.0
95389,0.0,0.0,0.0
95390,0.0,0.0,0.0
95391,0.0,0.0,0.0
95392,0.0,0.0,0.0
95393,0.0,0.0,0.0
95394,0.0,0.0,0.0
95395,0.0,0.0,0.0
95396,0.0,0.0,0.0
95397,0.0,0.0,0.0
95398,0.0,0.0,0.0
95399,0.0,0.0,0.0
95400,0.0,0.0,0.0
95401,0.0,0.0,0.0
95402,0.0,0.0,0.0
95403,0.0,0.0,0.0
95404,0.0,0.0,0.0
95405,0.0,0.0,0.0
95406,0.0,0.0,0.0
95407,0.0,0.0,0.0
95408,0.0,0.0,0.0
95409,0.0,0.0,0.0
95410,0.0,0.0,0.0
95411,0.0,0.0,0.0
95412,0.0,0.0,0.0
95413,0.0,0.0,0.0
95414,0.0,0.0,0.0
95415,0.0,0.0,0.0
95416,0.0,0.0,0.0
95417,0.0,0.0,0.0
95418,0.0,0.0,0.0
95419,0.0,0.0,0.0
95420,0.0,0.0,0.0
95421,0.0,0.0,0.0
95422,0.0,0.0,0.0
95423,0.0,0.0,0.0
95424,0.0,0.0,0.0
95425,0.0,0.0,0.0
95426,0.0,0.0,0.0
95427,0.0,0.0,0.0
95428,0.0,0.0,0.0
95429,0.0,0.0,0.0
95430,0.0,0.0,0.0
95431,0.0,0.0,0.0
95432,0.0,0.0,0.0
95433,0.0,0.0,0.0
95434,0.0,0.0,0.0
95435,0.0,0.0,0.0
95436,0.0,0.0,0.0
95437,0.0,0.0,0.0
95438,0.0,0.0,0.0
95439,0.0,0.0,0.0
95440,0.0,0.0,0.0
95441,0.0,0.0,0.0
95442,0.0,0.0,0.0
95443,0.0,0.0,0.0
95444,0.0,0.0,0.0
95445,0.0,0.0,0.0
95446,0.0,0.0,0.0
95447,0.0,0.0,0.0
95448,0.0,0.0,0.0
95449,0.0,0.0,0.0
95450,0.0,0.0,0.0
95451,0.0,0.0,0.0
95452,0.0,0.0,0.0
95453,0.0,0.0,0.0
95454,0.0,0.0,0.0
95455,0.0,0.0,0.0
95456,0.0,0.0,0.0
95457,0.0,0.0,0.0
95458,0.0,0.0,0.0
95459,0.0,0.0,0.0
95460,0.0,0.0,0.0
95461,0.0,0.0,0.0
95462,0.0,0.0,0.0
95463,0.0,0.0,0.0
95464,0.0,0.0,0.0
95465,0.0,0.0,0.0
95466,0.0,0.0,0.0
95467,0.0,0.0,0.0
95468,0.0,0.0,0.0
95469,0.0,0.0,0.0
95470,0.0,0.0,0.0
95471,0.0,0.0,0.0
95472,0.0,0.0,0.0
95473,0.0,0.0,0.0
95474,0.0,0.0,0.0
95475,0.0,0.0,0.0
95476,0.0,0.0,0.0
95477,0.0,0.0,0.0
95478,0.0,0.0,0.0
95479,0.0,0.0,0.0
95480,0.0,0.0,0.0
95481,0.0,0.0,0.0
95482,0.0,0.0,0.0
95483,0.0,0.0,0.0
95484,0.0,0.0,0.0
95485,0.0,0.0,0.0
95486,0.0,0.0,0.0
95487,0.0,0.0,0.0
95488,0.0,0.0,0.0
95489,0.0,0.0,0.0
95490,0.0,0.0,0.0
95491,0.0,0.0,0.0
95492,0.0,0.0,0.0
95493,0.0,0.0,0.0
95494,0.0,0.0,0.0
95495,0.0,0.0,0.0
95496,0.0,0.0,0.0
95497,0.0,0.0,0.0
95498,0.0,0.0,0.0
95499,0.0,0.0,0.0
95500,0.0,0.0,0.0
95501,0.0,0.0,0.0
95502,0.0,0.0,0.0
95503,0.0,0.0,0.0
95504,0.0,0.0,0.0
95505,0.0,0.0,0.0
95506,0.0,0.0,0.0
95507,0.0,0.0,0.0
95508,0.0,0.0,0.0
95509,0.0,0.0,0.0
95510,0.0,0.0,0.0
95511,0.0,0.0,0.0
95512,0.0,0.0,0.0
95513,0.0,0.0,0.0
95514,0.0,0.0,0.0
95515,0.0,0.0,0.0
95516,0.0,0.0,0.0
95517,0.0,0.0,0.0
95518,0.0,0.0,0.0
95519,0.0,0.0,0.0
95520,0.0,0.0,0.0
95521,0.0,0.0,0.0
95522,0.0,0.0,0.0
95523,0.0,0.0,0.0
95524,0.0,0.0,0.0
95525,0.0,0.0,0.0
95526,0.0,0.0,0.0
95527,0.0,0.0,0.0
95528,0.0,0.0,0.0
95529,0.0,0.0,0.0
95530,0.0,0.0,0.0
95531,0.0,0.0,0.0
95532,0.0,0.0,0.0
95533,0.0,0.0,0.0
95534,0.0,0.0,0.0
95535,0.0,0.0,0.0
95536,0.0,0.0,0.0
95537,0.0,0.0,0.0
95538,0.0,0.0,0.0
95539,0.0,0.0,0.0
95540,0.0,0.0,0.0
95541,0.0,0.0,0.0
95542,0.0,0.0,0.0
95543,0.0,0.0,0.0
95544,0.0,0.0,0.0
95545,0.0,0.0,0.0
95546,0.0,0.0,0.0
95547,0.0,0.0,0.0
95548,0.0,0.0,0.0
95549,0.0,0.0,0.0
95550,0.0,0.0,0.0
95551,0.0,0.0,0.0
95552,0.0,0.0,0.0
95553,0.0,0.0,0.0
95554,0.0,0.0,0.0
95555,0.0,0.0,0.0
95556,0.0,0.0,0.0
95557,0.0,0.0,0.0
95558,0.0,0.0,0.0
95559,0.0,0.0,0.0
95560,0.0,0.0,0.0
95561,0.0,0.0,0.0
95562,0.0,0.0,0.0
95563,0.0,0.0,0.0
95564,0.0,0.0,0.0
95565,0.0,0.0,0.0
95566,0.0,0.0,0.0
95567,0.0,0.0,0.0
95568,0.0,0.0,0.0
95569,0.0,0.0,0.0
95570,0.0,0.0,0.0
95571,0.0,0.0,0.0
95572,0.0,0.0,0.0
95573,0.0,0.0,0.0
95574,0.0,0.0,0.0
95575,0.0,0.0,0.0
95576,0.0,0.0,0.0
95577,0.0,0.0,0.0
95578,0.0,0.0,0.0
95579,0.0,0.0,0.0
95580,0.0,0.0,0.0
95581,0.0,0.0,0.0
95582,0.0,0.0,0.0
95583,0.0,0.0,0.0
95584,0.0,0.0,0.0
95585,0.0,0.0,0.0
95586,0.0,0.0,0.0
95587,0.0,0.0,0.0
95588,0.0,0.0,0.0
95589,0.0,0.0,0.0
95590,0.0,0.0,0.0
95591,0.0,0.0,0.0
95592,0.0,0.0,0.0
95593,0.0,0.0,0.0
95594,0.0,0.0,0.0
95595,0.0,0.0,0.0
95596,0.0,0.0,0.0
95597,0.0,0.0,0.0
95598,0.0,0.0,0.0
95599,0.0,0.0,0.0
95600,0.0,0.0,0.0
95601,0.0,0.0,0.0
95602,0.0,0.0,0.0
95603,0.0,0.0,0.0
95604,0.0,0.0,0.0
95605,0.0,0.0,0.0
95606,0.0,0.0,0.0
95607,0.0,0.0,0.0
95608,0.0,0.0,0.0
95609,0.0,0.0,0.0
95610,0.0,0.0,0.0
95611,0.0,0.0,0.0
95612,0.0,0.0,0.0
95613,0.0,0.0,0.0
95614,0.0,0.0,0.0
95615,0.0,0.0,0.0
95616,0.0,0.0,0.0
95617,0.0,0.0,0.0
95618,0.0,0.0,0.0
95619,0.0,0.0,0.0
95620,0.0,0.0,0.0
95621,0.0,0.0,0.0
95622,0.0,0.0,0.0
95623,0.0,0.0,0.0
95624,0.0,0.0,0.0
95625,0.0,0.0,0.0
95626,0.0,0.0,0.0
95627,0.0,0.0,0.0
95628,0.0,0.0,0.0
95629,0.0,0.0,0.0
95630,0.0,0.0,0.0
95631,0.0,0.0,0.0
95632,0.0,0.0,0.0
95633,0.0,0.0,0.0
95634,0.0,0.0,0.0
95635,0.0,0.0,0.0
95636,0.0,0.0,0.0
95637,0.0,0.0,0.0
95638,0.0,0.0,0.0
95639,0.0,0.0,0.0
95640,0.0,0.0,0.0
95641,0.0,0.0,0.0
95642,0.0,0.0,0.0
95643,0.0,0.0,0.0
95644,0.0,0.0,0.0
95645,0.0,0.0,0.0
95646,0.0,0.0,0.0
95647,0.0,0.0,0.0
95648,0.0,0.0,0.0
95649,0.0,0.0,0.0
95650,0.0,0.0,0.0
95651,0.0,0.0,0.0
95652,0.0,0.0,0.0
95653,0.0,0.0,0.0
95654,0.0,0.0,0.0
95655,0.0,0.0,0.0
95656,0.0,0.0,0.0
95657,0.0,0.0,0.0
95658,0.0,0.0,0.0
95659,0.0,0.0,0.0
95660,0.0,0.0,0.0
95661,0.0,0.0,0.0
95662,0.0,0.0,0.0
95663,0.0,0.0,0.0
95664,0.0,0.0,0.0
95665,0.0,0.0,0.0
95666,0.0,0.0,0.0
95667,0.0,0.0,0.0
95668,0.0,0.0,0.0
95669,0.0,0.0,0.0
95670,0.0,0.0,0.0
95671,0.0,0.0,0.0
95672,0.0,0.0,0.0
95673,0.0,0.0,0.0
95674,0.0,0.0,0.0
95675,0.0,0.0,0.0
95676,0.0,0.0,0.0
95677,0.0,0.0,0.0
95678,0.0,0.0,0.0
95679,0.0,0.0,0.0
95680,0.0,0.0,0.0
95681,0.0,0.0,0.0
95682,0.0,0.0,0.0
95683,0.0,0.0,0.0
95684,0.0,0.0,0.0
95685,0.0,0.0,0.0
95686,0.0,0.0,0.0
95687,0.0,0.0,0.0
95688,0.0,0.0,0.0
95689,0.0,0.0,0.0
95690,0.0,0.0,0.0
95691,0.0,0.0,0.0
95692,0.0,0.0,0.0
95693,0.0,0.0,0.0
95694,0.0,0.0,0.0
95695,0.0,0.0,0.0
95696,0.0,0.0,0.0
95697,0.0,0.0,0.0
95698,0.0,0.0,0.0
95699,0.0,0.0,0.0
95700,0.0,0.0,0.0
95701,0.0,0.0,0.0
95702,0.0,0.0,0.0
95703,0.0,0.0,0.0
95704,0.0,0.0,0.0
95705,0.0,0.0,0.0
95706,0.0,0.0,0.0
95707,0.0,0.0,0.0
95708,0.0,0.0,0.0
95709,0.0,0.0,0.0
95710,0.0,0.0,0.0
95711,0.0,0.0,0.0
95712,0.0,0.0,0.0
95713,0.0,0.0,0.0
95714,0.0,0.0,0.0
95715,0.0,0.0,0.0
95716,0.0,0.0,0.0
95717,0.0,0.0,0.0
95718,0.0,0.0,0.0
95719,0.0,0.0,0.0
95720,0.0,0.0,0.0
95721,0.0,0.0,0.0
95722,0.0,0.0,0.0
95723,0.0,0.0,0.0
95724,0.0,0.0,0.0
95725,0.0,0.0,0.0
95726,0.0,0.0,0.0
95727,0.0,0.0,0.0
95728,0.0,0.0,0.0
95729,0.0,0.0,0.0
95730,0.0,0.0,0.0
95731,0.0,0.0,0.0
95732,0.0,0.0,0.0
95733,0.0,0.0,0.0
95734,0.0,0.0,0.0
95735,0.0,0.0,0.0
95736,0.0,0.0,0.0
95737,0.0,0.0,0.0
95738,0.0,0.0,0.0
95739,0.0,0.0,0.0
95740,0.0,0.0,0.0
95741,0.0,0.0,0.0
95742,0.0,0.0,0.0
95743,0.0,0.0,0.0
95744,0.0,0.0,0.0
95745,0.0,0.0,0.0
95746,0.0,0.0,0.0
95747,0.0,0.0,0.0
95748,0.0,0.0,0.0
95749,0.0,0.0,0.0
95750,0.0,0.0,0.0
95751,0.0,0.0,0.0
95752,0.0,0.0,0.0
95753,0.0,0.0,0.0
95754,0.0,0.0,0.0
95755,0.0,0.0,0.0
95756,0.0,0.0,0.0
95757,0.0,0.0,0.0
95758,0.0,0.0,0.0
95759,0.0,0.0,0.0
95760,0.0,0.0,0.0
95761,0.0,0.0,0.0
95762,0.0,0.0,0.0
95763,0.0,0.0,0.0
95764,0.0,0.0,0.0
95765,0.0,0.0,0.0
95766,0.0,0.0,0.0
95767,0.0,0.0,0.0
95768,0.0,0.0,0.0
95769,0.0,0.0,0.0
95770,0.0,0.0,0.0
95771,0.0,0.0,0.0
95772,0.0,0.0,0.0
95773,0.0,0.0,0.0
95774,0.0,0.0,0.0
95775,0.0,0.0,0.0
95776,0.0,0.0,0.0
95777,0.0,0.0,0.0
95778,0.0,0.0,0.0
95779,0.0,0.0,0.0
95780,0.0,0.0,0.0
95781,0.0,0.0,0.0
95782,0.0,0.0,0.0
95783,0.0,0.0,0.0
95784,0.0,0.0,0.0
95785,0.0,0.0,0.0
95786,0.0,0.0,0.0
95787,0.0,0.0,0.0
95788,0.0,0.0,0.0
95789,0.0,0.0,0.0
95790,0.0,0.0,0.0
95791,0.0,0.0,0.0
95792,0.0,0.0,0.0
95793,0.0,0.0,0.0
95794,0.0,0.0,0.0
95795,0.0,0.0,0.0
95796,0.0,0.0,0.0
95797,0.0,0.0,0.0
95798,0.0,0.0,0.0
95799,0.0,0.0,0.0
95800,0.0,0.0,0.0
95801,0.0,0.0,0.0
95802,0.0,0.0,0.0
95803,0.0,0.0,0.0
95804,0.0,0.0,0.0
95805,0.0,0.0,0.0
95806,0.0,0.0,0.0
95807,0.0,0.0,0.0
95808,0.0,0.0,0.0
95809,0.0,0.0,0.0
95810,0.0,0.0,0.0
95811,0.0,0.0,0.0
95812,0.0,0.0,0.0
95813,0.0,0.0,0.0
95814,0.0,0.0,0.0
95815,0.0,0.0,0.0
95816,0.0,0.0,0.0
95817,0.0,0.0,0.0
95818,0.0,0.0,0.0
95819,0.0,0.0,0.0
95820,0.0,0.0,0.0
95821,0.0,0.0,0.0
95822,0.0,0.0,0.0
95823,0.0,0.0,0.0
95824,0.0,0.0,0.0
95825,0.0,0.0,0.0
95826,0.0,0.0,0.0
95827,0.0,0.0,0.0
95828,0.0,0.0,0.0
95829,0.0,0.0,0.0
95830,0.0,0.0,0.0
95831,0.0,0.0,0.0
95832,0.0,0.0,0.0
95833,0.0,0.0,0.0
95834,0.0,0.0,0.0
95835,0.0,0.0,0.0
95836,0.0,0.0,0.0
95837,0.0,0.0,0.0
95838,0.0,0.0,0.0
95839,0.0,0.0,0.0
95840,0.0,0.0,0.0
95841,0.0,0.0,0.0
95842,0.0,0.0,0.0
95843,0.0,0.0,0.0
95844,0.0,0.0,0.0
95845,0.0,0.0,0.0
95846,0.0,0.0,0.0
95847,0.0,0.0,0.0
95848,0.0,0.0,0.0
95849,0.0,0.0,0.0
95850,0.0,0.0,0.0
95851,0.0,0.0,0.0
95852,0.0,0.0,0.0
95853,0.0,0.0,0.0
95854,0.0,0.0,0.0
95855,0.0,0.0,0.0
95856,0.0,0.0,0.0
95857,0.0,0.0,0.0
95858,0.0,0.0,0.0
95859,0.0,0.0,0.0
95860,0.0,0.0,0.0
95861,0.0,0.0,0.0
95862,0.0,0.0,0.0
95863,0.0,0.0,0.0
95864,0.0,0.0,0.0
95865,0.0,0.0,0.0
95866,0.0,0.0,0.0
95867,0.0,0.0,0.0
95868,0.0,0.0,0.0
95869,0.0,0.0,0.0
95870,0.0,0.0,0.0
95871,0.0,0.0,0.0
95872,0.0,0.0,0.0
95873,0.0,0.0,0.0
95874,0.0,0.0,0.0
95875,0.0,0.0,0.0
95876,0.0,0.0,0.0
95877,0.0,0.0,0.0
95878,0.0,0.0,0.0
95879,0.0,0.0,0.0
95880,0.0,0.0,0.0
95881,0.0,0.0,0.0
95882,0.0,0.0,0.0
95883,0.0,0.0,0.0
95884,0.0,0.0,0.0
95885,0.0,0.0,0.0
95886,0.0,0.0,0.0
95887,0.0,0.0,0.0
95888,0.0,0.0,0.0
95889,0.0,0.0,0.0
95890,0.0,0.0,0.0
95891,0.0,0.0,0.0
95892,0.0,0.0,0.0
95893,0.0,0.0,0.0
95894,0.0,0.0,0.0
95895,0.0,0.0,0.0
95896,0.0,0.0,0.0
95897,0.0,0.0,0.0
95898,0.0,0.0,0.0
95899,0.0,0.0,0.0
95900,0.0,0.0,0.0
95901,0.0,0.0,0.0
95902,0.0,0.0,0.0
95903,0.0,0.0,0.0
95904,0.0,0.0,0.0
95905,0.0,0.0,0.0
95906,0.0,0.0,0.0
95907,0.0,0.0,0.0
95908,0.0,0.0,0.0
95909,0.0,0.0,0.0
95910,0.0,0.0,0.0
95911,0.0,0.0,0.0
95912,0.0,0.0,0.0
95913,0.0,0.0,0.0
95914,0.0,0.0,0.0
95915,0.0,0.0,0.0
95916,0.0,0.0,0.0
95917,0.0,0.0,0.0
95918,0.0,0.0,0.0
95919,0.0,0.0,0.0
95920,0.0,0.0,0.0
95921,0.0,0.0,0.0
95922,0.0,0.0,0.0
95923,0.0,0.0,0.0
95924,0.0,0.0,0.0
95925,0.0,0.0,0.0
95926,0.0,0.0,0.0
95927,0.0,0.0,0.0
95928,0.0,0.0,0.0
95929,0.0,0.0,0.0
95930,0.0,0.0,0.0
95931,0.0,0.0,0.0
95932,0.0,0.0,0.0
95933,0.0,0.0,0.0
95934,0.0,0.0,0.0
95935,0.0,0.0,0.0
95936,0.0,0.0,0.0
95937,0.0,0.0,0.0
95938,0.0,0.0,0.0
95939,0.0,0.0,0.0
95940,0.0,0.0,0.0
95941,0.0,0.0,0.0
95942,0.0,0.0,0.0
95943,0.0,0.0,0.0
95944,0.0,0.0,0.0
95945,0.0,0.0,0.0
95946,0.0,0.0,0.0
95947,0.0,0.0,0.0
95948,0.0,0.0,0.0
95949,0.0,0.0,0.0
95950,0.0,0.0,0.0
95951,0.0,0.0,0.0
95952,0.0,0.0,0.0
95953,0.0,0.0,0.0
95954,0.0,0.0,0.0
95955,0.0,0.0,0.0
95956,0.0,0.0,0.0
95957,0.0,0.0,0.0
95958,0.0,0.0,0.0
95959,0.0,0.0,0.0
95960,0.0,0.0,0.0
95961,0.0,0.0,0.0
95962,0.0,0.0,0.0
95963,0.0,0.0,0.0
95964,0.0,0.0,0.0
95965,0.0,0.0,0.0
95966,0.0,0.0,0.0
95967,0.0,0.0,0.0
95968,0.0,0.0,0.0
95969,0.0,0.0,0.0
95970,0.0,0.0,0.0
95971,0.0,0.0,0.0
95972,0.0,0.0,0.0
95973,0.0,0.0,0.0
95974,0.0,0.0,0.0
95975,0.0,0.0,0.0
95976,0.0,0.0,0.0
95977,0.0,0.0,0.0
95978,0.0,0.0,0.0
95979,0.0,0.0,0.0
95980,0.0,0.0,0.0
95981,0.0,0.0,0.0
95982,0.0,0.0,0.0
95983,0.0,0.0,0.0
95984,0.0,0.0,0.0
95985,0.0,0.0,0.0
95986,0.0,0.0,0.0
95987,0.0,0.0,0.0
95988,0.0,0.0,0.0
95989,0.0,0.0,0.0
95990,0.0,0.0,0.0
95991,0.0,0.0,0.0
95992,0.0,0.0,0.0
95993,0.0,0.0,0.0
95994,0.0,0.0,0.0
95995,0.0,0.0,0.0
95996,0.0,0.0,0.0
95997,0.0,0.0,0.0
95998,0.0,0.0,0.0
95999,0.0,0.0,0.0
96000,0.0,0.0,0.0
96001,0.0,0.0,0.0
96002,0.0,0.0,0.0
96003,0.0,0.0,0.0
96004,0.0,0.0,0.0
96005,0.0,0.0,0.0
96006,0.0,0.0,0.0
96007,0.0,0.0,0.0
96008,0.0,0.0,0.0
96009,0.0,0.0,0.0
96010,0.0,0.0,0.0
96011,0.0,0.0,0.0
96012,0.0,0.0,0.0
96013,0.0,0.0,0.0
96014,0.0,0.0,0.0
96015,0.0,0.0,0.0
96016,0.0,0.0,0.0
96017,0.0,0.0,0.0
96018,0.0,0.0,0.0
96019,0.0,0.0,0.0
96020,0.0,0.0,0.0
96021,0.0,0.0,0.0
96022,0.0,0.0,0.0
96023,0.0,0.0,0.0
96024,0.0,0.0,0.0
96025,0.0,0.0,0.0
96026,0.0,0.0,0.0
96027,0.0,0.0,0.0
96028,0.0,0.0,0.0
96029,0.0,0.0,0.0
96030,0.0,0.0,0.0
96031,0.0,0.0,0.0
96032,0.0,0.0,0.0
96033,0.0,0.0,0.0
96034,0.0,0.0,0.0
96035,0.0,0.0,0.0
96036,0.0,0.0,0.0
96037,0.0,0.0,0.0
96038,0.0,0.0,0.0
96039,0.0,0.0,0.0
96040,0.0,0.0,0.0
96041,0.0,0.0,0.0
96042,0.0,0.0,0.0
96043,0.0,0.0,0.0
96044,0.0,0.0,0.0
96045,0.0,0.0,0.0
96046,0.0,0.0,0.0
96047,0.0,0.0,0.0
96048,0.0,0.0,0.0
96049,0.0,0.0,0.0
96050,0.0,0.0,0.0
96051,0.0,0.0,0.0
96052,0.0,0.0,0.0
96053,0.0,0.0,0.0
96054,0.0,0.0,0.0
96055,0.0,0.0,0.0
96056,0.0,0.0,0.0
96057,0.0,0.0,0.0
96058,0.0,0.0,0.0
96059,0.0,0.0,0.0
96060,0.0,0.0,0.0
96061,0.0,0.0,0.0
96062,0.0,0.0,0.0
96063,0.0,0.0,0.0
96064,0.0,0.0,0.0
96065,0.0,0.0,0.0
96066,0.0,0.0,0.0
96067,0.0,0.0,0.0
96068,0.0,0.0,0.0
96069,0.0,0.0,0.0
96070,0.0,0.0,0.0
96071,0.0,0.0,0.0
96072,0.0,0.0,0.0
96073,0.0,0.0,0.0
96074,0.0,0.0,0.0
96075,0.0,0.0,0.0
96076,0.0,0.0,0.0
96077,0.0,0.0,0.0
96078,0.0,0.0,0.0
96079,0.0,0.0,0.0
96080,0.0,0.0,0.0
96081,0.0,0.0,0.0
96082,0.0,0.0,0.0
96083,0.0,0.0,0.0
96084,0.0,0.0,0.0
96085,0.0,0.0,0.0
96086,0.0,0.0,0.0
96087,0.0,0.0,0.0
96088,0.0,0.0,0.0
96089,0.0,0.0,0.0
96090,0.0,0.0,0.0
96091,0.0,0.0,0.0
96092,0.0,0.0,0.0
96093,0.0,0.0,0.0
96094,0.0,0.0,0.0
96095,0.0,0.0,0.0
96096,0.0,0.0,0.0
96097,0.0,0.0,0.0
96098,0.0,0.0,0.0
96099,0.0,0.0,0.0
96100,0.0,0.0,0.0
96101,0.0,0.0,0.0
96102,0.0,0.0,0.0
96103,0.0,0.0,0.0
96104,0.0,0.0,0.0
96105,0.0,0.0,0.0
96106,0.0,0.0,0.0
96107,0.0,0.0,0.0
96108,0.0,0.0,0.0
96109,0.0,0.0,0.0
96110,0.0,0.0,0.0
96111,0.0,0.0,0.0
96112,0.0,0.0,0.0
96113,0.0,0.0,0.0
96114,0.0,0.0,0.0
96115,0.0,0.0,0.0
96116,0.0,0.0,0.0
96117,0.0,0.0,0.0
96118,0.0,0.0,0.0
96119,0.0,0.0,0.0
96120,0.0,0.0,0.0
96121,0.0,0.0,0.0
96122,0.0,0.0,0.0
96123,0.0,0.0,0.0
96124,0.0,0.0,0.0
96125,0.0,0.0,0.0
96126,0.0,0.0,0.0
96127,0.0,0.0,0.0
96128,0.0,0.0,0.0
96129,0.0,0.0,0.0
96130,0.0,0.0,0.0
96131,0.0,0.0,0.0
96132,0.0,0.0,0.0
96133,0.0,0.0,0.0
96134,0.0,0.0,0.0
96135,0.0,0.0,0.0
96136,0.0,0.0,0.0
96137,0.0,0.0,0.0
96138,0.0,0.0,0.0
96139,0.0,0.0,0.0
96140,0.0,0.0,0.0
96141,0.0,0.0,0.0
96142,0.0,0.0,0.0
96143,0.0,0.0,0.0
96144,0.0,0.0,0.0
96145,0.0,0.0,0.0
96146,0.0,0.0,0.0
96147,0.0,0.0,0.0
96148,0.0,0.0,0.0
96149,0.0,0.0,0.0
96150,0.0,0.0,0.0
96151,0.0,0.0,0.0
96152,0.0,0.0,0.0
96153,0.0,0.0,0.0
96154,0.0,0.0,0.0
96155,0.0,0.0,0.0
96156,0.0,0.0,0.0
96157,0.0,0.0,0.0
96158,0.0,0.0,0.0
96159,0.0,0.0,0.0
96160,0.0,0.0,0.0
96161,0.0,0.0,0.0
96162,0.0,0.0,0.0
96163,0.0,0.0,0.0
96164,0.0,0.0,0.0
96165,0.0,0.0,0.0
96166,0.0,0.0,0.0
96167,0.0,0.0,0.0
96168,0.0,0.0,0.0
96169,0.0,0.0,0.0
96170,0.0,0.0,0.0
96171,0.0,0.0,0.0
96172,0.0,0.0,0.0
96173,0.0,0.0,0.0
96174,0.0,0.0,0.0
96175,0.0,0.0,0.0
96176,0.0,0.0,0.0
96177,0.0,0.0,0.0
96178,0.0,0.0,0.0
96179,0.0,0.0,0.0
96180,0.0,0.0,0.0
96181,0.0,0.0,0.0
96182,0.0,0.0,0.0
96183,0.0,0.0,0.0
96184,0.0,0.0,0.0
96185,0.0,0.0,0.0
96186,0.0,0.0,0.0
96187,0.0,0.0,0.0
96188,0.0,0.0,0.0
96189,0.0,0.0,0.0
96190,0.0,0.0,0.0
96191,0.0,0.0,0.0
96192,0.0,0.0,0.0
96193,0.0,0.0,0.0
96194,0.0,0.0,0.0
96195,0.0,0.0,0.0
96196,0.0,0.0,0.0
96197,0.0,0.0,0.0
96198,0.0,0.0,0.0
96199,0.0,0.0,0.0
96200,0.0,0.0,0.0
96201,0.0,0.0,0.0
96202,0.0,0.0,0.0
96203,0.0,0.0,0.0
96204,0.0,0.0,0.0
96205,0.0,0.0,0.0
96206,0.0,0.0,0.0
96207,0.0,0.0,0.0
96208,0.0,0.0,0.0
96209,0.0,0.0,0.0
96210,0.0,0.0,0.0
96211,0.0,0.0,0.0
96212,0.0,0.0,0.0
96213,0.0,0.0,0.0
96214,0.0,0.0,0.0
96215,0.0,0.0,0.0
96216,0.0,0.0,0.0
96217,0.0,0.0,0.0
96218,0.0,0.0,0.0
96219,0.0,0.0,0.0
96220,0.0,0.0,0.0
96221,0.0,0.0,0.0
96222,0.0,0.0,0.0
96223,0.0,0.0,0.0
96224,0.0,0.0,0.0
96225,0.0,0.0,0.0
96226,0.0,0.0,0.0
96227,0.0,0.0,0.0
96228,0.0,0.0,0.0
96229,0.0,0.0,0.0
96230,0.0,0.0,0.0
96231,0.0,0.0,0.0
96232,0.0,0.0,0.0
96233,0.0,0.0,0.0
96234,0.0,0.0,0.0
96235,0.0,0.0,0.0
96236,0.0,0.0,0.0
96237,0.0,0.0,0.0
96238,0.0,0.0,0.0
96239,0.0,0.0,0.0
96240,0.0,0.0,0.0
96241,0.0,0.0,0.0
96242,0.0,0.0,0.0
96243,0.0,0.0,0.0
96244,0.0,0.0,0.0
96245,0.0,0.0,0.0
96246,0.0,0.0,0.0
96247,0.0,0.0,0.0
96248,0.0,0.0,0.0
96249,0.0,0.0,0.0
96250,0.0,0.0,0.0
96251,0.0,0.0,0.0
96252,0.0,0.0,0.0
96253,0.0,0.0,0.0
96254,0.0,0.0,0.0
96255,0.0,0.0,0.0
96256,0.0,0.0,0.0
96257,0.0,0.0,0.0
96258,0.0,0.0,0.0
96259,0.0,0.0,0.0
96260,0.0,0.0,0.0
96261,0.0,0.0,0.0
96262,0.0,0.0,0.0
96263,0.0,0.0,0.0
96264,0.0,0.0,0.0
96265,0.0,0.0,0.0
96266,0.0,0.0,0.0
96267,0.0,0.0,0.0
96268,0.0,0.0,0.0
96269,0.0,0.0,0.0
96270,0.0,0.0,0.0
96271,0.0,0.0,0.0
96272,0.0,0.0,0.0
96273,0.0,0.0,0.0
96274,0.0,0.0,0.0
96275,0.0,0.0,0.0
96276,0.0,0.0,0.0
96277,0.0,0.0,0.0
96278,0.0,0.0,0.0
96279,0.0,0.0,0.0
96280,0.0,0.0,0.0
96281,0.0,0.0,0.0
96282,0.0,0.0,0.0
96283,0.0,0.0,0.0
96284,0.0,0.0,0.0
96285,0.0,0.0,0.0
96286,0.0,0.0,0.0
96287,0.0,0.0,0.0
96288,0.0,0.0,0.0
96289,0.0,0.0,0.0
96290,0.0,0.0,0.0
96291,0.0,0.0,0.0
96292,0.0,0.0,0.0
96293,0.0,0.0,0.0
96294,0.0,0.0,0.0
96295,0.0,0.0,0.0
96296,0.0,0.0,0.0
96297,0.0,0.0,0.0
96298,0.0,0.0,0.0
96299,0.0,0.0,0.0
96300,0.0,0.0,0.0
96301,0.0,0.0,0.0
96302,0.0,0.0,0.0
96303,0.0,0.0,0.0
96304,0.0,0.0,0.0
96305,0.0,0.0,0.0
96306,0.0,0.0,0.0
96307,0.0,0.0,0.0
96308,0.0,0.0,0.0
96309,0.0,0.0,0.0
96310,0.0,0.0,0.0
96311,0.0,0.0,0.0
96312,0.0,0.0,0.0
96313,0.0,0.0,0.0
96314,0.0,0.0,0.0
96315,0.0,0.0,0.0
96316,0.0,0.0,0.0
96317,0.0,0.0,0.0
96318,0.0,0.0,0.0
96319,0.0,0.0,0.0
96320,0.0,0.0,0.0
96321,0.0,0.0,0.0
96322,0.0,0.0,0.0
96323,0.0,0.0,0.0
96324,0.0,0.0,0.0
96325,0.0,0.0,0.0
96326,0.0,0.0,0.0
96327,0.0,0.0,0.0
96328,0.0,0.0,0.0
96329,0.0,0.0,0.0
96330,0.0,0.0,0.0
96331,0.0,0.0,0.0
96332,0.0,0.0,0.0
96333,0.0,0.0,0.0
96334,0.0,0.0,0.0
96335,0.0,0.0,0.0
96336,0.0,0.0,0.0
96337,0.0,0.0,0.0
96338,0.0,0.0,0.0
96339,0.0,0.0,0.0
96340,0.0,0.0,0.0
96341,0.0,0.0,0.0
96342,0.0,0.0,0.0
96343,0.0,0.0,0.0
96344,0.0,0.0,0.0
96345,0.0,0.0,0.0
96346,0.0,0.0,0.0
96347,0.0,0.0,0.0
96348,0.0,0.0,0.0
96349,0.0,0.0,0.0
96350,0.0,0.0,0.0
96351,0.0,0.0,0.0
96352,0.0,0.0,0.0
96353,0.0,0.0,0.0
96354,0.0,0.0,0.0
96355,0.0,0.0,0.0
96356,0.0,0.0,0.0
96357,0.0,0.0,0.0
96358,0.0,0.0,0.0
96359,0.0,0.0,0.0
96360,0.0,0.0,0.0
96361,0.0,0.0,0.0
96362,0.0,0.0,0.0
96363,0.0,0.0,0.0
96364,0.0,0.0,0.0
96365,0.0,0.0,0.0
96366,0.0,0.0,0.0
96367,0.0,0.0,0.0
96368,0.0,0.0,0.0
96369,0.0,0.0,0.0
96370,0.0,0.0,0.0
96371,0.0,0.0,0.0
96372,0.0,0.0,0.0
96373,0.0,0.0,0.0
96374,0.0,0.0,0.0
96375,0.0,0.0,0.0
96376,0.0,0.0,0.0
96377,0.0,0.0,0.0
96378,0.0,0.0,0.0
96379,0.0,0.0,0.0
96380,0.0,0.0,0.0
96381,0.0,0.0,0.0
96382,0.0,0.0,0.0
96383,0.0,0.0,0.0
96384,0.0,0.0,0.0
96385,0.0,0.0,0.0
96386,0.0,0.0,0.0
96387,0.0,0.0,0.0
96388,0.0,0.0,0.0
96389,0.0,0.0,0.0
96390,0.0,0.0,0.0
96391,0.0,0.0,0.0
96392,0.0,0.0,0.0
96393,0.0,0.0,0.0
96394,0.0,0.0,0.0
96395,0.0,0.0,0.0
96396,0.0,0.0,0.0
96397,0.0,0.0,0.0
96398,0.0,0.0,0.0
96399,0.0,0.0,0.0
96400,0.0,0.0,0.0
96401,0.0,0.0,0.0
96402,0.0,0.0,0.0
96403,0.0,0.0,0.0
96404,0.0,0.0,0.0
96405,0.0,0.0,0.0
96406,0.0,0.0,0.0
96407,0.0,0.0,0.0
96408,0.0,0.0,0.0
96409,0.0,0.0,0.0
96410,0.0,0.0,0.0
96411,0.0,0.0,0.0
96412,0.0,0.0,0.0
96413,0.0,0.0,0.0
96414,0.0,0.0,0.0
96415,0.0,0.0,0.0
96416,0.0,0.0,0.0
96417,0.0,0.0,0.0
96418,0.0,0.0,0.0
96419,0.0,0.0,0.0
96420,0.0,0.0,0.0
96421,0.0,0.0,0.0
96422,0.0,0.0,0.0
96423,0.0,0.0,0.0
96424,0.0,0.0,0.0
96425,0.0,0.0,0.0
96426,0.0,0.0,0.0
96427,0.0,0.0,0.0
96428,0.0,0.0,0.0
96429,0.0,0.0,0.0
96430,0.0,0.0,0.0
96431,0.0,0.0,0.0
96432,0.0,0.0,0.0
96433,0.0,0.0,0.0
96434,0.0,0.0,0.0
96435,0.0,0.0,0.0
96436,0.0,0.0,0.0
96437,0.0,0.0,0.0
96438,0.0,0.0,0.0
96439,0.0,0.0,0.0
96440,0.0,0.0,0.0
96441,0.0,0.0,0.0
96442,0.0,0.0,0.0
96443,0.0,0.0,0.0
96444,0.0,0.0,0.0
96445,0.0,0.0,0.0
96446,0.0,0.0,0.0
96447,0.0,0.0,0.0
96448,0.0,0.0,0.0
96449,0.0,0.0,0.0
96450,0.0,0.0,0.0
96451,0.0,0.0,0.0
96452,0.0,0.0,0.0
96453,0.0,0.0,0.0
96454,0.0,0.0,0.0
96455,0.0,0.0,0.0
96456,0.0,0.0,0.0
96457,0.0,0.0,0.0
96458,0.0,0.0,0.0
96459,0.0,0.0,0.0
96460,0.0,0.0,0.0
96461,0.0,0.0,0.0
96462,0.0,0.0,0.0
96463,0.0,0.0,0.0
96464,0.0,0.0,0.0
96465,0.0,0.0,0.0
96466,0.0,0.0,0.0
96467,0.0,0.0,0.0
96468,0.0,0.0,0.0
96469,0.0,0.0,0.0
96470,0.0,0.0,0.0
96471,0.0,0.0,0.0
96472,0.0,0.0,0.0
96473,0.0,0.0,0.0
96474,0.0,0.0,0.0
96475,0.0,0.0,0.0
96476,0.0,0.0,0.0
96477,0.0,0.0,0.0
96478,0.0,0.0,0.0
96479,0.0,0.0,0.0
96480,0.0,0.0,0.0
96481,0.0,0.0,0.0
96482,0.0,0.0,0.0
96483,0.0,0.0,0.0
96484,0.0,0.0,0.0
96485,0.0,0.0,0.0
96486,0.0,0.0,0.0
96487,0.0,0.0,0.0
96488,0.0,0.0,0.0
96489,0.0,0.0,0.0
96490,0.0,0.0,0.0
96491,0.0,0.0,0.0
96492,0.0,0.0,0.0
96493,0.0,0.0,0.0
96494,0.0,0.0,0.0
96495,0.0,0.0,0.0
96496,0.0,0.0,0.0
96497,0.0,0.0,0.0
96498,0.0,0.0,0.0
96499,0.0,0.0,0.0
96500,0.0,0.0,0.0
96501,0.0,0.0,0.0
96502,0.0,0.0,0.0
96503,0.0,0.0,0.0
96504,0.0,0.0,0.0
96505,0.0,0.0,0.0
96506,0.0,0.0,0.0
96507,0.0,0.0,0.0
96508,0.0,0.0,0.0
96509,0.0,0.0,0.0
96510,0.0,0.0,0.0
96511,0.0,0.0,0.0
96512,0.0,0.0,0.0
96513,0.0,0.0,0.0
96514,0.0,0.0,0.0
96515,0.0,0.0,0.0
96516,0.0,0.0,0.0
96517,0.0,0.0,0.0
96518,0.0,0.0,0.0
96519,0.0,0.0,0.0
96520,0.0,0.0,0.0
96521,0.0,0.0,0.0
96522,0.0,0.0,0.0
96523,0.0,0.0,0.0
96524,0.0,0.0,0.0
96525,0.0,0.0,0.0
96526,0.0,0.0,0.0
96527,0.0,0.0,0.0
96528,0.0,0.0,0.0
96529,0.0,0.0,0.0
96530,0.0,0.0,0.0
96531,0.0,0.0,0.0
96532,0.0,0.0,0.0
96533,0.0,0.0,0.0
96534,0.0,0.0,0.0
96535,0.0,0.0,0.0
96536,0.0,0.0,0.0
96537,0.0,0.0,0.0
96538,0.0,0.0,0.0
96539,0.0,0.0,0.0
96540,0.0,0.0,0.0
96541,0.0,0.0,0.0
96542,0.0,0.0,0.0
96543,0.0,0.0,0.0
96544,0.0,0.0,0.0
96545,0.0,0.0,0.0
96546,0.0,0.0,0.0
96547,0.0,0.0,0.0
96548,0.0,0.0,0.0
96549,0.0,0.0,0.0
96550,0.0,0.0,0.0
96551,0.0,0.0,0.0
96552,0.0,0.0,0.0
96553,0.0,0.0,0.0
96554,0.0,0.0,0.0
96555,0.0,0.0,0.0
96556,0.0,0.0,0.0
96557,0.0,0.0,0.0
96558,0.0,0.0,0.0
96559,0.0,0.0,0.0
96560,0.0,0.0,0.0
96561,0.0,0.0,0.0
96562,0.0,0.0,0.0
96563,0.0,0.0,0.0
96564,0.0,0.0,0.0
96565,0.0,0.0,0.0
96566,0.0,0.0,0.0
96567,0.0,0.0,0.0
96568,0.0,0.0,0.0
96569,0.0,0.0,0.0
96570,0.0,0.0,0.0
96571,0.0,0.0,0.0
96572,0.0,0.0,0.0
96573,0.0,0.0,0.0
96574,0.0,0.0,0.0
96575,0.0,0.0,0.0
96576,0.0,0.0,0.0
96577,0.0,0.0,0.0
96578,0.0,0.0,0.0
96579,0.0,0.0,0.0
96580,0.0,0.0,0.0
96581,0.0,0.0,0.0
96582,0.0,0.0,0.0
96583,0.0,0.0,0.0
96584,0.0,0.0,0.0
96585,0.0,0.0,0.0
96586,0.0,0.0,0.0
96587,0.0,0.0,0.0
96588,0.0,0.0,0.0
96589,0.0,0.0,0.0
96590,0.0,0.0,0.0
96591,0.0,0.0,0.0
96592,0.0,0.0,0.0
96593,0.0,0.0,0.0
96594,0.0,0.0,0.0
96595,0.0,0.0,0.0
96596,0.0,0.0,0.0
96597,0.0,0.0,0.0
96598,0.0,0.0,0.0
96599,0.0,0.0,0.0
96600,0.0,0.0,0.0
96601,0.0,0.0,0.0
96602,0.0,0.0,0.0
96603,0.0,0.0,0.0
96604,0.0,0.0,0.0
96605,0.0,0.0,0.0
96606,0.0,0.0,0.0
96607,0.0,0.0,0.0
96608,0.0,0.0,0.0
96609,0.0,0.0,0.0
96610,0.0,0.0,0.0
96611,0.0,0.0,0.0
96612,0.0,0.0,0.0
96613,0.0,0.0,0.0
96614,0.0,0.0,0.0
96615,0.0,0.0,0.0
96616,0.0,0.0,0.0
96617,0.0,0.0,0.0
96618,0.0,0.0,0.0
96619,0.0,0.0,0.0
96620,0.0,0.0,0.0
96621,0.0,0.0,0.0
96622,0.0,0.0,0.0
96623,0.0,0.0,0.0
96624,0.0,0.0,0.0
96625,0.0,0.0,0.0
96626,0.0,0.0,0.0
96627,0.0,0.0,0.0
96628,0.0,0.0,0.0
96629,0.0,0.0,0.0
96630,0.0,0.0,0.0
96631,0.0,0.0,0.0
96632,0.0,0.0,0.0
96633,0.0,0.0,0.0
96634,0.0,0.0,0.0
96635,0.0,0.0,0.0
96636,0.0,0.0,0.0
96637,0.0,0.0,0.0
96638,0.0,0.0,0.0
96639,0.0,0.0,0.0
96640,0.0,0.0,0.0
96641,0.0,0.0,0.0
96642,0.0,0.0,0.0
96643,0.0,0.0,0.0
96644,0.0,0.0,0.0
96645,0.0,0.0,0.0
96646,0.0,0.0,0.0
96647,0.0,0.0,0.0
96648,0.0,0.0,0.0
96649,0.0,0.0,0.0
96650,0.0,0.0,0.0
96651,0.0,0.0,0.0
96652,0.0,0.0,0.0
96653,0.0,0.0,0.0
96654,0.0,0.0,0.0
96655,0.0,0.0,0.0
96656,0.0,0.0,0.0
96657,0.0,0.0,0.0
96658,0.0,0.0,0.0
96659,0.0,0.0,0.0
96660,0.0,0.0,0.0
96661,0.0,0.0,0.0
96662,0.0,0.0,0.0
96663,0.0,0.0,0.0
96664,0.0,0.0,0.0
96665,0.0,0.0,0.0
96666,0.0,0.0,0.0
96667,0.0,0.0,0.0
96668,0.0,0.0,0.0
96669,0.0,0.0,0.0
96670,0.0,0.0,0.0
96671,0.0,0.0,0.0
96672,0.0,0.0,0.0
96673,0.0,0.0,0.0
96674,0.0,0.0,0.0
96675,0.0,0.0,0.0
96676,0.0,0.0,0.0
96677,0.0,0.0,0.0
96678,0.0,0.0,0.0
96679,0.0,0.0,0.0
96680,0.0,0.0,0.0
96681,0.0,0.0,0.0
96682,0.0,0.0,0.0
96683,0.0,0.0,0.0
96684,0.0,0.0,0.0
96685,0.0,0.0,0.0
96686,0.0,0.0,0.0
96687,0.0,0.0,0.0
96688,0.0,0.0,0.0
96689,0.0,0.0,0.0
96690,0.0,0.0,0.0
96691,0.0,0.0,0.0
96692,0.0,0.0,0.0
96693,0.0,0.0,0.0
96694,0.0,0.0,0.0
96695,0.0,0.0,0.0
96696,0.0,0.0,0.0
96697,0.0,0.0,0.0
96698,0.0,0.0,0.0
96699,0.0,0.0,0.0
96700,0.0,0.0,0.0
96701,0.0,0.0,0.0
96702,0.0,0.0,0.0
96703,0.0,0.0,0.0
96704,0.0,0.0,0.0
96705,0.0,0.0,0.0
96706,0.0,0.0,0.0
96707,0.0,0.0,0.0
96708,0.0,0.0,0.0
96709,0.0,0.0,0.0
96710,0.0,0.0,0.0
96711,0.0,0.0,0.0
96712,0.0,0.0,0.0
96713,0.0,0.0,0.0
96714,0.0,0.0,0.0
96715,0.0,0.0,0.0
96716,0.0,0.0,0.0
96717,0.0,0.0,0.0
96718,0.0,0.0,0.0
96719,0.0,0.0,0.0
96720,0.0,0.0,0.0
96721,0.0,0.0,0.0
96722,0.0,0.0,0.0
96723,0.0,0.0,0.0
96724,0.0,0.0,0.0
96725,0.0,0.0,0.0
96726,0.0,0.0,0.0
96727,0.0,0.0,0.0
96728,0.0,0.0,0.0
96729,0.0,0.0,0.0
96730,0.0,0.0,0.0
96731,0.0,0.0,0.0
96732,0.0,0.0,0.0
96733,0.0,0.0,0.0
96734,0.0,0.0,0.0
96735,0.0,0.0,0.0
96736,0.0,0.0,0.0
96737,0.0,0.0,0.0
96738,0.0,0.0,0.0
96739,0.0,0.0,0.0
96740,0.0,0.0,0.0
96741,0.0,0.0,0.0
96742,0.0,0.0,0.0
96743,0.0,0.0,0.0
96744,0.0,0.0,0.0
96745,0.0,0.0,0.0
96746,0.0,0.0,0.0
96747,0.0,0.0,0.0
96748,0.0,0.0,0.0
96749,0.0,0.0,0.0
96750,0.0,0.0,0.0
96751,0.0,0.0,0.0
96752,0.0,0.0,0.0
96753,0.0,0.0,0.0
96754,0.0,0.0,0.0
96755,0.0,0.0,0.0
96756,0.0,0.0,0.0
96757,0.0,0.0,0.0
96758,0.0,0.0,0.0
96759,0.0,0.0,0.0
96760,0.0,0.0,0.0
96761,0.0,0.0,0.0
96762,0.0,0.0,0.0
96763,0.0,0.0,0.0
96764,0.0,0.0,0.0
96765,0.0,0.0,0.0
96766,0.0,0.0,0.0
96767,0.0,0.0,0.0
96768,0.0,0.0,0.0
96769,0.0,0.0,0.0
96770,0.0,0.0,0.0
96771,0.0,0.0,0.0
96772,0.0,0.0,0.0
96773,0.0,0.0,0.0
96774,0.0,0.0,0.0
96775,0.0,0.0,0.0
96776,0.0,0.0,0.0
96777,0.0,0.0,0.0
96778,0.0,0.0,0.0
96779,0.0,0.0,0.0
96780,0.0,0.0,0.0
96781,0.0,0.0,0.0
96782,0.0,0.0,0.0
96783,0.0,0.0,0.0
96784,0.0,0.0,0.0
96785,0.0,0.0,0.0
96786,0.0,0.0,0.0
96787,0.0,0.0,0.0
96788,0.0,0.0,0.0
96789,0.0,0.0,0.0
96790,0.0,0.0,0.0
96791,0.0,0.0,0.0
96792,0.0,0.0,0.0
96793,0.0,0.0,0.0
96794,0.0,0.0,0.0
96795,0.0,0.0,0.0
96796,0.0,0.0,0.0
96797,0.0,0.0,0.0
96798,0.0,0.0,0.0
96799,0.0,0.0,0.0
96800,0.0,0.0,0.0
96801,0.0,0.0,0.0
96802,0.0,0.0,0.0
96803,0.0,0.0,0.0
96804,0.0,0.0,0.0
96805,0.0,0.0,0.0
96806,0.0,0.0,0.0
96807,0.0,0.0,0.0
96808,0.0,0.0,0.0
96809,0.0,0.0,0.0
96810,0.0,0.0,0.0
96811,0.0,0.0,0.0
96812,0.0,0.0,0.0
96813,0.0,0.0,0.0
96814,0.0,0.0,0.0
96815,0.0,0.0,0.0
96816,0.0,0.0,0.0
96817,0.0,0.0,0.0
96818,0.0,0.0,0.0
96819,0.0,0.0,0.0
96820,0.0,0.0,0.0
96821,0.0,0.0,0.0
96822,0.0,0.0,0.0
96823,0.0,0.0,0.0
96824,0.0,0.0,0.0
96825,0.0,0.0,0.0
96826,0.0,0.0,0.0
96827,0.0,0.0,0.0
96828,0.0,0.0,0.0
96829,0.0,0.0,0.0
96830,0.0,0.0,0.0
96831,0.0,0.0,0.0
96832,0.0,0.0,0.0
96833,0.0,0.0,0.0
96834,0.0,0.0,0.0
96835,0.0,0.0,0.0
96836,0.0,0.0,0.0
96837,0.0,0.0,0.0
96838,0.0,0.0,0.0
96839,0.0,0.0,0.0
96840,0.0,0.0,0.0
96841,0.0,0.0,0.0
96842,0.0,0.0,0.0
96843,0.0,0.0,0.0
96844,0.0,0.0,0.0
96845,0.0,0.0,0.0
96846,0.0,0.0,0.0
96847,0.0,0.0,0.0
96848,0.0,0.0,0.0
96849,0.0,0.0,0.0
96850,0.0,0.0,0.0
96851,0.0,0.0,0.0
96852,0.0,0.0,0.0
96853,0.0,0.0,0.0
96854,0.0,0.0,0.0
96855,0.0,0.0,0.0
96856,0.0,0.0,0.0
96857,0.0,0.0,0.0
96858,0.0,0.0,0.0
96859,0.0,0.0,0.0
96860,0.0,0.0,0.0
96861,0.0,0.0,0.0
96862,0.0,0.0,0.0
96863,0.0,0.0,0.0
96864,0.0,0.0,0.0
96865,0.0,0.0,0.0
96866,0.0,0.0,0.0
96867,0.0,0.0,0.0
96868,0.0,0.0,0.0
96869,0.0,0.0,0.0
96870,0.0,0.0,0.0
96871,0.0,0.0,0.0
96872,0.0,0.0,0.0
96873,0.0,0.0,0.0
96874,0.0,0.0,0.0
96875,0.0,0.0,0.0
96876,0.0,0.0,0.0
96877,0.0,0.0,0.0
96878,0.0,0.0,0.0
96879,0.0,0.0,0.0
96880,0.0,0.0,0.0
96881,0.0,0.0,0.0
96882,0.0,0.0,0.0
96883,0.0,0.0,0.0
96884,0.0,0.0,0.0
96885,0.0,0.0,0.0
96886,0.0,0.0,0.0
96887,0.0,0.0,0.0
96888,0.0,0.0,0.0
96889,0.0,0.0,0.0
96890,0.0,0.0,0.0
96891,0.0,0.0,0.0
96892,0.0,0.0,0.0
96893,0.0,0.0,0.0
96894,0.0,0.0,0.0
96895,0.0,0.0,0.0
96896,0.0,0.0,0.0
96897,0.0,0.0,0.0
96898,0.0,0.0,0.0
96899,0.0,0.0,0.0
96900,0.0,0.0,0.0
96901,0.0,0.0,0.0
96902,0.0,0.0,0.0
96903,0.0,0.0,0.0
96904,0.0,0.0,0.0
96905,0.0,0.0,0.0
96906,0.0,0.0,0.0
96907,0.0,0.0,0.0
96908,0.0,0.0,0.0
96909,0.0,0.0,0.0
96910,0.0,0.0,0.0
96911,0.0,0.0,0.0
96912,0.0,0.0,0.0
96913,0.0,0.0,0.0
96914,0.0,0.0,0.0
96915,0.0,0.0,0.0
96916,0.0,0.0,0.0
96917,0.0,0.0,0.0
96918,0.0,0.0,0.0
96919,0.0,0.0,0.0
96920,0.0,0.0,0.0
96921,0.0,0.0,0.0
96922,0.0,0.0,0.0
96923,0.0,0.0,0.0
96924,0.0,0.0,0.0
96925,0.0,0.0,0.0
96926,0.0,0.0,0.0
96927,0.0,0.0,0.0
96928,0.0,0.0,0.0
96929,0.0,0.0,0.0
96930,0.0,0.0,0.0
96931,0.0,0.0,0.0
96932,0.0,0.0,0.0
96933,0.0,0.0,0.0
96934,0.0,0.0,0.0
96935,0.0,0.0,0.0
96936,0.0,0.0,0.0
96937,0.0,0.0,0.0
96938,0.0,0.0,0.0
96939,0.0,0.0,0.0
96940,0.0,0.0,0.0
96941,0.0,0.0,0.0
96942,0.0,0.0,0.0
96943,0.0,0.0,0.0
96944,0.0,0.0,0.0
96945,0.0,0.0,0.0
96946,0.0,0.0,0.0
96947,0.0,0.0,0.0
96948,0.0,0.0,0.0
96949,0.0,0.0,0.0
96950,0.0,0.0,0.0
96951,0.0,0.0,0.0
96952,0.0,0.0,0.0
96953,0.0,0.0,0.0
96954,0.0,0.0,0.0
96955,0.0,0.0,0.0
96956,0.0,0.0,0.0
96957,0.0,0.0,0.0
96958,0.0,0.0,0.0
96959,0.0,0.0,0.0
96960,0.0,0.0,0.0
96961,0.0,0.0,0.0
96962,0.0,0.0,0.0
96963,0.0,0.0,0.0
96964,0.0,0.0,0.0
96965,0.0,0.0,0.0
96966,0.0,0.0,0.0
96967,0.0,0.0,0.0
96968,0.0,0.0,0.0
96969,0.0,0.0,0.0
96970,0.0,0.0,0.0
96971,0.0,0.0,0.0
96972,0.0,0.0,0.0
96973,0.0,0.0,0.0
96974,0.0,0.0,0.0
96975,0.0,0.0,0.0
96976,0.0,0.0,0.0
96977,0.0,0.0,0.0
96978,0.0,0.0,0.0
96979,0.0,0.0,0.0
96980,0.0,0.0,0.0
96981,0.0,0.0,0.0
96982,0.0,0.0,0.0
96983,0.0,0.0,0.0
96984,0.0,0.0,0.0
96985,0.0,0.0,0.0
96986,0.0,0.0,0.0
96987,0.0,0.0,0.0
96988,0.0,0.0,0.0
96989,0.0,0.0,0.0
96990,0.0,0.0,0.0
96991,0.0,0.0,0.0
96992,0.0,0.0,0.0
96993,0.0,0.0,0.0
96994,0.0,0.0,0.0
96995,0.0,0.0,0.0
96996,0.0,0.0,0.0
96997,0.0,0.0,0.0
96998,0.0,0.0,0.0
96999,0.0,0.0,0.0
97000,0.0,0.0,0.0
97001,0.0,0.0,0.0
97002,0.0,0.0,0.0
97003,0.0,0.0,0.0
97004,0.0,0.0,0.0
97005,0.0,0.0,0.0
97006,0.0,0.0,0.0
97007,0.0,0.0,0.0
97008,0.0,0.0,0.0
97009,0.0,0.0,0.0
97010,0.0,0.0,0.0
97011,0.0,0.0,0.0
97012,0.0,0.0,0.0
97013,0.0,0.0,0.0
97014,0.0,0.0,0.0
97015,0.0,0.0,0.0
97016,0.0,0.0,0.0
97017,0.0,0.0,0.0
97018,0.0,0.0,0.0
97019,0.0,0.0,0.0
97020,0.0,0.0,0.0
97021,0.0,0.0,0.0
97022,0.0,0.0,0.0
97023,0.0,0.0,0.0
97024,0.0,0.0,0.0
97025,0.0,0.0,0.0
97026,0.0,0.0,0.0
97027,0.0,0.0,0.0
97028,0.0,0.0,0.0
97029,0.0,0.0,0.0
97030,0.0,0.0,0.0
97031,0.0,0.0,0.0
97032,0.0,0.0,0.0
97033,0.0,0.0,0.0
97034,0.0,0.0,0.0
97035,0.0,0.0,0.0
97036,0.0,0.0,0.0
97037,0.0,0.0,0.0
97038,0.0,0.0,0.0
97039,0.0,0.0,0.0
97040,0.0,0.0,0.0
97041,0.0,0.0,0.0
97042,0.0,0.0,0.0
97043,0.0,0.0,0.0
97044,0.0,0.0,0.0
97045,0.0,0.0,0.0
97046,0.0,0.0,0.0
97047,0.0,0.0,0.0
97048,0.0,0.0,0.0
97049,0.0,0.0,0.0
97050,0.0,0.0,0.0
97051,0.0,0.0,0.0
97052,0.0,0.0,0.0
97053,0.0,0.0,0.0
97054,0.0,0.0,0.0
97055,0.0,0.0,0.0
97056,0.0,0.0,0.0
97057,0.0,0.0,0.0
97058,0.0,0.0,0.0
97059,0.0,0.0,0.0
97060,0.0,0.0,0.0
97061,0.0,0.0,0.0
97062,0.0,0.0,0.0
97063,0.0,0.0,0.0
97064,0.0,0.0,0.0
97065,0.0,0.0,0.0
97066,0.0,0.0,0.0
97067,0.0,0.0,0.0
97068,0.0,0.0,0.0
97069,0.0,0.0,0.0
97070,0.0,0.0,0.0
97071,0.0,0.0,0.0
97072,0.0,0.0,0.0
97073,0.0,0.0,0.0
97074,0.0,0.0,0.0
97075,0.0,0.0,0.0
97076,0.0,0.0,0.0
97077,0.0,0.0,0.0
97078,0.0,0.0,0.0
97079,0.0,0.0,0.0
97080,0.0,0.0,0.0
97081,0.0,0.0,0.0
97082,0.0,0.0,0.0
97083,0.0,0.0,0.0
97084,0.0,0.0,0.0
97085,0.0,0.0,0.0
97086,0.0,0.0,0.0
97087,0.0,0.0,0.0
97088,0.0,0.0,0.0
97089,0.0,0.0,0.0
97090,0.0,0.0,0.0
97091,0.0,0.0,0.0
97092,0.0,0.0,0.0
97093,0.0,0.0,0.0
97094,0.0,0.0,0.0
97095,0.0,0.0,0.0
97096,0.0,0.0,0.0
97097,0.0,0.0,0.0
97098,0.0,0.0,0.0
97099,0.0,0.0,0.0
97100,0.0,0.0,0.0
97101,0.0,0.0,0.0
97102,0.0,0.0,0.0
97103,0.0,0.0,0.0
97104,0.0,0.0,0.0
97105,0.0,0.0,0.0
97106,0.0,0.0,0.0
97107,0.0,0.0,0.0
97108,0.0,0.0,0.0
97109,0.0,0.0,0.0
97110,0.0,0.0,0.0
97111,0.0,0.0,0.0
97112,0.0,0.0,0.0
97113,0.0,0.0,0.0
97114,0.0,0.0,0.0
97115,0.0,0.0,0.0
97116,0.0,0.0,0.0
97117,0.0,0.0,0.0
97118,0.0,0.0,0.0
97119,0.0,0.0,0.0
97120,0.0,0.0,0.0
97121,0.0,0.0,0.0
97122,0.0,0.0,0.0
97123,0.0,0.0,0.0
97124,0.0,0.0,0.0
97125,0.0,0.0,0.0
97126,0.0,0.0,0.0
97127,0.0,0.0,0.0
97128,0.0,0.0,0.0
97129,0.0,0.0,0.0
97130,0.0,0.0,0.0
97131,0.0,0.0,0.0
97132,0.0,0.0,0.0
97133,0.0,0.0,0.0
97134,0.0,0.0,0.0
97135,0.0,0.0,0.0
97136,0.0,0.0,0.0
97137,0.0,0.0,0.0
97138,0.0,0.0,0.0
97139,0.0,0.0,0.0
97140,0.0,0.0,0.0
97141,0.0,0.0,0.0
97142,0.0,0.0,0.0
97143,0.0,0.0,0.0
97144,0.0,0.0,0.0
97145,0.0,0.0,0.0
97146,0.0,0.0,0.0
97147,0.0,0.0,0.0
97148,0.0,0.0,0.0
97149,0.0,0.0,0.0
97150,0.0,0.0,0.0
97151,0.0,0.0,0.0
97152,0.0,0.0,0.0
97153,0.0,0.0,0.0
97154,0.0,0.0,0.0
97155,0.0,0.0,0.0
97156,0.0,0.0,0.0
97157,0.0,0.0,0.0
97158,0.0,0.0,0.0
97159,0.0,0.0,0.0
97160,0.0,0.0,0.0
97161,0.0,0.0,0.0
97162,0.0,0.0,0.0
97163,0.0,0.0,0.0
97164,0.0,0.0,0.0
97165,0.0,0.0,0.0
97166,0.0,0.0,0.0
97167,0.0,0.0,0.0
97168,0.0,0.0,0.0
97169,0.0,0.0,0.0
97170,0.0,0.0,0.0
97171,0.0,0.0,0.0
97172,0.0,0.0,0.0
97173,0.0,0.0,0.0
97174,0.0,0.0,0.0
97175,0.0,0.0,0.0
97176,0.0,0.0,0.0
97177,0.0,0.0,0.0
97178,0.0,0.0,0.0
97179,0.0,0.0,0.0
97180,0.0,0.0,0.0
97181,0.0,0.0,0.0
97182,0.0,0.0,0.0
97183,0.0,0.0,0.0
97184,0.0,0.0,0.0
97185,0.0,0.0,0.0
97186,0.0,0.0,0.0
97187,0.0,0.0,0.0
97188,0.0,0.0,0.0
97189,0.0,0.0,0.0
97190,0.0,0.0,0.0
97191,0.0,0.0,0.0
97192,0.0,0.0,0.0
97193,0.0,0.0,0.0
97194,0.0,0.0,0.0
97195,0.0,0.0,0.0
97196,0.0,0.0,0.0
97197,0.0,0.0,0.0
97198,0.0,0.0,0.0
97199,0.0,0.0,0.0
97200,0.0,0.0,0.0
97201,0.0,0.0,0.0
97202,0.0,0.0,0.0
97203,0.0,0.0,0.0
97204,0.0,0.0,0.0
97205,0.0,0.0,0.0
97206,0.0,0.0,0.0
97207,0.0,0.0,0.0
97208,0.0,0.0,0.0
97209,0.0,0.0,0.0
97210,0.0,0.0,0.0
97211,0.0,0.0,0.0
97212,0.0,0.0,0.0
97213,0.0,0.0,0.0
97214,0.0,0.0,0.0
97215,0.0,0.0,0.0
97216,0.0,0.0,0.0
97217,0.0,0.0,0.0
97218,0.0,0.0,0.0
97219,0.0,0.0,0.0
97220,0.0,0.0,0.0
97221,0.0,0.0,0.0
97222,0.0,0.0,0.0
97223,0.0,0.0,0.0
97224,0.0,0.0,0.0
97225,0.0,0.0,0.0
97226,0.0,0.0,0.0
97227,0.0,0.0,0.0
97228,0.0,0.0,0.0
97229,0.0,0.0,0.0
97230,0.0,0.0,0.0
97231,0.0,0.0,0.0
97232,0.0,0.0,0.0
97233,0.0,0.0,0.0
97234,0.0,0.0,0.0
97235,0.0,0.0,0.0
97236,0.0,0.0,0.0
97237,0.0,0.0,0.0
97238,0.0,0.0,0.0
97239,0.0,0.0,0.0
97240,0.0,0.0,0.0
97241,0.0,0.0,0.0
97242,0.0,0.0,0.0
97243,0.0,0.0,0.0
97244,0.0,0.0,0.0
97245,0.0,0.0,0.0
97246,0.0,0.0,0.0
97247,0.0,0.0,0.0
97248,0.0,0.0,0.0
97249,0.0,0.0,0.0
97250,0.0,0.0,0.0
97251,0.0,0.0,0.0
97252,0.0,0.0,0.0
97253,0.0,0.0,0.0
97254,0.0,0.0,0.0
97255,0.0,0.0,0.0
97256,0.0,0.0,0.0
97257,0.0,0.0,0.0
97258,0.0,0.0,0.0
97259,0.0,0.0,0.0
97260,0.0,0.0,0.0
97261,0.0,0.0,0.0
97262,0.0,0.0,0.0
97263,0.0,0.0,0.0
97264,0.0,0.0,0.0
97265,0.0,0.0,0.0
97266,0.0,0.0,0.0
97267,0.0,0.0,0.0
97268,0.0,0.0,0.0
97269,0.0,0.0,0.0
97270,0.0,0.0,0.0
97271,0.0,0.0,0.0
97272,0.0,0.0,0.0
97273,0.0,0.0,0.0
97274,0.0,0.0,0.0
97275,0.0,0.0,0.0
97276,0.0,0.0,0.0
97277,0.0,0.0,0.0
97278,0.0,0.0,0.0
97279,0.0,0.0,0.0
97280,0.0,0.0,0.0
97281,0.0,0.0,0.0
97282,0.0,0.0,0.0
97283,0.0,0.0,0.0
97284,0.0,0.0,0.0
97285,0.0,0.0,0.0
97286,0.0,0.0,0.0
97287,0.0,0.0,0.0
97288,0.0,0.0,0.0
97289,0.0,0.0,0.0
97290,0.0,0.0,0.0
97291,0.0,0.0,0.0
97292,0.0,0.0,0.0
97293,0.0,0.0,0.0
97294,0.0,0.0,0.0
97295,0.0,0.0,0.0
97296,0.0,0.0,0.0
97297,0.0,0.0,0.0
97298,0.0,0.0,0.0
97299,0.0,0.0,0.0
97300,0.0,0.0,0.0
97301,0.0,0.0,0.0
97302,0.0,0.0,0.0
97303,0.0,0.0,0.0
97304,0.0,0.0,0.0
97305,0.0,0.0,0.0
97306,0.0,0.0,0.0
97307,0.0,0.0,0.0
97308,0.0,0.0,0.0
97309,0.0,0.0,0.0
97310,0.0,0.0,0.0
97311,0.0,0.0,0.0
97312,0.0,0.0,0.0
97313,0.0,0.0,0.0
97314,0.0,0.0,0.0
97315,0.0,0.0,0.0
97316,0.0,0.0,0.0
97317,0.0,0.0,0.0
97318,0.0,0.0,0.0
97319,0.0,0.0,0.0
97320,0.0,0.0,0.0
97321,0.0,0.0,0.0
97322,0.0,0.0,0.0
97323,0.0,0.0,0.0
97324,0.0,0.0,0.0
97325,0.0,0.0,0.0
97326,0.0,0.0,0.0
97327,0.0,0.0,0.0
97328,0.0,0.0,0.0
97329,0.0,0.0,0.0
97330,0.0,0.0,0.0
97331,0.0,0.0,0.0
97332,0.0,0.0,0.0
97333,0.0,0.0,0.0
97334,0.0,0.0,0.0
97335,0.0,0.0,0.0
97336,0.0,0.0,0.0
97337,0.0,0.0,0.0
97338,0.0,0.0,0.0
97339,0.0,0.0,0.0
97340,0.0,0.0,0.0
97341,0.0,0.0,0.0
97342,0.0,0.0,0.0
97343,0.0,0.0,0.0
97344,0.0,0.0,0.0
97345,0.0,0.0,0.0
97346,0.0,0.0,0.0
97347,0.0,0.0,0.0
97348,0.0,0.0,0.0
97349,0.0,0.0,0.0
97350,0.0,0.0,0.0
97351,0.0,0.0,0.0
97352,0.0,0.0,0.0
97353,0.0,0.0,0.0
97354,0.0,0.0,0.0
97355,0.0,0.0,0.0
97356,0.0,0.0,0.0
97357,0.0,0.0,0.0
97358,0.0,0.0,0.0
97359,0.0,0.0,0.0
97360,0.0,0.0,0.0
97361,0.0,0.0,0.0
97362,0.0,0.0,0.0
97363,0.0,0.0,0.0
97364,0.0,0.0,0.0
97365,0.0,0.0,0.0
97366,0.0,0.0,0.0
97367,0.0,0.0,0.0
97368,0.0,0.0,0.0
97369,0.0,0.0,0.0
97370,0.0,0.0,0.0
97371,0.0,0.0,0.0
97372,0.0,0.0,0.0
97373,0.0,0.0,0.0
97374,0.0,0.0,0.0
97375,0.0,0.0,0.0
97376,0.0,0.0,0.0
97377,0.0,0.0,0.0
97378,0.0,0.0,0.0
97379,0.0,0.0,0.0
97380,0.0,0.0,0.0
97381,0.0,0.0,0.0
97382,0.0,0.0,0.0
97383,0.0,0.0,0.0
97384,0.0,0.0,0.0
97385,0.0,0.0,0.0
97386,0.0,0.0,0.0
97387,0.0,0.0,0.0
97388,0.0,0.0,0.0
97389,0.0,0.0,0.0
97390,0.0,0.0,0.0
97391,0.0,0.0,0.0
97392,0.0,0.0,0.0
97393,0.0,0.0,0.0
97394,0.0,0.0,0.0
97395,0.0,0.0,0.0
97396,0.0,0.0,0.0
97397,0.0,0.0,0.0
97398,0.0,0.0,0.0
97399,0.0,0.0,0.0
97400,0.0,0.0,0.0
97401,0.0,0.0,0.0
97402,0.0,0.0,0.0
97403,0.0,0.0,0.0
97404,0.0,0.0,0.0
97405,0.0,0.0,0.0
97406,0.0,0.0,0.0
97407,0.0,0.0,0.0
97408,0.0,0.0,0.0
97409,0.0,0.0,0.0
97410,0.0,0.0,0.0
97411,0.0,0.0,0.0
97412,0.0,0.0,0.0
97413,0.0,0.0,0.0
97414,0.0,0.0,0.0
97415,0.0,0.0,0.0
97416,0.0,0.0,0.0
97417,0.0,0.0,0.0
97418,0.0,0.0,0.0
97419,0.0,0.0,0.0
97420,0.0,0.0,0.0
97421,0.0,0.0,0.0
97422,0.0,0.0,0.0
97423,0.0,0.0,0.0
97424,0.0,0.0,0.0
97425,0.0,0.0,0.0
97426,0.0,0.0,0.0
97427,0.0,0.0,0.0
97428,0.0,0.0,0.0
97429,0.0,0.0,0.0
97430,0.0,0.0,0.0
97431,0.0,0.0,0.0
97432,0.0,0.0,0.0
97433,0.0,0.0,0.0
97434,0.0,0.0,0.0
97435,0.0,0.0,0.0
97436,0.0,0.0,0.0
97437,0.0,0.0,0.0
97438,0.0,0.0,0.0
97439,0.0,0.0,0.0
97440,0.0,0.0,0.0
97441,0.0,0.0,0.0
97442,0.0,0.0,0.0
97443,0.0,0.0,0.0
97444,0.0,0.0,0.0
97445,0.0,0.0,0.0
97446,0.0,0.0,0.0
97447,0.0,0.0,0.0
97448,0.0,0.0,0.0
97449,0.0,0.0,0.0
97450,0.0,0.0,0.0
97451,0.0,0.0,0.0
97452,0.0,0.0,0.0
97453,0.0,0.0,0.0
97454,0.0,0.0,0.0
97455,0.0,0.0,0.0
97456,0.0,0.0,0.0
97457,0.0,0.0,0.0
97458,0.0,0.0,0.0
97459,0.0,0.0,0.0
97460,0.0,0.0,0.0
97461,0.0,0.0,0.0
97462,0.0,0.0,0.0
97463,0.0,0.0,0.0
97464,0.0,0.0,0.0
97465,0.0,0.0,0.0
97466,0.0,0.0,0.0
97467,0.0,0.0,0.0
97468,0.0,0.0,0.0
97469,0.0,0.0,0.0
97470,0.0,0.0,0.0
97471,0.0,0.0,0.0
97472,0.0,0.0,0.0
97473,0.0,0.0,0.0
97474,0.0,0.0,0.0
97475,0.0,0.0,0.0
97476,0.0,0.0,0.0
97477,0.0,0.0,0.0
97478,0.0,0.0,0.0
97479,0.0,0.0,0.0
97480,0.0,0.0,0.0
97481,0.0,0.0,0.0
97482,0.0,0.0,0.0
97483,0.0,0.0,0.0
97484,0.0,0.0,0.0
97485,0.0,0.0,0.0
97486,0.0,0.0,0.0
97487,0.0,0.0,0.0
97488,0.0,0.0,0.0
97489,0.0,0.0,0.0
97490,0.0,0.0,0.0
97491,0.0,0.0,0.0
97492,0.0,0.0,0.0
97493,0.0,0.0,0.0
97494,0.0,0.0,0.0
97495,0.0,0.0,0.0
97496,0.0,0.0,0.0
97497,0.0,0.0,0.0
97498,0.0,0.0,0.0
97499,0.0,0.0,0.0
97500,0.0,0.0,0.0
97501,0.0,0.0,0.0
97502,0.0,0.0,0.0
97503,0.0,0.0,0.0
97504,0.0,0.0,0.0
97505,0.0,0.0,0.0
97506,0.0,0.0,0.0
97507,0.0,0.0,0.0
97508,0.0,0.0,0.0
97509,0.0,0.0,0.0
97510,0.0,0.0,0.0
97511,0.0,0.0,0.0
97512,0.0,0.0,0.0
97513,0.0,0.0,0.0
97514,0.0,0.0,0.0
97515,0.0,0.0,0.0
97516,0.0,0.0,0.0
97517,0.0,0.0,0.0
97518,0.0,0.0,0.0
97519,0.0,0.0,0.0
97520,0.0,0.0,0.0
97521,0.0,0.0,0.0
97522,0.0,0.0,0.0
97523,0.0,0.0,0.0
97524,0.0,0.0,0.0
97525,0.0,0.0,0.0
97526,0.0,0.0,0.0
97527,0.0,0.0,0.0
97528,0.0,0.0,0.0
97529,0.0,0.0,0.0
97530,0.0,0.0,0.0
97531,0.0,0.0,0.0
97532,0.0,0.0,0.0
97533,0.0,0.0,0.0
97534,0.0,0.0,0.0
97535,0.0,0.0,0.0
97536,0.0,0.0,0.0
97537,0.0,0.0,0.0
97538,0.0,0.0,0.0
97539,0.0,0.0,0.0
97540,0.0,0.0,0.0
97541,0.0,0.0,0.0
97542,0.0,0.0,0.0
97543,0.0,0.0,0.0
97544,0.0,0.0,0.0
97545,0.0,0.0,0.0
97546,0.0,0.0,0.0
97547,0.0,0.0,0.0
97548,0.0,0.0,0.0
97549,0.0,0.0,0.0
97550,0.0,0.0,0.0
97551,0.0,0.0,0.0
97552,0.0,0.0,0.0
97553,0.0,0.0,0.0
97554,0.0,0.0,0.0
97555,0.0,0.0,0.0
97556,0.0,0.0,0.0
97557,0.0,0.0,0.0
97558,0.0,0.0,0.0
97559,0.0,0.0,0.0
97560,0.0,0.0,0.0
97561,0.0,0.0,0.0
97562,0.0,0.0,0.0
97563,0.0,0.0,0.0
97564,0.0,0.0,0.0
97565,0.0,0.0,0.0
97566,0.0,0.0,0.0
97567,0.0,0.0,0.0
97568,0.0,0.0,0.0
97569,0.0,0.0,0.0
97570,0.0,0.0,0.0
97571,0.0,0.0,0.0
97572,0.0,0.0,0.0
97573,0.0,0.0,0.0
97574,0.0,0.0,0.0
97575,0.0,0.0,0.0
97576,0.0,0.0,0.0
97577,0.0,0.0,0.0
97578,0.0,0.0,0.0
97579,0.0,0.0,0.0
97580,0.0,0.0,0.0
97581,0.0,0.0,0.0
97582,0.0,0.0,0.0
97583,0.0,0.0,0.0
97584,0.0,0.0,0.0
97585,0.0,0.0,0.0
97586,0.0,0.0,0.0
97587,0.0,0.0,0.0
97588,0.0,0.0,0.0
97589,0.0,0.0,0.0
97590,0.0,0.0,0.0
97591,0.0,0.0,0.0
97592,0.0,0.0,0.0
97593,0.0,0.0,0.0
97594,0.0,0.0,0.0
97595,0.0,0.0,0.0
97596,0.0,0.0,0.0
97597,0.0,0.0,0.0
97598,0.0,0.0,0.0
97599,0.0,0.0,0.0
97600,0.0,0.0,0.0
97601,0.0,0.0,0.0
97602,0.0,0.0,0.0
97603,0.0,0.0,0.0
97604,0.0,0.0,0.0
97605,0.0,0.0,0.0
97606,0.0,0.0,0.0
97607,0.0,0.0,0.0
97608,0.0,0.0,0.0
97609,0.0,0.0,0.0
97610,0.0,0.0,0.0
97611,0.0,0.0,0.0
97612,0.0,0.0,0.0
97613,0.0,0.0,0.0
97614,0.0,0.0,0.0
97615,0.0,0.0,0.0
97616,0.0,0.0,0.0
97617,0.0,0.0,0.0
97618,0.0,0.0,0.0
97619,0.0,0.0,0.0
97620,0.0,0.0,0.0
97621,0.0,0.0,0.0
97622,0.0,0.0,0.0
97623,0.0,0.0,0.0
97624,0.0,0.0,0.0
97625,0.0,0.0,0.0
97626,0.0,0.0,0.0
97627,0.0,0.0,0.0
97628,0.0,0.0,0.0
97629,0.0,0.0,0.0
97630,0.0,0.0,0.0
97631,0.0,0.0,0.0
97632,0.0,0.0,0.0
97633,0.0,0.0,0.0
97634,0.0,0.0,0.0
97635,0.0,0.0,0.0
97636,0.0,0.0,0.0
97637,0.0,0.0,0.0
97638,0.0,0.0,0.0
97639,0.0,0.0,0.0
97640,0.0,0.0,0.0
97641,0.0,0.0,0.0
97642,0.0,0.0,0.0
97643,0.0,0.0,0.0
97644,0.0,0.0,0.0
97645,0.0,0.0,0.0
97646,0.0,0.0,0.0
97647,0.0,0.0,0.0
97648,0.0,0.0,0.0
97649,0.0,0.0,0.0
97650,0.0,0.0,0.0
97651,0.0,0.0,0.0
97652,0.0,0.0,0.0
97653,0.0,0.0,0.0
97654,0.0,0.0,0.0
97655,0.0,0.0,0.0
97656,0.0,0.0,0.0
97657,0.0,0.0,0.0
97658,0.0,0.0,0.0
97659,0.0,0.0,0.0
97660,0.0,0.0,0.0
97661,0.0,0.0,0.0
97662,0.0,0.0,0.0
97663,0.0,0.0,0.0
97664,0.0,0.0,0.0
97665,0.0,0.0,0.0
97666,0.0,0.0,0.0
97667,0.0,0.0,0.0
97668,0.0,0.0,0.0
97669,0.0,0.0,0.0
97670,0.0,0.0,0.0
97671,0.0,0.0,0.0
97672,0.0,0.0,0.0
97673,0.0,0.0,0.0
97674,0.0,0.0,0.0
97675,0.0,0.0,0.0
97676,0.0,0.0,0.0
97677,0.0,0.0,0.0
97678,0.0,0.0,0.0
97679,0.0,0.0,0.0
97680,0.0,0.0,0.0
97681,0.0,0.0,0.0
97682,0.0,0.0,0.0
97683,0.0,0.0,0.0
97684,0.0,0.0,0.0
97685,0.0,0.0,0.0
97686,0.0,0.0,0.0
97687,0.0,0.0,0.0
97688,0.0,0.0,0.0
97689,0.0,0.0,0.0
97690,0.0,0.0,0.0
97691,0.0,0.0,0.0
97692,0.0,0.0,0.0
97693,0.0,0.0,0.0
97694,0.0,0.0,0.0
97695,0.0,0.0,0.0
97696,0.0,0.0,0.0
97697,0.0,0.0,0.0
97698,0.0,0.0,0.0
97699,0.0,0.0,0.0
97700,0.0,0.0,0.0
97701,0.0,0.0,0.0
97702,0.0,0.0,0.0
97703,0.0,0.0,0.0
97704,0.0,0.0,0.0
97705,0.0,0.0,0.0
97706,0.0,0.0,0.0
97707,0.0,0.0,0.0
97708,0.0,0.0,0.0
97709,0.0,0.0,0.0
97710,0.0,0.0,0.0
97711,0.0,0.0,0.0
97712,0.0,0.0,0.0
97713,0.0,0.0,0.0
97714,0.0,0.0,0.0
97715,0.0,0.0,0.0
97716,0.0,0.0,0.0
97717,0.0,0.0,0.0
97718,0.0,0.0,0.0
97719,0.0,0.0,0.0
97720,0.0,0.0,0.0
97721,0.0,0.0,0.0
97722,0.0,0.0,0.0
97723,0.0,0.0,0.0
97724,0.0,0.0,0.0
97725,0.0,0.0,0.0
97726,0.0,0.0,0.0
97727,0.0,0.0,0.0
97728,0.0,0.0,0.0
97729,0.0,0.0,0.0
97730,0.0,0.0,0.0
97731,0.0,0.0,0.0
97732,0.0,0.0,0.0
97733,0.0,0.0,0.0
97734,0.0,0.0,0.0
97735,0.0,0.0,0.0
97736,0.0,0.0,0.0
97737,0.0,0.0,0.0
97738,0.0,0.0,0.0
97739,0.0,0.0,0.0
97740,0.0,0.0,0.0
97741,0.0,0.0,0.0
97742,0.0,0.0,0.0
97743,0.0,0.0,0.0
97744,0.0,0.0,0.0
97745,0.0,0.0,0.0
97746,0.0,0.0,0.0
97747,0.0,0.0,0.0
97748,0.0,0.0,0.0
97749,0.0,0.0,0.0
97750,0.0,0.0,0.0
97751,0.0,0.0,0.0
97752,0.0,0.0,0.0
97753,0.0,0.0,0.0
97754,0.0,0.0,0.0
97755,0.0,0.0,0.0
97756,0.0,0.0,0.0
97757,0.0,0.0,0.0
97758,0.0,0.0,0.0
97759,0.0,0.0,0.0
97760,0.0,0.0,0.0
97761,0.0,0.0,0.0
97762,0.0,0.0,0.0
97763,0.0,0.0,0.0
97764,0.0,0.0,0.0
97765,0.0,0.0,0.0
97766,0.0,0.0,0.0
97767,0.0,0.0,0.0
97768,0.0,0.0,0.0
97769,0.0,0.0,0.0
97770,0.0,0.0,0.0
97771,0.0,0.0,0.0
97772,0.0,0.0,0.0
97773,0.0,0.0,0.0
97774,0.0,0.0,0.0
97775,0.0,0.0,0.0
97776,0.0,0.0,0.0
97777,0.0,0.0,0.0
97778,0.0,0.0,0.0
97779,0.0,0.0,0.0
97780,0.0,0.0,0.0
97781,0.0,0.0,0.0
97782,0.0,0.0,0.0
97783,0.0,0.0,0.0
97784,0.0,0.0,0.0
97785,0.0,0.0,0.0
97786,0.0,0.0,0.0
97787,0.0,0.0,0.0
97788,0.0,0.0,0.0
97789,0.0,0.0,0.0
97790,0.0,0.0,0.0
97791,0.0,0.0,0.0
97792,0.0,0.0,0.0
97793,0.0,0.0,0.0
97794,0.0,0.0,0.0
97795,0.0,0.0,0.0
97796,0.0,0.0,0.0
97797,0.0,0.0,0.0
97798,0.0,0.0,0.0
97799,0.0,0.0,0.0
97800,0.0,0.0,0.0
97801,0.0,0.0,0.0
97802,0.0,0.0,0.0
97803,0.0,0.0,0.0
97804,0.0,0.0,0.0
97805,0.0,0.0,0.0
97806,0.0,0.0,0.0
97807,0.0,0.0,0.0
97808,0.0,0.0,0.0
97809,0.0,0.0,0.0
97810,0.0,0.0,0.0
97811,0.0,0.0,0.0
97812,0.0,0.0,0.0
97813,0.0,0.0,0.0
97814,0.0,0.0,0.0
97815,0.0,0.0,0.0
97816,0.0,0.0,0.0
97817,0.0,0.0,0.0
97818,0.0,0.0,0.0
97819,0.0,0.0,0.0
97820,0.0,0.0,0.0
97821,0.0,0.0,0.0
97822,0.0,0.0,0.0
97823,0.0,0.0,0.0
97824,0.0,0.0,0.0
97825,0.0,0.0,0.0
97826,0.0,0.0,0.0
97827,0.0,0.0,0.0
97828,0.0,0.0,0.0
97829,0.0,0.0,0.0
97830,0.0,0.0,0.0
97831,0.0,0.0,0.0
97832,0.0,0.0,0.0
97833,0.0,0.0,0.0
97834,0.0,0.0,0.0
97835,0.0,0.0,0.0
97836,0.0,0.0,0.0
97837,0.0,0.0,0.0
97838,0.0,0.0,0.0
97839,0.0,0.0,0.0
97840,0.0,0.0,0.0
97841,0.0,0.0,0.0
97842,0.0,0.0,0.0
97843,0.0,0.0,0.0
97844,0.0,0.0,0.0
97845,0.0,0.0,0.0
97846,0.0,0.0,0.0
97847,0.0,0.0,0.0
97848,0.0,0.0,0.0
97849,0.0,0.0,0.0
97850,0.0,0.0,0.0
97851,0.0,0.0,0.0
97852,0.0,0.0,0.0
97853,0.0,0.0,0.0
97854,0.0,0.0,0.0
97855,0.0,0.0,0.0
97856,0.0,0.0,0.0
97857,0.0,0.0,0.0
97858,0.0,0.0,0.0
97859,0.0,0.0,0.0
97860,0.0,0.0,0.0
97861,0.0,0.0,0.0
97862,0.0,0.0,0.0
97863,0.0,0.0,0.0
97864,0.0,0.0,0.0
97865,0.0,0.0,0.0
97866,0.0,0.0,0.0
97867,0.0,0.0,0.0
97868,0.0,0.0,0.0
97869,0.0,0.0,0.0
97870,0.0,0.0,0.0
97871,0.0,0.0,0.0
97872,0.0,0.0,0.0
97873,0.0,0.0,0.0
97874,0.0,0.0,0.0
97875,0.0,0.0,0.0
97876,0.0,0.0,0.0
97877,0.0,0.0,0.0
97878,0.0,0.0,0.0
97879,0.0,0.0,0.0
97880,0.0,0.0,0.0
97881,0.0,0.0,0.0
97882,0.0,0.0,0.0
97883,0.0,0.0,0.0
97884,0.0,0.0,0.0
97885,0.0,0.0,0.0
97886,0.0,0.0,0.0
97887,0.0,0.0,0.0
97888,0.0,0.0,0.0
97889,0.0,0.0,0.0
97890,0.0,0.0,0.0
97891,0.0,0.0,0.0
97892,0.0,0.0,0.0
97893,0.0,0.0,0.0
97894,0.0,0.0,0.0
97895,0.0,0.0,0.0
97896,0.0,0.0,0.0
97897,0.0,0.0,0.0
97898,0.0,0.0,0.0
97899,0.0,0.0,0.0
97900,0.0,0.0,0.0
97901,0.0,0.0,0.0
97902,0.0,0.0,0.0
97903,0.0,0.0,0.0
97904,0.0,0.0,0.0
97905,0.0,0.0,0.0
97906,0.0,0.0,0.0
97907,0.0,0.0,0.0
97908,0.0,0.0,0.0
97909,0.0,0.0,0.0
97910,0.0,0.0,0.0
97911,0.0,0.0,0.0
97912,0.0,0.0,0.0
97913,0.0,0.0,0.0
97914,0.0,0.0,0.0
97915,0.0,0.0,0.0
97916,0.0,0.0,0.0
97917,0.0,0.0,0.0
97918,0.0,0.0,0.0
97919,0.0,0.0,0.0
97920,0.0,0.0,0.0
97921,0.0,0.0,0.0
97922,0.0,0.0,0.0
97923,0.0,0.0,0.0
97924,0.0,0.0,0.0
97925,0.0,0.0,0.0
97926,0.0,0.0,0.0
97927,0.0,0.0,0.0
97928,0.0,0.0,0.0
97929,0.0,0.0,0.0
97930,0.0,0.0,0.0
97931,0.0,0.0,0.0
97932,0.0,0.0,0.0
97933,0.0,0.0,0.0
97934,0.0,0.0,0.0
97935,0.0,0.0,0.0
97936,0.0,0.0,0.0
97937,0.0,0.0,0.0
97938,0.0,0.0,0.0
97939,0.0,0.0,0.0
97940,0.0,0.0,0.0
97941,0.0,0.0,0.0
97942,0.0,0.0,0.0
97943,0.0,0.0,0.0
97944,0.0,0.0,0.0
97945,0.0,0.0,0.0
97946,0.0,0.0,0.0
97947,0.0,0.0,0.0
97948,0.0,0.0,0.0
97949,0.0,0.0,0.0
97950,0.0,0.0,0.0
97951,0.0,0.0,0.0
97952,0.0,0.0,0.0
97953,0.0,0.0,0.0
97954,0.0,0.0,0.0
97955,0.0,0.0,0.0
97956,0.0,0.0,0.0
97957,0.0,0.0,0.0
97958,0.0,0.0,0.0
97959,0.0,0.0,0.0
97960,0.0,0.0,0.0
97961,0.0,0.0,0.0
97962,0.0,0.0,0.0
97963,0.0,0.0,0.0
97964,0.0,0.0,0.0
97965,0.0,0.0,0.0
97966,0.0,0.0,0.0
97967,0.0,0.0,0.0
97968,0.0,0.0,0.0
97969,0.0,0.0,0.0
97970,0.0,0.0,0.0
97971,0.0,0.0,0.0
97972,0.0,0.0,0.0
97973,0.0,0.0,0.0
97974,0.0,0.0,0.0
97975,0.0,0.0,0.0
97976,0.0,0.0,0.0
97977,0.0,0.0,0.0
97978,0.0,0.0,0.0
97979,0.0,0.0,0.0
97980,0.0,0.0,0.0
97981,0.0,0.0,0.0
97982,0.0,0.0,0.0
97983,0.0,0.0,0.0
97984,0.0,0.0,0.0
97985,0.0,0.0,0.0
97986,0.0,0.0,0.0
97987,0.0,0.0,0.0
97988,0.0,0.0,0.0
97989,0.0,0.0,0.0
97990,0.0,0.0,0.0
97991,0.0,0.0,0.0
97992,0.0,0.0,0.0
97993,0.0,0.0,0.0
97994,0.0,0.0,0.0
97995,0.0,0.0,0.0
97996,0.0,0.0,0.0
97997,0.0,0.0,0.0
97998,0.0,0.0,0.0
97999,0.0,0.0,0.0
98000,0.0,0.0,0.0
98001,0.0,0.0,0.0
98002,0.0,0.0,0.0
98003,0.0,0.0,0.0
98004,0.0,0.0,0.0
98005,0.0,0.0,0.0
98006,0.0,0.0,0.0
98007,0.0,0.0,0.0
98008,0.0,0.0,0.0
98009,0.0,0.0,0.0
98010,0.0,0.0,0.0
98011,0.0,0.0,0.0
98012,0.0,0.0,0.0
98013,0.0,0.0,0.0
98014,0.0,0.0,0.0
98015,0.0,0.0,0.0
98016,0.0,0.0,0.0
98017,0.0,0.0,0.0
98018,0.0,0.0,0.0
98019,0.0,0.0,0.0
98020,0.0,0.0,0.0
98021,0.0,0.0,0.0
98022,0.0,0.0,0.0
98023,0.0,0.0,0.0
98024,0.0,0.0,0.0
98025,0.0,0.0,0.0
98026,0.0,0.0,0.0
98027,0.0,0.0,0.0
98028,0.0,0.0,0.0
98029,0.0,0.0,0.0
98030,0.0,0.0,0.0
98031,0.0,0.0,0.0
98032,0.0,0.0,0.0
98033,0.0,0.0,0.0
98034,0.0,0.0,0.0
98035,0.0,0.0,0.0
98036,0.0,0.0,0.0
98037,0.0,0.0,0.0
98038,0.0,0.0,0.0
98039,0.0,0.0,0.0
98040,0.0,0.0,0.0
98041,0.0,0.0,0.0
98042,0.0,0.0,0.0
98043,0.0,0.0,0.0
98044,0.0,0.0,0.0
98045,0.0,0.0,0.0
98046,0.0,0.0,0.0
98047,0.0,0.0,0.0
98048,0.0,0.0,0.0
98049,0.0,0.0,0.0
98050,0.0,0.0,0.0
98051,0.0,0.0,0.0
98052,0.0,0.0,0.0
98053,0.0,0.0,0.0
98054,0.0,0.0,0.0
98055,0.0,0.0,0.0
98056,0.0,0.0,0.0
98057,0.0,0.0,0.0
98058,0.0,0.0,0.0
98059,0.0,0.0,0.0
98060,0.0,0.0,0.0
98061,0.0,0.0,0.0
98062,0.0,0.0,0.0
98063,0.0,0.0,0.0
98064,0.0,0.0,0.0
98065,0.0,0.0,0.0
98066,0.0,0.0,0.0
98067,0.0,0.0,0.0
98068,0.0,0.0,0.0
98069,0.0,0.0,0.0
98070,0.0,0.0,0.0
98071,0.0,0.0,0.0
98072,0.0,0.0,0.0
98073,0.0,0.0,0.0
98074,0.0,0.0,0.0
98075,0.0,0.0,0.0
98076,0.0,0.0,0.0
98077,0.0,0.0,0.0
98078,0.0,0.0,0.0
98079,0.0,0.0,0.0
98080,0.0,0.0,0.0
98081,0.0,0.0,0.0
98082,0.0,0.0,0.0
98083,0.0,0.0,0.0
98084,0.0,0.0,0.0
98085,0.0,0.0,0.0
98086,0.0,0.0,0.0
98087,0.0,0.0,0.0
98088,0.0,0.0,0.0
98089,0.0,0.0,0.0
98090,0.0,0.0,0.0
98091,0.0,0.0,0.0
98092,0.0,0.0,0.0
98093,0.0,0.0,0.0
98094,0.0,0.0,0.0
98095,0.0,0.0,0.0
98096,0.0,0.0,0.0
98097,0.0,0.0,0.0
98098,0.0,0.0,0.0
98099,0.0,0.0,0.0
98100,0.0,0.0,0.0
98101,0.0,0.0,0.0
98102,0.0,0.0,0.0
98103,0.0,0.0,0.0
98104,0.0,0.0,0.0
98105,0.0,0.0,0.0
98106,0.0,0.0,0.0
98107,0.0,0.0,0.0
98108,0.0,0.0,0.0
98109,0.0,0.0,0.0
98110,0.0,0.0,0.0
98111,0.0,0.0,0.0
98112,0.0,0.0,0.0
98113,0.0,0.0,0.0
98114,0.0,0.0,0.0
98115,0.0,0.0,0.0
98116,0.0,0.0,0.0
98117,0.0,0.0,0.0
98118,0.0,0.0,0.0
98119,0.0,0.0,0.0
98120,0.0,0.0,0.0
98121,0.0,0.0,0.0
98122,0.0,0.0,0.0
98123,0.0,0.0,0.0
98124,0.0,0.0,0.0
98125,0.0,0.0,0.0
98126,0.0,0.0,0.0
98127,0.0,0.0,0.0
98128,0.0,0.0,0.0
98129,0.0,0.0,0.0
98130,0.0,0.0,0.0
98131,0.0,0.0,0.0
98132,0.0,0.0,0.0
98133,0.0,0.0,0.0
98134,0.0,0.0,0.0
98135,0.0,0.0,0.0
98136,0.0,0.0,0.0
98137,0.0,0.0,0.0
98138,0.0,0.0,0.0
98139,0.0,0.0,0.0
98140,0.0,0.0,0.0
98141,0.0,0.0,0.0
98142,0.0,0.0,0.0
98143,0.0,0.0,0.0
98144,0.0,0.0,0.0
98145,0.0,0.0,0.0
98146,0.0,0.0,0.0
98147,0.0,0.0,0.0
98148,0.0,0.0,0.0
98149,0.0,0.0,0.0
98150,0.0,0.0,0.0
98151,0.0,0.0,0.0
98152,0.0,0.0,0.0
98153,0.0,0.0,0.0
98154,0.0,0.0,0.0
98155,0.0,0.0,0.0
98156,0.0,0.0,0.0
98157,0.0,0.0,0.0
98158,0.0,0.0,0.0
98159,0.0,0.0,0.0
98160,0.0,0.0,0.0
98161,0.0,0.0,0.0
98162,0.0,0.0,0.0
98163,0.0,0.0,0.0
98164,0.0,0.0,0.0
98165,0.0,0.0,0.0
98166,0.0,0.0,0.0
98167,0.0,0.0,0.0
98168,0.0,0.0,0.0
98169,0.0,0.0,0.0
98170,0.0,0.0,0.0
98171,0.0,0.0,0.0
98172,0.0,0.0,0.0
98173,0.0,0.0,0.0
98174,0.0,0.0,0.0
98175,0.0,0.0,0.0
98176,0.0,0.0,0.0
98177,0.0,0.0,0.0
98178,0.0,0.0,0.0
98179,0.0,0.0,0.0
98180,0.0,0.0,0.0
98181,0.0,0.0,0.0
98182,0.0,0.0,0.0
98183,0.0,0.0,0.0
98184,0.0,0.0,0.0
98185,0.0,0.0,0.0
98186,0.0,0.0,0.0
98187,0.0,0.0,0.0
98188,0.0,0.0,0.0
98189,0.0,0.0,0.0
98190,0.0,0.0,0.0
98191,0.0,0.0,0.0
98192,0.0,0.0,0.0
98193,0.0,0.0,0.0
98194,0.0,0.0,0.0
98195,0.0,0.0,0.0
98196,0.0,0.0,0.0
98197,0.0,0.0,0.0
98198,0.0,0.0,0.0
98199,0.0,0.0,0.0
98200,0.0,0.0,0.0
98201,0.0,0.0,0.0
98202,0.0,0.0,0.0
98203,0.0,0.0,0.0
98204,0.0,0.0,0.0
98205,0.0,0.0,0.0
98206,0.0,0.0,0.0
98207,0.0,0.0,0.0
98208,0.0,0.0,0.0
98209,0.0,0.0,0.0
98210,0.0,0.0,0.0
98211,0.0,0.0,0.0
98212,0.0,0.0,0.0
98213,0.0,0.0,0.0
98214,0.0,0.0,0.0
98215,0.0,0.0,0.0
98216,0.0,0.0,0.0
98217,0.0,0.0,0.0
98218,0.0,0.0,0.0
98219,0.0,0.0,0.0
98220,0.0,0.0,0.0
98221,0.0,0.0,0.0
98222,0.0,0.0,0.0
98223,0.0,0.0,0.0
98224,0.0,0.0,0.0
98225,0.0,0.0,0.0
98226,0.0,0.0,0.0
98227,0.0,0.0,0.0
98228,0.0,0.0,0.0
98229,0.0,0.0,0.0
98230,0.0,0.0,0.0
98231,0.0,0.0,0.0
98232,0.0,0.0,0.0
98233,0.0,0.0,0.0
98234,0.0,0.0,0.0
98235,0.0,0.0,0.0
98236,0.0,0.0,0.0
98237,0.0,0.0,0.0
98238,0.0,0.0,0.0
98239,0.0,0.0,0.0
98240,0.0,0.0,0.0
98241,0.0,0.0,0.0
98242,0.0,0.0,0.0
98243,0.0,0.0,0.0
98244,0.0,0.0,0.0
98245,0.0,0.0,0.0
98246,0.0,0.0,0.0
98247,0.0,0.0,0.0
98248,0.0,0.0,0.0
98249,0.0,0.0,0.0
98250,0.0,0.0,0.0
98251,0.0,0.0,0.0
98252,0.0,0.0,0.0
98253,0.0,0.0,0.0
98254,0.0,0.0,0.0
98255,0.0,0.0,0.0
98256,0.0,0.0,0.0
98257,0.0,0.0,0.0
98258,0.0,0.0,0.0
98259,0.0,0.0,0.0
98260,0.0,0.0,0.0
98261,0.0,0.0,0.0
98262,0.0,0.0,0.0
98263,0.0,0.0,0.0
98264,0.0,0.0,0.0
98265,0.0,0.0,0.0
98266,0.0,0.0,0.0
98267,0.0,0.0,0.0
98268,0.0,0.0,0.0
98269,0.0,0.0,0.0
98270,0.0,0.0,0.0
98271,0.0,0.0,0.0
98272,0.0,0.0,0.0
98273,0.0,0.0,0.0
98274,0.0,0.0,0.0
98275,0.0,0.0,0.0
98276,0.0,0.0,0.0
98277,0.0,0.0,0.0
98278,0.0,0.0,0.0
98279,0.0,0.0,0.0
98280,0.0,0.0,0.0
98281,0.0,0.0,0.0
98282,0.0,0.0,0.0
98283,0.0,0.0,0.0
98284,0.0,0.0,0.0
98285,0.0,0.0,0.0
98286,0.0,0.0,0.0
98287,0.0,0.0,0.0
98288,0.0,0.0,0.0
98289,0.0,0.0,0.0
98290,0.0,0.0,0.0
98291,0.0,0.0,0.0
98292,0.0,0.0,0.0
98293,0.0,0.0,0.0
98294,0.0,0.0,0.0
98295,0.0,0.0,0.0
98296,0.0,0.0,0.0
98297,0.0,0.0,0.0
98298,0.0,0.0,0.0
98299,0.0,0.0,0.0
98300,0.0,0.0,0.0
98301,0.0,0.0,0.0
98302,0.0,0.0,0.0
98303,0.0,0.0,0.0
98304,0.0,0.0,0.0
98305,0.0,0.0,0.0
98306,0.0,0.0,0.0
98307,0.0,0.0,0.0
98308,0.0,0.0,0.0
98309,0.0,0.0,0.0
98310,0.0,0.0,0.0
98311,0.0,0.0,0.0
98312,0.0,0.0,0.0
98313,0.0,0.0,0.0
98314,0.0,0.0,0.0
98315,0.0,0.0,0.0
98316,0.0,0.0,0.0
98317,0.0,0.0,0.0
98318,0.0,0.0,0.0
98319,0.0,0.0,0.0
98320,0.0,0.0,0.0
98321,0.0,0.0,0.0
98322,0.0,0.0,0.0
98323,0.0,0.0,0.0
98324,0.0,0.0,0.0
98325,0.0,0.0,0.0
98326,0.0,0.0,0.0
98327,0.0,0.0,0.0
98328,0.0,0.0,0.0
98329,0.0,0.0,0.0
98330,0.0,0.0,0.0
98331,0.0,0.0,0.0
98332,0.0,0.0,0.0
98333,0.0,0.0,0.0
98334,0.0,0.0,0.0
98335,0.0,0.0,0.0
98336,0.0,0.0,0.0
98337,0.0,0.0,0.0
98338,0.0,0.0,0.0
98339,0.0,0.0,0.0
98340,0.0,0.0,0.0
98341,0.0,0.0,0.0
98342,0.0,0.0,0.0
98343,0.0,0.0,0.0
98344,0.0,0.0,0.0
98345,0.0,0.0,0.0
98346,0.0,0.0,0.0
98347,0.0,0.0,0.0
98348,0.0,0.0,0.0
98349,0.0,0.0,0.0
98350,0.0,0.0,0.0
98351,0.0,0.0,0.0
98352,0.0,0.0,0.0
98353,0.0,0.0,0.0
98354,0.0,0.0,0.0
98355,0.0,0.0,0.0
98356,0.0,0.0,0.0
98357,0.0,0.0,0.0
98358,0.0,0.0,0.0
98359,0.0,0.0,0.0
98360,0.0,0.0,0.0
98361,0.0,0.0,0.0
98362,0.0,0.0,0.0
98363,0.0,0.0,0.0
98364,0.0,0.0,0.0
98365,0.0,0.0,0.0
98366,0.0,0.0,0.0
98367,0.0,0.0,0.0
98368,0.0,0.0,0.0
98369,0.0,0.0,0.0
98370,0.0,0.0,0.0
98371,0.0,0.0,0.0
98372,0.0,0.0,0.0
98373,0.0,0.0,0.0
98374,0.0,0.0,0.0
98375,0.0,0.0,0.0
98376,0.0,0.0,0.0
98377,0.0,0.0,0.0
98378,0.0,0.0,0.0
98379,0.0,0.0,0.0
98380,0.0,0.0,0.0
98381,0.0,0.0,0.0
98382,0.0,0.0,0.0
98383,0.0,0.0,0.0
98384,0.0,0.0,0.0
98385,0.0,0.0,0.0
98386,0.0,0.0,0.0
98387,0.0,0.0,0.0
98388,0.0,0.0,0.0
98389,0.0,0.0,0.0
98390,0.0,0.0,0.0
98391,0.0,0.0,0.0
98392,0.0,0.0,0.0
98393,0.0,0.0,0.0
98394,0.0,0.0,0.0
98395,0.0,0.0,0.0
98396,0.0,0.0,0.0
98397,0.0,0.0,0.0
98398,0.0,0.0,0.0
98399,0.0,0.0,0.0
98400,0.0,0.0,0.0
98401,0.0,0.0,0.0
98402,0.0,0.0,0.0
98403,0.0,0.0,0.0
98404,0.0,0.0,0.0
98405,0.0,0.0,0.0
98406,0.0,0.0,0.0
98407,0.0,0.0,0.0
98408,0.0,0.0,0.0
98409,0.0,0.0,0.0
98410,0.0,0.0,0.0
98411,0.0,0.0,0.0
98412,0.0,0.0,0.0
98413,0.0,0.0,0.0
98414,0.0,0.0,0.0
98415,0.0,0.0,0.0
98416,0.0,0.0,0.0
98417,0.0,0.0,0.0
98418,0.0,0.0,0.0
98419,0.0,0.0,0.0
98420,0.0,0.0,0.0
98421,0.0,0.0,0.0
98422,0.0,0.0,0.0
98423,0.0,0.0,0.0
98424,0.0,0.0,0.0
98425,0.0,0.0,0.0
98426,0.0,0.0,0.0
98427,0.0,0.0,0.0
98428,0.0,0.0,0.0
98429,0.0,0.0,0.0
98430,0.0,0.0,0.0
98431,0.0,0.0,0.0
98432,0.0,0.0,0.0
98433,0.0,0.0,0.0
98434,0.0,0.0,0.0
98435,0.0,0.0,0.0
98436,0.0,0.0,0.0
98437,0.0,0.0,0.0
98438,0.0,0.0,0.0
98439,0.0,0.0,0.0
98440,0.0,0.0,0.0
98441,0.0,0.0,0.0
98442,0.0,0.0,0.0
98443,0.0,0.0,0.0
98444,0.0,0.0,0.0
98445,0.0,0.0,0.0
98446,0.0,0.0,0.0
98447,0.0,0.0,0.0
98448,0.0,0.0,0.0
98449,0.0,0.0,0.0
98450,0.0,0.0,0.0
98451,0.0,0.0,0.0
98452,0.0,0.0,0.0
98453,0.0,0.0,0.0
98454,0.0,0.0,0.0
98455,0.0,0.0,0.0
98456,0.0,0.0,0.0
98457,0.0,0.0,0.0
98458,0.0,0.0,0.0
98459,0.0,0.0,0.0
98460,0.0,0.0,0.0
98461,0.0,0.0,0.0
98462,0.0,0.0,0.0
98463,0.0,0.0,0.0
98464,0.0,0.0,0.0
98465,0.0,0.0,0.0
98466,0.0,0.0,0.0
98467,0.0,0.0,0.0
98468,0.0,0.0,0.0
98469,0.0,0.0,0.0
98470,0.0,0.0,0.0
98471,0.0,0.0,0.0
98472,0.0,0.0,0.0
98473,0.0,0.0,0.0
98474,0.0,0.0,0.0
98475,0.0,0.0,0.0
98476,0.0,0.0,0.0
98477,0.0,0.0,0.0
98478,0.0,0.0,0.0
98479,0.0,0.0,0.0
98480,0.0,0.0,0.0
98481,0.0,0.0,0.0
98482,0.0,0.0,0.0
98483,0.0,0.0,0.0
98484,0.0,0.0,0.0
98485,0.0,0.0,0.0
98486,0.0,0.0,0.0
98487,0.0,0.0,0.0
98488,0.0,0.0,0.0
98489,0.0,0.0,0.0
98490,0.0,0.0,0.0
98491,0.0,0.0,0.0
98492,0.0,0.0,0.0
98493,0.0,0.0,0.0
98494,0.0,0.0,0.0
98495,0.0,0.0,0.0
98496,0.0,0.0,0.0
98497,0.0,0.0,0.0
98498,0.0,0.0,0.0
98499,0.0,0.0,0.0
98500,0.0,0.0,0.0
98501,0.0,0.0,0.0
98502,0.0,0.0,0.0
98503,0.0,0.0,0.0
98504,0.0,0.0,0.0
98505,0.0,0.0,0.0
98506,0.0,0.0,0.0
98507,0.0,0.0,0.0
98508,0.0,0.0,0.0
98509,0.0,0.0,0.0
98510,0.0,0.0,0.0
98511,0.0,0.0,0.0
98512,0.0,0.0,0.0
98513,0.0,0.0,0.0
98514,0.0,0.0,0.0
98515,0.0,0.0,0.0
98516,0.0,0.0,0.0
98517,0.0,0.0,0.0
98518,0.0,0.0,0.0
98519,0.0,0.0,0.0
98520,0.0,0.0,0.0
98521,0.0,0.0,0.0
98522,0.0,0.0,0.0
98523,0.0,0.0,0.0
98524,0.0,0.0,0.0
98525,0.0,0.0,0.0
98526,0.0,0.0,0.0
98527,0.0,0.0,0.0
98528,0.0,0.0,0.0
98529,0.0,0.0,0.0
98530,0.0,0.0,0.0
98531,0.0,0.0,0.0
98532,0.0,0.0,0.0
98533,0.0,0.0,0.0
98534,0.0,0.0,0.0
98535,0.0,0.0,0.0
98536,0.0,0.0,0.0
98537,0.0,0.0,0.0
98538,0.0,0.0,0.0
98539,0.0,0.0,0.0
98540,0.0,0.0,0.0
98541,0.0,0.0,0.0
98542,0.0,0.0,0.0
98543,0.0,0.0,0.0
98544,0.0,0.0,0.0
98545,0.0,0.0,0.0
98546,0.0,0.0,0.0
98547,0.0,0.0,0.0
98548,0.0,0.0,0.0
98549,0.0,0.0,0.0
98550,0.0,0.0,0.0
98551,0.0,0.0,0.0
98552,0.0,0.0,0.0
98553,0.0,0.0,0.0
98554,0.0,0.0,0.0
98555,0.0,0.0,0.0
98556,0.0,0.0,0.0
98557,0.0,0.0,0.0
98558,0.0,0.0,0.0
98559,0.0,0.0,0.0
98560,0.0,0.0,0.0
98561,0.0,0.0,0.0
98562,0.0,0.0,0.0
98563,0.0,0.0,0.0
98564,0.0,0.0,0.0
98565,0.0,0.0,0.0
98566,0.0,0.0,0.0
98567,0.0,0.0,0.0
98568,0.0,0.0,0.0
98569,0.0,0.0,0.0
98570,0.0,0.0,0.0
98571,0.0,0.0,0.0
98572,0.0,0.0,0.0
98573,0.0,0.0,0.0
98574,0.0,0.0,0.0
98575,0.0,0.0,0.0
98576,0.0,0.0,0.0
98577,0.0,0.0,0.0
98578,0.0,0.0,0.0
98579,0.0,0.0,0.0
98580,0.0,0.0,0.0
98581,0.0,0.0,0.0
98582,0.0,0.0,0.0
98583,0.0,0.0,0.0
98584,0.0,0.0,0.0
98585,0.0,0.0,0.0
98586,0.0,0.0,0.0
98587,0.0,0.0,0.0
98588,0.0,0.0,0.0
98589,0.0,0.0,0.0
98590,0.0,0.0,0.0
98591,0.0,0.0,0.0
98592,0.0,0.0,0.0
98593,0.0,0.0,0.0
98594,0.0,0.0,0.0
98595,0.0,0.0,0.0
98596,0.0,0.0,0.0
98597,0.0,0.0,0.0
98598,0.0,0.0,0.0
98599,0.0,0.0,0.0
98600,0.0,0.0,0.0
98601,0.0,0.0,0.0
98602,0.0,0.0,0.0
98603,0.0,0.0,0.0
98604,0.0,0.0,0.0
98605,0.0,0.0,0.0
98606,0.0,0.0,0.0
98607,0.0,0.0,0.0
98608,0.0,0.0,0.0
98609,0.0,0.0,0.0
98610,0.0,0.0,0.0
98611,0.0,0.0,0.0
98612,0.0,0.0,0.0
98613,0.0,0.0,0.0
98614,0.0,0.0,0.0
98615,0.0,0.0,0.0
98616,0.0,0.0,0.0
98617,0.0,0.0,0.0
98618,0.0,0.0,0.0
98619,0.0,0.0,0.0
98620,0.0,0.0,0.0
98621,0.0,0.0,0.0
98622,0.0,0.0,0.0
98623,0.0,0.0,0.0
98624,0.0,0.0,0.0
98625,0.0,0.0,0.0
98626,0.0,0.0,0.0
98627,0.0,0.0,0.0
98628,0.0,0.0,0.0
98629,0.0,0.0,0.0
98630,0.0,0.0,0.0
98631,0.0,0.0,0.0
98632,0.0,0.0,0.0
98633,0.0,0.0,0.0
98634,0.0,0.0,0.0
98635,0.0,0.0,0.0
98636,0.0,0.0,0.0
98637,0.0,0.0,0.0
98638,0.0,0.0,0.0
98639,0.0,0.0,0.0
98640,0.0,0.0,0.0
98641,0.0,0.0,0.0
98642,0.0,0.0,0.0
98643,0.0,0.0,0.0
98644,0.0,0.0,0.0
98645,0.0,0.0,0.0
98646,0.0,0.0,0.0
98647,0.0,0.0,0.0
98648,0.0,0.0,0.0
98649,0.0,0.0,0.0
98650,0.0,0.0,0.0
98651,0.0,0.0,0.0
98652,0.0,0.0,0.0
98653,0.0,0.0,0.0
98654,0.0,0.0,0.0
98655,0.0,0.0,0.0
98656,0.0,0.0,0.0
98657,0.0,0.0,0.0
98658,0.0,0.0,0.0
98659,0.0,0.0,0.0
98660,0.0,0.0,0.0
98661,0.0,0.0,0.0
98662,0.0,0.0,0.0
98663,0.0,0.0,0.0
98664,0.0,0.0,0.0
98665,0.0,0.0,0.0
98666,0.0,0.0,0.0
98667,0.0,0.0,0.0
98668,0.0,0.0,0.0
98669,0.0,0.0,0.0
98670,0.0,0.0,0.0
98671,0.0,0.0,0.0
98672,0.0,0.0,0.0
98673,0.0,0.0,0.0
98674,0.0,0.0,0.0
98675,0.0,0.0,0.0
98676,0.0,0.0,0.0
98677,0.0,0.0,0.0
98678,0.0,0.0,0.0
98679,0.0,0.0,0.0
98680,0.0,0.0,0.0
98681,0.0,0.0,0.0
98682,0.0,0.0,0.0
98683,0.0,0.0,0.0
98684,0.0,0.0,0.0
98685,0.0,0.0,0.0
98686,0.0,0.0,0.0
98687,0.0,0.0,0.0
98688,0.0,0.0,0.0
98689,0.0,0.0,0.0
98690,0.0,0.0,0.0
98691,0.0,0.0,0.0
98692,0.0,0.0,0.0
98693,0.0,0.0,0.0
98694,0.0,0.0,0.0
98695,0.0,0.0,0.0
98696,0.0,0.0,0.0
98697,0.0,0.0,0.0
98698,0.0,0.0,0.0
98699,0.0,0.0,0.0
98700,0.0,0.0,0.0
98701,0.0,0.0,0.0
98702,0.0,0.0,0.0
98703,0.0,0.0,0.0
98704,0.0,0.0,0.0
98705,0.0,0.0,0.0
98706,0.0,0.0,0.0
98707,0.0,0.0,0.0
98708,0.0,0.0,0.0
98709,0.0,0.0,0.0
98710,0.0,0.0,0.0
98711,0.0,0.0,0.0
98712,0.0,0.0,0.0
98713,0.0,0.0,0.0
98714,0.0,0.0,0.0
98715,0.0,0.0,0.0
98716,0.0,0.0,0.0
98717,0.0,0.0,0.0
98718,0.0,0.0,0.0
98719,0.0,0.0,0.0
98720,0.0,0.0,0.0
98721,0.0,0.0,0.0
98722,0.0,0.0,0.0
98723,0.0,0.0,0.0
98724,0.0,0.0,0.0
98725,0.0,0.0,0.0
98726,0.0,0.0,0.0
98727,0.0,0.0,0.0
98728,0.0,0.0,0.0
98729,0.0,0.0,0.0
98730,0.0,0.0,0.0
98731,0.0,0.0,0.0
98732,0.0,0.0,0.0
98733,0.0,0.0,0.0
98734,0.0,0.0,0.0
98735,0.0,0.0,0.0
98736,0.0,0.0,0.0
98737,0.0,0.0,0.0
98738,0.0,0.0,0.0
98739,0.0,0.0,0.0
98740,0.0,0.0,0.0
98741,0.0,0.0,0.0
98742,0.0,0.0,0.0
98743,0.0,0.0,0.0
98744,0.0,0.0,0.0
98745,0.0,0.0,0.0
98746,0.0,0.0,0.0
98747,0.0,0.0,0.0
98748,0.0,0.0,0.0
98749,0.0,0.0,0.0
98750,0.0,0.0,0.0
98751,0.0,0.0,0.0
98752,0.0,0.0,0.0
98753,0.0,0.0,0.0
98754,0.0,0.0,0.0
98755,0.0,0.0,0.0
98756,0.0,0.0,0.0
98757,0.0,0.0,0.0
98758,0.0,0.0,0.0
98759,0.0,0.0,0.0
98760,0.0,0.0,0.0
98761,0.0,0.0,0.0
98762,0.0,0.0,0.0
98763,0.0,0.0,0.0
98764,0.0,0.0,0.0
98765,0.0,0.0,0.0
98766,0.0,0.0,0.0
98767,0.0,0.0,0.0
98768,0.0,0.0,0.0
98769,0.0,0.0,0.0
98770,0.0,0.0,0.0
98771,0.0,0.0,0.0
98772,0.0,0.0,0.0
98773,0.0,0.0,0.0
98774,0.0,0.0,0.0
98775,0.0,0.0,0.0
98776,0.0,0.0,0.0
98777,0.0,0.0,0.0
98778,0.0,0.0,0.0
98779,0.0,0.0,0.0
98780,0.0,0.0,0.0
98781,0.0,0.0,0.0
98782,0.0,0.0,0.0
98783,0.0,0.0,0.0
98784,0.0,0.0,0.0
98785,0.0,0.0,0.0
98786,0.0,0.0,0.0
98787,0.0,0.0,0.0
98788,0.0,0.0,0.0
98789,0.0,0.0,0.0
98790,0.0,0.0,0.0
98791,0.0,0.0,0.0
98792,0.0,0.0,0.0
98793,0.0,0.0,0.0
98794,0.0,0.0,0.0
98795,0.0,0.0,0.0
98796,0.0,0.0,0.0
98797,0.0,0.0,0.0
98798,0.0,0.0,0.0
98799,0.0,0.0,0.0
98800,0.0,0.0,0.0
98801,0.0,0.0,0.0
98802,0.0,0.0,0.0
98803,0.0,0.0,0.0
98804,0.0,0.0,0.0
98805,0.0,0.0,0.0
98806,0.0,0.0,0.0
98807,0.0,0.0,0.0
98808,0.0,0.0,0.0
98809,0.0,0.0,0.0
98810,0.0,0.0,0.0
98811,0.0,0.0,0.0
98812,0.0,0.0,0.0
98813,0.0,0.0,0.0
98814,0.0,0.0,0.0
98815,0.0,0.0,0.0
98816,0.0,0.0,0.0
98817,0.0,0.0,0.0
98818,0.0,0.0,0.0
98819,0.0,0.0,0.0
98820,0.0,0.0,0.0
98821,0.0,0.0,0.0
98822,0.0,0.0,0.0
98823,0.0,0.0,0.0
98824,0.0,0.0,0.0
98825,0.0,0.0,0.0
98826,0.0,0.0,0.0
98827,0.0,0.0,0.0
98828,0.0,0.0,0.0
98829,0.0,0.0,0.0
98830,0.0,0.0,0.0
98831,0.0,0.0,0.0
98832,0.0,0.0,0.0
98833,0.0,0.0,0.0
98834,0.0,0.0,0.0
98835,0.0,0.0,0.0
98836,0.0,0.0,0.0
98837,0.0,0.0,0.0
98838,0.0,0.0,0.0
98839,0.0,0.0,0.0
98840,0.0,0.0,0.0
98841,0.0,0.0,0.0
98842,0.0,0.0,0.0
98843,0.0,0.0,0.0
98844,0.0,0.0,0.0
98845,0.0,0.0,0.0
98846,0.0,0.0,0.0
98847,0.0,0.0,0.0
98848,0.0,0.0,0.0
98849,0.0,0.0,0.0
98850,0.0,0.0,0.0
98851,0.0,0.0,0.0
98852,0.0,0.0,0.0
98853,0.0,0.0,0.0
98854,0.0,0.0,0.0
98855,0.0,0.0,0.0
98856,0.0,0.0,0.0
98857,0.0,0.0,0.0
98858,0.0,0.0,0.0
98859,0.0,0.0,0.0
98860,0.0,0.0,0.0
98861,0.0,0.0,0.0
98862,0.0,0.0,0.0
98863,0.0,0.0,0.0
98864,0.0,0.0,0.0
98865,0.0,0.0,0.0
98866,0.0,0.0,0.0
98867,0.0,0.0,0.0
98868,0.0,0.0,0.0
98869,0.0,0.0,0.0
98870,0.0,0.0,0.0
98871,0.0,0.0,0.0
98872,0.0,0.0,0.0
98873,0.0,0.0,0.0
98874,0.0,0.0,0.0
98875,0.0,0.0,0.0
98876,0.0,0.0,0.0
98877,0.0,0.0,0.0
98878,0.0,0.0,0.0
98879,0.0,0.0,0.0
98880,0.0,0.0,0.0
98881,0.0,0.0,0.0
98882,0.0,0.0,0.0
98883,0.0,0.0,0.0
98884,0.0,0.0,0.0
98885,0.0,0.0,0.0
98886,0.0,0.0,0.0
98887,0.0,0.0,0.0
98888,0.0,0.0,0.0
98889,0.0,0.0,0.0
98890,0.0,0.0,0.0
98891,0.0,0.0,0.0
98892,0.0,0.0,0.0
98893,0.0,0.0,0.0
98894,0.0,0.0,0.0
98895,0.0,0.0,0.0
98896,0.0,0.0,0.0
98897,0.0,0.0,0.0
98898,0.0,0.0,0.0
98899,0.0,0.0,0.0
98900,0.0,0.0,0.0
98901,0.0,0.0,0.0
98902,0.0,0.0,0.0
98903,0.0,0.0,0.0
98904,0.0,0.0,0.0
98905,0.0,0.0,0.0
98906,0.0,0.0,0.0
98907,0.0,0.0,0.0
98908,0.0,0.0,0.0
98909,0.0,0.0,0.0
98910,0.0,0.0,0.0
98911,0.0,0.0,0.0
98912,0.0,0.0,0.0
98913,0.0,0.0,0.0
98914,0.0,0.0,0.0
98915,0.0,0.0,0.0
98916,0.0,0.0,0.0
98917,0.0,0.0,0.0
98918,0.0,0.0,0.0
98919,0.0,0.0,0.0
98920,0.0,0.0,0.0
98921,0.0,0.0,0.0
98922,0.0,0.0,0.0
98923,0.0,0.0,0.0
98924,0.0,0.0,0.0
98925,0.0,0.0,0.0
98926,0.0,0.0,0.0
98927,0.0,0.0,0.0
98928,0.0,0.0,0.0
98929,0.0,0.0,0.0
98930,0.0,0.0,0.0
98931,0.0,0.0,0.0
98932,0.0,0.0,0.0
98933,0.0,0.0,0.0
98934,0.0,0.0,0.0
98935,0.0,0.0,0.0
98936,0.0,0.0,0.0
98937,0.0,0.0,0.0
98938,0.0,0.0,0.0
98939,0.0,0.0,0.0
98940,0.0,0.0,0.0
98941,0.0,0.0,0.0
98942,0.0,0.0,0.0
98943,0.0,0.0,0.0
98944,0.0,0.0,0.0
98945,0.0,0.0,0.0
98946,0.0,0.0,0.0
98947,0.0,0.0,0.0
98948,0.0,0.0,0.0
98949,0.0,0.0,0.0
98950,0.0,0.0,0.0
98951,0.0,0.0,0.0
98952,0.0,0.0,0.0
98953,0.0,0.0,0.0
98954,0.0,0.0,0.0
98955,0.0,0.0,0.0
98956,0.0,0.0,0.0
98957,0.0,0.0,0.0
98958,0.0,0.0,0.0
98959,0.0,0.0,0.0
98960,0.0,0.0,0.0
98961,0.0,0.0,0.0
98962,0.0,0.0,0.0
98963,0.0,0.0,0.0
98964,0.0,0.0,0.0
98965,0.0,0.0,0.0
98966,0.0,0.0,0.0
98967,0.0,0.0,0.0
98968,0.0,0.0,0.0
98969,0.0,0.0,0.0
98970,0.0,0.0,0.0
98971,0.0,0.0,0.0
98972,0.0,0.0,0.0
98973,0.0,0.0,0.0
98974,0.0,0.0,0.0
98975,0.0,0.0,0.0
98976,0.0,0.0,0.0
98977,0.0,0.0,0.0
98978,0.0,0.0,0.0
98979,0.0,0.0,0.0
98980,0.0,0.0,0.0
98981,0.0,0.0,0.0
98982,0.0,0.0,0.0
98983,0.0,0.0,0.0
98984,0.0,0.0,0.0
98985,0.0,0.0,0.0
98986,0.0,0.0,0.0
98987,0.0,0.0,0.0
98988,0.0,0.0,0.0
98989,0.0,0.0,0.0
98990,0.0,0.0,0.0
98991,0.0,0.0,0.0
98992,0.0,0.0,0.0
98993,0.0,0.0,0.0
98994,0.0,0.0,0.0
98995,0.0,0.0,0.0
98996,0.0,0.0,0.0
98997,0.0,0.0,0.0
98998,0.0,0.0,0.0
98999,0.0,0.0,0.0
99000,0.0,0.0,0.0
99001,0.0,0.0,0.0
99002,0.0,0.0,0.0
99003,0.0,0.0,0.0
99004,0.0,0.0,0.0
99005,0.0,0.0,0.0
99006,0.0,0.0,0.0
99007,0.0,0.0,0.0
99008,0.0,0.0,0.0
99009,0.0,0.0,0.0
99010,0.0,0.0,0.0
99011,0.0,0.0,0.0
99012,0.0,0.0,0.0
99013,0.0,0.0,0.0
99014,0.0,0.0,0.0
99015,0.0,0.0,0.0
99016,0.0,0.0,0.0
99017,0.0,0.0,0.0
99018,0.0,0.0,0.0
99019,0.0,0.0,0.0
99020,0.0,0.0,0.0
99021,0.0,0.0,0.0
99022,0.0,0.0,0.0
99023,0.0,0.0,0.0
99024,0.0,0.0,0.0
99025,0.0,0.0,0.0
99026,0.0,0.0,0.0
99027,0.0,0.0,0.0
99028,0.0,0.0,0.0
99029,0.0,0.0,0.0
99030,0.0,0.0,0.0
99031,0.0,0.0,0.0
99032,0.0,0.0,0.0
99033,0.0,0.0,0.0
99034,0.0,0.0,0.0
99035,0.0,0.0,0.0
99036,0.0,0.0,0.0
99037,0.0,0.0,0.0
99038,0.0,0.0,0.0
99039,0.0,0.0,0.0
99040,0.0,0.0,0.0
99041,0.0,0.0,0.0
99042,0.0,0.0,0.0
99043,0.0,0.0,0.0
99044,0.0,0.0,0.0
99045,0.0,0.0,0.0
99046,0.0,0.0,0.0
99047,0.0,0.0,0.0
99048,0.0,0.0,0.0
99049,0.0,0.0,0.0
99050,0.0,0.0,0.0
99051,0.0,0.0,0.0
99052,0.0,0.0,0.0
99053,0.0,0.0,0.0
99054,0.0,0.0,0.0
99055,0.0,0.0,0.0
99056,0.0,0.0,0.0
99057,0.0,0.0,0.0
99058,0.0,0.0,0.0
99059,0.0,0.0,0.0
99060,0.0,0.0,0.0
99061,0.0,0.0,0.0
99062,0.0,0.0,0.0
99063,0.0,0.0,0.0
99064,0.0,0.0,0.0
99065,0.0,0.0,0.0
99066,0.0,0.0,0.0
99067,0.0,0.0,0.0
99068,0.0,0.0,0.0
99069,0.0,0.0,0.0
99070,0.0,0.0,0.0
99071,0.0,0.0,0.0
99072,0.0,0.0,0.0
99073,0.0,0.0,0.0
99074,0.0,0.0,0.0
99075,0.0,0.0,0.0
99076,0.0,0.0,0.0
99077,0.0,0.0,0.0
99078,0.0,0.0,0.0
99079,0.0,0.0,0.0
99080,0.0,0.0,0.0
99081,0.0,0.0,0.0
99082,0.0,0.0,0.0
99083,0.0,0.0,0.0
99084,0.0,0.0,0.0
99085,0.0,0.0,0.0
99086,0.0,0.0,0.0
99087,0.0,0.0,0.0
99088,0.0,0.0,0.0
99089,0.0,0.0,0.0
99090,0.0,0.0,0.0
99091,0.0,0.0,0.0
99092,0.0,0.0,0.0
99093,0.0,0.0,0.0
99094,0.0,0.0,0.0
99095,0.0,0.0,0.0
99096,0.0,0.0,0.0
99097,0.0,0.0,0.0
99098,0.0,0.0,0.0
99099,0.0,0.0,0.0
99100,0.0,0.0,0.0
99101,0.0,0.0,0.0
99102,0.0,0.0,0.0
99103,0.0,0.0,0.0
99104,0.0,0.0,0.0
99105,0.0,0.0,0.0
99106,0.0,0.0,0.0
99107,0.0,0.0,0.0
99108,0.0,0.0,0.0
99109,0.0,0.0,0.0
99110,0.0,0.0,0.0
99111,0.0,0.0,0.0
99112,0.0,0.0,0.0
99113,0.0,0.0,0.0
99114,0.0,0.0,0.0
99115,0.0,0.0,0.0
99116,0.0,0.0,0.0
99117,0.0,0.0,0.0
99118,0.0,0.0,0.0
99119,0.0,0.0,0.0
99120,0.0,0.0,0.0
99121,0.0,0.0,0.0
99122,0.0,0.0,0.0
99123,0.0,0.0,0.0
99124,0.0,0.0,0.0
99125,0.0,0.0,0.0
99126,0.0,0.0,0.0
99127,0.0,0.0,0.0
99128,0.0,0.0,0.0
99129,0.0,0.0,0.0
99130,0.0,0.0,0.0
99131,0.0,0.0,0.0
99132,0.0,0.0,0.0
99133,0.0,0.0,0.0
99134,0.0,0.0,0.0
99135,0.0,0.0,0.0
99136,0.0,0.0,0.0
99137,0.0,0.0,0.0
99138,0.0,0.0,0.0
99139,0.0,0.0,0.0
99140,0.0,0.0,0.0
99141,0.0,0.0,0.0
99142,0.0,0.0,0.0
99143,0.0,0.0,0.0
99144,0.0,0.0,0.0
99145,0.0,0.0,0.0
99146,0.0,0.0,0.0
99147,0.0,0.0,0.0
99148,0.0,0.0,0.0
99149,0.0,0.0,0.0
99150,0.0,0.0,0.0
99151,0.0,0.0,0.0
99152,0.0,0.0,0.0
99153,0.0,0.0,0.0
99154,0.0,0.0,0.0
99155,0.0,0.0,0.0
99156,0.0,0.0,0.0
99157,0.0,0.0,0.0
99158,0.0,0.0,0.0
99159,0.0,0.0,0.0
99160,0.0,0.0,0.0
99161,0.0,0.0,0.0
99162,0.0,0.0,0.0
99163,0.0,0.0,0.0
99164,0.0,0.0,0.0
99165,0.0,0.0,0.0
99166,0.0,0.0,0.0
99167,0.0,0.0,0.0
99168,0.0,0.0,0.0
99169,0.0,0.0,0.0
99170,0.0,0.0,0.0
99171,0.0,0.0,0.0
99172,0.0,0.0,0.0
99173,0.0,0.0,0.0
99174,0.0,0.0,0.0
99175,0.0,0.0,0.0
99176,0.0,0.0,0.0
99177,0.0,0.0,0.0
99178,0.0,0.0,0.0
99179,0.0,0.0,0.0
99180,0.0,0.0,0.0
99181,0.0,0.0,0.0
99182,0.0,0.0,0.0
99183,0.0,0.0,0.0
99184,0.0,0.0,0.0
99185,0.0,0.0,0.0
99186,0.0,0.0,0.0
99187,0.0,0.0,0.0
99188,0.0,0.0,0.0
99189,0.0,0.0,0.0
99190,0.0,0.0,0.0
99191,0.0,0.0,0.0
99192,0.0,0.0,0.0
99193,0.0,0.0,0.0
99194,0.0,0.0,0.0
99195,0.0,0.0,0.0
99196,0.0,0.0,0.0
99197,0.0,0.0,0.0
99198,0.0,0.0,0.0
99199,0.0,0.0,0.0
99200,0.0,0.0,0.0
99201,0.0,0.0,0.0
99202,0.0,0.0,0.0
99203,0.0,0.0,0.0
99204,0.0,0.0,0.0
99205,0.0,0.0,0.0
99206,0.0,0.0,0.0
99207,0.0,0.0,0.0
99208,0.0,0.0,0.0
99209,0.0,0.0,0.0
99210,0.0,0.0,0.0
99211,0.0,0.0,0.0
99212,0.0,0.0,0.0
99213,0.0,0.0,0.0
99214,0.0,0.0,0.0
99215,0.0,0.0,0.0
99216,0.0,0.0,0.0
99217,0.0,0.0,0.0
99218,0.0,0.0,0.0
99219,0.0,0.0,0.0
99220,0.0,0.0,0.0
99221,0.0,0.0,0.0
99222,0.0,0.0,0.0
99223,0.0,0.0,0.0
99224,0.0,0.0,0.0
99225,0.0,0.0,0.0
99226,0.0,0.0,0.0
99227,0.0,0.0,0.0
99228,0.0,0.0,0.0
99229,0.0,0.0,0.0
99230,0.0,0.0,0.0
99231,0.0,0.0,0.0
99232,0.0,0.0,0.0
99233,0.0,0.0,0.0
99234,0.0,0.0,0.0
99235,0.0,0.0,0.0
99236,0.0,0.0,0.0
99237,0.0,0.0,0.0
99238,0.0,0.0,0.0
99239,0.0,0.0,0.0
99240,0.0,0.0,0.0
99241,0.0,0.0,0.0
99242,0.0,0.0,0.0
99243,0.0,0.0,0.0
99244,0.0,0.0,0.0
99245,0.0,0.0,0.0
99246,0.0,0.0,0.0
99247,0.0,0.0,0.0
99248,0.0,0.0,0.0
99249,0.0,0.0,0.0
99250,0.0,0.0,0.0
99251,0.0,0.0,0.0
99252,0.0,0.0,0.0
99253,0.0,0.0,0.0
99254,0.0,0.0,0.0
99255,0.0,0.0,0.0
99256,0.0,0.0,0.0
99257,0.0,0.0,0.0
99258,0.0,0.0,0.0
99259,0.0,0.0,0.0
99260,0.0,0.0,0.0
99261,0.0,0.0,0.0
99262,0.0,0.0,0.0
99263,0.0,0.0,0.0
99264,0.0,0.0,0.0
99265,0.0,0.0,0.0
99266,0.0,0.0,0.0
99267,0.0,0.0,0.0
99268,0.0,0.0,0.0
99269,0.0,0.0,0.0
99270,0.0,0.0,0.0
99271,0.0,0.0,0.0
99272,0.0,0.0,0.0
99273,0.0,0.0,0.0
99274,0.0,0.0,0.0
99275,0.0,0.0,0.0
99276,0.0,0.0,0.0
99277,0.0,0.0,0.0
99278,0.0,0.0,0.0
99279,0.0,0.0,0.0
99280,0.0,0.0,0.0
99281,0.0,0.0,0.0
99282,0.0,0.0,0.0
99283,0.0,0.0,0.0
99284,0.0,0.0,0.0
99285,0.0,0.0,0.0
99286,0.0,0.0,0.0
99287,0.0,0.0,0.0
99288,0.0,0.0,0.0
99289,0.0,0.0,0.0
99290,0.0,0.0,0.0
99291,0.0,0.0,0.0
99292,0.0,0.0,0.0
99293,0.0,0.0,0.0
99294,0.0,0.0,0.0
99295,0.0,0.0,0.0
99296,0.0,0.0,0.0
99297,0.0,0.0,0.0
99298,0.0,0.0,0.0
99299,0.0,0.0,0.0
99300,0.0,0.0,0.0
99301,0.0,0.0,0.0
99302,0.0,0.0,0.0
99303,0.0,0.0,0.0
99304,0.0,0.0,0.0
99305,0.0,0.0,0.0
99306,0.0,0.0,0.0
99307,0.0,0.0,0.0
99308,0.0,0.0,0.0
99309,0.0,0.0,0.0
99310,0.0,0.0,0.0
99311,0.0,0.0,0.0
99312,0.0,0.0,0.0
99313,0.0,0.0,0.0
99314,0.0,0.0,0.0
99315,0.0,0.0,0.0
99316,0.0,0.0,0.0
99317,0.0,0.0,0.0
99318,0.0,0.0,0.0
99319,0.0,0.0,0.0
99320,0.0,0.0,0.0
99321,0.0,0.0,0.0
99322,0.0,0.0,0.0
99323,0.0,0.0,0.0
99324,0.0,0.0,0.0
99325,0.0,0.0,0.0
99326,0.0,0.0,0.0
99327,0.0,0.0,0.0
99328,0.0,0.0,0.0
99329,0.0,0.0,0.0
99330,0.0,0.0,0.0
99331,0.0,0.0,0.0
99332,0.0,0.0,0.0
99333,0.0,0.0,0.0
99334,0.0,0.0,0.0
99335,0.0,0.0,0.0
99336,0.0,0.0,0.0
99337,0.0,0.0,0.0
99338,0.0,0.0,0.0
99339,0.0,0.0,0.0
99340,0.0,0.0,0.0
99341,0.0,0.0,0.0
99342,0.0,0.0,0.0
99343,0.0,0.0,0.0
99344,0.0,0.0,0.0
99345,0.0,0.0,0.0
99346,0.0,0.0,0.0
99347,0.0,0.0,0.0
99348,0.0,0.0,0.0
99349,0.0,0.0,0.0
99350,0.0,0.0,0.0
99351,0.0,0.0,0.0
99352,0.0,0.0,0.0
99353,0.0,0.0,0.0
99354,0.0,0.0,0.0
99355,0.0,0.0,0.0
99356,0.0,0.0,0.0
99357,0.0,0.0,0.0
99358,0.0,0.0,0.0
99359,0.0,0.0,0.0
99360,0.0,0.0,0.0
99361,0.0,0.0,0.0
99362,0.0,0.0,0.0
99363,0.0,0.0,0.0
99364,0.0,0.0,0.0
99365,0.0,0.0,0.0
99366,0.0,0.0,0.0
99367,0.0,0.0,0.0
99368,0.0,0.0,0.0
99369,0.0,0.0,0.0
99370,0.0,0.0,0.0
99371,0.0,0.0,0.0
99372,0.0,0.0,0.0
99373,0.0,0.0,0.0
99374,0.0,0.0,0.0
99375,0.0,0.0,0.0
99376,0.0,0.0,0.0
99377,0.0,0.0,0.0
99378,0.0,0.0,0.0
99379,0.0,0.0,0.0
99380,0.0,0.0,0.0
99381,0.0,0.0,0.0
99382,0.0,0.0,0.0
99383,0.0,0.0,0.0
99384,0.0,0.0,0.0
99385,0.0,0.0,0.0
99386,0.0,0.0,0.0
99387,0.0,0.0,0.0
99388,0.0,0.0,0.0
99389,0.0,0.0,0.0
99390,0.0,0.0,0.0
99391,0.0,0.0,0.0
99392,0.0,0.0,0.0
99393,0.0,0.0,0.0
99394,0.0,0.0,0.0
99395,0.0,0.0,0.0
99396,0.0,0.0,0.0
99397,0.0,0.0,0.0
99398,0.0,0.0,0.0
99399,0.0,0.0,0.0
99400,0.0,0.0,0.0
99401,0.0,0.0,0.0
99402,0.0,0.0,0.0
99403,0.0,0.0,0.0
99404,0.0,0.0,0.0
99405,0.0,0.0,0.0
99406,0.0,0.0,0.0
99407,0.0,0.0,0.0
99408,0.0,0.0,0.0
99409,0.0,0.0,0.0
99410,0.0,0.0,0.0
99411,0.0,0.0,0.0
99412,0.0,0.0,0.0
99413,0.0,0.0,0.0
99414,0.0,0.0,0.0
99415,0.0,0.0,0.0
99416,0.0,0.0,0.0
99417,0.0,0.0,0.0
99418,0.0,0.0,0.0
99419,0.0,0.0,0.0
99420,0.0,0.0,0.0
99421,0.0,0.0,0.0
99422,0.0,0.0,0.0
99423,0.0,0.0,0.0
99424,0.0,0.0,0.0
99425,0.0,0.0,0.0
99426,0.0,0.0,0.0
99427,0.0,0.0,0.0
99428,0.0,0.0,0.0
99429,0.0,0.0,0.0
99430,0.0,0.0,0.0
99431,0.0,0.0,0.0
99432,0.0,0.0,0.0
99433,0.0,0.0,0.0
99434,0.0,0.0,0.0
99435,0.0,0.0,0.0
99436,0.0,0.0,0.0
99437,0.0,0.0,0.0
99438,0.0,0.0,0.0
99439,0.0,0.0,0.0
99440,0.0,0.0,0.0
99441,0.0,0.0,0.0
99442,0.0,0.0,0.0
99443,0.0,0.0,0.0
99444,0.0,0.0,0.0
99445,0.0,0.0,0.0
99446,0.0,0.0,0.0
99447,0.0,0.0,0.0
99448,0.0,0.0,0.0
99449,0.0,0.0,0.0
99450,0.0,0.0,0.0
99451,0.0,0.0,0.0
99452,0.0,0.0,0.0
99453,0.0,0.0,0.0
99454,0.0,0.0,0.0
99455,0.0,0.0,0.0
99456,0.0,0.0,0.0
99457,0.0,0.0,0.0
99458,0.0,0.0,0.0
99459,0.0,0.0,0.0
99460,0.0,0.0,0.0
99461,0.0,0.0,0.0
99462,0.0,0.0,0.0
99463,0.0,0.0,0.0
99464,0.0,0.0,0.0
99465,0.0,0.0,0.0
99466,0.0,0.0,0.0
99467,0.0,0.0,0.0
99468,0.0,0.0,0.0
99469,0.0,0.0,0.0
99470,0.0,0.0,0.0
99471,0.0,0.0,0.0
99472,0.0,0.0,0.0
99473,0.0,0.0,0.0
99474,0.0,0.0,0.0
99475,0.0,0.0,0.0
99476,0.0,0.0,0.0
99477,0.0,0.0,0.0
99478,0.0,0.0,0.0
99479,0.0,0.0,0.0
99480,0.0,0.0,0.0
99481,0.0,0.0,0.0
99482,0.0,0.0,0.0
99483,0.0,0.0,0.0
99484,0.0,0.0,0.0
99485,0.0,0.0,0.0
99486,0.0,0.0,0.0
99487,0.0,0.0,0.0
99488,0.0,0.0,0.0
99489,0.0,0.0,0.0
99490,0.0,0.0,0.0
99491,0.0,0.0,0.0
99492,0.0,0.0,0.0
99493,0.0,0.0,0.0
99494,0.0,0.0,0.0
99495,0.0,0.0,0.0
99496,0.0,0.0,0.0
99497,0.0,0.0,0.0
99498,0.0,0.0,0.0
99499,0.0,0.0,0.0
99500,0.0,0.0,0.0
99501,0.0,0.0,0.0
99502,0.0,0.0,0.0
99503,0.0,0.0,0.0
99504,0.0,0.0,0.0
99505,0.0,0.0,0.0
99506,0.0,0.0,0.0
99507,0.0,0.0,0.0
99508,0.0,0.0,0.0
99509,0.0,0.0,0.0
99510,0.0,0.0,0.0
99511,0.0,0.0,0.0
99512,0.0,0.0,0.0
99513,0.0,0.0,0.0
99514,0.0,0.0,0.0
99515,0.0,0.0,0.0
99516,0.0,0.0,0.0
99517,0.0,0.0,0.0
99518,0.0,0.0,0.0
99519,0.0,0.0,0.0
99520,0.0,0.0,0.0
99521,0.0,0.0,0.0
99522,0.0,0.0,0.0
99523,0.0,0.0,0.0
99524,0.0,0.0,0.0
99525,0.0,0.0,0.0
99526,0.0,0.0,0.0
99527,0.0,0.0,0.0
99528,0.0,0.0,0.0
99529,0.0,0.0,0.0
99530,0.0,0.0,0.0
99531,0.0,0.0,0.0
99532,0.0,0.0,0.0
99533,0.0,0.0,0.0
99534,0.0,0.0,0.0
99535,0.0,0.0,0.0
99536,0.0,0.0,0.0
99537,0.0,0.0,0.0
99538,0.0,0.0,0.0
99539,0.0,0.0,0.0
99540,0.0,0.0,0.0
99541,0.0,0.0,0.0
99542,0.0,0.0,0.0
99543,0.0,0.0,0.0
99544,0.0,0.0,0.0
99545,0.0,0.0,0.0
99546,0.0,0.0,0.0
99547,0.0,0.0,0.0
99548,0.0,0.0,0.0
99549,0.0,0.0,0.0
99550,0.0,0.0,0.0
99551,0.0,0.0,0.0
99552,0.0,0.0,0.0
99553,0.0,0.0,0.0
99554,0.0,0.0,0.0
99555,0.0,0.0,0.0
99556,0.0,0.0,0.0
99557,0.0,0.0,0.0
99558,0.0,0.0,0.0
99559,0.0,0.0,0.0
99560,0.0,0.0,0.0
99561,0.0,0.0,0.0
99562,0.0,0.0,0.0
99563,0.0,0.0,0.0
99564,0.0,0.0,0.0
99565,0.0,0.0,0.0
99566,0.0,0.0,0.0
99567,0.0,0.0,0.0
99568,0.0,0.0,0.0
99569,0.0,0.0,0.0
99570,0.0,0.0,0.0
99571,0.0,0.0,0.0
99572,0.0,0.0,0.0
99573,0.0,0.0,0.0
99574,0.0,0.0,0.0
99575,0.0,0.0,0.0
99576,0.0,0.0,0.0
99577,0.0,0.0,0.0
99578,0.0,0.0,0.0
99579,0.0,0.0,0.0
99580,0.0,0.0,0.0
99581,0.0,0.0,0.0
99582,0.0,0.0,0.0
99583,0.0,0.0,0.0
99584,0.0,0.0,0.0
99585,0.0,0.0,0.0
99586,0.0,0.0,0.0
99587,0.0,0.0,0.0
99588,0.0,0.0,0.0
99589,0.0,0.0,0.0
99590,0.0,0.0,0.0
99591,0.0,0.0,0.0
99592,0.0,0.0,0.0
99593,0.0,0.0,0.0
99594,0.0,0.0,0.0
99595,0.0,0.0,0.0
99596,0.0,0.0,0.0
99597,0.0,0.0,0.0
99598,0.0,0.0,0.0
99599,0.0,0.0,0.0
99600,0.0,0.0,0.0
99601,0.0,0.0,0.0
99602,0.0,0.0,0.0
99603,0.0,0.0,0.0
99604,0.0,0.0,0.0
99605,0.0,0.0,0.0
99606,0.0,0.0,0.0
99607,0.0,0.0,0.0
99608,0.0,0.0,0.0
99609,0.0,0.0,0.0
99610,0.0,0.0,0.0
99611,0.0,0.0,0.0
99612,0.0,0.0,0.0
99613,0.0,0.0,0.0
99614,0.0,0.0,0.0
99615,0.0,0.0,0.0
99616,0.0,0.0,0.0
99617,0.0,0.0,0.0
99618,0.0,0.0,0.0
99619,0.0,0.0,0.0
99620,0.0,0.0,0.0
99621,0.0,0.0,0.0
99622,0.0,0.0,0.0
99623,0.0,0.0,0.0
99624,0.0,0.0,0.0
99625,0.0,0.0,0.0
99626,0.0,0.0,0.0
99627,0.0,0.0,0.0
99628,0.0,0.0,0.0
99629,0.0,0.0,0.0
99630,0.0,0.0,0.0
99631,0.0,0.0,0.0
99632,0.0,0.0,0.0
99633,0.0,0.0,0.0
99634,0.0,0.0,0.0
99635,0.0,0.0,0.0
99636,0.0,0.0,0.0
99637,0.0,0.0,0.0
99638,0.0,0.0,0.0
99639,0.0,0.0,0.0
99640,0.0,0.0,0.0
99641,0.0,0.0,0.0
99642,0.0,0.0,0.0
99643,0.0,0.0,0.0
99644,0.0,0.0,0.0
99645,0.0,0.0,0.0
99646,0.0,0.0,0.0
99647,0.0,0.0,0.0
99648,0.0,0.0,0.0
99649,0.0,0.0,0.0
99650,0.0,0.0,0.0
99651,0.0,0.0,0.0
99652,0.0,0.0,0.0
99653,0.0,0.0,0.0
99654,0.0,0.0,0.0
99655,0.0,0.0,0.0
99656,0.0,0.0,0.0
99657,0.0,0.0,0.0
99658,0.0,0.0,0.0
99659,0.0,0.0,0.0
99660,0.0,0.0,0.0
99661,0.0,0.0,0.0
99662,0.0,0.0,0.0
99663,0.0,0.0,0.0
99664,0.0,0.0,0.0
99665,0.0,0.0,0.0
99666,0.0,0.0,0.0
99667,0.0,0.0,0.0
99668,0.0,0.0,0.0
99669,0.0,0.0,0.0
99670,0.0,0.0,0.0
99671,0.0,0.0,0.0
99672,0.0,0.0,0.0
99673,0.0,0.0,0.0
99674,0.0,0.0,0.0
99675,0.0,0.0,0.0
99676,0.0,0.0,0.0
99677,0.0,0.0,0.0
99678,0.0,0.0,0.0
99679,0.0,0.0,0.0
99680,0.0,0.0,0.0
99681,0.0,0.0,0.0
99682,0.0,0.0,0.0
99683,0.0,0.0,0.0
99684,0.0,0.0,0.0
99685,0.0,0.0,0.0
99686,0.0,0.0,0.0
99687,0.0,0.0,0.0
99688,0.0,0.0,0.0
99689,0.0,0.0,0.0
99690,0.0,0.0,0.0
99691,0.0,0.0,0.0
99692,0.0,0.0,0.0
99693,0.0,0.0,0.0
99694,0.0,0.0,0.0
99695,0.0,0.0,0.0
99696,0.0,0.0,0.0
99697,0.0,0.0,0.0
99698,0.0,0.0,0.0
99699,0.0,0.0,0.0
99700,0.0,0.0,0.0
99701,0.0,0.0,0.0
99702,0.0,0.0,0.0
99703,0.0,0.0,0.0
99704,0.0,0.0,0.0
99705,0.0,0.0,0.0
99706,0.0,0.0,0.0
99707,0.0,0.0,0.0
99708,0.0,0.0,0.0
99709,0.0,0.0,0.0
99710,0.0,0.0,0.0
99711,0.0,0.0,0.0
99712,0.0,0.0,0.0
99713,0.0,0.0,0.0
99714,0.0,0.0,0.0
99715,0.0,0.0,0.0
99716,0.0,0.0,0.0
99717,0.0,0.0,0.0
99718,0.0,0.0,0.0
99719,0.0,0.0,0.0
99720,0.0,0.0,0.0
99721,0.0,0.0,0.0
99722,0.0,0.0,0.0
99723,0.0,0.0,0.0
99724,0.0,0.0,0.0
99725,0.0,0.0,0.0
99726,0.0,0.0,0.0
99727,0.0,0.0,0.0
99728,0.0,0.0,0.0
99729,0.0,0.0,0.0
99730,0.0,0.0,0.0
99731,0.0,0.0,0.0
99732,0.0,0.0,0.0
99733,0.0,0.0,0.0
99734,0.0,0.0,0.0
99735,0.0,0.0,0.0
99736,0.0,0.0,0.0
99737,0.0,0.0,0.0
99738,0.0,0.0,0.0
99739,0.0,0.0,0.0
99740,0.0,0.0,0.0
99741,0.0,0.0,0.0
99742,0.0,0.0,0.0
99743,0.0,0.0,0.0
99744,0.0,0.0,0.0
99745,0.0,0.0,0.0
99746,0.0,0.0,0.0
99747,0.0,0.0,0.0
99748,0.0,0.0,0.0
99749,0.0,0.0,0.0
99750,0.0,0.0,0.0
99751,0.0,0.0,0.0
99752,0.0,0.0,0.0
99753,0.0,0.0,0.0
99754,0.0,0.0,0.0
99755,0.0,0.0,0.0
99756,0.0,0.0,0.0
99757,0.0,0.0,0.0
99758,0.0,0.0,0.0
99759,0.0,0.0,0.0
99760,0.0,0.0,0.0
99761,0.0,0.0,0.0
99762,0.0,0.0,0.0
99763,0.0,0.0,0.0
99764,0.0,0.0,0.0
99765,0.0,0.0,0.0
99766,0.0,0.0,0.0
99767,0.0,0.0,0.0
99768,0.0,0.0,0.0
99769,0.0,0.0,0.0
99770,0.0,0.0,0.0
99771,0.0,0.0,0.0
99772,0.0,0.0,0.0
99773,0.0,0.0,0.0
99774,0.0,0.0,0.0
99775,0.0,0.0,0.0
99776,0.0,0.0,0.0
99777,0.0,0.0,0.0
99778,0.0,0.0,0.0
99779,0.0,0.0,0.0
99780,0.0,0.0,0.0
99781,0.0,0.0,0.0
99782,0.0,0.0,0.0
99783,0.0,0.0,0.0
99784,0.0,0.0,0.0
99785,0.0,0.0,0.0
99786,0.0,0.0,0.0
99787,0.0,0.0,0.0
99788,0.0,0.0,0.0
99789,0.0,0.0,0.0
99790,0.0,0.0,0.0
99791,0.0,0.0,0.0
99792,0.0,0.0,0.0
99793,0.0,0.0,0.0
99794,0.0,0.0,0.0
99795,0.0,0.0,0.0
99796,0.0,0.0,0.0
99797,0.0,0.0,0.0
99798,0.0,0.0,0.0
99799,0.0,0.0,0.0
99800,0.0,0.0,0.0
99801,0.0,0.0,0.0
99802,0.0,0.0,0.0
99803,0.0,0.0,0.0
99804,0.0,0.0,0.0
99805,0.0,0.0,0.0
99806,0.0,0.0,0.0
99807,0.0,0.0,0.0
99808,0.0,0.0,0.0
99809,0.0,0.0,0.0
99810,0.0,0.0,0.0
99811,0.0,0.0,0.0
99812,0.0,0.0,0.0
99813,0.0,0.0,0.0
99814,0.0,0.0,0.0
99815,0.0,0.0,0.0
99816,0.0,0.0,0.0
99817,0.0,0.0,0.0
99818,0.0,0.0,0.0
99819,0.0,0.0,0.0
99820,0.0,0.0,0.0
99821,0.0,0.0,0.0
99822,0.0,0.0,0.0
99823,0.0,0.0,0.0
99824,0.0,0.0,0.0
99825,0.0,0.0,0.0
99826,0.0,0.0,0.0
99827,0.0,0.0,0.0
99828,0.0,0.0,0.0
99829,0.0,0.0,0.0
99830,0.0,0.0,0.0
99831,0.0,0.0,0.0
99832,0.0,0.0,0.0
99833,0.0,0.0,0.0
99834,0.0,0.0,0.0
99835,0.0,0.0,0.0
99836,0.0,0.0,0.0
99837,0.0,0.0,0.0
99838,0.0,0.0,0.0
99839,0.0,0.0,0.0
99840,0.0,0.0,0.0
99841,0.0,0.0,0.0
99842,0.0,0.0,0.0
99843,0.0,0.0,0.0
99844,0.0,0.0,0.0
99845,0.0,0.0,0.0
99846,0.0,0.0,0.0
99847,0.0,0.0,0.0
99848,0.0,0.0,0.0
99849,0.0,0.0,0.0
99850,0.0,0.0,0.0
99851,0.0,0.0,0.0
99852,0.0,0.0,0.0
99853,0.0,0.0,0.0
99854,0.0,0.0,0.0
99855,0.0,0.0,0.0
99856,0.0,0.0,0.0
99857,0.0,0.0,0.0
99858,0.0,0.0,0.0
99859,0.0,0.0,0.0
99860,0.0,0.0,0.0
99861,0.0,0.0,0.0
99862,0.0,0.0,0.0
99863,0.0,0.0,0.0
99864,0.0,0.0,0.0
99865,0.0,0.0,0.0
99866,0.0,0.0,0.0
99867,0.0,0.0,0.0
99868,0.0,0.0,0.0
99869,0.0,0.0,0.0
99870,0.0,0.0,0.0
99871,0.0,0.0,0.0
99872,0.0,0.0,0.0
99873,0.0,0.0,0.0
99874,0.0,0.0,0.0
99875,0.0,0.0,0.0
99876,0.0,0.0,0.0
99877,0.0,0.0,0.0
99878,0.0,0.0,0.0
99879,0.0,0.0,0.0
99880,0.0,0.0,0.0
99881,0.0,0.0,0.0
99882,0.0,0.0,0.0
99883,0.0,0.0,0.0
99884,0.0,0.0,0.0
99885,0.0,0.0,0.0
99886,0.0,0.0,0.0
99887,0.0,0.0,0.0
99888,0.0,0.0,0.0
99889,0.0,0.0,0.0
99890,0.0,0.0,0.0
99891,0.0,0.0,0.0
99892,0.0,0.0,0.0
99893,0.0,0.0,0.0
99894,0.0,0.0,0.0
99895,0.0,0.0,0.0
99896,0.0,0.0,0.0
99897,0.0,0.0,0.0
99898,0.0,0.0,0.0
99899,0.0,0.0,0.0
99900,0.0,0.0,0.0
99901,0.0,0.0,0.0
99902,0.0,0.0,0.0
99903,0.0,0.0,0.0
99904,0.0,0.0,0.0
99905,0.0,0.0,0.0
99906,0.0,0.0,0.0
99907,0.0,0.0,0.0
99908,0.0,0.0,0.0
99909,0.0,0.0,0.0
99910,0.0,0.0,0.0
99911,0.0,0.0,0.0
99912,0.0,0.0,0.0
99913,0.0,0.0,0.0
99914,0.0,0.0,0.0
99915,0.0,0.0,0.0
99916,0.0,0.0,0.0
99917,0.0,0.0,0.0
99918,0.0,0.0,0.0
99919,0.0,0.0,0.0
99920,0.0,0.0,0.0
99921,0.0,0.0,0.0
99922,0.0,0.0,0.0
99923,0.0,0.0,0.0
99924,0.0,0.0,0.0
99925,0.0,0.0,0.0
99926,0.0,0.0,0.0
99927,0.0,0.0,0.0
99928,0.0,0.0,0.0
99929,0.0,0.0,0.0
99930,0.0,0.0,0.0
99931,0.0,0.0,0.0
99932,0.0,0.0,0.0
99933,0.0,0.0,0.0
99934,0.0,0.0,0.0
99935,0.0,0.0,0.0
99936,0.0,0.0,0.0
99937,0.0,0.0,0.0
99938,0.0,0.0,0.0
99939,0.0,0.0,0.0
99940,0.0,0.0,0.0
99941,0.0,0.0,0.0
99942,0.0,0.0,0.0
99943,0.0,0.0,0.0
99944,0.0,0.0,0.0
99945,0.0,0.0,0.0
99946,0.0,0.0,0.0
99947,0.0,0.0,0.0
99948,0.0,0.0,0.0
99949,0.0,0.0,0.0
99950,0.0,0.0,0.0
99951,0.0,0.0,0.0
99952,0.0,0.0,0.0
99953,0.0,0.0,0.0
99954,0.0,0.0,0.0
99955,0.0,0.0,0.0
99956,0.0,0.0,0.0
99957,0.0,0.0,0.0
99958,0.0,0.0,0.0
99959,0.0,0.0,0.0
99960,0.0,0.0,0.0
99961,0.0,0.0,0.0
99962,0.0,0.0,0.0
99963,0.0,0.0,0.0
99964,0.0,0.0,0.0
99965,0.0,0.0,0.0
99966,0.0,0.0,0.0
99967,0.0,0.0,0.0
99968,0.0,0.0,0.0
99969,0.0,0.0,0.0
99970,0.0,0.0,0.0
99971,0.0,0.0,0.0
99972,0.0,0.0,0.0
99973,0.0,0.0,0.0
99974,0.0,0.0,0.0
99975,0.0,0.0,0.0
99976,0.0,0.0,0.0
99977,0.0,0.0,0.0
99978,0.0,0.0,0.0
99979,0.0,0.0,0.0
99980,0.0,0.0,0.0
99981,0.0,0.0,0.0
99982,0.0,0.0,0.0
99983,0.0,0.0,0.0
99984,0.0,0.0,0.0
99985,0.0,0.0,0.0
99986,0.0,0.0,0.0
99987,0.0,0.0,0.0
99988,0.0,0.0,0.0
99989,0.0,0.0,0.0
99990,0.0,0.0,0.0
99991,0.0,0.0,0.0
99992,0.0,0.0,0.0
99993,0.0,0.0,0.0
99994,0.0,0.0,0.0
99995,0.0,0.0,0.0
99996,0.0,0.0,0.0
99997,0.0,0.0,0.0
99998,0.0,0.0,0.0
99999,0.0,0.0,0.0
